0 0.268750 0.152500 0.032500 0.022500
0 0.690000 0.198750 0.027500 0.020000
0 0.635000 0.248125 0.057500 0.041250
0 0.230625 0.536250 0.101250 0.072500
0 0.230000 0.223750 0.025000 0.025000
0 0.880000 0.725000 0.090000 0.090000
0 0.730625 0.644375 0.076250 0.076250
0 0.130000 0.277500 0.107500 0.107500
0 0.897500 0.217500 0.045000 0.045000
0 0.135625 0.646875 0.058750 0.058750
0 0.389375 0.720625 0.038750 0.038750
0 0.832500 0.531250 0.055000 0.055000
0 0.690000 0.837500 0.050000 0.050000
0 0.622500 0.632500 0.072500 0.077500
0 0.510000 0.340625 0.027500 0.028750
0 0.256875 0.714375 0.068750 0.073750
0 0.445625 0.086875 0.096250 0.096250
0 0.325625 0.234375 0.063750 0.063750
0 0.168750 0.921250 0.035000 0.035000
0 0.662500 0.123750 0.100000 0.100000
0 0.601875 0.559375 0.051250 0.051250
0 0.822500 0.038750 0.042500 0.042500
0 0.519375 0.454375 0.031250 0.031250
0 0.248750 0.332500 0.077500 0.077500
0 0.738750 0.492500 0.095000 0.095000
0 0.108750 0.030000 0.035000 0.035000
0 0.901875 0.584375 0.031250 0.031250
0 0.426875 0.878125 0.111250 0.111250
0 0.488750 0.693750 0.067500 0.067500
0 0.847500 0.320000 0.040000 0.040000
0 0.745000 0.223750 0.057500 0.057500
0 0.331875 0.329375 0.033750 0.033750
0 0.593750 0.745625 0.102500 0.073750
0 0.575000 0.423750 0.032500 0.027500
0 0.367500 0.143750 0.032500 0.032500
0 0.420625 0.279375 0.063750 0.063750
0 0.585000 0.148750 0.030000 0.030000
0 0.074375 0.763125 0.093750 0.093750
0 0.817500 0.175000 0.065000 0.065000
0 0.949375 0.831875 0.071250 0.071250
0 0.675000 0.758750 0.037500 0.022500
0 0.528750 0.041250 0.055000 0.055000
0 0.461250 0.543750 0.080000 0.070000
0 0.546250 0.885000 0.105000 0.087500
0 0.420625 0.403750 0.066250 0.055000
0 0.211875 0.138750 0.066250 0.055000
0 0.851875 0.415625 0.093750 0.093750
0 0.118125 0.548750 0.043750 0.055000
0 0.888125 0.116875 0.043750 0.043750
0 0.630000 0.347500 0.107500 0.110000