0 0.569375 0.430625 0.038750 0.036250
0 0.542500 0.795625 0.107500 0.101250
0 0.111250 0.217500 0.072500 0.072500
0 0.451875 0.610000 0.061250 0.067500
0 0.582500 0.233125 0.090000 0.098750
0 0.325000 0.131875 0.067500 0.073750
0 0.836875 0.491250 0.061250 0.067500
0 0.796250 0.702500 0.077500 0.077500
0 0.937500 0.241250 0.052500 0.052500
0 0.286875 0.794375 0.046250 0.046250
0 0.192500 0.842500 0.095000 0.095000
0 0.881875 0.406875 0.083750 0.083750
0 0.688750 0.746250 0.027500 0.027500
0 0.138750 0.504375 0.072500 0.068750
0 0.724375 0.256250 0.076250 0.072500
0 0.221250 0.302500 0.045000 0.042500
0 0.059375 0.841875 0.086250 0.081250
0 0.662500 0.901875 0.072500 0.071250
0 0.445000 0.263125 0.025000 0.023750
0 0.093750 0.651250 0.112500 0.115000
0 0.913750 0.601250 0.087500 0.087500
0 0.919375 0.944375 0.061250 0.061250
0 0.709375 0.443750 0.093750 0.062500
0 0.303750 0.468750 0.080000 0.082500
0 0.860000 0.076250 0.040000 0.040000
0 0.425000 0.931250 0.082500 0.082500
0 0.355000 0.306250 0.110000 0.080000
0 0.613125 0.341875 0.098750 0.096250
0 0.356250 0.066250 0.027500 0.027500
0 0.798125 0.959375 0.028750 0.028750
0 0.954375 0.874375 0.061250 0.061250
0 0.081250 0.326875 0.057500 0.051250
0 0.265000 0.218125 0.085000 0.076250
0 0.507500 0.110000 0.110000 0.100000
0 0.458125 0.500625 0.108750 0.108750
0 0.038125 0.551875 0.033750 0.033750
0 0.184375 0.078125 0.096250 0.108750
0 0.238750 0.661250 0.067500 0.062500
0 0.781250 0.593125 0.110000 0.101250
0 0.863750 0.147500 0.077500 0.077500
0 0.585000 0.526250 0.100000 0.100000
0 0.925000 0.710000 0.107500 0.107500
0 0.879375 0.288125 0.041250 0.041250
0 0.455625 0.318125 0.058750 0.058750
0 0.413750 0.807500 0.080000 0.080000
0 0.362500 0.638750 0.040000 0.040000
0 0.512500 0.901250 0.075000 0.075000
0 0.826875 0.829375 0.098750 0.098750
0 0.615625 0.610625 0.053750 0.053750
0 0.191875 0.393125 0.071250 0.071250
0 0.662500 0.115000 0.085000 0.080000
0 0.946875 0.311875 0.066250 0.058750
0 0.680000 0.628125 0.055000 0.048750
0 0.326250 0.931250 0.095000 0.085000
0 0.808125 0.281250 0.076250 0.067500
0 0.375000 0.718750 0.090000 0.080000
0 0.072500 0.091250 0.082500 0.072500
0 0.234375 0.568125 0.086250 0.086250
0 0.936875 0.804375 0.053750 0.053750
0 0.933750 0.042500 0.042500 0.042500
0 0.758750 0.128750 0.085000 0.085000
0 0.411875 0.403125 0.028750 0.028750
0 0.756250 0.938750 0.040000 0.040000
0 0.565000 0.697500 0.070000 0.070000
0 0.120625 0.924375 0.066250 0.053750
0 0.688750 0.542500 0.055000 0.055000
0 0.251250 0.735000 0.102500 0.035000
0 0.941250 0.470625 0.077500 0.026250
0 0.392500 0.215625 0.082500 0.028750
0 0.282500 0.371250 0.052500 0.017500
0 0.296250 0.053750 0.042500 0.042500
0 0.346250 0.573750 0.052500 0.052500
0 0.794375 0.368125 0.063750 0.063750
0 0.732500 0.798750 0.060000 0.060000
0 0.102500 0.435000 0.037500 0.047500
0 0.588125 0.888125 0.051250 0.051250
0 0.041875 0.186875 0.038750 0.038750