0 0.491250 0.337500 0.112500 0.107500
0 0.282500 0.741875 0.087500 0.106250
0 0.329375 0.260000 0.036250 0.035000
0 0.758750 0.492500 0.057500 0.057500
0 0.931250 0.850000 0.072500 0.072500
0 0.471250 0.638750 0.110000 0.112500
0 0.665000 0.161250 0.102500 0.085000
0 0.379375 0.886250 0.106250 0.087500
0 0.095625 0.219375 0.056250 0.046250
0 0.532500 0.911250 0.067500 0.055000
0 0.637500 0.293750 0.062500 0.062500
0 0.175625 0.075625 0.071250 0.071250
0 0.809375 0.610625 0.111250 0.111250
0 0.115000 0.918750 0.050000 0.050000
0 0.106875 0.498125 0.111250 0.111250
0 0.296250 0.096250 0.112500 0.112500
0 0.250000 0.618750 0.100000 0.100000
0 0.462500 0.220000 0.075000 0.075000
0 0.059375 0.060000 0.046250 0.052500
0 0.718125 0.933125 0.061250 0.061250
0 0.933125 0.471875 0.098750 0.098750
0 0.646875 0.678125 0.106250 0.106250
0 0.603750 0.054375 0.057500 0.053750
0 0.190625 0.194375 0.071250 0.066250
0 0.268125 0.428750 0.101250 0.095000
0 0.362500 0.765000 0.057500 0.107500
0 0.785000 0.367500 0.092500 0.172500
0 0.087500 0.682500 0.095000 0.177500
0 0.921875 0.173125 0.088750 0.166250
0 0.632500 0.822500 0.102500 0.090000
0 0.761875 0.175000 0.076250 0.067500
0 0.605000 0.455625 0.070000 0.061250
0 0.457500 0.467500 0.112500 0.112500
0 0.252500 0.910000 0.092500 0.092500
0 0.152500 0.340000 0.102500 0.102500
0 0.471250 0.133750 0.067500 0.067500
0 0.926250 0.680000 0.080000 0.080000
0 0.771250 0.246250 0.050000 0.050000
0 0.390000 0.223750 0.047500 0.047500
0 0.819375 0.768125 0.068750 0.068750
0 0.818125 0.868125 0.083750 0.081250
0 0.571875 0.224375 0.038750 0.038750
0 0.076250 0.856250 0.047500 0.047500
0 0.892500 0.327500 0.100000 0.100000
0 0.392500 0.326250 0.070000 0.070000
0 0.578125 0.165625 0.053750 0.053750
0 0.325000 0.328750 0.030000 0.030000
0 0.138750 0.857500 0.050000 0.050000
0 0.599375 0.540625 0.063750 0.063750
0 0.528750 0.740000 0.070000 0.070000
0 0.711875 0.845625 0.033750 0.033750
0 0.936875 0.596875 0.051250 0.051250
0 0.060000 0.128750 0.070000 0.070000
0 0.200000 0.802500 0.052500 0.052500
0 0.626250 0.360625 0.047500 0.053750
0 0.361875 0.450625 0.053750 0.053750
0 0.272500 0.260000 0.057500 0.057500
0 0.046875 0.358125 0.063750 0.061250
0 0.420000 0.716875 0.035000 0.028750
0 0.953125 0.925625 0.043750 0.043750
0 0.410000 0.093750 0.030000 0.030000
0 0.541250 0.811875 0.042500 0.043750
0 0.496875 0.054375 0.076250 0.076250
0 0.173750 0.667500 0.030000 0.030000
0 0.165000 0.940000 0.025000 0.025000
0 0.963125 0.345625 0.026250 0.026250
0 0.802500 0.065000 0.080000 0.080000
0 0.358125 0.540625 0.038750 0.038750
0 0.618125 0.936875 0.036250 0.036250