0 0.635625 0.498125 0.081250 0.081250
0 0.428125 0.376250 0.031250 0.032500
0 0.346250 0.607500 0.110000 0.115000
0 0.971250 0.713125 0.027500 0.026250
0 0.299375 0.422500 0.058750 0.042500
0 0.800000 0.741250 0.080000 0.080000
0 0.455625 0.320625 0.028750 0.028750
0 0.385625 0.038125 0.036250 0.036250
0 0.749375 0.138125 0.046250 0.046250
0 0.209375 0.336875 0.031250 0.031250
0 0.471875 0.174375 0.108750 0.108750
0 0.140625 0.256875 0.048750 0.036250
0 0.525000 0.818750 0.062500 0.047500
0 0.158125 0.123125 0.088750 0.066250
0 0.108125 0.629375 0.028750 0.021250
0 0.129375 0.799375 0.038750 0.038750
0 0.196875 0.376875 0.026250 0.026250
0 0.302500 0.328750 0.102500 0.102500
0 0.536250 0.581250 0.027500 0.027500
0 0.766875 0.499375 0.093750 0.093750
0 0.866250 0.853750 0.077500 0.077500
0 0.783125 0.829375 0.051250 0.051250
0 0.764375 0.910000 0.091250 0.075000
0 0.410000 0.747500 0.112500 0.092500
0 0.711250 0.357500 0.112500 0.092500
0 0.358750 0.939375 0.077500 0.063750
0 0.881250 0.345625 0.027500 0.028750
0 0.239375 0.480625 0.043750 0.043750
0 0.654375 0.801875 0.071250 0.071250
0 0.926250 0.461250 0.087500 0.087500
0 0.525000 0.687500 0.032500 0.032500
0 0.348125 0.169375 0.108750 0.108750
0 0.854375 0.146875 0.066250 0.066250
0 0.220000 0.781250 0.075000 0.080000
0 0.593125 0.050625 0.076250 0.076250
0 0.571250 0.395000 0.110000 0.110000
0 0.969375 0.086875 0.033750 0.033750
0 0.556250 0.933750 0.077500 0.077500
0 0.727500 0.240000 0.105000 0.105000
0 0.700625 0.690625 0.101250 0.091250
0 0.109375 0.479375 0.106250 0.096250
0 0.293750 0.830000 0.047500 0.042500
0 0.053750 0.287500 0.050000 0.045000
0 0.166875 0.893125 0.111250 0.111250
0 0.433125 0.478125 0.063750 0.063750
0 0.130625 0.561875 0.043750 0.043750
0 0.876250 0.627500 0.105000 0.105000
0 0.081875 0.365625 0.106250 0.073750
0 0.881250 0.705625 0.030000 0.028750
0 0.633125 0.138125 0.076250 0.076250
0 0.472500 0.062500 0.070000 0.070000
0 0.275625 0.913125 0.073750 0.073750
0 0.224375 0.230625 0.071250 0.056250
0 0.216250 0.417500 0.025000 0.025000
0 0.057500 0.857500 0.085000 0.085000
0 0.263125 0.046875 0.051250 0.051250