0 0.099375 0.601875 0.043750 0.043750
0 0.243750 0.793750 0.035000 0.035000
0 0.771875 0.280000 0.108750 0.110000
0 0.268750 0.128750 0.030000 0.030000
0 0.716250 0.680000 0.025000 0.025000
0 0.575625 0.300625 0.086250 0.086250
0 0.225000 0.608750 0.092500 0.092500
0 0.311875 0.488125 0.053750 0.053750
0 0.050625 0.859375 0.066250 0.066250
0 0.550000 0.698750 0.035000 0.035000
0 0.880000 0.638125 0.062500 0.071250
0 0.739375 0.521875 0.071250 0.081250
0 0.636250 0.673750 0.092500 0.105000
0 0.798750 0.825000 0.092500 0.105000
0 0.938750 0.833750 0.095000 0.095000
0 0.510000 0.787500 0.112500 0.112500
0 0.351250 0.223750 0.107500 0.107500
0 0.089375 0.160625 0.093750 0.111250
0 0.931875 0.456875 0.068750 0.068750
0 0.109375 0.304375 0.031250 0.033750
0 0.647500 0.122500 0.050000 0.055000
0 0.460000 0.283125 0.075000 0.046250
0 0.315000 0.346250 0.045000 0.042500
0 0.852500 0.707500 0.042500 0.040000
0 0.186250 0.055000 0.085000 0.080000
0 0.501250 0.153750 0.037500 0.035000
0 0.065625 0.679375 0.088750 0.088750
0 0.185000 0.843750 0.060000 0.060000
0 0.371250 0.846250 0.080000 0.080000
0 0.570000 0.438750 0.100000 0.097500
0 0.225625 0.256250 0.111250 0.105000
0 0.720625 0.421250 0.061250 0.035000
0 0.707500 0.768750 0.065000 0.065000
0 0.118125 0.392500 0.101250 0.122500
0 0.213125 0.141875 0.058750 0.071250
0 0.878750 0.064375 0.077500 0.093750
0 0.787500 0.058750 0.070000 0.085000
0 0.883750 0.543750 0.080000 0.080000
0 0.451250 0.375000 0.110000 0.110000
0 0.420625 0.495625 0.076250 0.076250
0 0.678750 0.872500 0.032500 0.032500
0 0.430000 0.617500 0.100000 0.112500
0 0.329375 0.631875 0.058750 0.093750
0 0.947500 0.316250 0.075000 0.075000
0 0.159375 0.764375 0.081250 0.081250
0 0.559375 0.061875 0.058750 0.058750
0 0.923750 0.195000 0.067500 0.067500
0 0.831875 0.401875 0.098750 0.098750
0 0.401250 0.930000 0.062500 0.062500
0 0.560625 0.888125 0.031250 0.031250
0 0.219375 0.455000 0.063750 0.067500
0 0.616875 0.823750 0.038750 0.040000
0 0.703750 0.950625 0.025000 0.026250
0 0.699375 0.362500 0.026250 0.027500
0 0.198125 0.928125 0.083750 0.083750
0 0.341250 0.095000 0.100000 0.132500
0 0.158750 0.682500 0.025000 0.025000
0 0.475000 0.217500 0.067500 0.067500
0 0.691250 0.262500 0.035000 0.035000
0 0.112500 0.920000 0.040000 0.040000
0 0.383750 0.748750 0.092500 0.092500
0 0.661875 0.440625 0.031250 0.031250
0 0.533750 0.546250 0.092500 0.092500
0 0.597500 0.203750 0.092500 0.090000
0 0.451250 0.077500 0.090000 0.087500
0 0.283125 0.939375 0.068750 0.066250
0 0.744375 0.148750 0.028750 0.025000
0 0.950000 0.521875 0.027500 0.023750
0 0.049375 0.529375 0.061250 0.053750
0 0.083750 0.043125 0.025000 0.018750
0 0.649375 0.556875 0.088750 0.068750
0 0.945000 0.922500 0.085000 0.065000
0 0.776875 0.605625 0.071250 0.071250
0 0.639375 0.046875 0.043750 0.043750
0 0.056875 0.299375 0.046250 0.046250
0 0.803750 0.140000 0.057500 0.057500
0 0.309375 0.735625 0.038750 0.073750
0 0.305000 0.553750 0.035000 0.032500
0 0.786250 0.710000 0.050000 0.057500
0 0.517500 0.927500 0.032500 0.037500
0 0.663750 0.389375 0.025000 0.028750
0 0.289375 0.861250 0.066250 0.062500
0 0.792500 0.932500 0.085000 0.082500
0 0.131875 0.543125 0.048750 0.048750