0 0.127500 0.401250 0.112500 0.112500
0 0.642500 0.791250 0.095000 0.095000
0 0.169375 0.636875 0.093750 0.093750
0 0.372500 0.647500 0.095000 0.095000
0 0.165625 0.134375 0.028750 0.028750
0 0.830000 0.743125 0.077500 0.093750
0 0.170625 0.054375 0.038750 0.038750
0 0.938750 0.215000 0.040000 0.040000
0 0.368125 0.153125 0.071250 0.071250
0 0.767500 0.035000 0.037500 0.037500
0 0.638125 0.288750 0.071250 0.062500
0 0.938750 0.310000 0.077500 0.077500
0 0.110000 0.763750 0.100000 0.100000
0 0.739375 0.661875 0.078750 0.078750
0 0.580000 0.691250 0.075000 0.075000
0 0.580000 0.410000 0.085000 0.070000
0 0.320625 0.800625 0.086250 0.071250
0 0.444375 0.243750 0.031250 0.025000
0 0.826250 0.170625 0.077500 0.063750
0 0.072500 0.520000 0.110000 0.110000
0 0.633125 0.571875 0.111250 0.111250
0 0.737500 0.448750 0.110000 0.110000
0 0.893125 0.941875 0.056250 0.056250
0 0.884375 0.661250 0.051250 0.052500
0 0.296875 0.317500 0.106250 0.107500
0 0.543750 0.835000 0.032500 0.032500
0 0.250625 0.462500 0.086250 0.087500
0 0.236250 0.154375 0.080000 0.081250
0 0.853125 0.395000 0.033750 0.035000
0 0.925625 0.100625 0.043750 0.046250
0 0.194375 0.770000 0.031250 0.032500
0 0.476875 0.455625 0.093750 0.093750
0 0.364375 0.895625 0.088750 0.088750
0 0.558750 0.911250 0.085000 0.085000
0 0.815625 0.926875 0.063750 0.063750
0 0.661250 0.175000 0.072500 0.072500
0 0.960625 0.374375 0.028750 0.028750
0 0.510000 0.072500 0.112500 0.112500
0 0.166250 0.916875 0.032500 0.023750
0 0.505000 0.316250 0.097500 0.080000
0 0.436875 0.798125 0.036250 0.028750
0 0.126250 0.210000 0.112500 0.092500
0 0.471250 0.670625 0.067500 0.081250
0 0.404375 0.350000 0.088750 0.077500
0 0.336875 0.553125 0.068750 0.068750
0 0.958750 0.658750 0.042500 0.042500
0 0.900625 0.476875 0.036250 0.036250
0 0.625625 0.058125 0.076250 0.076250
0 0.064375 0.085625 0.086250 0.086250
0 0.367500 0.454375 0.037500 0.043750
0 0.931250 0.794375 0.100000 0.131250
0 0.745625 0.308750 0.081250 0.107500
0 0.460000 0.921250 0.072500 0.095000
0 0.748125 0.766250 0.071250 0.050000
0 0.817500 0.560000 0.112500 0.080000
0 0.678750 0.887500 0.050000 0.050000
0 0.841250 0.070000 0.090000 0.090000
0 0.554375 0.164375 0.056250 0.056250
0 0.220625 0.541875 0.048750 0.048750
0 0.095625 0.883125 0.093750 0.093750
0 0.940625 0.555625 0.056250 0.063750
0 0.193750 0.860000 0.072500 0.072500
0 0.706875 0.041875 0.051250 0.051250
0 0.846875 0.281875 0.088750 0.088750
0 0.235000 0.045000 0.045000 0.042500
0 0.035625 0.314375 0.043750 0.043750
0 0.301250 0.058750 0.030000 0.030000
0 0.766250 0.841250 0.057500 0.057500
0 0.392500 0.048750 0.057500 0.057500
0 0.283750 0.687500 0.050000 0.050000
0 0.506250 0.566250 0.032500 0.032500
0 0.942500 0.420000 0.032500 0.032500
0 0.198750 0.315000 0.042500 0.042500
0 0.270000 0.920000 0.057500 0.057500
0 0.062500 0.953125 0.032500 0.026250
0 0.115000 0.307500 0.030000 0.030000
0 0.279375 0.230000 0.063750 0.045000
0 0.391875 0.276875 0.028750 0.028750
0 0.847500 0.867500 0.037500 0.037500