0 0.203750 0.126250 0.112500 0.050000
0 0.627500 0.168750 0.077500 0.077500
0 0.577500 0.886875 0.080000 0.063750
0 0.205000 0.651875 0.110000 0.088750
0 0.748125 0.775625 0.058750 0.046250
0 0.491875 0.641875 0.103750 0.086250
0 0.853750 0.350000 0.077500 0.077500
0 0.361250 0.388750 0.037500 0.037500
0 0.616875 0.408750 0.033750 0.040000
0 0.531875 0.775625 0.076250 0.076250
0 0.366250 0.643750 0.075000 0.075000
0 0.331875 0.858125 0.086250 0.086250
0 0.341875 0.464375 0.046250 0.046250
0 0.790000 0.205000 0.035000 0.035000
0 0.248750 0.212500 0.070000 0.070000
0 0.874375 0.724375 0.091250 0.091250
0 0.046875 0.480625 0.046250 0.046250
0 0.353125 0.539375 0.076250 0.076250
0 0.425625 0.424375 0.076250 0.076250
0 0.763750 0.362500 0.080000 0.080000
0 0.874375 0.906875 0.103750 0.103750
0 0.783750 0.089375 0.107500 0.063750
0 0.426250 0.943125 0.040000 0.023750
0 0.743125 0.935625 0.081250 0.048750
0 0.826250 0.258125 0.082500 0.048750
0 0.916875 0.168125 0.041250 0.041250
0 0.175625 0.841875 0.096250 0.096250
0 0.556875 0.064375 0.051250 0.051250
0 0.068125 0.328125 0.073750 0.088750
0 0.663125 0.786250 0.053750 0.065000
0 0.674375 0.661875 0.106250 0.128750
0 0.905000 0.515625 0.067500 0.081250
0 0.358125 0.215625 0.108750 0.108750
0 0.155000 0.242500 0.035000 0.035000
0 0.175625 0.540625 0.111250 0.101250
0 0.381875 0.736250 0.091250 0.082500
0 0.111875 0.671875 0.046250 0.041250
0 0.678125 0.531250 0.093750 0.085000
0 0.493750 0.181250 0.112500 0.112500
0 0.869375 0.060625 0.038750 0.038750
0 0.275000 0.345625 0.047500 0.078750
0 0.090625 0.159375 0.078750 0.078750
0 0.705000 0.281250 0.025000 0.025000
0 0.797500 0.618750 0.092500 0.092500
0 0.520000 0.350000 0.072500 0.072500
0 0.062500 0.600000 0.080000 0.080000
0 0.520000 0.427500 0.062500 0.062500
0 0.069375 0.404375 0.046250 0.046250
0 0.952500 0.932500 0.035000 0.035000
0 0.209375 0.305625 0.051250 0.051250
0 0.779375 0.509375 0.091250 0.091250
0 0.378750 0.061250 0.082500 0.082500
0 0.624375 0.297500 0.086250 0.117500
0 0.510625 0.905625 0.036250 0.048750
0 0.281875 0.751250 0.091250 0.082500
0 0.121250 0.065000 0.050000 0.045000
0 0.188750 0.428750 0.030000 0.030000
0 0.863750 0.173750 0.042500 0.042500
0 0.051875 0.809375 0.068750 0.068750
0 0.560625 0.530625 0.103750 0.103750
0 0.061250 0.886875 0.097500 0.071250
0 0.659375 0.878750 0.053750 0.057500
0 0.945000 0.295625 0.060000 0.063750
0 0.971250 0.103125 0.027500 0.028750
0 0.739375 0.204375 0.041250 0.038750
0 0.223125 0.051875 0.068750 0.063750
0 0.328125 0.119375 0.026250 0.018750
0 0.684375 0.392500 0.053750 0.037500
0 0.426875 0.345625 0.076250 0.053750
0 0.458750 0.287500 0.032500 0.032500
0 0.105625 0.950625 0.033750 0.033750
0 0.948125 0.422500 0.061250 0.062500
0 0.665000 0.064375 0.077500 0.076250