0 0.472500 0.298125 0.025000 0.026250
0 0.902500 0.848125 0.107500 0.113750
0 0.357500 0.156875 0.100000 0.098750
0 0.064375 0.790000 0.046250 0.045000
0 0.145000 0.579375 0.065000 0.063750
0 0.925000 0.253125 0.035000 0.033750
0 0.534375 0.075625 0.071250 0.071250
0 0.617500 0.715000 0.105000 0.127500
0 0.055000 0.945000 0.055000 0.055000
0 0.431875 0.340625 0.033750 0.033750
0 0.676250 0.448750 0.085000 0.085000
0 0.789375 0.799375 0.083750 0.083750
0 0.911250 0.370000 0.105000 0.085000
0 0.473750 0.484375 0.070000 0.056250
0 0.507500 0.847500 0.090000 0.082500
0 0.338125 0.401875 0.111250 0.111250
0 0.956250 0.633750 0.027500 0.027500
0 0.141250 0.248750 0.080000 0.080000
0 0.878125 0.513125 0.076250 0.076250
0 0.620625 0.873750 0.096250 0.097500
0 0.061250 0.200000 0.062500 0.062500
0 0.170000 0.772500 0.032500 0.032500
0 0.723125 0.228125 0.096250 0.096250
0 0.802500 0.110000 0.090000 0.090000
0 0.315000 0.662500 0.042500 0.042500
0 0.491875 0.166875 0.086250 0.086250
0 0.748125 0.714375 0.048750 0.048750
0 0.243125 0.903750 0.051250 0.020000
0 0.710625 0.938125 0.066250 0.066250
0 0.468125 0.695625 0.078750 0.078750
0 0.213750 0.125000 0.092500 0.092500
0 0.958125 0.558125 0.043750 0.043750
0 0.742500 0.612500 0.105000 0.105000
0 0.335625 0.795625 0.093750 0.093750
0 0.420000 0.585000 0.090000 0.090000
0 0.606875 0.514375 0.038750 0.038750
0 0.788750 0.407500 0.072500 0.072500
0 0.607500 0.241250 0.055000 0.055000
0 0.121250 0.370000 0.102500 0.102500
0 0.515000 0.556250 0.030000 0.030000
0 0.891250 0.068750 0.042500 0.042500
0 0.885000 0.658750 0.085000 0.085000
0 0.363750 0.937500 0.065000 0.057500
0 0.152500 0.907500 0.110000 0.097500
0 0.056875 0.081875 0.061250 0.053750
0 0.943750 0.161250 0.037500 0.032500
0 0.300625 0.511875 0.101250 0.093750
0 0.603125 0.117500 0.038750 0.052500
0 0.874375 0.130625 0.028750 0.018750
0 0.163125 0.728750 0.056250 0.037500
0 0.136875 0.676250 0.051250 0.052500
0 0.246875 0.777500 0.058750 0.052500
0 0.244375 0.648750 0.071250 0.055000
0 0.573125 0.381875 0.088750 0.088750
0 0.306250 0.292500 0.060000 0.060000
0 0.070625 0.513125 0.063750 0.051250
0 0.056250 0.627500 0.072500 0.072500
0 0.910000 0.751250 0.042500 0.045000
0 0.713125 0.351875 0.033750 0.033750
0 0.220000 0.410000 0.060000 0.092500
0 0.122500 0.118750 0.055000 0.085000
0 0.219375 0.560625 0.026250 0.026250
0 0.855000 0.200000 0.060000 0.072500
0 0.052500 0.746250 0.025000 0.025000
0 0.137500 0.480000 0.037500 0.037500
0 0.035625 0.405625 0.026250 0.026250
0 0.470000 0.402500 0.075000 0.075000
0 0.696250 0.688750 0.030000 0.030000
0 0.299375 0.071875 0.048750 0.048750
0 0.780000 0.496250 0.057500 0.057500
0 0.860625 0.290625 0.043750 0.043750
0 0.376250 0.282500 0.052500 0.052500
0 0.221250 0.340000 0.030000 0.030000
0 0.954375 0.058125 0.051250 0.063750