0 0.530625 0.845000 0.103750 0.117500
0 0.434375 0.089375 0.026250 0.028750
0 0.940000 0.808125 0.067500 0.076250
0 0.489375 0.191250 0.111250 0.102500
0 0.445625 0.682500 0.061250 0.050000
0 0.228750 0.511875 0.092500 0.076250
0 0.146875 0.756250 0.081250 0.067500
0 0.513125 0.612500 0.056250 0.052500
0 0.753125 0.855000 0.046250 0.055000
0 0.138750 0.637500 0.055000 0.065000
0 0.145625 0.406875 0.028750 0.033750
0 0.398750 0.373750 0.057500 0.057500
0 0.274375 0.841875 0.061250 0.061250
0 0.578750 0.525000 0.075000 0.075000
0 0.297500 0.768750 0.067500 0.067500
0 0.238125 0.198750 0.083750 0.110000
0 0.698750 0.393750 0.100000 0.070000
0 0.523125 0.077500 0.043750 0.050000
0 0.805000 0.323750 0.097500 0.112500
0 0.853125 0.103750 0.076250 0.087500
0 0.305000 0.422500 0.062500 0.062500
0 0.855625 0.463125 0.108750 0.108750
0 0.950000 0.586250 0.057500 0.050000
0 0.680000 0.098125 0.070000 0.061250
0 0.114375 0.207500 0.076250 0.067500
0 0.850625 0.218750 0.051250 0.045000
0 0.353750 0.148125 0.052500 0.051250
0 0.647500 0.256250 0.085000 0.082500
0 0.857500 0.595000 0.092500 0.090000
0 0.123125 0.920625 0.081250 0.078750
0 0.591875 0.706875 0.096250 0.103750
0 0.110000 0.057500 0.087500 0.082500
0 0.251250 0.320000 0.090000 0.090000
0 0.247500 0.673750 0.102500 0.102500
0 0.660625 0.891875 0.071250 0.071250
0 0.705000 0.622500 0.067500 0.067500
0 0.076875 0.843125 0.056250 0.056250
0 0.083750 0.512500 0.112500 0.112500
0 0.348750 0.262500 0.082500 0.082500
0 0.436875 0.769375 0.058750 0.053750
0 0.184375 0.069375 0.028750 0.026250
0 0.524375 0.361250 0.108750 0.100000
0 0.056875 0.336250 0.081250 0.075000
0 0.731875 0.734375 0.091250 0.141250
0 0.144375 0.337500 0.036250 0.037500
0 0.369375 0.895000 0.096250 0.100000
0 0.344375 0.650625 0.068750 0.068750
0 0.058125 0.626875 0.071250 0.071250
0 0.363750 0.743750 0.045000 0.045000
0 0.346875 0.063125 0.078750 0.078750
0 0.429375 0.525625 0.053750 0.053750
0 0.667500 0.543750 0.042500 0.042500
0 0.487500 0.531250 0.047500 0.047500
0 0.345000 0.518750 0.080000 0.080000
0 0.763125 0.068125 0.031250 0.031250
0 0.226250 0.931250 0.075000 0.075000
0 0.950000 0.126250 0.075000 0.075000
0 0.836250 0.770000 0.095000 0.095000
0 0.260000 0.078750 0.062500 0.062500