0 0.686875 0.813125 0.043750 0.043750
0 0.818750 0.713750 0.047500 0.047500
0 0.511875 0.585625 0.103750 0.103750
0 0.258125 0.830625 0.093750 0.093750
0 0.108750 0.577500 0.027500 0.027500
0 0.225000 0.459375 0.032500 0.038750
0 0.780000 0.123125 0.050000 0.048750
0 0.812500 0.251875 0.077500 0.076250
0 0.086875 0.254375 0.063750 0.058750
0 0.850000 0.785000 0.055000 0.055000
0 0.932500 0.547500 0.027500 0.027500
0 0.378125 0.381875 0.093750 0.093750
0 0.661875 0.376875 0.068750 0.068750
0 0.820625 0.373125 0.026250 0.026250
0 0.747500 0.376250 0.030000 0.025000
0 0.607500 0.722500 0.045000 0.045000
0 0.561250 0.211875 0.080000 0.073750
0 0.175000 0.056250 0.095000 0.087500
0 0.461250 0.843125 0.050000 0.046250
0 0.192500 0.335625 0.040000 0.036250
0 0.069375 0.853750 0.033750 0.022500
0 0.253750 0.310000 0.052500 0.035000
0 0.676875 0.928750 0.061250 0.040000
0 0.090625 0.513125 0.076250 0.076250
0 0.457500 0.115000 0.092500 0.092500
0 0.728125 0.123125 0.031250 0.031250
0 0.645625 0.076875 0.081250 0.081250
0 0.871875 0.685000 0.038750 0.047500
0 0.151875 0.276875 0.036250 0.036250
0 0.224375 0.718125 0.091250 0.086250
0 0.113750 0.356250 0.025000 0.025000
0 0.945625 0.279375 0.071250 0.071250
0 0.243125 0.149375 0.051250 0.051250
0 0.120000 0.740000 0.080000 0.080000
0 0.541875 0.479375 0.073750 0.073750
0 0.208750 0.630000 0.067500 0.067500
0 0.334375 0.101875 0.051250 0.051250
0 0.875000 0.151250 0.070000 0.070000
0 0.463750 0.712500 0.045000 0.045000
0 0.330625 0.640625 0.063750 0.051250
0 0.665000 0.246875 0.057500 0.061250
0 0.831875 0.566875 0.098750 0.098750
0 0.459375 0.026875 0.026250 0.026250
0 0.250625 0.938125 0.033750 0.053750
0 0.378750 0.746250 0.092500 0.100000
0 0.395000 0.229375 0.082500 0.088750
0 0.660000 0.571250 0.040000 0.042500
0 0.731875 0.491875 0.068750 0.068750
0 0.914375 0.615625 0.036250 0.036250
0 0.210625 0.233125 0.048750 0.048750
0 0.868750 0.925000 0.075000 0.075000
0 0.736250 0.621250 0.062500 0.062500
0 0.894375 0.403125 0.096250 0.096250
0 0.124375 0.130625 0.028750 0.031250
0 0.418750 0.930625 0.027500 0.028750
0 0.051875 0.926250 0.053750 0.057500
0 0.533750 0.309375 0.085000 0.093750
0 0.903125 0.055625 0.048750 0.053750
0 0.952500 0.885000 0.027500 0.027500
0 0.313750 0.525000 0.082500 0.082500
0 0.498750 0.925000 0.097500 0.097500
0 0.602500 0.358750 0.035000 0.035000
0 0.708750 0.731250 0.072500 0.072500
0 0.285000 0.376250 0.040000 0.040000
0 0.525625 0.840625 0.051250 0.051250
0 0.162500 0.447500 0.045000 0.035000
0 0.176250 0.170625 0.035000 0.038750
0 0.075625 0.167500 0.046250 0.052500
0 0.777500 0.328750 0.027500 0.027500
0 0.305625 0.931875 0.033750 0.033750
0 0.315000 0.272500 0.052500 0.052500
0 0.611250 0.861250 0.075000 0.075000
0 0.131875 0.836875 0.051250 0.051250
0 0.417500 0.560625 0.037500 0.033750
0 0.032500 0.138750 0.025000 0.025000
0 0.790000 0.935000 0.050000 0.050000