0 0.433125 0.354375 0.061250 0.061250
0 0.533750 0.757500 0.100000 0.087500
0 0.282500 0.356875 0.112500 0.098750
0 0.705000 0.083125 0.050000 0.056250
0 0.680000 0.495000 0.080000 0.090000
0 0.630625 0.788750 0.051250 0.057500
0 0.758750 0.789375 0.077500 0.086250
0 0.905000 0.220625 0.107500 0.091250
0 0.834375 0.595625 0.051250 0.043750
0 0.275000 0.140000 0.035000 0.030000
0 0.172500 0.840625 0.095000 0.081250
0 0.326250 0.766875 0.105000 0.098750
0 0.095000 0.634375 0.037500 0.036250
0 0.065000 0.834375 0.055000 0.053750
0 0.846250 0.537500 0.060000 0.057500
0 0.893125 0.370625 0.101250 0.098750
0 0.072500 0.243125 0.090000 0.093750
0 0.505000 0.245000 0.052500 0.052500
0 0.395000 0.196250 0.072500 0.072500
0 0.155625 0.110625 0.083750 0.083750
0 0.279375 0.521875 0.038750 0.038750
0 0.426250 0.848750 0.052500 0.052500
0 0.893125 0.860000 0.076250 0.090000
0 0.149375 0.560625 0.083750 0.081250
0 0.605625 0.365625 0.066250 0.063750
0 0.273125 0.611875 0.081250 0.123750
0 0.880625 0.090625 0.033750 0.033750
0 0.666250 0.235000 0.040000 0.035000
0 0.705000 0.885625 0.065000 0.078750
0 0.568125 0.874375 0.086250 0.098750
0 0.358750 0.055000 0.057500 0.030000
0 0.523125 0.669375 0.091250 0.056250
0 0.748750 0.270000 0.100000 0.095000
0 0.469375 0.514375 0.108750 0.198750
0 0.201250 0.762500 0.035000 0.040000
0 0.204375 0.215625 0.071250 0.071250
0 0.818750 0.677500 0.042500 0.042500
0 0.789375 0.046875 0.068750 0.068750
0 0.062500 0.711250 0.062500 0.087500
0 0.972500 0.422500 0.025000 0.035000
0 0.558750 0.080625 0.030000 0.031250
0 0.640625 0.595000 0.073750 0.077500
0 0.124375 0.384375 0.108750 0.108750
0 0.732500 0.568750 0.042500 0.042500