0 0.389375 0.395625 0.111250 0.111250
0 0.327500 0.818750 0.045000 0.045000
0 0.771875 0.755625 0.081250 0.081250
0 0.476875 0.736875 0.073750 0.073750
0 0.832500 0.473750 0.057500 0.057500
0 0.581875 0.831875 0.103750 0.103750
0 0.506875 0.476875 0.026250 0.026250
0 0.489375 0.546875 0.096250 0.096250
0 0.913750 0.123750 0.045000 0.045000
0 0.309375 0.711875 0.066250 0.066250
0 0.491875 0.378125 0.071250 0.071250
0 0.355000 0.058750 0.062500 0.062500
0 0.783125 0.065625 0.061250 0.058750
0 0.653125 0.465000 0.051250 0.047500
0 0.721250 0.479375 0.052500 0.048750
0 0.675000 0.072500 0.072500 0.067500
0 0.135000 0.333125 0.050000 0.046250
0 0.193125 0.168750 0.066250 0.090000
0 0.162500 0.790000 0.057500 0.057500
0 0.927500 0.458750 0.105000 0.105000
0 0.046250 0.893750 0.037500 0.037500
0 0.198750 0.406250 0.042500 0.042500
0 0.658750 0.718750 0.105000 0.105000
0 0.801875 0.375625 0.028750 0.028750
0 0.318125 0.278125 0.061250 0.061250
0 0.256250 0.417500 0.047500 0.047500
0 0.685625 0.276875 0.073750 0.073750
0 0.904375 0.611875 0.096250 0.088750
0 0.925625 0.755000 0.088750 0.082500
0 0.575625 0.071250 0.108750 0.102500
0 0.190625 0.533125 0.056250 0.056250
0 0.500625 0.279375 0.088750 0.088750
0 0.105625 0.530625 0.056250 0.056250
0 0.957500 0.312500 0.057500 0.055000
0 0.810625 0.231875 0.068750 0.066250
0 0.754375 0.889375 0.086250 0.086250
0 0.690000 0.608125 0.035000 0.013750
0 0.380625 0.553125 0.086250 0.086250
0 0.196875 0.708125 0.078750 0.078750
0 0.348125 0.943125 0.053750 0.053750
0 0.189375 0.869375 0.068750 0.068750
0 0.906875 0.366875 0.026250 0.026250
0 0.062500 0.732500 0.035000 0.035000
0 0.236875 0.609375 0.053750 0.053750
0 0.390000 0.621250 0.030000 0.030000
0 0.108125 0.121875 0.081250 0.081250
0 0.563125 0.389375 0.046250 0.046250
0 0.434375 0.896875 0.096250 0.096250
0 0.798750 0.141250 0.072500 0.072500
0 0.623125 0.561250 0.068750 0.055000
0 0.268750 0.912500 0.025000 0.025000
0 0.919375 0.890000 0.111250 0.135000
0 0.311250 0.155000 0.100000 0.100000
0 0.926250 0.207500 0.065000 0.065000
0 0.072500 0.427500 0.082500 0.082500
0 0.470625 0.062500 0.083750 0.072500
0 0.053125 0.815625 0.073750 0.063750
0 0.792500 0.608125 0.077500 0.131250
0 0.682500 0.386250 0.102500 0.072500
0 0.407500 0.309375 0.062500 0.043750
0 0.056875 0.234375 0.086250 0.061250