0 0.328750 0.060000 0.072500 0.072500
0 0.098750 0.096250 0.052500 0.052500
0 0.103750 0.372500 0.027500 0.027500
0 0.050625 0.453125 0.033750 0.033750
0 0.627500 0.511250 0.082500 0.082500
0 0.370625 0.739375 0.046250 0.046250
0 0.180625 0.865625 0.076250 0.071250
0 0.150000 0.601875 0.077500 0.063750
0 0.742500 0.353750 0.077500 0.077500
0 0.641250 0.163125 0.112500 0.096250
0 0.416875 0.923750 0.093750 0.080000
0 0.768750 0.651875 0.040000 0.033750
0 0.395625 0.073125 0.041250 0.041250
0 0.316875 0.908125 0.051250 0.051250
0 0.551875 0.356875 0.056250 0.056250
0 0.867500 0.516250 0.100000 0.100000
0 0.680000 0.762500 0.107500 0.062500
0 0.420000 0.390000 0.042500 0.042500
0 0.895625 0.724375 0.056250 0.056250
0 0.536250 0.707500 0.067500 0.067500
0 0.285625 0.578750 0.106250 0.107500
0 0.913125 0.312500 0.076250 0.077500
0 0.218750 0.305000 0.110000 0.112500
0 0.336875 0.430625 0.103750 0.091250
0 0.340000 0.325000 0.085000 0.075000
0 0.308125 0.824375 0.081250 0.071250
0 0.335000 0.206250 0.072500 0.072500
0 0.101875 0.285000 0.106250 0.107500
0 0.565000 0.064375 0.067500 0.068750
0 0.208125 0.432500 0.103750 0.105000
0 0.915625 0.839375 0.061250 0.061250
0 0.768125 0.143125 0.061250 0.061250
0 0.206250 0.768750 0.107500 0.107500
0 0.753750 0.053750 0.045000 0.045000
0 0.929375 0.141875 0.058750 0.058750
0 0.516875 0.600000 0.066250 0.072500
0 0.218125 0.195000 0.038750 0.042500
0 0.743750 0.903750 0.102500 0.112500
0 0.225000 0.093750 0.100000 0.110000
0 0.446875 0.158125 0.068750 0.068750
0 0.798750 0.730000 0.085000 0.085000
0 0.426250 0.535000 0.082500 0.082500
0 0.579375 0.928125 0.038750 0.038750
0 0.690000 0.612500 0.102500 0.102500
0 0.844375 0.108125 0.073750 0.068750
0 0.047500 0.686250 0.067500 0.062500
0 0.641875 0.311875 0.073750 0.068750
0 0.050000 0.766250 0.070000 0.065000
0 0.885000 0.041875 0.045000 0.043750
0 0.072500 0.888750 0.062500 0.062500
0 0.422500 0.646250 0.105000 0.092500
0 0.304375 0.739375 0.058750 0.058750
0 0.635625 0.396875 0.081250 0.081250
0 0.462500 0.078750 0.050000 0.050000
0 0.426250 0.271250 0.027500 0.027500
0 0.854375 0.429375 0.046250 0.046250
0 0.510625 0.260625 0.106250 0.106250
0 0.534375 0.436875 0.056250 0.056250
0 0.563750 0.796250 0.052500 0.052500
0 0.642500 0.067500 0.055000 0.055000
0 0.960625 0.754375 0.051250 0.051250
0 0.896875 0.619375 0.083750 0.083750
0 0.965000 0.222500 0.035000 0.035000
0 0.719375 0.445625 0.061250 0.061250
0 0.072500 0.180000 0.087500 0.087500
0 0.056250 0.610000 0.052500 0.047500
0 0.584375 0.634375 0.053750 0.048750
0 0.965000 0.065000 0.045000 0.045000
0 0.446875 0.741875 0.073750 0.073750