0 0.634375 0.037500 0.031250 0.020000
0 0.633125 0.214375 0.101250 0.101250
0 0.065625 0.767500 0.051250 0.017500
0 0.373125 0.763750 0.046250 0.015000
0 0.913125 0.235625 0.026250 0.008750
0 0.505625 0.791875 0.036250 0.041250
0 0.889375 0.069375 0.098750 0.068750
0 0.828750 0.236875 0.060000 0.041250
0 0.788750 0.512500 0.035000 0.035000
0 0.654375 0.603125 0.048750 0.048750
0 0.175000 0.303750 0.045000 0.045000
0 0.341875 0.114375 0.061250 0.061250
0 0.524375 0.366875 0.036250 0.036250
0 0.890000 0.922500 0.050000 0.050000
0 0.224375 0.879375 0.048750 0.048750
0 0.088125 0.202500 0.053750 0.097500
0 0.310625 0.588750 0.068750 0.125000
0 0.121875 0.839375 0.111250 0.111250
0 0.188125 0.136875 0.103750 0.103750
0 0.568125 0.913125 0.041250 0.041250
0 0.123750 0.657500 0.107500 0.107500
0 0.196875 0.548125 0.091250 0.091250
0 0.415625 0.471875 0.091250 0.091250
0 0.628125 0.505000 0.068750 0.055000
0 0.818125 0.628750 0.056250 0.045000
0 0.863125 0.166875 0.088750 0.071250
0 0.654375 0.794375 0.066250 0.066250
0 0.787500 0.733750 0.107500 0.107500
0 0.915625 0.343125 0.073750 0.073750
0 0.703750 0.312500 0.030000 0.030000
0 0.436250 0.706250 0.037500 0.037500
0 0.918750 0.604375 0.110000 0.108750
0 0.338750 0.332500 0.097500 0.097500
0 0.561875 0.084375 0.096250 0.096250
0 0.683750 0.375000 0.065000 0.065000
0 0.413750 0.620000 0.092500 0.092500
0 0.920000 0.458750 0.037500 0.037500
0 0.478750 0.295000 0.050000 0.050000
0 0.536875 0.619375 0.058750 0.058750
0 0.438750 0.893750 0.080000 0.080000
0 0.193750 0.415625 0.097500 0.096250
0 0.224375 0.702500 0.048750 0.047500
0 0.444375 0.370000 0.068750 0.067500
0 0.904375 0.262500 0.026250 0.025000
0 0.280625 0.235625 0.078750 0.078750
0 0.080625 0.355625 0.091250 0.091250
0 0.905000 0.817500 0.105000 0.105000
0 0.768750 0.437500 0.080000 0.080000
0 0.657500 0.900000 0.105000 0.105000
0 0.531875 0.491875 0.081250 0.081250
0 0.769375 0.850625 0.103750 0.103750
0 0.293125 0.872500 0.056250 0.055000
0 0.438750 0.215625 0.052500 0.051250
0 0.740000 0.126875 0.077500 0.076250
0 0.093125 0.521250 0.083750 0.082500
0 0.313750 0.473750 0.067500 0.067500
0 0.449375 0.100625 0.098750 0.098750
0 0.251250 0.791250 0.027500 0.027500
0 0.645000 0.117500 0.050000 0.057500
0 0.937500 0.170000 0.035000 0.040000
0 0.853750 0.448750 0.060000 0.060000
0 0.816250 0.337500 0.097500 0.097500
0 0.753125 0.051875 0.053750 0.053750
0 0.549375 0.710625 0.078750 0.078750
0 0.590000 0.338125 0.072500 0.076250
0 0.758750 0.210000 0.030000 0.030000
0 0.231875 0.633125 0.048750 0.048750