0 0.819375 0.276250 0.026250 0.022500
0 0.406875 0.814375 0.081250 0.071250
0 0.883750 0.751250 0.082500 0.080000
0 0.460000 0.393750 0.097500 0.097500
0 0.751250 0.768125 0.080000 0.073750
0 0.159375 0.240000 0.096250 0.100000
0 0.266875 0.895000 0.078750 0.082500
0 0.599375 0.660000 0.103750 0.107500
0 0.943750 0.628750 0.027500 0.027500
0 0.163125 0.053125 0.068750 0.068750
0 0.148750 0.505000 0.040000 0.040000
0 0.490000 0.255000 0.042500 0.042500
0 0.508125 0.125625 0.048750 0.048750
0 0.628750 0.556250 0.027500 0.027500
0 0.215625 0.489375 0.041250 0.041250
0 0.129375 0.725625 0.103750 0.113750
0 0.718750 0.918750 0.070000 0.070000
0 0.071250 0.468750 0.032500 0.032500
0 0.293750 0.243750 0.057500 0.065000
0 0.325625 0.170000 0.076250 0.050000
0 0.142500 0.433750 0.025000 0.025000
0 0.392500 0.583750 0.107500 0.107500
0 0.818750 0.631250 0.105000 0.105000
0 0.707500 0.155000 0.047500 0.047500
0 0.068750 0.912500 0.070000 0.070000
0 0.864375 0.073125 0.071250 0.071250
0 0.721250 0.392500 0.085000 0.085000
0 0.850000 0.475000 0.065000 0.062500
0 0.918125 0.881875 0.038750 0.038750
0 0.630625 0.813750 0.106250 0.120000
0 0.613750 0.351875 0.052500 0.058750
0 0.686875 0.531875 0.043750 0.048750
0 0.237500 0.685000 0.092500 0.105000
0 0.628750 0.091250 0.080000 0.080000
0 0.333750 0.376250 0.112500 0.112500
0 0.514375 0.935625 0.031250 0.031250
0 0.148125 0.946875 0.041250 0.041250
0 0.853750 0.365625 0.087500 0.106250
0 0.440000 0.926250 0.097500 0.097500
0 0.892500 0.184375 0.107500 0.106250
0 0.092500 0.119375 0.042500 0.041250
0 0.055000 0.341250 0.057500 0.095000
0 0.865625 0.842500 0.051250 0.085000
0 0.576875 0.253125 0.108750 0.108750
0 0.265625 0.543125 0.033750 0.041250
0 0.345625 0.716875 0.108750 0.108750
0 0.101250 0.600000 0.095000 0.080000
0 0.535000 0.546250 0.087500 0.087500
0 0.711250 0.301250 0.077500 0.077500
0 0.415000 0.235625 0.067500 0.053750
0 0.717500 0.625000 0.057500 0.052500
0 0.435000 0.047500 0.062500 0.057500
0 0.556875 0.456875 0.063750 0.058750
0 0.955625 0.280000 0.058750 0.050000
0 0.232500 0.160000 0.052500 0.045000
0 0.316250 0.097500 0.072500 0.072500
0 0.092500 0.826250 0.070000 0.070000
0 0.732500 0.072500 0.080000 0.080000
0 0.180000 0.816250 0.025000 0.025000
0 0.466875 0.724375 0.083750 0.083750
0 0.801250 0.146250 0.035000 0.035000