0 0.387500 0.718750 0.105000 0.105000
0 0.056250 0.167500 0.082500 0.082500
0 0.794375 0.465625 0.033750 0.021250
0 0.697500 0.059375 0.085000 0.056250
0 0.915000 0.898125 0.055000 0.036250
0 0.553125 0.283750 0.038750 0.025000
0 0.202500 0.661250 0.042500 0.035000
0 0.741250 0.590000 0.057500 0.055000
0 0.871875 0.274375 0.061250 0.058750
0 0.588750 0.763125 0.030000 0.028750
0 0.953125 0.569375 0.026250 0.026250
0 0.961875 0.350625 0.046250 0.046250
0 0.900625 0.381875 0.026250 0.026250
0 0.225000 0.927500 0.092500 0.092500
0 0.908750 0.680000 0.112500 0.112500
0 0.247500 0.562500 0.065000 0.077500
0 0.352500 0.074375 0.095000 0.113750
0 0.253125 0.101250 0.083750 0.100000
0 0.518125 0.535625 0.028750 0.028750
0 0.162500 0.275000 0.035000 0.035000
0 0.138750 0.685000 0.062500 0.062500
0 0.160625 0.786875 0.083750 0.083750
0 0.738125 0.710625 0.043750 0.043750
0 0.834375 0.891875 0.063750 0.063750
0 0.441875 0.136875 0.038750 0.038750
0 0.899375 0.160625 0.058750 0.058750
0 0.646250 0.183750 0.042500 0.042500
0 0.815000 0.697500 0.032500 0.032500
0 0.618125 0.896875 0.091250 0.091250
0 0.713750 0.313750 0.107500 0.107500
0 0.738750 0.140000 0.082500 0.082500
0 0.331875 0.400000 0.071250 0.047500
0 0.116250 0.373125 0.092500 0.088750
0 0.516875 0.073125 0.076250 0.103750
0 0.100000 0.505000 0.107500 0.147500
0 0.689375 0.429375 0.106250 0.106250
0 0.146875 0.926875 0.026250 0.026250
0 0.065625 0.699375 0.033750 0.033750
0 0.366875 0.859375 0.106250 0.106250
0 0.873750 0.593125 0.052500 0.031250
0 0.481875 0.918750 0.088750 0.080000
0 0.044375 0.895625 0.056250 0.056250
0 0.303750 0.206250 0.052500 0.052500
0 0.469375 0.473125 0.048750 0.048750
0 0.922500 0.478750 0.107500 0.107500
0 0.553750 0.358750 0.077500 0.077500
0 0.360625 0.946875 0.038750 0.038750
0 0.521875 0.216875 0.051250 0.051250
0 0.453125 0.316875 0.053750 0.053750
0 0.239375 0.288125 0.091250 0.091250
0 0.816875 0.820625 0.058750 0.056250
0 0.660000 0.768750 0.082500 0.080000
0 0.610625 0.565000 0.083750 0.072500
0 0.171250 0.169375 0.060000 0.056250
0 0.410000 0.570625 0.067500 0.063750
0 0.510625 0.714375 0.103750 0.103750
0 0.648750 0.231250 0.037500 0.030000
0 0.920000 0.079375 0.095000 0.076250
0 0.562500 0.446250 0.085000 0.082500
0 0.534375 0.577500 0.033750 0.032500
0 0.035625 0.607500 0.036250 0.035000
0 0.061875 0.265625 0.093750 0.091250
0 0.607500 0.082500 0.077500 0.072500
0 0.258125 0.801875 0.093750 0.106250
0 0.915625 0.808125 0.073750 0.073750
0 0.831875 0.403125 0.048750 0.043750
0 0.249375 0.440000 0.056250 0.072500
0 0.065625 0.068125 0.098750 0.098750
0 0.438125 0.229375 0.028750 0.028750
0 0.773750 0.225625 0.045000 0.043750
0 0.081250 0.765000 0.040000 0.040000
0 0.355000 0.480000 0.077500 0.077500
0 0.288125 0.685625 0.076250 0.073750
0 0.410625 0.407500 0.028750 0.020000
0 0.618750 0.673125 0.097500 0.071250
0 0.820000 0.060000 0.075000 0.055000
0 0.391875 0.275000 0.038750 0.050000
0 0.823750 0.138125 0.067500 0.063750
0 0.241250 0.363750 0.045000 0.042500
0 0.320625 0.586250 0.066250 0.062500