0 0.046250 0.242500 0.067500 0.067500
0 0.836250 0.420000 0.090000 0.090000
0 0.681250 0.538750 0.100000 0.100000
0 0.475000 0.507500 0.107500 0.130000
0 0.723125 0.801875 0.071250 0.086250
0 0.235625 0.914375 0.038750 0.026250
0 0.349375 0.436250 0.101250 0.090000
0 0.535000 0.750625 0.092500 0.071250
0 0.478125 0.161250 0.108750 0.085000
0 0.701250 0.181250 0.087500 0.067500
0 0.148750 0.608750 0.057500 0.045000
0 0.268750 0.721250 0.060000 0.060000
0 0.327500 0.230000 0.100000 0.100000
0 0.129375 0.218125 0.051250 0.051250
0 0.578750 0.527500 0.062500 0.062500
0 0.333125 0.594375 0.096250 0.096250
0 0.863750 0.244375 0.095000 0.093750
0 0.400000 0.834375 0.082500 0.081250
0 0.563125 0.436875 0.028750 0.028750
0 0.949375 0.710000 0.071250 0.055000
0 0.478125 0.872500 0.031250 0.052500
0 0.908125 0.596875 0.078750 0.133750
0 0.102500 0.463125 0.070000 0.118750
0 0.850625 0.100625 0.058750 0.098750
0 0.166875 0.054375 0.083750 0.083750
0 0.677500 0.725000 0.050000 0.050000
0 0.925000 0.935000 0.070000 0.067500
0 0.818125 0.819375 0.091250 0.088750
0 0.655000 0.395000 0.092500 0.090000
0 0.807500 0.921250 0.097500 0.095000
0 0.447500 0.276250 0.105000 0.127500
0 0.068125 0.863125 0.093750 0.113750
0 0.090625 0.712500 0.111250 0.135000
0 0.264375 0.480625 0.051250 0.051250
0 0.276250 0.083750 0.110000 0.110000
0 0.169375 0.866875 0.071250 0.071250
0 0.620625 0.855625 0.108750 0.108750
0 0.349375 0.938125 0.048750 0.048750
0 0.753125 0.083125 0.093750 0.093750
0 0.955000 0.232500 0.062500 0.062500
0 0.643750 0.084375 0.077500 0.083750
0 0.685000 0.645625 0.070000 0.076250
0 0.561875 0.302500 0.076250 0.082500
0 0.469375 0.074375 0.036250 0.036250
0 0.827500 0.558750 0.042500 0.042500
0 0.667500 0.261250 0.050000 0.050000
0 0.055000 0.136250 0.060000 0.057500
0 0.948750 0.860625 0.027500 0.026250
0 0.785625 0.678750 0.041250 0.040000
0 0.546250 0.641250 0.065000 0.065000
0 0.077500 0.562500 0.055000 0.055000
0 0.608750 0.191250 0.067500 0.067500
0 0.936250 0.366250 0.072500 0.072500
0 0.183125 0.331875 0.108750 0.108750
0 0.421250 0.710000 0.100000 0.100000
0 0.151875 0.151250 0.081250 0.065000
0 0.053750 0.346875 0.082500 0.066250
0 0.942500 0.137500 0.080000 0.080000
0 0.757500 0.338750 0.050000 0.050000
0 0.761875 0.458125 0.043750 0.043750
0 0.385000 0.090625 0.062500 0.068750
0 0.733750 0.263125 0.045000 0.046250
0 0.741875 0.399375 0.031250 0.031250
0 0.304375 0.831875 0.073750 0.073750
0 0.540000 0.075000 0.062500 0.062500
0 0.078750 0.053750 0.062500 0.062500
0 0.472500 0.621250 0.057500 0.057500
0 0.646875 0.956250 0.026250 0.030000
0 0.803750 0.743750 0.027500 0.027500
0 0.185000 0.711250 0.060000 0.060000
0 0.955625 0.798750 0.056250 0.057500
0 0.723750 0.881250 0.032500 0.032500
0 0.872500 0.742500 0.030000 0.030000
0 0.190000 0.496250 0.032500 0.032500
0 0.321250 0.358750 0.040000 0.040000
0 0.915625 0.058750 0.053750 0.060000
0 0.446875 0.396250 0.048750 0.055000
0 0.334375 0.713750 0.033750 0.037500