0 0.135000 0.502500 0.052500 0.060000
0 0.567500 0.403125 0.030000 0.033750
0 0.575000 0.253750 0.070000 0.080000
0 0.693125 0.855625 0.063750 0.073750
0 0.168125 0.858750 0.066250 0.112500
0 0.217500 0.258125 0.042500 0.071250
0 0.262500 0.782500 0.107500 0.107500
0 0.940000 0.322500 0.065000 0.065000
0 0.468125 0.201875 0.106250 0.106250
0 0.671875 0.040000 0.028750 0.035000
0 0.895625 0.103750 0.098750 0.120000
0 0.305000 0.076250 0.037500 0.045000
0 0.633750 0.670625 0.107500 0.131250
0 0.753750 0.380000 0.057500 0.057500
0 0.416250 0.398750 0.052500 0.052500
0 0.455625 0.747500 0.058750 0.075000
0 0.229375 0.079375 0.093750 0.121250
0 0.231875 0.651250 0.073750 0.095000
0 0.855625 0.612500 0.048750 0.062500
0 0.452500 0.050000 0.065000 0.065000
0 0.842500 0.247500 0.042500 0.042500
0 0.680000 0.477500 0.100000 0.100000
0 0.755625 0.664375 0.088750 0.088750
0 0.743125 0.203125 0.081250 0.081250
0 0.645000 0.135625 0.070000 0.098750
0 0.066875 0.843750 0.106250 0.150000
0 0.051875 0.673125 0.068750 0.096250
0 0.297500 0.887500 0.085000 0.085000
0 0.875625 0.451875 0.111250 0.111250
0 0.133750 0.690625 0.070000 0.063750
0 0.618125 0.917500 0.068750 0.062500
0 0.111250 0.215625 0.047500 0.043750
0 0.856875 0.861875 0.111250 0.111250
0 0.906875 0.733125 0.111250 0.101250
0 0.079375 0.070000 0.091250 0.090000
0 0.492500 0.531250 0.027500 0.027500
0 0.392500 0.858750 0.090000 0.090000
0 0.415000 0.500000 0.087500 0.087500
0 0.331250 0.235000 0.090000 0.090000
0 0.068750 0.398125 0.057500 0.051250
0 0.266875 0.362500 0.071250 0.082500
0 0.647500 0.575000 0.027500 0.027500
0 0.768750 0.473750 0.042500 0.042500
0 0.711250 0.318750 0.035000 0.035000
0 0.945000 0.562500 0.075000 0.075000
0 0.550625 0.507500 0.061250 0.080000
0 0.485625 0.308125 0.043750 0.056250
0 0.951250 0.905000 0.047500 0.047500
0 0.360000 0.677500 0.062500 0.062500
0 0.096250 0.302500 0.045000 0.045000
0 0.456875 0.599375 0.086250 0.086250
0 0.908125 0.218125 0.068750 0.066250
0 0.764375 0.093125 0.033750 0.033750
0 0.315625 0.451250 0.066250 0.062500
0 0.511250 0.893125 0.062500 0.058750
0 0.766875 0.835625 0.031250 0.028750
0 0.667500 0.220000 0.037500 0.037500
0 0.167500 0.414375 0.082500 0.066250
0 0.559375 0.158125 0.038750 0.031250
0 0.575000 0.851250 0.042500 0.042500
0 0.731875 0.759375 0.053750 0.073750
0 0.235000 0.543750 0.075000 0.102500
0 0.500625 0.393125 0.078750 0.078750
0 0.637500 0.387500 0.077500 0.065000
0 0.692500 0.950000 0.025000 0.020000