0 0.455000 0.503750 0.032500 0.032500
0 0.323125 0.824375 0.108750 0.108750
0 0.739375 0.599375 0.086250 0.086250
0 0.563750 0.321250 0.037500 0.037500
0 0.262500 0.028750 0.025000 0.025000
0 0.591250 0.688750 0.080000 0.085000
0 0.245000 0.143750 0.105000 0.105000
0 0.669375 0.409375 0.028750 0.028750
0 0.176875 0.838125 0.031250 0.031250
0 0.388750 0.178750 0.092500 0.092500
0 0.083125 0.038125 0.033750 0.033750
0 0.073125 0.435625 0.083750 0.086250
0 0.476875 0.220000 0.063750 0.052500
0 0.738750 0.696250 0.052500 0.045000
0 0.855000 0.333750 0.110000 0.110000
0 0.132500 0.089375 0.052500 0.051250
0 0.433125 0.381875 0.081250 0.081250
0 0.780000 0.173750 0.040000 0.040000
0 0.185625 0.545625 0.026250 0.016250
0 0.608125 0.384375 0.033750 0.036250
0 0.086875 0.214375 0.093750 0.101250
0 0.125625 0.637500 0.106250 0.115000
0 0.720000 0.811250 0.060000 0.065000
0 0.656250 0.107500 0.095000 0.095000
0 0.450000 0.758125 0.035000 0.033750
0 0.828125 0.513750 0.046250 0.030000
0 0.801250 0.036250 0.052500 0.035000
0 0.155000 0.727500 0.067500 0.045000
0 0.501250 0.528750 0.025000 0.020000
0 0.859375 0.895000 0.086250 0.112500
0 0.196250 0.430000 0.035000 0.035000
0 0.125000 0.795000 0.040000 0.040000
0 0.657500 0.792500 0.040000 0.040000
0 0.925625 0.748125 0.106250 0.106250
0 0.588750 0.556250 0.102500 0.102500
0 0.076875 0.556875 0.026250 0.026250
0 0.488750 0.856250 0.112500 0.112500
0 0.729375 0.506250 0.056250 0.055000
0 0.293125 0.663750 0.043750 0.042500
0 0.615000 0.878125 0.057500 0.056250
0 0.031875 0.767500 0.036250 0.035000
0 0.378750 0.680000 0.102500 0.092500
0 0.158750 0.913750 0.075000 0.067500
0 0.306250 0.278125 0.030000 0.026250
0 0.675000 0.298750 0.092500 0.092500
0 0.760000 0.922500 0.085000 0.085000
0 0.925625 0.150625 0.038750 0.038750
0 0.918750 0.091250 0.040000 0.040000
0 0.320625 0.538125 0.103750 0.103750
0 0.965000 0.292500 0.032500 0.030000
0 0.349375 0.060625 0.063750 0.058750
0 0.355000 0.937500 0.035000 0.032500
0 0.465000 0.143125 0.045000 0.041250
0 0.558125 0.054375 0.026250 0.028750
0 0.335000 0.398750 0.097500 0.110000
0 0.923750 0.585000 0.107500 0.087500
0 0.820000 0.724375 0.030000 0.023750
0 0.899375 0.440625 0.031250 0.031250
0 0.573750 0.201250 0.030000 0.030000
0 0.225625 0.278125 0.096250 0.096250
0 0.546250 0.395000 0.032500 0.032500
0 0.447500 0.291250 0.057500 0.057500
0 0.666875 0.686875 0.048750 0.048750
0 0.925000 0.032500 0.040000 0.040000
0 0.129375 0.548125 0.038750 0.038750
0 0.735000 0.402500 0.085000 0.087500
0 0.075000 0.868750 0.075000 0.065000
0 0.500000 0.651250 0.080000 0.070000
0 0.576250 0.143750 0.045000 0.045000
0 0.846875 0.236875 0.056250 0.056250
0 0.271875 0.920625 0.063750 0.063750