0 0.683750 0.088750 0.035000 0.035000
0 0.491250 0.077500 0.027500 0.027500
0 0.358125 0.441875 0.031250 0.031250
0 0.420625 0.944375 0.033750 0.033750
0 0.510625 0.634375 0.041250 0.041250
0 0.547500 0.746250 0.025000 0.017500
0 0.396250 0.785625 0.025000 0.028750
0 0.956250 0.780000 0.030000 0.035000
0 0.181875 0.813125 0.111250 0.131250
0 0.268750 0.405000 0.030000 0.030000
0 0.173125 0.273125 0.078750 0.078750
0 0.376875 0.850625 0.033750 0.033750
0 0.318125 0.261875 0.108750 0.108750
0 0.950000 0.056250 0.047500 0.057500
0 0.549375 0.201875 0.068750 0.083750
0 0.071250 0.363125 0.052500 0.063750
0 0.346250 0.723750 0.037500 0.045000
0 0.219375 0.621875 0.101250 0.101250
0 0.206250 0.448750 0.027500 0.027500
0 0.888125 0.699375 0.063750 0.063750
0 0.910625 0.886875 0.076250 0.076250
0 0.654375 0.642500 0.111250 0.095000
0 0.760000 0.512500 0.112500 0.112500
0 0.770000 0.384375 0.060000 0.031250
0 0.718125 0.040000 0.053750 0.027500
0 0.238750 0.166875 0.027500 0.013750
0 0.611875 0.915625 0.041250 0.038750
0 0.339375 0.521875 0.106250 0.101250
0 0.869375 0.530625 0.058750 0.053750
0 0.505625 0.862500 0.068750 0.062500
0 0.706250 0.808750 0.087500 0.080000
0 0.589375 0.487500 0.111250 0.102500
0 0.858125 0.276250 0.081250 0.057500
0 0.118125 0.536875 0.086250 0.061250
0 0.466250 0.450625 0.080000 0.056250
0 0.686250 0.181875 0.077500 0.083750
0 0.381875 0.120625 0.031250 0.031250
0 0.611250 0.295625 0.077500 0.061250
0 0.085000 0.689375 0.102500 0.081250
0 0.820625 0.901875 0.083750 0.066250
0 0.457500 0.339375 0.090000 0.071250
0 0.471250 0.223750 0.037500 0.037500
0 0.430000 0.511250 0.045000 0.045000
0 0.080625 0.954375 0.038750 0.038750
0 0.041250 0.278750 0.037500 0.037500
0 0.057500 0.876250 0.025000 0.025000
0 0.954375 0.343750 0.066250 0.067500
0 0.734375 0.293750 0.106250 0.107500
0 0.214375 0.384375 0.028750 0.028750
0 0.092500 0.082500 0.080000 0.080000
0 0.303750 0.843750 0.080000 0.080000
0 0.838125 0.066875 0.043750 0.043750
0 0.106250 0.198750 0.025000 0.025000
0 0.285000 0.158750 0.040000 0.040000
0 0.705625 0.918125 0.108750 0.108750
0 0.599375 0.820625 0.081250 0.081250
0 0.295625 0.063125 0.081250 0.081250
0 0.069375 0.805625 0.066250 0.066250
0 0.805000 0.716250 0.080000 0.080000
0 0.558125 0.950625 0.043750 0.043750
0 0.800000 0.170625 0.097500 0.093750
0 0.384375 0.641250 0.098750 0.095000
0 0.863125 0.414375 0.073750 0.071250
0 0.071875 0.451250 0.086250 0.077500
0 0.803750 0.631250 0.055000 0.072500
0 0.492500 0.526250 0.052500 0.052500
0 0.583125 0.073750 0.086250 0.087500
0 0.415625 0.218125 0.058750 0.058750
0 0.567500 0.381250 0.107500 0.095000
0 0.165625 0.931875 0.063750 0.056250
0 0.957500 0.430000 0.042500 0.037500
0 0.136875 0.620625 0.036250 0.036250
0 0.390625 0.057500 0.088750 0.075000
0 0.790000 0.796250 0.047500 0.040000
0 0.481875 0.775625 0.061250 0.061250
0 0.416875 0.568125 0.031250 0.031250