0 0.858125 0.456875 0.071250 0.071250
0 0.929375 0.730625 0.061250 0.061250
0 0.281250 0.421250 0.082500 0.082500
0 0.748750 0.607500 0.095000 0.095000
0 0.650625 0.676875 0.073750 0.073750
0 0.950000 0.191250 0.062500 0.062500
0 0.558125 0.674375 0.028750 0.028750
0 0.926875 0.558125 0.076250 0.076250
0 0.932500 0.906250 0.047500 0.065000
0 0.590000 0.566250 0.065000 0.065000
0 0.940625 0.459375 0.026250 0.026250
0 0.501875 0.591875 0.048750 0.048750
0 0.406250 0.665000 0.075000 0.075000
0 0.177500 0.645625 0.105000 0.073750
0 0.478125 0.159375 0.101250 0.101250
0 0.241875 0.820000 0.098750 0.120000
0 0.594375 0.929375 0.031250 0.031250
0 0.865625 0.086250 0.106250 0.110000
0 0.637500 0.402500 0.045000 0.042500
0 0.511250 0.401250 0.102500 0.097500
0 0.125625 0.458125 0.091250 0.086250
0 0.706875 0.300625 0.066250 0.066250
0 0.862500 0.162500 0.027500 0.027500
0 0.287500 0.330000 0.057500 0.057500
0 0.736250 0.077500 0.105000 0.105000
0 0.562500 0.873750 0.032500 0.032500
0 0.230625 0.719375 0.051250 0.051250
0 0.285625 0.130625 0.106250 0.106250
0 0.135625 0.894375 0.043750 0.043750
0 0.712500 0.738750 0.032500 0.032500
0 0.420000 0.846250 0.100000 0.100000
0 0.485000 0.246250 0.035000 0.035000
0 0.413750 0.470000 0.062500 0.062500
0 0.821875 0.255625 0.076250 0.076250
0 0.158750 0.120000 0.100000 0.100000
0 0.558750 0.271250 0.097500 0.097500
0 0.103750 0.266250 0.102500 0.102500
0 0.809375 0.834375 0.086250 0.086250
0 0.677500 0.200000 0.105000 0.105000
0 0.690625 0.489375 0.086250 0.086250
0 0.121875 0.751875 0.108750 0.108750
0 0.529375 0.744375 0.081250 0.081250
0 0.936875 0.265625 0.053750 0.053750
0 0.477500 0.072500 0.050000 0.050000
0 0.201250 0.512500 0.025000 0.025000
0 0.287500 0.568750 0.090000 0.090000
0 0.080625 0.845625 0.041250 0.041250
0 0.227500 0.238750 0.092500 0.092500
0 0.045000 0.428125 0.040000 0.038750
0 0.543750 0.043750 0.065000 0.062500
0 0.541875 0.927500 0.046250 0.045000
0 0.323125 0.928125 0.068750 0.068750
0 0.709375 0.866875 0.096250 0.096250
0 0.838750 0.926250 0.072500 0.072500
0 0.230000 0.325000 0.030000 0.030000