0 0.291875 0.890625 0.031250 0.033750
0 0.786875 0.198125 0.108750 0.118750
0 0.939375 0.379375 0.041250 0.041250
0 0.264375 0.754375 0.088750 0.088750
0 0.138750 0.917500 0.085000 0.085000
0 0.723750 0.490000 0.062500 0.062500
0 0.375625 0.190625 0.048750 0.048750
0 0.934375 0.236875 0.096250 0.096250
0 0.446875 0.820625 0.063750 0.063750
0 0.894375 0.668125 0.093750 0.093750
0 0.884375 0.506875 0.056250 0.056250
0 0.584375 0.702500 0.103750 0.107500
0 0.098125 0.745625 0.071250 0.073750
0 0.175625 0.436250 0.081250 0.085000
0 0.808125 0.823750 0.106250 0.110000
0 0.304375 0.841875 0.036250 0.036250
0 0.445000 0.641250 0.092500 0.092500
0 0.931875 0.323125 0.053750 0.053750
0 0.591250 0.096250 0.055000 0.055000
0 0.126875 0.610625 0.048750 0.048750
0 0.558750 0.551250 0.052500 0.052500
0 0.182500 0.296875 0.105000 0.111250
0 0.523125 0.108125 0.048750 0.048750
0 0.368750 0.466250 0.102500 0.102500
0 0.105000 0.815000 0.045000 0.045000
0 0.496875 0.233750 0.076250 0.097500
0 0.666250 0.242500 0.112500 0.145000
0 0.555625 0.879375 0.103750 0.133750
0 0.223125 0.666875 0.058750 0.058750
0 0.568750 0.485625 0.065000 0.056250
0 0.889375 0.129375 0.033750 0.033750
0 0.490625 0.755625 0.036250 0.036250
0 0.250625 0.142500 0.106250 0.107500
0 0.775625 0.639375 0.073750 0.073750
0 0.535000 0.383125 0.087500 0.093750
0 0.785000 0.318125 0.082500 0.088750
0 0.688125 0.814375 0.043750 0.038750
0 0.340625 0.259375 0.051250 0.051250
0 0.920625 0.593125 0.026250 0.026250
0 0.304375 0.355625 0.036250 0.036250
0 0.058750 0.078750 0.055000 0.060000
0 0.930000 0.922500 0.105000 0.105000
0 0.075625 0.335000 0.078750 0.072500
0 0.756250 0.945625 0.055000 0.051250
0 0.561875 0.303750 0.038750 0.035000
0 0.768750 0.555625 0.055000 0.051250
0 0.285000 0.415000 0.035000 0.027500
0 0.772500 0.070000 0.072500 0.072500
0 0.307500 0.651250 0.065000 0.065000
0 0.166875 0.760625 0.026250 0.026250
0 0.680000 0.586250 0.070000 0.070000
0 0.813125 0.413125 0.086250 0.086250
0 0.344375 0.136875 0.038750 0.038750
0 0.081875 0.175625 0.071250 0.071250
0 0.232500 0.535000 0.075000 0.075000
0 0.072500 0.420000 0.077500 0.077500
0 0.645625 0.366875 0.088750 0.088750
0 0.648750 0.464375 0.025000 0.023750
0 0.921875 0.750625 0.036250 0.036250
0 0.363750 0.812500 0.065000 0.065000
0 0.431250 0.323750 0.065000 0.065000
0 0.766875 0.711250 0.048750 0.042500
0 0.466875 0.490000 0.071250 0.062500
0 0.378750 0.925000 0.072500 0.062500
0 0.670000 0.031875 0.045000 0.038750
0 0.866875 0.062500 0.083750 0.085000