0 0.221875 0.685000 0.096250 0.092500
0 0.241875 0.566875 0.083750 0.096250
0 0.831250 0.071250 0.057500 0.057500
0 0.089375 0.388125 0.091250 0.091250
0 0.728125 0.093125 0.033750 0.033750
0 0.744375 0.225000 0.073750 0.040000
0 0.119375 0.936875 0.048750 0.048750
0 0.616875 0.028125 0.071250 0.023750
0 0.863125 0.635000 0.061250 0.057500
0 0.530625 0.799375 0.033750 0.033750
0 0.285000 0.160000 0.090000 0.090000
0 0.600000 0.695000 0.065000 0.065000
0 0.645625 0.513125 0.041250 0.041250
0 0.060625 0.225625 0.083750 0.083750
0 0.250000 0.915000 0.107500 0.107500
0 0.912500 0.901250 0.047500 0.047500
0 0.660625 0.367500 0.071250 0.055000
0 0.918125 0.484375 0.101250 0.093750
0 0.651250 0.843750 0.110000 0.110000
0 0.429375 0.217500 0.088750 0.082500
0 0.399375 0.729375 0.096250 0.088750
0 0.405000 0.881875 0.107500 0.086250
0 0.450000 0.105625 0.057500 0.046250
0 0.543125 0.903125 0.038750 0.031250
0 0.763750 0.802500 0.087500 0.070000
0 0.645625 0.258750 0.076250 0.055000
0 0.545000 0.520000 0.090000 0.065000
0 0.186875 0.224375 0.031250 0.028750
0 0.063125 0.495000 0.096250 0.090000
0 0.933125 0.340000 0.093750 0.087500
0 0.516250 0.321875 0.072500 0.078750
0 0.306250 0.066250 0.050000 0.050000
0 0.373750 0.488750 0.097500 0.097500
0 0.131250 0.790000 0.037500 0.037500
0 0.476250 0.402500 0.067500 0.062500
0 0.074375 0.658125 0.106250 0.098750
0 0.892500 0.763125 0.112500 0.103750
0 0.256250 0.406250 0.075000 0.142500
0 0.163125 0.437500 0.028750 0.027500
0 0.843125 0.155000 0.071250 0.067500
0 0.823125 0.450625 0.038750 0.036250
0 0.170625 0.097500 0.073750 0.070000
0 0.726875 0.405625 0.031250 0.031250
0 0.340000 0.383125 0.077500 0.066250
0 0.746875 0.563125 0.098750 0.098750
0 0.550000 0.141250 0.060000 0.060000
0 0.735000 0.735000 0.040000 0.040000
0 0.852500 0.232500 0.065000 0.065000
0 0.423125 0.614375 0.111250 0.111250
0 0.816875 0.898125 0.101250 0.101250
0 0.679375 0.700625 0.038750 0.033750
0 0.716875 0.045000 0.048750 0.042500
0 0.081250 0.068750 0.082500 0.082500
0 0.376875 0.099375 0.073750 0.071250
0 0.255000 0.806250 0.080000 0.082500
0 0.645625 0.151875 0.078750 0.078750
0 0.815625 0.344375 0.096250 0.096250
0 0.744375 0.158125 0.078750 0.078750
0 0.938125 0.263125 0.041250 0.041250
0 0.568750 0.597500 0.085000 0.062500
0 0.940000 0.124375 0.070000 0.051250
0 0.454375 0.041875 0.063750 0.046250
0 0.526250 0.733750 0.062500 0.055000
0 0.778125 0.670625 0.041250 0.036250
0 0.706250 0.647500 0.057500 0.055000
0 0.058750 0.857500 0.082500 0.082500
0 0.538125 0.229375 0.028750 0.028750