0 0.269375 0.499375 0.051250 0.051250
0 0.477500 0.096250 0.105000 0.105000
0 0.425625 0.696250 0.081250 0.077500
0 0.340000 0.118125 0.105000 0.101250
0 0.095000 0.062500 0.050000 0.047500
0 0.098125 0.608750 0.093750 0.090000
0 0.827500 0.256250 0.030000 0.027500
0 0.784375 0.083750 0.053750 0.047500
0 0.177500 0.426250 0.105000 0.105000
0 0.091250 0.255000 0.095000 0.095000
0 0.807500 0.330000 0.070000 0.070000
0 0.215000 0.877500 0.070000 0.070000
0 0.196250 0.217500 0.092500 0.092500
0 0.695000 0.435000 0.052500 0.052500
0 0.885625 0.538750 0.073750 0.075000
0 0.776875 0.433125 0.026250 0.026250
0 0.395625 0.861875 0.098750 0.098750
0 0.063750 0.935000 0.067500 0.067500
0 0.225000 0.580000 0.070000 0.070000
0 0.465625 0.306875 0.098750 0.098750
0 0.273750 0.763750 0.102500 0.102500
0 0.584375 0.108125 0.033750 0.033750
0 0.156875 0.688125 0.043750 0.043750
0 0.501875 0.791875 0.088750 0.088750
0 0.936875 0.156875 0.093750 0.093750
0 0.872500 0.718750 0.040000 0.040000
0 0.370000 0.408750 0.040000 0.037500
0 0.545000 0.182500 0.032500 0.030000
0 0.426250 0.480625 0.095000 0.073750
0 0.661250 0.793750 0.040000 0.040000
0 0.690625 0.949375 0.028750 0.028750
0 0.594375 0.570625 0.083750 0.083750
0 0.652500 0.077500 0.075000 0.075000
0 0.673750 0.711250 0.087500 0.087500
0 0.288750 0.421250 0.037500 0.037500
0 0.948125 0.064375 0.071250 0.071250
0 0.775625 0.839375 0.086250 0.086250
0 0.901250 0.311250 0.077500 0.077500
0 0.617500 0.448750 0.080000 0.080000
0 0.298125 0.581875 0.051250 0.056250
0 0.586250 0.273750 0.110000 0.110000
0 0.911875 0.401875 0.081250 0.078750
0 0.770000 0.526875 0.055000 0.053750
0 0.357500 0.303125 0.087500 0.061250
0 0.056250 0.746875 0.032500 0.026250
0 0.532500 0.903750 0.107500 0.107500
0 0.907500 0.816875 0.035000 0.033750
0 0.136875 0.809375 0.061250 0.106250
0 0.090000 0.513750 0.040000 0.040000
0 0.817500 0.710000 0.025000 0.025000
0 0.700625 0.246875 0.086250 0.086250
0 0.060000 0.812500 0.057500 0.057500
0 0.796250 0.186250 0.065000 0.065000
0 0.805000 0.645000 0.090000 0.090000
0 0.292500 0.357500 0.032500 0.032500
0 0.401875 0.553125 0.063750 0.056250
0 0.073750 0.333750 0.042500 0.037500
0 0.211875 0.514375 0.026250 0.023750
0 0.162500 0.047500 0.070000 0.065000
0 0.047500 0.182500 0.035000 0.032500
0 0.075625 0.416250 0.063750 0.072500
0 0.171250 0.120625 0.047500 0.053750
0 0.152500 0.333750 0.042500 0.042500
0 0.716250 0.339375 0.062500 0.063750
0 0.957500 0.940625 0.027500 0.031250
0 0.880000 0.881250 0.037500 0.042500
0 0.529375 0.449375 0.073750 0.073750
0 0.567500 0.717500 0.042500 0.042500