0 0.697500 0.182500 0.070000 0.070000
0 0.856875 0.150625 0.083750 0.083750
0 0.863750 0.677500 0.072500 0.072500
0 0.165625 0.473750 0.036250 0.042500
0 0.171250 0.671250 0.110000 0.130000
0 0.259375 0.436250 0.088750 0.105000
0 0.773125 0.495625 0.111250 0.111250
0 0.381250 0.551250 0.075000 0.075000
0 0.105625 0.339375 0.101250 0.101250
0 0.454375 0.236875 0.083750 0.083750
0 0.353125 0.136875 0.093750 0.093750
0 0.403125 0.426875 0.081250 0.081250
0 0.396250 0.846250 0.052500 0.055000
0 0.736875 0.814375 0.093750 0.098750
0 0.491250 0.585625 0.112500 0.118750
0 0.346250 0.690000 0.060000 0.062500
0 0.670000 0.668125 0.055000 0.051250
0 0.618125 0.447500 0.081250 0.075000
0 0.310000 0.335000 0.027500 0.025000
0 0.351875 0.235000 0.036250 0.032500
0 0.141250 0.887500 0.102500 0.092500
0 0.899375 0.833125 0.048750 0.028750
0 0.518750 0.952500 0.027500 0.027500
0 0.242500 0.203750 0.097500 0.097500
0 0.572500 0.813750 0.087500 0.087500
0 0.065625 0.534375 0.061250 0.061250
0 0.608750 0.287500 0.092500 0.092500
0 0.563125 0.686875 0.066250 0.066250
0 0.891250 0.414375 0.082500 0.076250
0 0.900000 0.923125 0.107500 0.078750
0 0.773750 0.138125 0.050000 0.036250
0 0.096250 0.187500 0.110000 0.110000
0 0.344375 0.048125 0.053750 0.053750
0 0.895000 0.254375 0.087500 0.081250
0 0.110625 0.781250 0.063750 0.072500
0 0.445000 0.770625 0.035000 0.038750
0 0.640625 0.561250 0.106250 0.120000
0 0.767500 0.304375 0.102500 0.111250
0 0.278750 0.541250 0.112500 0.077500
0 0.549375 0.060000 0.073750 0.072500
0 0.687500 0.320625 0.027500 0.026250
0 0.628750 0.080625 0.055000 0.053750
0 0.237500 0.103125 0.042500 0.041250
0 0.304375 0.879375 0.078750 0.078750
0 0.698750 0.921250 0.090000 0.090000
0 0.137500 0.073750 0.045000 0.045000
0 0.518125 0.458125 0.066250 0.066250
0 0.449375 0.932500 0.081250 0.082500
0 0.456875 0.136250 0.081250 0.082500
0 0.880000 0.574375 0.062500 0.063750
0 0.266875 0.778125 0.041250 0.028750
0 0.606250 0.176250 0.060000 0.042500
0 0.780625 0.048750 0.078750 0.055000
0 0.223750 0.321250 0.095000 0.095000
0 0.028125 0.774375 0.028750 0.028750
0 0.893750 0.487500 0.045000 0.050000
0 0.178750 0.758750 0.042500 0.025000
0 0.478750 0.322500 0.080000 0.047500
0 0.853125 0.333125 0.036250 0.028750
0 0.152500 0.542500 0.040000 0.032500
0 0.080625 0.088125 0.033750 0.023750
0 0.873750 0.027500 0.030000 0.030000
0 0.938750 0.071250 0.052500 0.052500
0 0.268750 0.672500 0.057500 0.050000
0 0.415625 0.680625 0.058750 0.051250
0 0.727500 0.641250 0.042500 0.042500