0 0.468125 0.243125 0.048750 0.048750
0 0.936250 0.592500 0.087500 0.087500
0 0.711250 0.165000 0.062500 0.062500
0 0.587500 0.705000 0.082500 0.117500
0 0.263750 0.816250 0.092500 0.085000
0 0.138750 0.820000 0.100000 0.100000
0 0.483125 0.103125 0.061250 0.061250
0 0.214375 0.290625 0.026250 0.026250
0 0.625625 0.151875 0.071250 0.071250
0 0.815625 0.810625 0.036250 0.036250
0 0.185000 0.172500 0.110000 0.110000
0 0.838125 0.188125 0.108750 0.108750
0 0.929375 0.845625 0.066250 0.066250
0 0.435625 0.443125 0.058750 0.058750
0 0.731875 0.551875 0.036250 0.036250
0 0.371875 0.600625 0.093750 0.093750
0 0.806250 0.043750 0.060000 0.060000
0 0.283125 0.246875 0.061250 0.061250
0 0.842500 0.735000 0.087500 0.087500
0 0.700000 0.278125 0.052500 0.048750
0 0.923125 0.496875 0.068750 0.063750
0 0.888750 0.368750 0.102500 0.090000
0 0.705000 0.836250 0.110000 0.110000
0 0.049375 0.588750 0.026250 0.017500
0 0.223125 0.706875 0.083750 0.083750
0 0.503125 0.509375 0.061250 0.061250
0 0.770000 0.410000 0.080000 0.080000
0 0.458125 0.756875 0.083750 0.083750
0 0.563750 0.288750 0.095000 0.095000
0 0.183750 0.525000 0.042500 0.042500
0 0.399375 0.349375 0.031250 0.031250
0 0.583750 0.447500 0.085000 0.085000
0 0.368125 0.720000 0.031250 0.045000
0 0.582500 0.853750 0.092500 0.135000
0 0.366875 0.510625 0.063750 0.063750
0 0.401875 0.848125 0.066250 0.066250
0 0.130625 0.428125 0.088750 0.088750
0 0.915000 0.031250 0.030000 0.030000
0 0.070000 0.048750 0.065000 0.065000
0 0.138125 0.715625 0.026250 0.026250
0 0.323125 0.933125 0.076250 0.076250
0 0.571250 0.058750 0.065000 0.075000
0 0.935625 0.146875 0.066250 0.066250
0 0.385000 0.293125 0.035000 0.028750
0 0.671250 0.441875 0.075000 0.063750