0 0.375000 0.218750 0.092500 0.075000
0 0.656875 0.379375 0.056250 0.058750
0 0.455000 0.616250 0.070000 0.072500
0 0.866250 0.875000 0.110000 0.127500
0 0.247500 0.225625 0.070000 0.066250
0 0.088125 0.528750 0.078750 0.065000
0 0.212500 0.822500 0.072500 0.060000
0 0.746250 0.554375 0.065000 0.053750
0 0.886875 0.744375 0.103750 0.093750
0 0.431875 0.708125 0.041250 0.041250
0 0.614375 0.736250 0.053750 0.047500
0 0.765625 0.699375 0.108750 0.096250
0 0.456250 0.853750 0.040000 0.035000
0 0.105625 0.180625 0.106250 0.093750
0 0.468125 0.303750 0.091250 0.060000
0 0.235000 0.704375 0.042500 0.041250
0 0.605625 0.060625 0.061250 0.058750
0 0.192500 0.945625 0.047500 0.046250
0 0.701875 0.953125 0.043750 0.043750
0 0.076250 0.648750 0.105000 0.102500
0 0.239375 0.626250 0.081250 0.085000
0 0.262500 0.343750 0.087500 0.087500
0 0.894375 0.411875 0.078750 0.078750
0 0.914375 0.566875 0.093750 0.093750
0 0.071250 0.082500 0.087500 0.087500
0 0.889375 0.303125 0.098750 0.098750
0 0.496875 0.055625 0.083750 0.083750
0 0.234375 0.058125 0.058750 0.058750
0 0.068750 0.421250 0.097500 0.097500
0 0.338125 0.672500 0.083750 0.067500
0 0.094375 0.740625 0.078750 0.063750
0 0.920000 0.043125 0.057500 0.046250
0 0.785000 0.467500 0.060000 0.055000
0 0.336875 0.508750 0.061250 0.050000
0 0.548125 0.158750 0.088750 0.072500
0 0.618750 0.283125 0.087500 0.071250
0 0.500000 0.720000 0.075000 0.080000
0 0.321250 0.779375 0.032500 0.033750
0 0.645625 0.673125 0.043750 0.046250
0 0.548750 0.441250 0.107500 0.115000
0 0.856875 0.130625 0.028750 0.023750
0 0.715000 0.180625 0.105000 0.088750
0 0.436875 0.483750 0.068750 0.057500
0 0.736875 0.390000 0.073750 0.062500
0 0.564375 0.598750 0.073750 0.065000
0 0.896875 0.497500 0.026250 0.022500
0 0.550625 0.886875 0.078750 0.078750
0 0.155000 0.312500 0.077500 0.077500
0 0.073750 0.908750 0.110000 0.105000
0 0.940000 0.131875 0.082500 0.088750
0 0.241250 0.455625 0.055000 0.058750
0 0.338125 0.908125 0.108750 0.083750
0 0.706875 0.818125 0.111250 0.111250
0 0.363125 0.400000 0.086250 0.082500
0 0.203125 0.158125 0.053750 0.048750
0 0.108750 0.819375 0.037500 0.033750
0 0.331875 0.068125 0.083750 0.101250
0 0.061250 0.287500 0.075000 0.090000
0 0.826875 0.056875 0.091250 0.063750
0 0.748750 0.620625 0.037500 0.023750
0 0.876250 0.225000 0.030000 0.030000
0 0.163750 0.760000 0.045000 0.045000
0 0.143750 0.043125 0.025000 0.023750
0 0.169375 0.413750 0.063750 0.072500
0 0.636875 0.478125 0.053750 0.061250
0 0.721250 0.286250 0.062500 0.062500
0 0.798750 0.267500 0.042500 0.042500
0 0.941875 0.215625 0.053750 0.053750
0 0.657500 0.588750 0.040000 0.040000
0 0.203125 0.545625 0.053750 0.053750
0 0.548125 0.238125 0.026250 0.026250
0 0.164375 0.623125 0.051250 0.051250
0 0.371875 0.745625 0.048750 0.056250
0 0.248125 0.933750 0.046250 0.045000