0 0.280000 0.223750 0.087500 0.087500
0 0.815625 0.524375 0.096250 0.096250
0 0.319375 0.334375 0.093750 0.093750
0 0.468750 0.836250 0.060000 0.060000
0 0.403125 0.071875 0.111250 0.111250
0 0.166250 0.581250 0.055000 0.055000
0 0.780625 0.841875 0.026250 0.021250
0 0.150000 0.798125 0.032500 0.028750
0 0.336250 0.632500 0.045000 0.040000
0 0.050000 0.789375 0.047500 0.041250
0 0.647500 0.763125 0.055000 0.048750
0 0.674375 0.333125 0.111250 0.111250
0 0.473125 0.459375 0.101250 0.101250
0 0.898125 0.846875 0.106250 0.176250
0 0.295625 0.728125 0.046250 0.076250
0 0.650000 0.063125 0.040000 0.041250
0 0.031875 0.902500 0.028750 0.030000
0 0.088750 0.137500 0.030000 0.027500
0 0.485625 0.646250 0.091250 0.082500
0 0.581875 0.321875 0.053750 0.048750
0 0.563750 0.143750 0.030000 0.030000
0 0.594375 0.585625 0.108750 0.108750
0 0.685625 0.646875 0.053750 0.053750
0 0.756875 0.106875 0.056250 0.056250
0 0.277500 0.131250 0.077500 0.077500
0 0.498750 0.125000 0.050000 0.050000
0 0.475000 0.233750 0.107500 0.107500
0 0.300000 0.441250 0.085000 0.085000
0 0.598125 0.918125 0.101250 0.101250
0 0.944375 0.539375 0.033750 0.033750
0 0.336875 0.863125 0.093750 0.093750
0 0.786875 0.638125 0.051250 0.051250
0 0.162500 0.873750 0.075000 0.075000
0 0.518125 0.910625 0.041250 0.041250
0 0.665625 0.196875 0.103750 0.103750
0 0.921250 0.072500 0.050000 0.050000
0 0.638125 0.439375 0.056250 0.056250
0 0.060625 0.335625 0.078750 0.078750
0 0.768750 0.753750 0.045000 0.045000
0 0.845625 0.381875 0.093750 0.093750
0 0.185000 0.442500 0.090000 0.090000
0 0.780625 0.238125 0.031250 0.031250
0 0.875625 0.128125 0.031250 0.031250
0 0.091875 0.520625 0.046250 0.046250
0 0.056250 0.451250 0.075000 0.075000
0 0.186875 0.207500 0.066250 0.065000
0 0.386875 0.157500 0.041250 0.040000
0 0.330625 0.530000 0.063750 0.060000
0 0.932500 0.374375 0.052500 0.048750
0 0.163125 0.330625 0.043750 0.041250
0 0.166875 0.723125 0.083750 0.078750
0 0.847500 0.066250 0.062500 0.062500
0 0.926250 0.237500 0.112500 0.112500
0 0.474375 0.334375 0.076250 0.076250
0 0.166875 0.123125 0.071250 0.071250
0 0.446875 0.571875 0.031250 0.031250
0 0.091250 0.582500 0.047500 0.047500
0 0.038125 0.141875 0.048750 0.048750
0 0.766875 0.305625 0.033750 0.033750
0 0.883750 0.676250 0.105000 0.105000
0 0.050625 0.220625 0.066250 0.066250
0 0.708125 0.826875 0.061250 0.061250
0 0.231250 0.352500 0.057500 0.057500
0 0.240625 0.838125 0.061250 0.061250
0 0.181250 0.042500 0.037500 0.037500
0 0.939375 0.144375 0.026250 0.026250
0 0.930625 0.487500 0.068750 0.055000
0 0.056875 0.733125 0.051250 0.041250
0 0.723125 0.894375 0.061250 0.048750