0 0.109375 0.886250 0.101250 0.102500
0 0.604375 0.541250 0.093750 0.095000
0 0.530625 0.691250 0.093750 0.095000
0 0.623125 0.034375 0.028750 0.028750
0 0.673750 0.182500 0.107500 0.095000
0 0.891875 0.930000 0.028750 0.027500
0 0.363125 0.535625 0.078750 0.091250
0 0.806250 0.472500 0.042500 0.042500
0 0.828750 0.281875 0.032500 0.028750
0 0.400625 0.181250 0.066250 0.075000
0 0.085000 0.780625 0.047500 0.053750
0 0.838750 0.671875 0.045000 0.051250
0 0.862500 0.191250 0.095000 0.107500
0 0.225625 0.155625 0.093750 0.093750
0 0.907500 0.378750 0.040000 0.040000
0 0.545625 0.821875 0.061250 0.061250
0 0.768125 0.721875 0.078750 0.078750
0 0.919375 0.469375 0.096250 0.096250
0 0.635625 0.305625 0.071250 0.071250
0 0.773750 0.363750 0.092500 0.092500
0 0.535000 0.220000 0.045000 0.040000
0 0.322500 0.829375 0.092500 0.083750
0 0.184375 0.576875 0.053750 0.048750
0 0.075000 0.049375 0.067500 0.061250
0 0.279375 0.271250 0.068750 0.062500
0 0.391875 0.665625 0.026250 0.023750
0 0.496875 0.124375 0.088750 0.088750
0 0.396250 0.099375 0.075000 0.073750
0 0.145000 0.388125 0.100000 0.098750
0 0.538125 0.338750 0.093750 0.092500
0 0.428125 0.908750 0.098750 0.107500
0 0.834375 0.909375 0.053750 0.058750
0 0.640000 0.821250 0.100000 0.110000
0 0.633125 0.376250 0.068750 0.037500
0 0.913125 0.616250 0.073750 0.040000
0 0.275000 0.741250 0.070000 0.037500
0 0.491250 0.531250 0.107500 0.107500
0 0.906875 0.796875 0.106250 0.106250
0 0.228125 0.678125 0.063750 0.063750
0 0.795000 0.080000 0.095000 0.095000
0 0.085625 0.579375 0.091250 0.091250
0 0.964375 0.119375 0.043750 0.043750
0 0.449375 0.300625 0.063750 0.063750
0 0.094375 0.270625 0.098750 0.098750
0 0.703750 0.486250 0.057500 0.075000
0 0.086250 0.128125 0.047500 0.061250
0 0.367500 0.322500 0.060000 0.062500
0 0.752500 0.590000 0.057500 0.060000
0 0.767500 0.529375 0.035000 0.036250
0 0.576250 0.039375 0.037500 0.038750
0 0.227500 0.858125 0.050000 0.053750
0 0.738750 0.928750 0.037500 0.037500
0 0.282500 0.587500 0.057500 0.057500
0 0.591250 0.931250 0.087500 0.087500
0 0.320625 0.141875 0.046250 0.043750
0 0.143750 0.771250 0.052500 0.052500
0 0.430000 0.378750 0.032500 0.032500
0 0.743750 0.285000 0.047500 0.047500
0 0.910000 0.298750 0.087500 0.087500
0 0.301875 0.650625 0.041250 0.043750
0 0.331875 0.931875 0.076250 0.081250
0 0.766250 0.186250 0.035000 0.037500
0 0.918125 0.695000 0.093750 0.077500
0 0.730625 0.853125 0.063750 0.061250
0 0.395625 0.447500 0.036250 0.035000
0 0.299375 0.054375 0.076250 0.073750
0 0.256875 0.499375 0.086250 0.083750
0 0.201250 0.923750 0.055000 0.055000
0 0.847500 0.536250 0.025000 0.025000
0 0.369375 0.730625 0.036250 0.036250
0 0.647500 0.092500 0.047500 0.047500
0 0.632500 0.692500 0.055000 0.055000
0 0.893125 0.076875 0.063750 0.063750
0 0.056250 0.703750 0.042500 0.070000