0 0.325625 0.669375 0.083750 0.083750
0 0.354375 0.165625 0.086250 0.086250
0 0.841250 0.156250 0.110000 0.110000
0 0.149375 0.531875 0.063750 0.063750
0 0.516875 0.613125 0.091250 0.091250
0 0.725000 0.263125 0.050000 0.051250
0 0.375625 0.487500 0.098750 0.102500
0 0.772500 0.821875 0.035000 0.036250
0 0.221250 0.375625 0.057500 0.061250
0 0.056250 0.625625 0.052500 0.046250
0 0.655000 0.862500 0.087500 0.077500
0 0.103125 0.900625 0.068750 0.068750
0 0.085625 0.414375 0.043750 0.043750
0 0.631875 0.745625 0.091250 0.091250
0 0.844375 0.491875 0.106250 0.106250
0 0.225625 0.156875 0.043750 0.043750
0 0.501250 0.477500 0.060000 0.072500
0 0.231875 0.665000 0.078750 0.057500
0 0.783125 0.898125 0.083750 0.098750
0 0.327500 0.347500 0.102500 0.120000
0 0.143750 0.175625 0.095000 0.111250
0 0.503750 0.345000 0.037500 0.037500
0 0.396250 0.911250 0.082500 0.082500
0 0.505625 0.130625 0.098750 0.098750
0 0.523750 0.542500 0.030000 0.030000
0 0.351875 0.056875 0.028750 0.028750
0 0.689375 0.456875 0.106250 0.106250
0 0.525000 0.888750 0.085000 0.085000
0 0.666250 0.037500 0.025000 0.025000
0 0.647500 0.163750 0.087500 0.087500
0 0.885000 0.325000 0.040000 0.040000
0 0.599375 0.048750 0.073750 0.065000
0 0.163125 0.433125 0.036250 0.031250
0 0.951250 0.052500 0.032500 0.032500
0 0.539375 0.265625 0.058750 0.058750
0 0.813750 0.740000 0.027500 0.027500
0 0.678750 0.602500 0.090000 0.090000
0 0.258750 0.801250 0.110000 0.110000
0 0.426250 0.675000 0.062500 0.062500
0 0.745000 0.738750 0.055000 0.055000
0 0.135000 0.325000 0.082500 0.082500
0 0.776875 0.376875 0.036250 0.028750
0 0.238750 0.538750 0.067500 0.067500
0 0.590000 0.451250 0.052500 0.052500
0 0.801875 0.644375 0.108750 0.108750
0 0.271875 0.069375 0.051250 0.051250
0 0.858125 0.381875 0.041250 0.041250
0 0.425625 0.765625 0.081250 0.081250
0 0.078125 0.059375 0.061250 0.061250
0 0.453125 0.271875 0.051250 0.051250
0 0.089375 0.741875 0.098750 0.098750
0 0.190625 0.064375 0.073750 0.076250
0 0.530000 0.715000 0.057500 0.057500
0 0.942500 0.712500 0.090000 0.090000
0 0.906250 0.258750 0.030000 0.030000
0 0.873125 0.890625 0.068750 0.068750
0 0.193125 0.926875 0.068750 0.068750
0 0.728750 0.127500 0.057500 0.057500
0 0.128125 0.826250 0.051250 0.052500
0 0.610625 0.266875 0.061250 0.063750
0 0.051875 0.179375 0.043750 0.026250
0 0.681250 0.341250 0.112500 0.070000
0 0.256250 0.443750 0.072500 0.045000
0 0.790000 0.042500 0.057500 0.057500
0 0.940625 0.371875 0.051250 0.051250
0 0.943750 0.443750 0.077500 0.077500
0 0.901875 0.613125 0.066250 0.066250
0 0.238125 0.253125 0.048750 0.048750
0 0.066250 0.253750 0.045000 0.045000
0 0.421250 0.373750 0.062500 0.062500
0 0.561250 0.767500 0.027500 0.027500
0 0.824375 0.299375 0.058750 0.058750
0 0.423125 0.594375 0.033750 0.033750
0 0.571250 0.366250 0.072500 0.072500
0 0.872500 0.062500 0.052500 0.052500
0 0.299375 0.517500 0.038750 0.050000
0 0.949375 0.866875 0.048750 0.063750
0 0.573125 0.536875 0.046250 0.046250
0 0.061250 0.504375 0.095000 0.088750
0 0.281875 0.910625 0.051250 0.051250
0 0.155625 0.621875 0.026250 0.026250
0 0.182500 0.254375 0.025000 0.021250
0 0.858125 0.801250 0.066250 0.052500
0 0.355000 0.563750 0.035000 0.035000