0 0.232500 0.936250 0.067500 0.067500
0 0.117500 0.340000 0.097500 0.097500
0 0.477500 0.773750 0.112500 0.112500
0 0.153750 0.513750 0.087500 0.087500
0 0.380625 0.100625 0.043750 0.043750
0 0.366250 0.690000 0.032500 0.032500
0 0.543125 0.941250 0.026250 0.025000
0 0.331875 0.388750 0.063750 0.062500
0 0.898125 0.052500 0.028750 0.027500
0 0.655625 0.523125 0.073750 0.071250
0 0.686250 0.088750 0.110000 0.107500
0 0.713125 0.842500 0.068750 0.065000
0 0.746875 0.664375 0.106250 0.106250
0 0.840000 0.858750 0.112500 0.112500
0 0.806250 0.105000 0.105000 0.105000
0 0.452500 0.382500 0.087500 0.087500
0 0.188125 0.163125 0.081250 0.081250
0 0.100625 0.618125 0.068750 0.068750
0 0.230625 0.665625 0.108750 0.108750
0 0.365000 0.560000 0.095000 0.095000
0 0.480625 0.278125 0.096250 0.096250
0 0.763750 0.533750 0.085000 0.085000
0 0.250625 0.789375 0.046250 0.046250
0 0.105000 0.718750 0.095000 0.095000
0 0.720000 0.348750 0.060000 0.060000
0 0.871250 0.185000 0.025000 0.022500
0 0.833750 0.258750 0.102500 0.095000
0 0.080625 0.221250 0.078750 0.072500
0 0.613125 0.724375 0.088750 0.088750
0 0.553750 0.557500 0.100000 0.100000
0 0.428750 0.915625 0.027500 0.031250
0 0.536875 0.136875 0.103750 0.118750
0 0.566250 0.403125 0.110000 0.126250
0 0.318750 0.791875 0.027500 0.031250
0 0.916875 0.601875 0.108750 0.108750
0 0.666875 0.910625 0.041250 0.041250
0 0.234375 0.358125 0.086250 0.086250
0 0.321875 0.220625 0.098750 0.118750
0 0.655625 0.216250 0.091250 0.082500
0 0.348750 0.915000 0.097500 0.097500
0 0.934375 0.495625 0.076250 0.076250
0 0.251875 0.523125 0.073750 0.073750
0 0.066250 0.811250 0.060000 0.057500
0 0.945000 0.302500 0.070000 0.067500
0 0.819375 0.368125 0.083750 0.081250
0 0.210625 0.433125 0.038750 0.028750
0 0.863125 0.740000 0.106250 0.080000
0 0.155000 0.810000 0.040000 0.052500
0 0.927500 0.120625 0.085000 0.088750
0 0.605000 0.836250 0.100000 0.080000
0 0.088750 0.060625 0.107500 0.086250
0 0.191875 0.243750 0.046250 0.045000
0 0.459375 0.641250 0.036250 0.035000
0 0.920000 0.403750 0.092500 0.092500
0 0.960625 0.220625 0.026250 0.026250
0 0.065625 0.466875 0.066250 0.066250
0 0.530000 0.668125 0.057500 0.073750
0 0.145625 0.898125 0.066250 0.068750
0 0.030625 0.700625 0.033750 0.033750
0 0.935000 0.873125 0.040000 0.056250
0 0.691250 0.443125 0.060000 0.071250
0 0.743750 0.933125 0.045000 0.058750
0 0.269375 0.063750 0.051250 0.067500