0 0.583750 0.802500 0.052500 0.052500
0 0.641250 0.911250 0.050000 0.050000
0 0.654375 0.604375 0.108750 0.111250
0 0.390625 0.447500 0.086250 0.087500
0 0.274375 0.610625 0.106250 0.106250
0 0.796875 0.481875 0.043750 0.043750
0 0.478750 0.806250 0.107500 0.107500
0 0.041875 0.744375 0.053750 0.053750
0 0.881875 0.810625 0.043750 0.043750
0 0.680625 0.711250 0.108750 0.067500
0 0.243125 0.406250 0.088750 0.055000
0 0.728125 0.409375 0.066250 0.123750
0 0.093125 0.161250 0.073750 0.137500
0 0.888750 0.734375 0.025000 0.046250
0 0.823750 0.353125 0.090000 0.076250
0 0.777500 0.253750 0.095000 0.107500
0 0.443750 0.247500 0.072500 0.135000
0 0.773125 0.597500 0.076250 0.142500
0 0.663125 0.269375 0.066250 0.066250
0 0.450000 0.947500 0.050000 0.035000
0 0.898750 0.463750 0.087500 0.070000
0 0.536250 0.443125 0.050000 0.048750
0 0.278750 0.273750 0.070000 0.067500
0 0.287500 0.898750 0.092500 0.090000
0 0.320625 0.077500 0.031250 0.030000
0 0.064375 0.286875 0.088750 0.088750
0 0.182500 0.140000 0.040000 0.040000
0 0.940625 0.604375 0.036250 0.036250
0 0.161875 0.635625 0.093750 0.093750
0 0.700625 0.839375 0.031250 0.031250
0 0.530000 0.548750 0.072500 0.072500
0 0.808750 0.065625 0.077500 0.056250
0 0.147500 0.408750 0.037500 0.027500
0 0.387500 0.587500 0.067500 0.067500
0 0.594375 0.293125 0.056250 0.056250
0 0.173125 0.479375 0.046250 0.046250
0 0.783750 0.792500 0.035000 0.035000
0 0.325625 0.774375 0.046250 0.046250
0 0.622500 0.097500 0.072500 0.072500
0 0.930000 0.858750 0.035000 0.035000
0 0.916875 0.221875 0.106250 0.106250
0 0.093750 0.876250 0.100000 0.100000
0 0.175000 0.202500 0.070000 0.070000
0 0.136875 0.731875 0.058750 0.053750
0 0.686875 0.783125 0.066250 0.061250
0 0.475000 0.083125 0.040000 0.038750
0 0.229375 0.761875 0.106250 0.103750
0 0.316250 0.166250 0.110000 0.107500
0 0.533125 0.206875 0.066250 0.063750
0 0.800000 0.147500 0.072500 0.070000
0 0.412500 0.687500 0.092500 0.090000
0 0.765625 0.903125 0.026250 0.018750
0 0.506250 0.690000 0.070000 0.070000
0 0.845000 0.883750 0.072500 0.072500
0 0.954375 0.050625 0.063750 0.063750
0 0.953125 0.680625 0.066250 0.066250
0 0.435000 0.138750 0.057500 0.057500
0 0.215625 0.060625 0.068750 0.068750
0 0.864375 0.545625 0.068750 0.068750
0 0.649375 0.500625 0.046250 0.046250
0 0.175000 0.298750 0.095000 0.095000
0 0.059375 0.615000 0.063750 0.090000
0 0.914375 0.950625 0.031250 0.031250
0 0.573125 0.691875 0.028750 0.028750
0 0.391250 0.061250 0.082500 0.082500
0 0.940625 0.381875 0.073750 0.073750
0 0.620000 0.430000 0.080000 0.080000
0 0.053125 0.061875 0.028750 0.028750
0 0.372500 0.352500 0.057500 0.057500
0 0.654375 0.858125 0.036250 0.036250
0 0.778125 0.845625 0.046250 0.046250
0 0.181875 0.526875 0.026250 0.026250
0 0.579375 0.920625 0.031250 0.031250
0 0.050625 0.490625 0.068750 0.073750
0 0.866875 0.650625 0.063750 0.061250
0 0.368125 0.891875 0.041250 0.038750
0 0.463125 0.472500 0.033750 0.032500
0 0.086250 0.391250 0.070000 0.070000
0 0.643125 0.199375 0.048750 0.048750
0 0.115625 0.469375 0.038750 0.038750