0 0.141875 0.326250 0.033750 0.035000
0 0.115625 0.900000 0.043750 0.045000
0 0.584375 0.692500 0.043750 0.045000
0 0.357500 0.123125 0.112500 0.098750
0 0.948750 0.037500 0.035000 0.037500
0 0.296250 0.615000 0.112500 0.112500
0 0.140000 0.688750 0.102500 0.102500
0 0.791250 0.922500 0.105000 0.105000
0 0.210625 0.169375 0.026250 0.026250
0 0.158125 0.053125 0.036250 0.036250
0 0.065625 0.813125 0.073750 0.073750
0 0.868125 0.556875 0.031250 0.031250
0 0.378750 0.926250 0.050000 0.050000
0 0.915000 0.647500 0.077500 0.077500
0 0.755625 0.770625 0.068750 0.068750
0 0.588750 0.757500 0.055000 0.055000
0 0.215000 0.437500 0.062500 0.062500
0 0.787500 0.165625 0.097500 0.098750
0 0.874375 0.788125 0.071250 0.071250
0 0.932500 0.856250 0.055000 0.045000
0 0.363750 0.301250 0.025000 0.020000
0 0.775000 0.363750 0.107500 0.087500
0 0.454375 0.249375 0.083750 0.081250
0 0.248750 0.060625 0.045000 0.053750
0 0.317500 0.033750 0.032500 0.032500
0 0.498750 0.102500 0.062500 0.062500
0 0.628750 0.222500 0.035000 0.035000
0 0.611250 0.475000 0.112500 0.095000
0 0.378750 0.820000 0.095000 0.080000
0 0.235625 0.373750 0.056250 0.047500
0 0.491875 0.896250 0.086250 0.072500
0 0.055625 0.405625 0.076250 0.076250
0 0.063750 0.290000 0.090000 0.090000
0 0.197500 0.302500 0.045000 0.045000
0 0.268750 0.898750 0.090000 0.090000
0 0.814375 0.258125 0.071250 0.071250
0 0.610000 0.135000 0.100000 0.100000
0 0.584375 0.286875 0.046250 0.046250
0 0.804375 0.673125 0.058750 0.058750
0 0.960625 0.394375 0.053750 0.053750
0 0.492500 0.767500 0.105000 0.105000
0 0.362500 0.420000 0.080000 0.080000
0 0.666250 0.360000 0.047500 0.047500
0 0.552500 0.589375 0.112500 0.088750
0 0.670625 0.663125 0.106250 0.083750
0 0.737500 0.515000 0.082500 0.100000
0 0.472500 0.493750 0.085000 0.085000
0 0.440000 0.352500 0.025000 0.025000
0 0.171250 0.538750 0.065000 0.065000
0 0.575625 0.911875 0.063750 0.063750
0 0.938750 0.201250 0.090000 0.090000
0 0.881250 0.483750 0.075000 0.075000
0 0.083750 0.520000 0.067500 0.067500
0 0.445625 0.616875 0.048750 0.048750
0 0.261250 0.781250 0.112500 0.112500
0 0.491875 0.395625 0.066250 0.046250
0 0.745000 0.433125 0.047500 0.033750
0 0.735625 0.288125 0.068750 0.048750
0 0.891875 0.055625 0.031250 0.021250
0 0.090000 0.069375 0.062500 0.068750
0 0.371250 0.738125 0.062500 0.068750
0 0.063750 0.177500 0.095000 0.095000
0 0.820625 0.511875 0.026250 0.026250
0 0.585625 0.348125 0.061250 0.061250
0 0.388125 0.569375 0.041250 0.041250
0 0.669375 0.883125 0.078750 0.078750
0 0.753125 0.068125 0.093750 0.046250
0 0.948125 0.725625 0.073750 0.036250
0 0.337500 0.240000 0.050000 0.062500
0 0.701250 0.170000 0.060000 0.075000
0 0.923750 0.927500 0.077500 0.077500
0 0.381250 0.038750 0.027500 0.027500
0 0.133125 0.841875 0.046250 0.046250
0 0.170625 0.235625 0.036250 0.036250
0 0.126875 0.441875 0.028750 0.028750
0 0.950000 0.280625 0.055000 0.048750
0 0.230000 0.238750 0.062500 0.062500
0 0.269375 0.158125 0.026250 0.031250
0 0.948125 0.799375 0.048750 0.048750
0 0.877500 0.387500 0.077500 0.077500