0 0.783125 0.866875 0.056250 0.053750
0 0.613125 0.952500 0.026250 0.025000
0 0.803750 0.703750 0.107500 0.107500
0 0.160000 0.095000 0.055000 0.055000
0 0.745625 0.465625 0.068750 0.068750
0 0.236250 0.317500 0.102500 0.102500
0 0.853125 0.314375 0.101250 0.093750
0 0.630625 0.383750 0.046250 0.042500
0 0.630625 0.666875 0.068750 0.068750
0 0.590625 0.536875 0.101250 0.101250
0 0.113125 0.624375 0.056250 0.056250
0 0.850625 0.447500 0.111250 0.095000
0 0.287500 0.153750 0.070000 0.085000
0 0.188750 0.896250 0.032500 0.032500
0 0.869375 0.170625 0.111250 0.138750
0 0.736250 0.269375 0.047500 0.038750
0 0.496875 0.405625 0.103750 0.083750
0 0.545625 0.795000 0.096250 0.100000
0 0.311250 0.902500 0.025000 0.025000
0 0.643750 0.825000 0.075000 0.075000
0 0.070000 0.867500 0.050000 0.050000
0 0.167500 0.512500 0.077500 0.077500
0 0.138750 0.395000 0.077500 0.077500
0 0.465625 0.296875 0.098750 0.098750
0 0.404375 0.143125 0.091250 0.091250
0 0.508750 0.095625 0.037500 0.033750
0 0.308125 0.595625 0.051250 0.046250
0 0.358750 0.788750 0.060000 0.060000
0 0.955625 0.362500 0.053750 0.050000
0 0.898750 0.597500 0.090000 0.090000
0 0.218125 0.827500 0.066250 0.065000
0 0.071875 0.948750 0.043750 0.035000
0 0.693750 0.079375 0.105000 0.098750
0 0.657500 0.308750 0.085000 0.072500
0 0.259375 0.909375 0.053750 0.046250
0 0.287500 0.413750 0.087500 0.075000
0 0.437500 0.691250 0.105000 0.105000
0 0.140000 0.171250 0.040000 0.040000
0 0.531250 0.183750 0.097500 0.097500
0 0.406250 0.936250 0.025000 0.025000
0 0.243125 0.710625 0.093750 0.093750
0 0.133750 0.310000 0.062500 0.062500
0 0.081875 0.714375 0.096250 0.093750
0 0.069375 0.144375 0.083750 0.081250
0 0.598125 0.092500 0.051250 0.050000
0 0.383125 0.591875 0.046250 0.038750
0 0.902500 0.910000 0.082500 0.070000
0 0.631875 0.176875 0.081250 0.081250
0 0.738750 0.540000 0.040000 0.040000
0 0.437500 0.826250 0.052500 0.052500
0 0.803125 0.029375 0.028750 0.028750
0 0.521250 0.906250 0.047500 0.047500
0 0.063125 0.798125 0.033750 0.033750
0 0.748125 0.183125 0.091250 0.086250
0 0.033750 0.598750 0.035000 0.032500
0 0.358125 0.303125 0.088750 0.083750
0 0.370000 0.397500 0.047500 0.047500
0 0.206250 0.607500 0.095000 0.095000
0 0.922500 0.716250 0.025000 0.025000
0 0.666250 0.892500 0.040000 0.040000
0 0.388750 0.468125 0.057500 0.053750
0 0.313125 0.048125 0.071250 0.068750
0 0.953750 0.820000 0.062500 0.060000
0 0.480000 0.532500 0.067500 0.067500
0 0.517500 0.685000 0.027500 0.027500
0 0.632500 0.456250 0.070000 0.040000
0 0.046250 0.040625 0.045000 0.046250
0 0.060000 0.543750 0.052500 0.052500
0 0.968125 0.475625 0.038750 0.038750
0 0.249375 0.053125 0.031250 0.031250
0 0.101875 0.230625 0.058750 0.058750
0 0.680000 0.588750 0.047500 0.047500
0 0.593750 0.903750 0.055000 0.055000
0 0.050000 0.481875 0.060000 0.056250
0 0.065000 0.403125 0.055000 0.051250
0 0.771875 0.349375 0.026250 0.023750
0 0.217500 0.446875 0.037500 0.033750
0 0.553125 0.331875 0.048750 0.048750