0 0.749375 0.898125 0.106250 0.076250
0 0.497500 0.483750 0.097500 0.070000
0 0.198750 0.612500 0.040000 0.040000
0 0.238750 0.406875 0.090000 0.086250
0 0.048750 0.516250 0.047500 0.045000
0 0.393750 0.265625 0.105000 0.101250
0 0.795625 0.091250 0.091250 0.087500
0 0.536250 0.061250 0.035000 0.035000
0 0.932500 0.300000 0.107500 0.107500
0 0.274375 0.775625 0.066250 0.066250
0 0.766875 0.633125 0.038750 0.038750
0 0.499375 0.801875 0.096250 0.116250
0 0.319375 0.648125 0.083750 0.101250
0 0.900625 0.777500 0.063750 0.077500
0 0.107500 0.160625 0.032500 0.038750
0 0.435625 0.140625 0.088750 0.048750
0 0.644375 0.323125 0.031250 0.031250
0 0.628750 0.526250 0.100000 0.100000
0 0.676875 0.413750 0.073750 0.075000
0 0.156875 0.806875 0.056250 0.051250
0 0.100625 0.407500 0.083750 0.080000
0 0.164375 0.911875 0.098750 0.093750
0 0.806250 0.356250 0.110000 0.105000
0 0.078125 0.667500 0.078750 0.075000
0 0.132500 0.241875 0.037500 0.036250
0 0.898125 0.165625 0.066250 0.063750
0 0.537500 0.316250 0.082500 0.080000
0 0.626250 0.725000 0.067500 0.065000
0 0.744375 0.789375 0.101250 0.101250
0 0.540000 0.192500 0.085000 0.085000
0 0.082500 0.050625 0.042500 0.033750
0 0.845000 0.561250 0.100000 0.110000
0 0.206875 0.135625 0.108750 0.073750
0 0.786875 0.231250 0.111250 0.075000
0 0.315000 0.525625 0.105000 0.071250
0 0.623750 0.109375 0.097500 0.066250
0 0.416250 0.952500 0.042500 0.040000
0 0.863125 0.851875 0.046250 0.043750
0 0.903750 0.919375 0.065000 0.061250
0 0.735000 0.504375 0.077500 0.073750
0 0.900000 0.690000 0.027500 0.025000
0 0.276250 0.266250 0.112500 0.102500
0 0.242500 0.956875 0.030000 0.026250
0 0.673750 0.633125 0.045000 0.033750
0 0.347500 0.155000 0.040000 0.030000
0 0.510000 0.950000 0.067500 0.050000
0 0.670000 0.237500 0.092500 0.110000
0 0.346875 0.877500 0.091250 0.085000
0 0.506250 0.100000 0.027500 0.025000
0 0.506875 0.636875 0.088750 0.086250
0 0.421250 0.379375 0.112500 0.111250
0 0.223125 0.540000 0.061250 0.060000
0 0.601250 0.845625 0.075000 0.073750
0 0.305000 0.078125 0.067500 0.066250
0 0.150625 0.290625 0.036250 0.036250
0 0.408750 0.568750 0.042500 0.042500
0 0.941875 0.496875 0.071250 0.071250
0 0.059375 0.825625 0.086250 0.086250
0 0.059375 0.311875 0.088750 0.088750
0 0.270000 0.901250 0.030000 0.030000
0 0.530000 0.890000 0.045000 0.045000
0 0.757500 0.578750 0.050000 0.050000
0 0.139375 0.521875 0.078750 0.078750
0 0.971250 0.737500 0.025000 0.025000