0 0.645625 0.438125 0.066250 0.066250
0 0.238750 0.926250 0.060000 0.060000
0 0.654375 0.650625 0.026250 0.026250
0 0.853125 0.350625 0.103750 0.103750
0 0.938125 0.808125 0.056250 0.056250
0 0.266250 0.616250 0.110000 0.110000
0 0.615000 0.786250 0.110000 0.110000
0 0.642500 0.549375 0.067500 0.058750
0 0.346875 0.750625 0.101250 0.088750
0 0.749375 0.223125 0.093750 0.081250
0 0.377500 0.161875 0.045000 0.038750
0 0.674375 0.335625 0.108750 0.108750
0 0.578750 0.668750 0.042500 0.042500
0 0.598125 0.913125 0.026250 0.026250
0 0.659375 0.114375 0.073750 0.073750
0 0.444375 0.748125 0.078750 0.078750
0 0.827500 0.136250 0.070000 0.070000
0 0.556250 0.341250 0.067500 0.067500
0 0.871250 0.791250 0.060000 0.060000
0 0.559375 0.581875 0.056250 0.048750
0 0.498125 0.069375 0.093750 0.081250
0 0.868125 0.230000 0.081250 0.070000
0 0.230625 0.062500 0.028750 0.025000
0 0.166250 0.930000 0.055000 0.055000
0 0.939375 0.259375 0.028750 0.028750
0 0.112500 0.841250 0.102500 0.102500
0 0.189375 0.139375 0.108750 0.108750
0 0.072500 0.387500 0.080000 0.080000
0 0.348750 0.496250 0.060000 0.075000
0 0.410625 0.079375 0.048750 0.048750
0 0.770625 0.816875 0.088750 0.088750
0 0.728125 0.690625 0.043750 0.043750
0 0.801250 0.586875 0.052500 0.048750
0 0.451250 0.435000 0.102500 0.102500
0 0.389375 0.835625 0.026250 0.026250
0 0.307500 0.841250 0.077500 0.077500
0 0.774375 0.054375 0.048750 0.041250
0 0.548750 0.431875 0.042500 0.036250
0 0.873750 0.675625 0.112500 0.096250
0 0.707500 0.597500 0.037500 0.037500
0 0.075625 0.508750 0.091250 0.072500
0 0.521250 0.203750 0.062500 0.062500
0 0.252500 0.535000 0.037500 0.037500
0 0.365625 0.253125 0.053750 0.053750
0 0.924375 0.931875 0.043750 0.028750
0 0.893750 0.471250 0.047500 0.047500
0 0.180625 0.338125 0.091250 0.091250
0 0.070625 0.141875 0.093750 0.093750
0 0.118125 0.659375 0.108750 0.108750
0 0.631250 0.246250 0.055000 0.055000
0 0.180625 0.496250 0.048750 0.042500
0 0.281250 0.391250 0.062500 0.062500
0 0.431250 0.648750 0.067500 0.072500
0 0.727500 0.543750 0.055000 0.055000
0 0.691875 0.918750 0.071250 0.077500
0 0.231875 0.796875 0.058750 0.063750
0 0.288750 0.203750 0.067500 0.067500
0 0.946875 0.080625 0.073750 0.073750
0 0.793125 0.465625 0.046250 0.046250
0 0.095000 0.311250 0.050000 0.050000
0 0.306875 0.069375 0.038750 0.038750
0 0.476250 0.926250 0.027500 0.027500
0 0.256875 0.269375 0.041250 0.043750