0 0.583750 0.073125 0.072500 0.098750
0 0.491875 0.336875 0.068750 0.093750
0 0.102500 0.535625 0.040000 0.031250
0 0.860000 0.921250 0.110000 0.097500
0 0.124375 0.112500 0.091250 0.060000
0 0.216250 0.611250 0.087500 0.057500
0 0.402500 0.523750 0.080000 0.052500
0 0.831875 0.640625 0.093750 0.061250
0 0.084375 0.413125 0.098750 0.098750
0 0.106250 0.275000 0.050000 0.050000
0 0.541875 0.510000 0.048750 0.045000
0 0.244375 0.261250 0.083750 0.077500
0 0.886875 0.260625 0.071250 0.066250
0 0.519375 0.869375 0.073750 0.053750
0 0.448125 0.068125 0.098750 0.071250
0 0.944375 0.152500 0.066250 0.060000
0 0.278750 0.822500 0.070000 0.062500
0 0.520625 0.158125 0.051250 0.046250
0 0.640000 0.786875 0.085000 0.076250
0 0.888125 0.791875 0.058750 0.058750
0 0.820000 0.118750 0.070000 0.070000
0 0.211250 0.713750 0.065000 0.065000
0 0.362500 0.426250 0.065000 0.065000
0 0.396250 0.860000 0.050000 0.072500
0 0.910625 0.431875 0.033750 0.048750
0 0.467500 0.807500 0.027500 0.040000
0 0.657500 0.293125 0.085000 0.123750
0 0.631875 0.664375 0.028750 0.033750
0 0.915625 0.069375 0.076250 0.086250
0 0.198750 0.421875 0.082500 0.093750
0 0.397500 0.151875 0.027500 0.031250
0 0.851250 0.716875 0.045000 0.051250
0 0.808750 0.450000 0.055000 0.055000
0 0.690000 0.896250 0.112500 0.112500
0 0.108125 0.200625 0.076250 0.076250
0 0.721250 0.076250 0.025000 0.025000
0 0.964375 0.374375 0.028750 0.028750
0 0.456250 0.437500 0.080000 0.085000
0 0.091250 0.867500 0.042500 0.045000
0 0.558750 0.272500 0.047500 0.047500
0 0.251250 0.163750 0.087500 0.087500
0 0.308125 0.936875 0.043750 0.043750
0 0.626875 0.573125 0.063750 0.063750
0 0.598125 0.178125 0.073750 0.073750
0 0.896250 0.352500 0.042500 0.042500
0 0.173750 0.858125 0.077500 0.088750
0 0.758125 0.726875 0.068750 0.078750
0 0.118750 0.652500 0.035000 0.040000
0 0.143125 0.597500 0.028750 0.022500
0 0.360625 0.344375 0.031250 0.031250
0 0.936250 0.526250 0.097500 0.095000
0 0.692500 0.703125 0.025000 0.023750
0 0.413750 0.690000 0.067500 0.065000
0 0.783125 0.249375 0.071250 0.071250
0 0.609375 0.409375 0.091250 0.091250
0 0.680000 0.175000 0.072500 0.072500
0 0.538750 0.648750 0.062500 0.062500
0 0.692500 0.451875 0.025000 0.016250
0 0.761875 0.325625 0.096250 0.066250
0 0.314375 0.711875 0.111250 0.111250
0 0.317500 0.557500 0.025000 0.025000
0 0.518750 0.741250 0.075000 0.075000
0 0.928125 0.840625 0.068750 0.021250
0 0.377500 0.225625 0.097500 0.101250
0 0.789375 0.836250 0.071250 0.057500
0 0.770625 0.547500 0.111250 0.090000
0 0.936250 0.632500 0.090000 0.072500
0 0.906875 0.726875 0.033750 0.026250
0 0.598750 0.875000 0.055000 0.055000
0 0.721250 0.411250 0.050000 0.050000
0 0.310625 0.060625 0.061250 0.061250
0 0.371875 0.610000 0.026250 0.045000
0 0.115000 0.763750 0.085000 0.085000
0 0.457500 0.608750 0.065000 0.057500
0 0.305000 0.505000 0.045000 0.025000
0 0.695625 0.635625 0.056250 0.056250
0 0.199375 0.505625 0.033750 0.033750
0 0.523750 0.573750 0.035000 0.035000
0 0.047500 0.944375 0.055000 0.061250
0 0.291250 0.341250 0.057500 0.057500
0 0.180000 0.940000 0.050000 0.057500
0 0.031250 0.526875 0.027500 0.031250
0 0.053750 0.122500 0.035000 0.040000
0 0.519375 0.939375 0.028750 0.028750