0 0.639375 0.456875 0.041250 0.041250
0 0.093750 0.343750 0.082500 0.082500
0 0.286250 0.541875 0.055000 0.068750
0 0.318750 0.256875 0.112500 0.141250
0 0.755625 0.228125 0.081250 0.101250
0 0.043750 0.646875 0.057500 0.071250
0 0.808750 0.922500 0.085000 0.085000
0 0.627500 0.580000 0.080000 0.080000
0 0.798750 0.427500 0.092500 0.092500
0 0.454375 0.369375 0.101250 0.093750
0 0.286250 0.616875 0.025000 0.026250
0 0.923125 0.943750 0.026250 0.027500
0 0.553125 0.198125 0.033750 0.033750
0 0.928750 0.806250 0.060000 0.060000
0 0.478750 0.488750 0.052500 0.052500
0 0.933750 0.607500 0.100000 0.100000
0 0.483125 0.878125 0.083750 0.076250
0 0.605625 0.095625 0.053750 0.048750
0 0.303125 0.440625 0.088750 0.081250
0 0.678125 0.399375 0.063750 0.058750
0 0.286250 0.748750 0.025000 0.025000
0 0.315625 0.918125 0.093750 0.093750
0 0.651875 0.221875 0.063750 0.063750
0 0.809375 0.594375 0.041250 0.041250
0 0.525625 0.626250 0.071250 0.057500
0 0.081250 0.060000 0.080000 0.065000
0 0.540000 0.440000 0.035000 0.027500
0 0.915000 0.331250 0.080000 0.097500
0 0.170000 0.583125 0.075000 0.091250
0 0.719375 0.334375 0.053750 0.053750
0 0.198125 0.251875 0.056250 0.056250
0 0.073750 0.953750 0.035000 0.035000
0 0.940625 0.116875 0.031250 0.028750
0 0.364375 0.703125 0.028750 0.028750
0 0.370625 0.061875 0.088750 0.088750
0 0.731250 0.548750 0.055000 0.055000
0 0.056250 0.767500 0.047500 0.047500
0 0.677500 0.861250 0.077500 0.082500
0 0.173125 0.828750 0.063750 0.067500
0 0.514375 0.758125 0.106250 0.113750
0 0.848125 0.788750 0.053750 0.057500
0 0.283750 0.072500 0.037500 0.037500
0 0.065000 0.215000 0.090000 0.090000
0 0.630625 0.661875 0.038750 0.038750
0 0.803750 0.131250 0.060000 0.060000
0 0.271875 0.674375 0.033750 0.051250
0 0.695000 0.100000 0.077500 0.077500
0 0.488125 0.093125 0.111250 0.111250
0 0.804375 0.700625 0.038750 0.036250
0 0.126875 0.135625 0.048750 0.048750
0 0.420000 0.601250 0.087500 0.087500
0 0.206875 0.919375 0.088750 0.088750
0 0.574375 0.360625 0.096250 0.096250
0 0.161250 0.745000 0.085000 0.085000
0 0.813750 0.338750 0.070000 0.070000
0 0.335000 0.131250 0.027500 0.015000
0 0.933750 0.235000 0.052500 0.030000
0 0.452500 0.206250 0.097500 0.097500
0 0.320000 0.813750 0.087500 0.087500
0 0.111875 0.450000 0.083750 0.087500
0 0.818750 0.042500 0.055000 0.055000
0 0.931250 0.463750 0.052500 0.052500
0 0.207500 0.152500 0.030000 0.030000
0 0.765625 0.776250 0.081250 0.082500
0 0.895625 0.045625 0.051250 0.051250
0 0.137500 0.937500 0.032500 0.032500
0 0.228125 0.308125 0.031250 0.031250
0 0.212500 0.057500 0.080000 0.080000
0 0.212500 0.420000 0.072500 0.072500
0 0.841875 0.539375 0.053750 0.053750
0 0.886875 0.109375 0.046250 0.046250
0 0.873750 0.169375 0.047500 0.058750
0 0.937500 0.721875 0.037500 0.046250
0 0.037500 0.465000 0.025000 0.022500
0 0.487500 0.673750 0.030000 0.022500
0 0.653750 0.750625 0.075000 0.058750
0 0.400000 0.896250 0.060000 0.057500
0 0.184375 0.320625 0.041250 0.041250
0 0.160625 0.661875 0.051250 0.026250
0 0.389375 0.528125 0.071250 0.036250
0 0.700625 0.494375 0.028750 0.028750
0 0.057500 0.875000 0.072500 0.072500
0 0.720000 0.676250 0.057500 0.062500
0 0.548125 0.268125 0.073750 0.073750
0 0.566250 0.892500 0.025000 0.025000
0 0.840625 0.654375 0.031250 0.031250
0 0.816250 0.846250 0.037500 0.037500