0 0.655000 0.773750 0.097500 0.097500
0 0.470000 0.461250 0.040000 0.040000
0 0.418750 0.172500 0.077500 0.077500
0 0.761250 0.633750 0.080000 0.080000
0 0.701875 0.925000 0.088750 0.082500
0 0.808125 0.792500 0.106250 0.095000
0 0.313125 0.206250 0.088750 0.095000
0 0.576875 0.435000 0.093750 0.112500
0 0.381250 0.713750 0.067500 0.080000
0 0.138125 0.676875 0.098750 0.081250
0 0.790625 0.438125 0.111250 0.091250
0 0.136875 0.218125 0.096250 0.078750
0 0.224375 0.508750 0.046250 0.037500
0 0.362500 0.458750 0.080000 0.090000
0 0.596250 0.320000 0.057500 0.057500
0 0.476250 0.527500 0.047500 0.047500
0 0.888750 0.290625 0.092500 0.093750
0 0.256875 0.070000 0.086250 0.087500
0 0.771875 0.201875 0.041250 0.076250
0 0.696250 0.483750 0.040000 0.040000
0 0.256875 0.620625 0.103750 0.091250
0 0.154375 0.423750 0.093750 0.082500
0 0.885000 0.581250 0.072500 0.072500
0 0.415000 0.084375 0.042500 0.046250
0 0.743125 0.710625 0.031250 0.031250
0 0.898750 0.669375 0.067500 0.073750
0 0.505625 0.230625 0.063750 0.068750
0 0.292500 0.323125 0.075000 0.071250
0 0.287500 0.860625 0.080000 0.056250
0 0.521250 0.107500 0.067500 0.067500
0 0.610000 0.532500 0.067500 0.067500
0 0.741250 0.120000 0.042500 0.042500
0 0.637500 0.203750 0.055000 0.055000
0 0.126250 0.812500 0.077500 0.077500
0 0.454375 0.846875 0.073750 0.073750
0 0.728125 0.303125 0.093750 0.093750
0 0.541250 0.587500 0.040000 0.040000
0 0.907500 0.476875 0.075000 0.043750
0 0.042500 0.387500 0.060000 0.035000
0 0.849375 0.919375 0.103750 0.103750
0 0.870625 0.216875 0.036250 0.036250
0 0.109375 0.910625 0.101250 0.101250
0 0.917500 0.128750 0.092500 0.092500
0 0.448750 0.613750 0.095000 0.095000
0 0.084375 0.101875 0.106250 0.106250
0 0.512500 0.743750 0.085000 0.085000
0 0.188125 0.355625 0.033750 0.033750
0 0.586250 0.082500 0.047500 0.047500
0 0.251250 0.715000 0.055000 0.055000
0 0.120625 0.545625 0.076250 0.076250
0 0.938750 0.805000 0.072500 0.072500
0 0.415625 0.315625 0.096250 0.096250
0 0.778125 0.535625 0.071250 0.071250
0 0.343125 0.056875 0.036250 0.036250
0 0.563750 0.912500 0.080000 0.080000
0 0.045625 0.643125 0.066250 0.066250
0 0.448125 0.933125 0.078750 0.078750
0 0.042500 0.255625 0.032500 0.033750
0 0.863125 0.048125 0.051250 0.051250
0 0.685625 0.391875 0.041250 0.041250
0 0.655000 0.649375 0.105000 0.093750
0 0.259375 0.944375 0.053750 0.053750
0 0.241250 0.407500 0.052500 0.052500
0 0.374375 0.915625 0.043750 0.043750
0 0.710000 0.215625 0.035000 0.051250
0 0.138125 0.330625 0.051250 0.051250
0 0.374375 0.786875 0.051250 0.051250
0 0.430000 0.031250 0.027500 0.027500
0 0.758125 0.044375 0.053750 0.053750
0 0.254375 0.778750 0.043750 0.047500
0 0.360625 0.616875 0.051250 0.063750
0 0.530000 0.825625 0.055000 0.053750
0 0.940000 0.900000 0.047500 0.047500
0 0.818125 0.111250 0.031250 0.030000
0 0.670625 0.126875 0.046250 0.046250
0 0.828750 0.208750 0.025000 0.025000
0 0.896875 0.369375 0.026250 0.026250
0 0.601250 0.138750 0.037500 0.037500
0 0.039375 0.759375 0.031250 0.031250
0 0.538750 0.535625 0.040000 0.036250
0 0.549375 0.658750 0.051250 0.047500