0 0.635000 0.547500 0.027500 0.027500
0 0.803750 0.276250 0.025000 0.025000
0 0.959375 0.640625 0.038750 0.033750
0 0.487500 0.506875 0.027500 0.023750
0 0.591250 0.362500 0.085000 0.075000
0 0.843125 0.698125 0.103750 0.091250
0 0.221875 0.940625 0.048750 0.046250
0 0.126250 0.288125 0.075000 0.071250
0 0.705000 0.840625 0.105000 0.101250
0 0.292500 0.390000 0.045000 0.042500
0 0.293750 0.267500 0.095000 0.090000
0 0.194375 0.529375 0.061250 0.073750
0 0.390625 0.616875 0.093750 0.093750
0 0.920625 0.229375 0.103750 0.103750
0 0.408125 0.508125 0.056250 0.048750
0 0.807500 0.473750 0.097500 0.097500
0 0.749375 0.683125 0.028750 0.028750
0 0.703750 0.371250 0.082500 0.082500
0 0.871875 0.880625 0.053750 0.053750
0 0.305625 0.101250 0.073750 0.070000
0 0.076250 0.510000 0.050000 0.047500
0 0.095000 0.206875 0.027500 0.026250
0 0.838750 0.933125 0.035000 0.033750
0 0.371250 0.200000 0.045000 0.020000
0 0.496875 0.598750 0.056250 0.025000
0 0.552500 0.832500 0.097500 0.097500
0 0.110000 0.417500 0.037500 0.037500
0 0.797500 0.612500 0.052500 0.052500
0 0.099375 0.888125 0.111250 0.106250
0 0.606250 0.194375 0.075000 0.071250
0 0.906875 0.378125 0.061250 0.058750
0 0.256250 0.728125 0.040000 0.038750
0 0.332500 0.837500 0.102500 0.100000
0 0.517500 0.085000 0.112500 0.112500
0 0.667500 0.440000 0.037500 0.037500
0 0.100625 0.660625 0.096250 0.096250
0 0.460000 0.246250 0.110000 0.110000
0 0.371875 0.439375 0.053750 0.053750
0 0.289375 0.508125 0.096250 0.096250
0 0.144375 0.090625 0.101250 0.101250
0 0.715000 0.090625 0.095000 0.076250
0 0.424375 0.398750 0.028750 0.022500
0 0.363125 0.121875 0.026250 0.021250
0 0.730625 0.195000 0.058750 0.047500
0 0.904375 0.106875 0.106250 0.106250
0 0.514375 0.683125 0.108750 0.108750
0 0.633125 0.681875 0.081250 0.081250
0 0.939375 0.548125 0.093750 0.093750
0 0.441875 0.831875 0.091250 0.091250
0 0.353750 0.730000 0.097500 0.097500
0 0.605000 0.047500 0.045000 0.045000
0 0.163125 0.765625 0.081250 0.081250
0 0.196250 0.610000 0.045000 0.045000
0 0.866875 0.793750 0.046250 0.042500
0 0.738125 0.576875 0.031250 0.028750
0 0.177500 0.423750 0.080000 0.080000
0 0.841250 0.397500 0.037500 0.037500
0 0.191250 0.195000 0.030000 0.030000
0 0.499375 0.342500 0.043750 0.040000
0 0.951250 0.726250 0.070000 0.065000
0 0.951250 0.881875 0.065000 0.073750
0 0.800000 0.835625 0.065000 0.091250
0 0.246875 0.137500 0.028750 0.020000
0 0.313750 0.651250 0.027500 0.027500
0 0.551250 0.457500 0.077500 0.077500
0 0.629375 0.797500 0.031250 0.035000
0 0.053750 0.117500 0.065000 0.065000