0 0.619375 0.735625 0.031250 0.031250
0 0.632500 0.113750 0.080000 0.080000
0 0.205625 0.824375 0.038750 0.038750
0 0.940000 0.360000 0.092500 0.092500
0 0.672500 0.600000 0.077500 0.077500
0 0.114375 0.939375 0.026250 0.026250
0 0.304375 0.526875 0.091250 0.091250
0 0.854375 0.523125 0.076250 0.076250
0 0.200625 0.451875 0.048750 0.048750
0 0.383750 0.258750 0.100000 0.112500
0 0.558125 0.482500 0.091250 0.102500
0 0.141875 0.262500 0.111250 0.125000
0 0.942500 0.840625 0.037500 0.041250
0 0.753125 0.350625 0.043750 0.038750
0 0.814375 0.723125 0.103750 0.103750
0 0.600625 0.905625 0.098750 0.098750
0 0.722500 0.940000 0.062500 0.062500
0 0.126875 0.626875 0.103750 0.103750
0 0.959375 0.915625 0.041250 0.041250
0 0.849375 0.158125 0.038750 0.038750
0 0.263125 0.188125 0.051250 0.051250
0 0.745000 0.837500 0.105000 0.105000
0 0.388125 0.373125 0.098750 0.098750
0 0.415625 0.605625 0.088750 0.071250
0 0.258750 0.645000 0.090000 0.107500
0 0.918750 0.680000 0.057500 0.057500
0 0.101250 0.858750 0.067500 0.067500
0 0.100625 0.104375 0.101250 0.101250
0 0.660625 0.683125 0.048750 0.056250
0 0.253750 0.092500 0.080000 0.080000
0 0.523750 0.268750 0.082500 0.082500
0 0.530000 0.674375 0.092500 0.096250
0 0.288125 0.329375 0.046250 0.061250
0 0.266250 0.781875 0.035000 0.046250
0 0.400625 0.716250 0.093750 0.080000
0 0.495625 0.176250 0.048750 0.047500
0 0.540625 0.755000 0.038750 0.050000
0 0.078125 0.376250 0.063750 0.082500
0 0.773750 0.543125 0.037500 0.048750
0 0.927500 0.126250 0.100000 0.130000
0 0.678125 0.491875 0.076250 0.086250
0 0.683750 0.203125 0.067500 0.076250
0 0.305625 0.876875 0.078750 0.096250
0 0.835000 0.231250 0.047500 0.047500
0 0.443750 0.810000 0.065000 0.065000
0 0.936875 0.566875 0.068750 0.068750
0 0.785625 0.109375 0.053750 0.053750
0 0.967500 0.796875 0.037500 0.031250
0 0.803750 0.953125 0.037500 0.028750
0 0.914375 0.268125 0.058750 0.058750
0 0.440625 0.918750 0.068750 0.062500
0 0.580625 0.376875 0.093750 0.093750
0 0.392500 0.512500 0.065000 0.065000