0 0.793125 0.877500 0.108750 0.110000
0 0.924375 0.383125 0.053750 0.053750
0 0.676875 0.846875 0.036250 0.036250
0 0.838750 0.576250 0.060000 0.060000
0 0.656250 0.241250 0.060000 0.060000
0 0.066250 0.666875 0.055000 0.053750
0 0.452500 0.322500 0.090000 0.090000
0 0.218750 0.297500 0.030000 0.030000
0 0.150000 0.073125 0.030000 0.031250
0 0.306875 0.792500 0.088750 0.092500
0 0.123750 0.290625 0.085000 0.088750
0 0.275625 0.706250 0.031250 0.032500
0 0.630000 0.618750 0.072500 0.072500
0 0.741875 0.535000 0.096250 0.160000
0 0.390625 0.550625 0.071250 0.118750
0 0.071875 0.196875 0.046250 0.076250
0 0.901875 0.455625 0.078750 0.073750
0 0.301875 0.156875 0.073750 0.071250
0 0.263750 0.386250 0.105000 0.105000
0 0.594375 0.816875 0.111250 0.111250
0 0.208125 0.716875 0.086250 0.098750
0 0.129375 0.696875 0.048750 0.056250
0 0.556250 0.077500 0.112500 0.112500
0 0.560625 0.373125 0.053750 0.053750
0 0.240625 0.538125 0.058750 0.058750
0 0.482500 0.698750 0.097500 0.110000
0 0.798125 0.288750 0.111250 0.125000
0 0.153125 0.508125 0.093750 0.093750
0 0.311875 0.270625 0.108750 0.108750
0 0.938125 0.169375 0.093750 0.093750
0 0.436875 0.220625 0.033750 0.033750
0 0.418750 0.803750 0.030000 0.030000
0 0.813125 0.736875 0.101250 0.101250
0 0.785000 0.083750 0.057500 0.057500
0 0.459375 0.125625 0.056250 0.056250
0 0.956250 0.718750 0.060000 0.060000
0 0.648125 0.936875 0.043750 0.043750
0 0.253125 0.474375 0.041250 0.041250
0 0.262500 0.879375 0.080000 0.061250
0 0.833750 0.625625 0.025000 0.018750
0 0.380625 0.713125 0.053750 0.041250
0 0.185000 0.897500 0.030000 0.030000
0 0.467500 0.482500 0.050000 0.050000
0 0.553750 0.203750 0.102500 0.102500
0 0.373750 0.903750 0.112500 0.112500
0 0.027500 0.092500 0.027500 0.027500
0 0.672500 0.106250 0.090000 0.090000
0 0.063750 0.417500 0.067500 0.067500
0 0.553125 0.578125 0.048750 0.048750
0 0.054375 0.845000 0.078750 0.057500
0 0.055625 0.768125 0.073750 0.053750
0 0.186875 0.136875 0.063750 0.061250
0 0.618125 0.719375 0.053750 0.053750
0 0.305000 0.491250 0.042500 0.042500
0 0.933750 0.840000 0.105000 0.105000
0 0.556250 0.471875 0.090000 0.088750
0 0.680000 0.356875 0.097500 0.063750
0 0.843125 0.156875 0.053750 0.053750
0 0.046250 0.558750 0.042500 0.042500
0 0.324375 0.043125 0.026250 0.026250
0 0.949375 0.564375 0.066250 0.071250
0 0.480625 0.801875 0.078750 0.048750
0 0.150625 0.209375 0.078750 0.048750
0 0.485625 0.914375 0.071250 0.071250
0 0.161250 0.961250 0.027500 0.025000
0 0.888125 0.031875 0.026250 0.031250