0 0.681875 0.860625 0.086250 0.086250
0 0.791250 0.642500 0.025000 0.025000
0 0.115625 0.224375 0.038750 0.038750
0 0.487500 0.193750 0.025000 0.025000
0 0.311875 0.078125 0.086250 0.103750
0 0.778125 0.521250 0.103750 0.142500
0 0.188750 0.071250 0.027500 0.037500
0 0.915000 0.268750 0.095000 0.130000
0 0.885625 0.503125 0.036250 0.036250
0 0.928750 0.166250 0.060000 0.060000
0 0.585625 0.061875 0.078750 0.078750
0 0.506250 0.738125 0.082500 0.073750
0 0.570625 0.271875 0.071250 0.063750
0 0.369375 0.696875 0.058750 0.058750
0 0.427500 0.871250 0.037500 0.037500
0 0.097500 0.831250 0.087500 0.087500
0 0.281875 0.838125 0.103750 0.088750
0 0.143125 0.619375 0.036250 0.031250
0 0.072500 0.734375 0.082500 0.071250
0 0.768750 0.728125 0.075000 0.071250
0 0.231250 0.730000 0.107500 0.107500
0 0.441875 0.170625 0.041250 0.041250
0 0.625000 0.606250 0.075000 0.075000
0 0.076875 0.490625 0.078750 0.078750
0 0.489375 0.534375 0.081250 0.081250
0 0.383750 0.538750 0.087500 0.087500
0 0.335625 0.431875 0.083750 0.083750
0 0.715625 0.276250 0.106250 0.167500
0 0.414375 0.095625 0.093750 0.088750
0 0.345625 0.281875 0.048750 0.046250
0 0.157500 0.166250 0.042500 0.040000
0 0.508125 0.068125 0.041250 0.041250
0 0.926875 0.836875 0.101250 0.101250
0 0.103750 0.311250 0.027500 0.027500
0 0.568125 0.885625 0.108750 0.108750
0 0.711875 0.060625 0.081250 0.081250
0 0.930000 0.612500 0.110000 0.110000
0 0.033125 0.025625 0.026250 0.026250
0 0.266250 0.610000 0.070000 0.070000
0 0.655000 0.755000 0.067500 0.067500
0 0.618750 0.347500 0.070000 0.035000
0 0.073125 0.276875 0.038750 0.018750
0 0.084375 0.133125 0.048750 0.023750
0 0.448750 0.810000 0.032500 0.032500
0 0.146875 0.336875 0.026250 0.026250
0 0.460000 0.396250 0.075000 0.075000
0 0.544375 0.410000 0.051250 0.050000
0 0.270000 0.533125 0.070000 0.068750
0 0.837500 0.059375 0.075000 0.073750
0 0.640000 0.471250 0.112500 0.112500
0 0.825625 0.814375 0.063750 0.063750
0 0.030625 0.841875 0.026250 0.026250
0 0.481875 0.638125 0.103750 0.093750
0 0.829375 0.276250 0.036250 0.032500
0 0.615000 0.195625 0.062500 0.056250
0 0.098750 0.570000 0.050000 0.045000
0 0.294375 0.196875 0.038750 0.038750
0 0.176875 0.488125 0.088750 0.088750
0 0.815000 0.935000 0.042500 0.042500
0 0.243125 0.303125 0.076250 0.076250
0 0.452500 0.281250 0.090000 0.090000