0 0.481250 0.563750 0.102500 0.102500
0 0.121875 0.065625 0.101250 0.101250
0 0.801250 0.923750 0.045000 0.045000
0 0.271875 0.050625 0.053750 0.048750
0 0.833125 0.211875 0.076250 0.076250
0 0.708125 0.108125 0.053750 0.053750
0 0.949375 0.090625 0.051250 0.051250
0 0.283750 0.340000 0.102500 0.102500
0 0.376250 0.252500 0.052500 0.052500
0 0.245625 0.634375 0.086250 0.086250
0 0.380625 0.493125 0.066250 0.066250
0 0.605000 0.591250 0.072500 0.072500
0 0.603750 0.675000 0.080000 0.080000
0 0.950625 0.593125 0.068750 0.068750
0 0.276875 0.546875 0.033750 0.033750
0 0.380000 0.412500 0.032500 0.032500
0 0.060000 0.670000 0.042500 0.042500
0 0.596250 0.918750 0.060000 0.060000
0 0.553125 0.305625 0.108750 0.108750
0 0.088125 0.174375 0.066250 0.066250
0 0.713750 0.261250 0.042500 0.057500
0 0.900000 0.035000 0.037500 0.037500
0 0.815625 0.097500 0.026250 0.025000
0 0.926250 0.753750 0.077500 0.077500
0 0.465000 0.675000 0.067500 0.067500
0 0.340000 0.676250 0.040000 0.040000
0 0.817500 0.693750 0.047500 0.047500
0 0.294375 0.476250 0.046250 0.050000
0 0.472500 0.836875 0.095000 0.148750
0 0.696875 0.899375 0.093750 0.146250
0 0.308750 0.173125 0.037500 0.058750
0 0.823750 0.527500 0.080000 0.080000
0 0.169375 0.889375 0.108750 0.108750
0 0.191250 0.440000 0.040000 0.040000
0 0.073125 0.314375 0.086250 0.086250
0 0.625000 0.810000 0.030000 0.042500
0 0.386250 0.111250 0.100000 0.110000
0 0.686875 0.479375 0.058750 0.058750
0 0.946250 0.311250 0.030000 0.030000
0 0.121875 0.753125 0.108750 0.108750
0 0.815000 0.791250 0.067500 0.067500
0 0.263125 0.882500 0.053750 0.055000
0 0.066250 0.605625 0.060000 0.058750
0 0.330625 0.776250 0.061250 0.060000
0 0.106875 0.490000 0.111250 0.110000
0 0.485625 0.054375 0.071250 0.071250
0 0.522500 0.445000 0.090000 0.090000
0 0.718125 0.614375 0.096250 0.096250
0 0.225625 0.545625 0.046250 0.046250
0 0.809375 0.390625 0.098750 0.098750
0 0.727500 0.733750 0.075000 0.072500
0 0.473125 0.308750 0.036250 0.035000
0 0.927500 0.163125 0.045000 0.043750
0 0.766875 0.231875 0.028750 0.028750
0 0.153750 0.620000 0.070000 0.070000
0 0.708125 0.351875 0.043750 0.043750
0 0.578750 0.183750 0.100000 0.100000
0 0.174375 0.180625 0.083750 0.083750
0 0.892500 0.891250 0.065000 0.065000
0 0.816875 0.868750 0.071250 0.035000
0 0.486875 0.167500 0.066250 0.032500
0 0.902500 0.472500 0.045000 0.045000
0 0.363750 0.900000 0.050000 0.050000
0 0.611875 0.463125 0.071250 0.071250
0 0.880000 0.662500 0.037500 0.037500
0 0.610000 0.075000 0.082500 0.082500
0 0.908750 0.360000 0.052500 0.052500