0 0.607500 0.628750 0.030000 0.030000
0 0.638125 0.901875 0.053750 0.053750
0 0.301875 0.826250 0.046250 0.030000
0 0.919375 0.897500 0.038750 0.035000
0 0.392500 0.526250 0.037500 0.030000
0 0.330625 0.641875 0.061250 0.061250
0 0.470000 0.675625 0.095000 0.108750
0 0.225625 0.682500 0.076250 0.072500
0 0.718125 0.048125 0.068750 0.038750
0 0.368125 0.155625 0.036250 0.036250
0 0.229375 0.045625 0.066250 0.053750
0 0.872500 0.688750 0.052500 0.052500
0 0.176250 0.550000 0.092500 0.092500
0 0.090625 0.704375 0.096250 0.096250
0 0.446250 0.169375 0.035000 0.033750
0 0.491875 0.330625 0.098750 0.096250
0 0.045625 0.058750 0.063750 0.062500
0 0.860625 0.940000 0.063750 0.062500
0 0.331875 0.393750 0.026250 0.025000
0 0.614375 0.090000 0.111250 0.135000
0 0.534375 0.458125 0.081250 0.098750
0 0.688125 0.698125 0.058750 0.071250
0 0.931875 0.798125 0.083750 0.101250
0 0.306875 0.533750 0.068750 0.060000
0 0.740625 0.389375 0.091250 0.091250
0 0.548125 0.869375 0.036250 0.036250
0 0.293750 0.203750 0.082500 0.082500
0 0.130000 0.885000 0.040000 0.040000
0 0.460625 0.093125 0.101250 0.101250
0 0.835000 0.158750 0.087500 0.087500
0 0.905000 0.435000 0.065000 0.065000
0 0.062500 0.303750 0.097500 0.097500
0 0.786250 0.536875 0.107500 0.138750
0 0.550625 0.648125 0.026250 0.033750
0 0.076875 0.191875 0.053750 0.053750
0 0.763750 0.291250 0.047500 0.065000
0 0.191250 0.393125 0.112500 0.118750
0 0.658125 0.618750 0.033750 0.022500
0 0.445000 0.920000 0.112500 0.075000
0 0.871875 0.315000 0.086250 0.057500
0 0.081250 0.541250 0.050000 0.032500
0 0.491875 0.236875 0.033750 0.033750
0 0.945625 0.133125 0.068750 0.068750
0 0.197500 0.188750 0.070000 0.085000
0 0.150000 0.950000 0.035000 0.035000
0 0.606250 0.738750 0.030000 0.025000
0 0.348750 0.909375 0.040000 0.033750
0 0.660625 0.366250 0.041250 0.035000
0 0.210000 0.821250 0.072500 0.062500
0 0.273750 0.446250 0.025000 0.020000
0 0.365000 0.305625 0.075000 0.068750
0 0.776875 0.879375 0.066250 0.066250
0 0.315625 0.758125 0.073750 0.073750
0 0.953125 0.615625 0.036250 0.036250
0 0.651875 0.828125 0.053750 0.053750
0 0.399375 0.435625 0.076250 0.061250
0 0.119375 0.058750 0.036250 0.035000
0 0.116875 0.837500 0.033750 0.032500