0 0.783125 0.171250 0.101250 0.105000
0 0.963750 0.600625 0.045000 0.046250
0 0.562500 0.208125 0.037500 0.038750
0 0.259375 0.495000 0.098750 0.102500
0 0.243750 0.081875 0.042500 0.036250
0 0.582500 0.580000 0.105000 0.105000
0 0.601875 0.290625 0.063750 0.063750
0 0.934375 0.384375 0.093750 0.093750
0 0.480000 0.921875 0.107500 0.078750
0 0.418125 0.492500 0.098750 0.100000
0 0.704375 0.521250 0.061250 0.062500
0 0.780000 0.615000 0.035000 0.037500
0 0.946875 0.156875 0.056250 0.061250
0 0.301250 0.148125 0.070000 0.076250
0 0.531875 0.835625 0.053750 0.058750
0 0.569375 0.433125 0.038750 0.038750
0 0.706250 0.936250 0.060000 0.060000
0 0.137500 0.118750 0.107500 0.107500
0 0.465000 0.363750 0.090000 0.090000
0 0.455625 0.227500 0.043750 0.052500
0 0.589375 0.701875 0.073750 0.073750
0 0.664375 0.150625 0.046250 0.046250
0 0.262500 0.363125 0.075000 0.071250
0 0.476875 0.690625 0.081250 0.066250
0 0.206250 0.280000 0.060000 0.060000
0 0.256250 0.637500 0.110000 0.110000
0 0.348125 0.355000 0.073750 0.075000
0 0.198125 0.750625 0.031250 0.031250
0 0.321875 0.886875 0.088750 0.086250
0 0.029375 0.661250 0.033750 0.032500
0 0.645625 0.886875 0.038750 0.038750
0 0.777500 0.723750 0.055000 0.055000
0 0.118125 0.623125 0.081250 0.081250
0 0.889375 0.865625 0.106250 0.183750
0 0.777500 0.410000 0.110000 0.097500
0 0.399375 0.114375 0.038750 0.033750
0 0.487500 0.082500 0.080000 0.070000
0 0.385625 0.739375 0.081250 0.071250
0 0.649375 0.831250 0.043750 0.047500
0 0.707500 0.307500 0.082500 0.082500
0 0.103750 0.890000 0.100000 0.100000
0 0.908750 0.733125 0.087500 0.063750
0 0.366875 0.675625 0.036250 0.026250
0 0.903750 0.510000 0.112500 0.112500
0 0.228750 0.880000 0.067500 0.067500
0 0.666250 0.065000 0.092500 0.092500
0 0.146250 0.393750 0.067500 0.067500
0 0.077500 0.517500 0.112500 0.112500
0 0.080625 0.769375 0.088750 0.088750
0 0.613750 0.938750 0.030000 0.030000
0 0.436250 0.810000 0.040000 0.035000
0 0.361250 0.038750 0.067500 0.052500
0 0.680000 0.711250 0.090000 0.112500
0 0.396250 0.225000 0.050000 0.050000
0 0.059375 0.348125 0.083750 0.083750
0 0.909375 0.254375 0.111250 0.111250
0 0.091875 0.207500 0.026250 0.035000
0 0.758125 0.073750 0.073750 0.065000
0 0.485000 0.175625 0.027500 0.023750
0 0.656250 0.450625 0.050000 0.043750
0 0.760000 0.810000 0.067500 0.067500
0 0.888125 0.633125 0.083750 0.083750
0 0.565625 0.155625 0.051250 0.051250
0 0.783750 0.313750 0.050000 0.050000
0 0.621875 0.380625 0.058750 0.051250
0 0.276250 0.747500 0.060000 0.052500
0 0.482500 0.606875 0.045000 0.038750
0 0.558750 0.767500 0.025000 0.025000
0 0.140000 0.325000 0.025000 0.025000
0 0.370625 0.286250 0.031250 0.037500
0 0.703125 0.594375 0.066250 0.066250
0 0.185625 0.221875 0.036250 0.036250
0 0.933125 0.060625 0.093750 0.093750