0 0.633750 0.661250 0.085000 0.085000
0 0.469375 0.769375 0.061250 0.061250
0 0.761875 0.270625 0.111250 0.111250
0 0.580625 0.215625 0.086250 0.086250
0 0.604375 0.504375 0.056250 0.056250
0 0.099375 0.571875 0.111250 0.111250
0 0.575000 0.817500 0.037500 0.037500
0 0.208125 0.321875 0.091250 0.091250
0 0.235000 0.880000 0.087500 0.087500
0 0.375000 0.353750 0.100000 0.100000
0 0.652500 0.432500 0.050000 0.050000
0 0.379375 0.714375 0.101250 0.101250
0 0.487500 0.245000 0.052500 0.052500
0 0.491875 0.496875 0.086250 0.133750
0 0.823750 0.750625 0.102500 0.158750
0 0.156250 0.141250 0.110000 0.170000
0 0.721250 0.709375 0.067500 0.073750
0 0.913125 0.115625 0.076250 0.076250
0 0.260625 0.131875 0.063750 0.063750
0 0.919375 0.398125 0.031250 0.031250
0 0.694375 0.523125 0.096250 0.096250
0 0.090625 0.733125 0.056250 0.056250
0 0.360000 0.527500 0.087500 0.087500
0 0.710625 0.139375 0.106250 0.106250
0 0.344375 0.918125 0.098750 0.096250
0 0.752500 0.932500 0.080000 0.077500
0 0.175000 0.716250 0.080000 0.077500
0 0.798125 0.091875 0.046250 0.046250
0 0.459375 0.089375 0.111250 0.111250
0 0.515625 0.920000 0.108750 0.110000
0 0.550000 0.755000 0.067500 0.067500
0 0.640625 0.369375 0.058750 0.058750
0 0.621250 0.925000 0.080000 0.080000
0 0.798750 0.397500 0.052500 0.052500
0 0.085000 0.388750 0.047500 0.050000
0 0.927500 0.555625 0.080000 0.083750
0 0.598125 0.103125 0.101250 0.101250
0 0.856875 0.921875 0.091250 0.091250
0 0.273750 0.771250 0.077500 0.077500
0 0.788750 0.647500 0.025000 0.025000
0 0.074375 0.859375 0.088750 0.088750
0 0.033750 0.155625 0.032500 0.026250
0 0.938125 0.736875 0.081250 0.081250
0 0.358750 0.113750 0.070000 0.087500
0 0.797500 0.511250 0.077500 0.077500
0 0.206875 0.508125 0.076250 0.076250
0 0.335625 0.231875 0.101250 0.101250
0 0.580000 0.293750 0.042500 0.042500
0 0.745000 0.423750 0.030000 0.030000
0 0.884375 0.300625 0.101250 0.101250
0 0.501250 0.626250 0.092500 0.065000
0 0.893750 0.208750 0.075000 0.052500
0 0.095625 0.307500 0.046250 0.032500
0 0.167500 0.035625 0.035000 0.023750
0 0.711250 0.821250 0.042500 0.042500
0 0.265625 0.045625 0.063750 0.063750
0 0.852500 0.598750 0.045000 0.045000
0 0.630625 0.791875 0.031250 0.031250
0 0.599375 0.590625 0.031250 0.023750
0 0.108125 0.796875 0.026250 0.021250
0 0.269375 0.645000 0.086250 0.077500
0 0.500625 0.340625 0.061250 0.058750
0 0.061250 0.066250 0.050000 0.050000
0 0.388125 0.822500 0.066250 0.067500
0 0.278750 0.422500 0.035000 0.035000