0 0.654375 0.500625 0.086250 0.086250
0 0.130000 0.687500 0.102500 0.140000
0 0.267500 0.846250 0.045000 0.045000
0 0.761875 0.580625 0.106250 0.106250
0 0.883750 0.927500 0.060000 0.075000
0 0.681250 0.814375 0.107500 0.133750
0 0.205000 0.458125 0.040000 0.038750
0 0.215625 0.653125 0.053750 0.053750
0 0.552500 0.391250 0.092500 0.092500
0 0.340625 0.755000 0.083750 0.082500
0 0.430625 0.791250 0.056250 0.055000
0 0.862500 0.292500 0.042500 0.035000
0 0.623750 0.069375 0.050000 0.041250
0 0.050000 0.818125 0.067500 0.056250
0 0.958750 0.664375 0.035000 0.028750
0 0.644375 0.235625 0.078750 0.078750
0 0.297500 0.035000 0.042500 0.042500
0 0.357500 0.520000 0.080000 0.080000
0 0.868125 0.614375 0.043750 0.043750
0 0.103125 0.943125 0.038750 0.038750
0 0.399375 0.664375 0.063750 0.058750
0 0.215000 0.179375 0.025000 0.046250
0 0.513750 0.158750 0.107500 0.067500
0 0.277500 0.281250 0.110000 0.070000
0 0.785625 0.290000 0.036250 0.022500
0 0.132500 0.277500 0.110000 0.070000
0 0.784375 0.899375 0.038750 0.038750
0 0.050625 0.374375 0.073750 0.073750
0 0.798750 0.078750 0.027500 0.027500
0 0.416250 0.258750 0.077500 0.077500
0 0.446250 0.455000 0.060000 0.060000
0 0.138125 0.349375 0.033750 0.033750
0 0.551250 0.807500 0.060000 0.072500
0 0.321875 0.859375 0.041250 0.041250
0 0.117500 0.468750 0.100000 0.100000
0 0.887500 0.496250 0.107500 0.107500
0 0.866875 0.685625 0.083750 0.083750
0 0.491250 0.587500 0.087500 0.087500
0 0.031250 0.652500 0.025000 0.025000
0 0.520000 0.896250 0.060000 0.060000
0 0.491250 0.228750 0.035000 0.035000
0 0.770625 0.781875 0.043750 0.038750
0 0.281250 0.939375 0.030000 0.026250
0 0.931250 0.078750 0.085000 0.085000
0 0.810625 0.168125 0.101250 0.088750
0 0.641875 0.640625 0.091250 0.091250
0 0.283125 0.621875 0.033750 0.033750
0 0.443125 0.858125 0.043750 0.043750
0 0.765625 0.724375 0.031250 0.031250
0 0.102500 0.158125 0.090000 0.081250
0 0.242500 0.545000 0.075000 0.067500
0 0.377500 0.346875 0.057500 0.051250
0 0.777500 0.426250 0.080000 0.072500
0 0.257500 0.161250 0.025000 0.025000
0 0.675625 0.364375 0.033750 0.033750
0 0.333125 0.135625 0.088750 0.088750
0 0.518750 0.721250 0.075000 0.075000
0 0.528125 0.496875 0.068750 0.068750
0 0.623750 0.358750 0.025000 0.022500
0 0.218125 0.064375 0.086250 0.081250
0 0.345625 0.928750 0.051250 0.047500
0 0.028750 0.760000 0.025000 0.022500
0 0.638750 0.130000 0.055000 0.062500
0 0.952500 0.764375 0.030000 0.033750
0 0.183125 0.893750 0.078750 0.075000
0 0.513125 0.071875 0.056250 0.056250
0 0.950625 0.860625 0.051250 0.051250
0 0.905625 0.360625 0.081250 0.071250
0 0.197500 0.807500 0.032500 0.032500
0 0.241250 0.385000 0.092500 0.092500
0 0.960625 0.612500 0.053750 0.052500
0 0.961250 0.166875 0.032500 0.031250
0 0.458750 0.325625 0.042500 0.041250
0 0.755000 0.501875 0.030000 0.036250
0 0.438125 0.940000 0.053750 0.047500
0 0.565000 0.250000 0.050000 0.040000
0 0.853750 0.803125 0.072500 0.086250