0 0.360000 0.387500 0.082500 0.082500
0 0.913125 0.581875 0.103750 0.103750
0 0.717500 0.814375 0.065000 0.063750
0 0.056250 0.374375 0.027500 0.026250
0 0.180625 0.167500 0.091250 0.090000
0 0.817500 0.801250 0.057500 0.057500
0 0.193750 0.598750 0.112500 0.112500
0 0.403125 0.083125 0.043750 0.043750
0 0.443750 0.666250 0.032500 0.032500
0 0.525625 0.057500 0.073750 0.085000
0 0.253750 0.385000 0.032500 0.037500
0 0.669375 0.586875 0.036250 0.041250
0 0.793125 0.864375 0.031250 0.031250
0 0.081250 0.505000 0.090000 0.090000
0 0.210625 0.714375 0.066250 0.066250
0 0.554375 0.269375 0.111250 0.106250
0 0.923125 0.332500 0.096250 0.092500
0 0.093125 0.214375 0.043750 0.043750
0 0.769375 0.104375 0.106250 0.106250
0 0.411250 0.782500 0.080000 0.080000
0 0.282500 0.835000 0.105000 0.105000
0 0.953750 0.488750 0.050000 0.047500
0 0.383125 0.466250 0.063750 0.060000
0 0.686250 0.446250 0.085000 0.080000
0 0.111875 0.061875 0.088750 0.083750
0 0.620000 0.655000 0.047500 0.047500
0 0.813750 0.273750 0.107500 0.107500
0 0.290000 0.092500 0.052500 0.052500
0 0.597500 0.411250 0.060000 0.060000
0 0.367500 0.641250 0.040000 0.035000
0 0.228125 0.250625 0.036250 0.031250
0 0.704375 0.328125 0.083750 0.083750
0 0.941250 0.406875 0.032500 0.038750
0 0.594375 0.886250 0.076250 0.072500
0 0.742500 0.580000 0.047500 0.047500
0 0.466875 0.500625 0.081250 0.081250
0 0.603750 0.735000 0.040000 0.040000
0 0.318750 0.571250 0.072500 0.072500
0 0.908125 0.151875 0.093750 0.093750
0 0.573750 0.563750 0.060000 0.060000
0 0.074375 0.874375 0.026250 0.026250
0 0.206875 0.462500 0.091250 0.095000
0 0.704375 0.900000 0.098750 0.065000
0 0.646875 0.082500 0.033750 0.022500
0 0.444375 0.935000 0.026250 0.017500
0 0.482500 0.876875 0.102500 0.083750
0 0.826250 0.656250 0.050000 0.040000
0 0.877500 0.460000 0.040000 0.057500
0 0.481250 0.588750 0.077500 0.060000
0 0.427500 0.377500 0.030000 0.022500
0 0.370625 0.266875 0.053750 0.041250
0 0.770000 0.356875 0.027500 0.021250
0 0.723125 0.666875 0.078750 0.078750
0 0.887500 0.047500 0.037500 0.037500
0 0.298125 0.198125 0.081250 0.081250
0 0.514375 0.691875 0.048750 0.048750
0 0.288750 0.698750 0.062500 0.060000
0 0.055000 0.600000 0.075000 0.072500
0 0.138125 0.361875 0.086250 0.083750
0 0.423750 0.190625 0.092500 0.096250
0 0.916250 0.785000 0.100000 0.100000
0 0.805000 0.930000 0.085000 0.085000
0 0.061875 0.788125 0.096250 0.096250
0 0.301250 0.486250 0.067500 0.067500
0 0.540000 0.382500 0.040000 0.040000
0 0.642500 0.801250 0.030000 0.030000
0 0.753750 0.411250 0.035000 0.035000
0 0.835000 0.465000 0.025000 0.025000
0 0.655000 0.156250 0.075000 0.075000
0 0.391250 0.553750 0.050000 0.050000
0 0.144375 0.700625 0.038750 0.038750
0 0.143125 0.281875 0.048750 0.048750
0 0.578125 0.801875 0.063750 0.063750
0 0.823750 0.595000 0.042500 0.042500
0 0.210625 0.316875 0.033750 0.033750
0 0.953750 0.051250 0.045000 0.040000
0 0.908750 0.878125 0.070000 0.061250
0 0.293125 0.920625 0.043750 0.038750
0 0.444375 0.321250 0.048750 0.042500
0 0.063750 0.943750 0.047500 0.057500
0 0.224375 0.059375 0.031250 0.031250
0 0.510625 0.165625 0.066250 0.066250
0 0.478750 0.398750 0.045000 0.045000
0 0.162500 0.832500 0.062500 0.062500
0 0.827500 0.528750 0.052500 0.052500
0 0.898125 0.701250 0.068750 0.045000
0 0.058125 0.301250 0.058750 0.037500
0 0.157500 0.917500 0.087500 0.057500
0 0.358750 0.946875 0.050000 0.051250
0 0.146875 0.962500 0.026250 0.007500
0 0.393750 0.862500 0.047500 0.047500
0 0.770000 0.740000 0.025000 0.025000
0 0.603125 0.491875 0.053750 0.053750
0 0.496250 0.781250 0.072500 0.072500