0 0.455625 0.531875 0.108750 0.108750
0 0.868750 0.232500 0.070000 0.045000
0 0.096875 0.230625 0.056250 0.036250
0 0.841250 0.426250 0.102500 0.102500
0 0.598750 0.760000 0.025000 0.025000
0 0.604375 0.071875 0.038750 0.038750
0 0.724375 0.052500 0.086250 0.050000
0 0.651250 0.278750 0.097500 0.097500
0 0.723125 0.425625 0.071250 0.071250
0 0.383125 0.174375 0.051250 0.051250
0 0.773750 0.290000 0.037500 0.037500
0 0.230625 0.253125 0.111250 0.111250
0 0.763125 0.711875 0.106250 0.106250
0 0.328125 0.753125 0.088750 0.088750
0 0.600000 0.451875 0.075000 0.061250
0 0.395625 0.430000 0.056250 0.045000
0 0.553750 0.296875 0.075000 0.061250
0 0.896875 0.898125 0.053750 0.043750
0 0.249375 0.061875 0.086250 0.086250
0 0.648750 0.667500 0.072500 0.072500
0 0.106250 0.166250 0.030000 0.030000
0 0.640625 0.887500 0.083750 0.085000
0 0.743125 0.908750 0.083750 0.085000
0 0.056875 0.371250 0.086250 0.070000
0 0.541250 0.678125 0.042500 0.036250
0 0.938125 0.540625 0.028750 0.023750
0 0.463750 0.040625 0.025000 0.021250
0 0.099375 0.496250 0.093750 0.080000
0 0.313750 0.356250 0.065000 0.067500
0 0.466250 0.185000 0.032500 0.032500
0 0.502500 0.947500 0.037500 0.037500
0 0.803125 0.573125 0.096250 0.096250
0 0.686250 0.555000 0.065000 0.065000
0 0.481875 0.434375 0.058750 0.058750
0 0.179375 0.638125 0.108750 0.108750
0 0.441875 0.961875 0.026250 0.026250
0 0.921875 0.141875 0.053750 0.053750
0 0.078125 0.664375 0.066250 0.066250
0 0.860000 0.722500 0.040000 0.040000
0 0.192500 0.926250 0.077500 0.077500
0 0.546250 0.182500 0.097500 0.097500
0 0.861250 0.331875 0.112500 0.056250
0 0.266250 0.956250 0.032500 0.032500
0 0.308750 0.618750 0.102500 0.102500
0 0.363125 0.889375 0.053750 0.053750
0 0.144375 0.091875 0.098750 0.098750
0 0.445000 0.291250 0.067500 0.067500
0 0.561250 0.583750 0.060000 0.060000
0 0.274375 0.516875 0.046250 0.046250
0 0.129375 0.811875 0.053750 0.053750
0 0.449375 0.743125 0.091250 0.091250
0 0.790000 0.800625 0.042500 0.046250
0 0.273750 0.837500 0.055000 0.060000
0 0.211875 0.427500 0.098750 0.107500
0 0.674375 0.126875 0.058750 0.058750
0 0.792500 0.216250 0.057500 0.057500
0 0.346875 0.068750 0.041250 0.037500
0 0.948750 0.293125 0.037500 0.033750
0 0.823125 0.077500 0.093750 0.085000
0 0.930625 0.766875 0.086250 0.078750
0 0.552500 0.387500 0.050000 0.050000
0 0.300625 0.153125 0.066250 0.066250
0 0.226875 0.775625 0.028750 0.028750
0 0.928750 0.420000 0.050000 0.077500
0 0.525625 0.877500 0.093750 0.085000
0 0.931875 0.043750 0.056250 0.050000
0 0.961250 0.588750 0.027500 0.025000
0 0.455000 0.643750 0.047500 0.047500
0 0.153125 0.745625 0.061250 0.061250
0 0.081875 0.934375 0.031250 0.031250
0 0.586875 0.815625 0.028750 0.018750
0 0.060625 0.046875 0.028750 0.018750
0 0.351250 0.245000 0.095000 0.062500
0 0.666875 0.744375 0.053750 0.053750
0 0.946250 0.209375 0.062500 0.061250
0 0.889375 0.607500 0.043750 0.042500
0 0.848750 0.792500 0.032500 0.032500
0 0.511250 0.092500 0.055000 0.062500
0 0.403125 0.051250 0.051250 0.057500
0 0.188125 0.530625 0.061250 0.058750
0 0.083125 0.588125 0.051250 0.051250
0 0.031250 0.298750 0.037500 0.037500