0 0.774375 0.180625 0.028750 0.038750
0 0.464375 0.906250 0.083750 0.115000
0 0.335000 0.529375 0.105000 0.143750
0 0.751250 0.741250 0.092500 0.075000
0 0.238125 0.631250 0.073750 0.095000
0 0.608125 0.034375 0.041250 0.041250
0 0.495625 0.205000 0.051250 0.045000
0 0.448125 0.366875 0.038750 0.033750
0 0.903750 0.234375 0.052500 0.046250
0 0.604375 0.516875 0.076250 0.076250
0 0.546875 0.688125 0.056250 0.053750
0 0.467500 0.496250 0.102500 0.147500
0 0.053750 0.267500 0.057500 0.082500
0 0.316875 0.076875 0.036250 0.051250
0 0.655000 0.749375 0.027500 0.038750
0 0.290625 0.280625 0.103750 0.103750
0 0.758750 0.848750 0.095000 0.095000
0 0.326250 0.896250 0.070000 0.070000
0 0.903125 0.843125 0.038750 0.046250
0 0.881250 0.367500 0.095000 0.092500
0 0.151250 0.787500 0.085000 0.085000
0 0.686250 0.527500 0.040000 0.032500
0 0.630625 0.230000 0.098750 0.080000
0 0.411250 0.072500 0.110000 0.090000
0 0.267500 0.160625 0.082500 0.076250
0 0.131875 0.903125 0.086250 0.086250
0 0.788125 0.281875 0.038750 0.038750
0 0.402500 0.243750 0.095000 0.095000
0 0.303750 0.626250 0.027500 0.027500
0 0.876875 0.736250 0.046250 0.050000
0 0.363750 0.730000 0.105000 0.105000
0 0.246875 0.745625 0.081250 0.081250
0 0.784375 0.094375 0.096250 0.096250
0 0.677500 0.941875 0.037500 0.038750
0 0.885000 0.927500 0.092500 0.082500
0 0.116875 0.130625 0.098750 0.088750
0 0.601875 0.378125 0.103750 0.103750
0 0.613125 0.946875 0.026250 0.026250
0 0.865625 0.586875 0.053750 0.053750
0 0.558125 0.811875 0.083750 0.093750
0 0.099375 0.392500 0.078750 0.087500
0 0.470000 0.797500 0.065000 0.072500
0 0.800625 0.565000 0.053750 0.060000
0 0.169375 0.570000 0.031250 0.032500
0 0.760000 0.411250 0.060000 0.062500
0 0.730000 0.624375 0.047500 0.048750
0 0.640000 0.816875 0.040000 0.036250
0 0.239375 0.937500 0.068750 0.062500
0 0.211875 0.447500 0.108750 0.100000