0 0.158750 0.303750 0.112500 0.075000
0 0.480625 0.556875 0.103750 0.068750
0 0.288750 0.106250 0.082500 0.055000
0 0.455625 0.405000 0.078750 0.052500
0 0.516250 0.756250 0.052500 0.052500
0 0.058125 0.231875 0.063750 0.111250
0 0.736875 0.550000 0.108750 0.132500
0 0.140000 0.448125 0.035000 0.036250
0 0.849375 0.386875 0.061250 0.063750
0 0.617500 0.556250 0.060000 0.060000
0 0.643125 0.369375 0.096250 0.096250
0 0.851875 0.055625 0.063750 0.063750
0 0.543125 0.393125 0.081250 0.081250
0 0.246250 0.028750 0.032500 0.032500
0 0.864375 0.595625 0.066250 0.066250
0 0.557500 0.152500 0.070000 0.070000
0 0.826250 0.808750 0.107500 0.107500
0 0.345625 0.239375 0.106250 0.106250
0 0.050000 0.451250 0.070000 0.070000
0 0.084375 0.581250 0.086250 0.080000
0 0.400000 0.109375 0.055000 0.051250
0 0.791250 0.308750 0.062500 0.057500
0 0.351875 0.603125 0.108750 0.101250
0 0.453750 0.255625 0.090000 0.131250
0 0.546250 0.836250 0.067500 0.065000
0 0.144375 0.149375 0.073750 0.071250
0 0.253750 0.750000 0.055000 0.052500
0 0.308125 0.408125 0.066250 0.066250
0 0.215000 0.500000 0.067500 0.067500
0 0.713125 0.686250 0.086250 0.085000
0 0.785000 0.163125 0.102500 0.123750
0 0.568750 0.657500 0.072500 0.087500
0 0.057500 0.940625 0.045000 0.053750
0 0.692500 0.291875 0.030000 0.036250
0 0.394375 0.908125 0.061250 0.061250
0 0.675000 0.818750 0.077500 0.077500
0 0.945000 0.507500 0.085000 0.085000
0 0.298125 0.886875 0.086250 0.086250
0 0.205625 0.625625 0.098750 0.123750
0 0.751875 0.410625 0.081250 0.101250
0 0.133750 0.758750 0.102500 0.112500
0 0.940000 0.298125 0.080000 0.073750
0 0.758750 0.036875 0.052500 0.048750
0 0.060000 0.098750 0.080000 0.080000
0 0.608750 0.253750 0.105000 0.105000
0 0.813750 0.941875 0.057500 0.056250
0 0.441875 0.748750 0.066250 0.065000
0 0.921250 0.158125 0.080000 0.078750
0 0.226875 0.225000 0.088750 0.065000
0 0.650625 0.140625 0.086250 0.086250
0 0.141250 0.052500 0.067500 0.067500
0 0.145000 0.951250 0.065000 0.045000
0 0.336250 0.785000 0.085000 0.065000
0 0.658125 0.046875 0.086250 0.066250
0 0.421250 0.475625 0.082500 0.063750
0 0.042500 0.845000 0.052500 0.040000
0 0.881875 0.691250 0.096250 0.095000
0 0.215625 0.422500 0.083750 0.065000
0 0.497500 0.478125 0.045000 0.033750
0 0.660625 0.936875 0.028750 0.026250
0 0.458750 0.835000 0.045000 0.045000
0 0.940625 0.940625 0.053750 0.053750
0 0.728125 0.933125 0.058750 0.058750
0 0.851875 0.497500 0.056250 0.050000
0 0.523750 0.060000 0.072500 0.072500
0 0.065000 0.361250 0.050000 0.050000
0 0.041875 0.701250 0.036250 0.035000
0 0.947500 0.839375 0.067500 0.068750
0 0.186250 0.880000 0.050000 0.050000
0 0.628125 0.468750 0.066250 0.067500
0 0.349375 0.471875 0.038750 0.038750
0 0.409375 0.036250 0.033750 0.025000
0 0.463125 0.952500 0.033750 0.025000
0 0.538750 0.930000 0.090000 0.087500
0 0.948750 0.381875 0.060000 0.058750
0 0.242500 0.323125 0.040000 0.038750
0 0.917500 0.083125 0.045000 0.043750