0 0.915000 0.835000 0.112500 0.112500
0 0.549375 0.725625 0.096250 0.096250
0 0.154375 0.097500 0.071250 0.082500
0 0.369375 0.595000 0.068750 0.107500
0 0.149375 0.406250 0.093750 0.082500
0 0.331250 0.854375 0.090000 0.098750
0 0.670000 0.407500 0.045000 0.045000
0 0.762500 0.698750 0.032500 0.032500
0 0.688125 0.690625 0.091250 0.091250
0 0.528125 0.178125 0.058750 0.058750
0 0.941250 0.322500 0.025000 0.022500
0 0.328750 0.707500 0.097500 0.097500
0 0.841250 0.201875 0.100000 0.143750
0 0.764375 0.487500 0.058750 0.037500
0 0.950000 0.386875 0.037500 0.023750
0 0.660625 0.816875 0.108750 0.108750
0 0.510625 0.565625 0.073750 0.073750
0 0.465625 0.268125 0.066250 0.066250
0 0.815625 0.851875 0.033750 0.033750
0 0.127500 0.775625 0.025000 0.023750
0 0.198750 0.218750 0.077500 0.075000
0 0.153125 0.863125 0.098750 0.096250
0 0.565000 0.235000 0.035000 0.035000
0 0.508750 0.468750 0.085000 0.085000
0 0.451875 0.756875 0.028750 0.028750
0 0.224375 0.676875 0.061250 0.061250
0 0.054375 0.087500 0.076250 0.080000
0 0.867500 0.435625 0.075000 0.078750
0 0.263125 0.111250 0.091250 0.095000
0 0.590625 0.943750 0.028750 0.030000
0 0.510000 0.077500 0.077500 0.077500
0 0.441250 0.611250 0.045000 0.052500
0 0.227500 0.491250 0.047500 0.055000
0 0.649375 0.301875 0.091250 0.118750
0 0.380000 0.437500 0.055000 0.055000
0 0.923750 0.592500 0.040000 0.047500
0 0.627500 0.582500 0.110000 0.110000
0 0.767500 0.937500 0.065000 0.065000
0 0.400000 0.051250 0.032500 0.032500
0 0.387500 0.167500 0.112500 0.112500
0 0.672500 0.479375 0.065000 0.076250
0 0.651250 0.137500 0.112500 0.112500
0 0.683750 0.923750 0.027500 0.027500
0 0.092500 0.243750 0.107500 0.107500
0 0.927500 0.682500 0.082500 0.082500
0 0.066250 0.676250 0.090000 0.090000
0 0.186250 0.313750 0.060000 0.060000
0 0.138125 0.531250 0.083750 0.120000
0 0.628750 0.038750 0.035000 0.035000
0 0.735000 0.410000 0.027500 0.027500
0 0.794375 0.591250 0.103750 0.087500
0 0.348750 0.337500 0.102500 0.100000
0 0.240625 0.590625 0.031250 0.031250
0 0.969375 0.100625 0.036250 0.036250
0 0.955000 0.447500 0.062500 0.062500
0 0.496250 0.895000 0.090000 0.090000
0 0.821250 0.333125 0.090000 0.086250
0 0.320000 0.035625 0.027500 0.026250
0 0.072500 0.771250 0.035000 0.032500
0 0.909375 0.936875 0.066250 0.066250
0 0.236875 0.408125 0.046250 0.046250
0 0.050625 0.394375 0.061250 0.073750
0 0.795000 0.429375 0.040000 0.033750
0 0.758125 0.064375 0.056250 0.056250
0 0.186250 0.729375 0.030000 0.028750
0 0.245625 0.283750 0.041250 0.040000
0 0.061250 0.912500 0.060000 0.060000