0 0.262500 0.088750 0.100000 0.070000
0 0.466875 0.493750 0.101250 0.102500
0 0.608125 0.265000 0.058750 0.060000
0 0.499375 0.303750 0.108750 0.127500
0 0.448750 0.770625 0.107500 0.126250
0 0.927500 0.276250 0.045000 0.045000
0 0.637500 0.207500 0.040000 0.040000
0 0.136250 0.910000 0.052500 0.052500
0 0.311250 0.616250 0.030000 0.030000
0 0.736875 0.443125 0.098750 0.098750
0 0.586250 0.876250 0.077500 0.077500
0 0.076250 0.192500 0.110000 0.110000
0 0.417500 0.124375 0.067500 0.048750
0 0.927500 0.770000 0.102500 0.090000
0 0.580625 0.085625 0.033750 0.033750
0 0.082500 0.810000 0.067500 0.067500
0 0.225000 0.182500 0.045000 0.045000
0 0.746250 0.851250 0.060000 0.060000
0 0.703750 0.531250 0.045000 0.042500
0 0.117500 0.065000 0.037500 0.035000
0 0.585000 0.771250 0.102500 0.097500
0 0.283750 0.746250 0.030000 0.030000
0 0.326250 0.878750 0.077500 0.077500
0 0.153125 0.581875 0.108750 0.108750
0 0.288125 0.525625 0.086250 0.086250
0 0.738750 0.585000 0.025000 0.025000
0 0.125625 0.458125 0.083750 0.083750
0 0.913125 0.444375 0.078750 0.078750
0 0.780000 0.681250 0.050000 0.050000
0 0.584375 0.473750 0.111250 0.112500
0 0.745000 0.777500 0.075000 0.067500
0 0.591250 0.633125 0.082500 0.073750
0 0.753750 0.165000 0.080000 0.097500
0 0.298125 0.361875 0.083750 0.101250
0 0.618750 0.322500 0.027500 0.032500
0 0.244375 0.890625 0.061250 0.043750
0 0.839375 0.378125 0.046250 0.041250
0 0.777500 0.940000 0.062500 0.062500
0 0.515625 0.195625 0.078750 0.068750
0 0.163125 0.374375 0.078750 0.068750
0 0.966875 0.640000 0.031250 0.027500
0 0.056250 0.725625 0.075000 0.066250
0 0.930625 0.563125 0.103750 0.081250
0 0.705000 0.662500 0.085000 0.085000
0 0.896250 0.152500 0.112500 0.115000
0 0.815625 0.546875 0.033750 0.033750
0 0.312500 0.195000 0.087500 0.087500
0 0.423750 0.923750 0.092500 0.092500
0 0.156875 0.699375 0.068750 0.088750
0 0.765000 0.314375 0.062500 0.081250
0 0.410625 0.624375 0.091250 0.118750
0 0.903125 0.925000 0.086250 0.080000
0 0.848750 0.645000 0.037500 0.035000
0 0.926250 0.061250 0.050000 0.050000
0 0.241250 0.602500 0.045000 0.045000
0 0.670625 0.261875 0.046250 0.051250
0 0.394375 0.301250 0.078750 0.087500
0 0.770625 0.061875 0.083750 0.076250
0 0.049375 0.933750 0.036250 0.032500
0 0.336250 0.448750 0.052500 0.052500
0 0.135000 0.297500 0.070000 0.070000
0 0.189375 0.095625 0.026250 0.031250
0 0.640625 0.566875 0.041250 0.041250
0 0.646875 0.091875 0.073750 0.073750
0 0.928750 0.360000 0.072500 0.072500
0 0.068125 0.279375 0.038750 0.038750
0 0.053750 0.893750 0.032500 0.032500
0 0.234375 0.236875 0.028750 0.028750
0 0.475625 0.051875 0.073750 0.073750
0 0.563125 0.947500 0.036250 0.047500
0 0.200000 0.812500 0.092500 0.092500
0 0.055625 0.090000 0.056250 0.040000
0 0.267500 0.671875 0.070000 0.051250
0 0.829375 0.495000 0.031250 0.022500
0 0.843750 0.321250 0.062500 0.045000
0 0.425000 0.198750 0.032500 0.032500