0 0.678750 0.272500 0.050000 0.050000
0 0.566875 0.214375 0.073750 0.073750
0 0.147500 0.471875 0.047500 0.033750
0 0.398750 0.734375 0.107500 0.078750
0 0.212500 0.220000 0.072500 0.052500
0 0.743750 0.044375 0.087500 0.063750
0 0.331250 0.108750 0.110000 0.110000
0 0.275625 0.619375 0.026250 0.026250
0 0.680000 0.491250 0.097500 0.097500
0 0.231875 0.401875 0.073750 0.073750
0 0.431875 0.299375 0.078750 0.078750
0 0.100625 0.641875 0.068750 0.068750
0 0.081250 0.881250 0.065000 0.065000
0 0.590625 0.898125 0.068750 0.068750
0 0.110000 0.730000 0.080000 0.080000
0 0.332500 0.444375 0.087500 0.093750
0 0.053750 0.090000 0.042500 0.042500
0 0.441875 0.109375 0.056250 0.093750
0 0.949375 0.423125 0.048750 0.081250
0 0.286250 0.875000 0.042500 0.070000
0 0.773750 0.274375 0.077500 0.128750
0 0.071250 0.202500 0.050000 0.050000
0 0.636875 0.103125 0.041250 0.041250
0 0.588750 0.396250 0.025000 0.025000
0 0.905625 0.753125 0.073750 0.073750
0 0.816875 0.650625 0.038750 0.046250
0 0.523125 0.696875 0.103750 0.103750
0 0.478125 0.398125 0.061250 0.061250
0 0.471250 0.931250 0.075000 0.075000
0 0.583750 0.526250 0.057500 0.057500
0 0.780000 0.743125 0.105000 0.076250
0 0.430625 0.823125 0.081250 0.081250
0 0.244375 0.763125 0.053750 0.053750
0 0.875000 0.221250 0.102500 0.102500
0 0.698125 0.338125 0.058750 0.058750
0 0.866250 0.093125 0.087500 0.088750
0 0.163750 0.860625 0.070000 0.071250
0 0.688750 0.896875 0.070000 0.071250
0 0.886875 0.881875 0.093750 0.106250
0 0.527500 0.115625 0.067500 0.058750
0 0.372500 0.665000 0.035000 0.037500
0 0.652500 0.651250 0.100000 0.110000
0 0.582500 0.816250 0.110000 0.072500
0 0.723750 0.165625 0.112500 0.073750
0 0.309375 0.559375 0.063750 0.041250
0 0.061875 0.822500 0.073750 0.037500
0 0.791250 0.518750 0.087500 0.087500
0 0.488750 0.492500 0.112500 0.112500
0 0.070000 0.318750 0.050000 0.050000
0 0.150000 0.070625 0.100000 0.101250
0 0.900000 0.578750 0.105000 0.105000
0 0.786875 0.849375 0.081250 0.081250
0 0.593125 0.311875 0.068750 0.068750
0 0.239375 0.298125 0.088750 0.088750
0 0.201250 0.633750 0.035000 0.035000
0 0.231250 0.530000 0.037500 0.032500
0 0.058125 0.471875 0.061250 0.061250
0 0.140000 0.358750 0.062500 0.062500
0 0.541875 0.593750 0.056250 0.057500
0 0.330625 0.248750 0.048750 0.037500
0 0.946875 0.074375 0.026250 0.026250
0 0.860625 0.364375 0.061250 0.061250
0 0.778125 0.384375 0.041250 0.041250
0 0.354375 0.836875 0.033750 0.033750
0 0.166875 0.533750 0.043750 0.042500
0 0.378750 0.922500 0.077500 0.075000
0 0.890625 0.688750 0.028750 0.027500
0 0.416250 0.201875 0.067500 0.056250
0 0.968750 0.170000 0.035000 0.035000
0 0.202500 0.937500 0.062500 0.062500
0 0.409375 0.605000 0.058750 0.055000
0 0.877500 0.449375 0.045000 0.051250
0 0.238125 0.113125 0.031250 0.028750