0 0.396875 0.688125 0.101250 0.101250
0 0.328125 0.935625 0.106250 0.076250
0 0.271250 0.566875 0.112500 0.101250
0 0.704375 0.619375 0.053750 0.053750
0 0.128125 0.199375 0.086250 0.086250
0 0.321250 0.331250 0.040000 0.040000
0 0.938125 0.699375 0.096250 0.096250
0 0.192500 0.756250 0.045000 0.045000
0 0.833750 0.683750 0.082500 0.082500
0 0.700625 0.533125 0.093750 0.093750
0 0.911875 0.444375 0.083750 0.083750
0 0.883750 0.073750 0.042500 0.042500
0 0.693125 0.179375 0.026250 0.026250
0 0.691250 0.036250 0.035000 0.035000
0 0.123750 0.906250 0.040000 0.040000
0 0.376875 0.795625 0.091250 0.091250
0 0.578750 0.777500 0.045000 0.045000
0 0.471250 0.123750 0.095000 0.095000
0 0.440000 0.931250 0.070000 0.070000
0 0.101875 0.789375 0.038750 0.038750
0 0.298125 0.235625 0.048750 0.048750
0 0.709375 0.291875 0.063750 0.063750
0 0.192500 0.379375 0.095000 0.076250
0 0.736875 0.796875 0.096250 0.183750
0 0.133750 0.512500 0.080000 0.152500
0 0.796875 0.467500 0.083750 0.160000
0 0.506250 0.466875 0.090000 0.083750
0 0.441250 0.555000 0.067500 0.067500
0 0.390625 0.300625 0.043750 0.043750
0 0.843750 0.191250 0.050000 0.050000
0 0.331875 0.094375 0.093750 0.093750
0 0.557500 0.918750 0.097500 0.097500
0 0.225625 0.159375 0.036250 0.036250
0 0.535625 0.335000 0.101250 0.110000
0 0.273750 0.654375 0.050000 0.053750
0 0.913125 0.830625 0.108750 0.118750
0 0.395625 0.373125 0.056250 0.056250
0 0.231250 0.068750 0.085000 0.085000
0 0.083125 0.320625 0.093750 0.093750
0 0.833125 0.331875 0.093750 0.093750
0 0.913125 0.548125 0.071250 0.071250
0 0.583125 0.586875 0.106250 0.106250
0 0.446250 0.211250 0.040000 0.040000
0 0.081875 0.736875 0.051250 0.051250
0 0.196875 0.845625 0.068750 0.066250
0 0.565625 0.228125 0.063750 0.068750
0 0.538750 0.700000 0.057500 0.057500
0 0.636875 0.220625 0.038750 0.038750
0 0.913125 0.345625 0.041250 0.041250
0 0.455000 0.852500 0.035000 0.035000
0 0.638750 0.345625 0.055000 0.048750
0 0.114375 0.645000 0.111250 0.097500
0 0.353125 0.173125 0.033750 0.028750
0 0.942500 0.206250 0.040000 0.035000
0 0.560625 0.093750 0.063750 0.077500
0 0.086250 0.067500 0.112500 0.080000
0 0.676250 0.097500 0.102500 0.072500
0 0.637500 0.272500 0.042500 0.030000
0 0.755000 0.121875 0.037500 0.026250
0 0.821250 0.845000 0.037500 0.037500
0 0.041875 0.469375 0.056250 0.056250
0 0.276250 0.173750 0.035000 0.035000
0 0.301875 0.430625 0.088750 0.088750
0 0.217500 0.465000 0.037500 0.035000
0 0.762500 0.363125 0.027500 0.026250
0 0.665625 0.925625 0.033750 0.033750
0 0.648125 0.853750 0.033750 0.027500
0 0.646875 0.774375 0.043750 0.043750
0 0.631250 0.440000 0.075000 0.075000
0 0.918750 0.926250 0.055000 0.055000
0 0.066875 0.858125 0.058750 0.058750
0 0.373750 0.530625 0.042500 0.041250
0 0.709375 0.419375 0.046250 0.046250
0 0.558125 0.833125 0.036250 0.036250
0 0.500625 0.573125 0.028750 0.028750
0 0.960625 0.143125 0.051250 0.051250
0 0.037500 0.933750 0.047500 0.047500
0 0.820000 0.938750 0.037500 0.037500
0 0.420000 0.493125 0.032500 0.031250
0 0.398750 0.434375 0.042500 0.041250
0 0.822500 0.084375 0.055000 0.056250
0 0.850625 0.608125 0.063750 0.033750
0 0.265625 0.772500 0.038750 0.020000
0 0.210625 0.951250 0.106250 0.040000
0 0.565000 0.151250 0.060000 0.022500
0 0.791875 0.265000 0.026250 0.010000
0 0.055625 0.512500 0.033750 0.012500
0 0.768750 0.937500 0.045000 0.045000
0 0.211250 0.244375 0.065000 0.063750
0 0.960000 0.298125 0.027500 0.026250