0 0.761875 0.154375 0.081250 0.101250
0 0.571875 0.603125 0.101250 0.126250
0 0.918125 0.561250 0.086250 0.107500
0 0.500625 0.425000 0.026250 0.032500
0 0.498125 0.901875 0.111250 0.133750
0 0.641250 0.386250 0.062500 0.075000
0 0.356250 0.477500 0.095000 0.115000
0 0.860000 0.846250 0.052500 0.075000
0 0.391875 0.207500 0.068750 0.097500
0 0.134375 0.225625 0.058750 0.083750
0 0.131875 0.865000 0.028750 0.040000
0 0.080000 0.440000 0.102500 0.102500
0 0.219375 0.288125 0.033750 0.033750
0 0.129375 0.348125 0.063750 0.063750
0 0.243125 0.766875 0.038750 0.038750
0 0.181250 0.642500 0.092500 0.092500
0 0.661250 0.917500 0.107500 0.102500
0 0.548750 0.256250 0.100000 0.100000
0 0.415625 0.748125 0.038750 0.036250
0 0.648125 0.770625 0.108750 0.108750
0 0.161875 0.440625 0.026250 0.021250
0 0.905000 0.373750 0.102500 0.117500
0 0.788125 0.435000 0.111250 0.127500
0 0.769375 0.695625 0.108750 0.103750
0 0.074375 0.133750 0.078750 0.075000
0 0.375625 0.664375 0.086250 0.086250
0 0.633125 0.075000 0.046250 0.045000
0 0.310000 0.201875 0.062500 0.061250
0 0.501875 0.732500 0.103750 0.102500
0 0.551250 0.063750 0.082500 0.082500
0 0.815625 0.270625 0.056250 0.056250
0 0.345000 0.892500 0.112500 0.112500
0 0.667500 0.567500 0.072500 0.072500
0 0.216875 0.545625 0.061250 0.061250
0 0.924375 0.238125 0.028750 0.028750
0 0.235000 0.891250 0.067500 0.067500
0 0.740625 0.236875 0.041250 0.041250
0 0.681875 0.139375 0.033750 0.056250
0 0.358125 0.080625 0.031250 0.051250
0 0.927500 0.726875 0.032500 0.053750
0 0.071875 0.601875 0.086250 0.143750
0 0.180625 0.066875 0.093750 0.093750
0 0.310000 0.570000 0.047500 0.047500
0 0.475625 0.033125 0.041250 0.041250
0 0.532500 0.355000 0.062500 0.062500
0 0.373750 0.303750 0.075000 0.075000
0 0.302500 0.130000 0.050000 0.050000
0 0.857500 0.940000 0.032500 0.032500
0 0.875000 0.735000 0.042500 0.042500
0 0.630000 0.141250 0.040000 0.040000
0 0.440625 0.340625 0.028750 0.028750
0 0.773750 0.585000 0.097500 0.097500
0 0.755000 0.913125 0.037500 0.033750
0 0.144375 0.750625 0.098750 0.088750
0 0.938125 0.887500 0.058750 0.057500
0 0.631875 0.471875 0.046250 0.046250
0 0.933750 0.165000 0.095000 0.095000
0 0.463750 0.507500 0.077500 0.077500
0 0.269375 0.641875 0.068750 0.068750
0 0.052500 0.898750 0.080000 0.080000
0 0.230625 0.224375 0.056250 0.056250
0 0.928750 0.072500 0.067500 0.067500
0 0.467500 0.595000 0.077500 0.077500
0 0.299375 0.275625 0.058750 0.058750