0 0.178750 0.749375 0.030000 0.038750
0 0.677500 0.772500 0.062500 0.082500
0 0.960000 0.180000 0.040000 0.052500
0 0.690625 0.313750 0.091250 0.120000
0 0.516875 0.060000 0.026250 0.025000
0 0.229375 0.460000 0.111250 0.107500
0 0.870000 0.910000 0.062500 0.060000
0 0.071875 0.603125 0.071250 0.068750
0 0.778125 0.521875 0.103750 0.103750
0 0.551875 0.384375 0.041250 0.041250
0 0.820625 0.781875 0.083750 0.083750
0 0.676875 0.441875 0.068750 0.068750
0 0.553125 0.520000 0.051250 0.045000
0 0.813125 0.063750 0.058750 0.052500
0 0.192500 0.574375 0.102500 0.091250
0 0.661875 0.150625 0.028750 0.023750
0 0.450000 0.585000 0.067500 0.065000
0 0.638750 0.067500 0.090000 0.087500
0 0.111875 0.370625 0.043750 0.043750
0 0.939375 0.615000 0.088750 0.090000
0 0.195000 0.706875 0.025000 0.016250
0 0.804375 0.246875 0.078750 0.051250
0 0.663750 0.600625 0.060000 0.038750
0 0.438125 0.521875 0.031250 0.031250
0 0.630000 0.880000 0.062500 0.062500
0 0.185625 0.299375 0.026250 0.026250
0 0.082500 0.783750 0.110000 0.110000
0 0.309375 0.834375 0.086250 0.086250
0 0.147500 0.177500 0.102500 0.080000
0 0.624375 0.693750 0.038750 0.037500
0 0.434375 0.205000 0.046250 0.040000
0 0.436875 0.385625 0.058750 0.058750
0 0.920625 0.791875 0.098750 0.098750
0 0.465625 0.844375 0.043750 0.043750
0 0.771875 0.645625 0.076250 0.076250
0 0.916250 0.337500 0.110000 0.110000
0 0.425000 0.300000 0.042500 0.042500
0 0.244375 0.943125 0.068750 0.053750
0 0.263750 0.325000 0.107500 0.105000
0 0.345625 0.057500 0.043750 0.060000
0 0.532500 0.128125 0.070000 0.096250
0 0.064375 0.891250 0.051250 0.070000
0 0.958750 0.432500 0.027500 0.037500
0 0.738125 0.825625 0.041250 0.041250
0 0.322500 0.193750 0.100000 0.100000
0 0.538125 0.677500 0.108750 0.067500
0 0.644375 0.205625 0.066250 0.066250
0 0.965000 0.061250 0.037500 0.037500
0 0.183125 0.098125 0.041250 0.041250
0 0.353125 0.548125 0.066250 0.066250
0 0.509375 0.768125 0.058750 0.051250
0 0.301875 0.705000 0.096250 0.095000
0 0.810000 0.954375 0.027500 0.026250
0 0.373750 0.428125 0.042500 0.041250
0 0.475625 0.940625 0.046250 0.031250
0 0.337500 0.930000 0.087500 0.080000
0 0.498750 0.280000 0.087500 0.070000
0 0.904375 0.065625 0.026250 0.026250
0 0.193125 0.822500 0.088750 0.072500
0 0.062500 0.261250 0.080000 0.065000