0 0.232500 0.753750 0.080000 0.077500
0 0.458125 0.346875 0.096250 0.093750
0 0.858125 0.531875 0.081250 0.078750
0 0.420000 0.922500 0.067500 0.065000
0 0.916875 0.060625 0.091250 0.091250
0 0.631250 0.422500 0.052500 0.052500
0 0.861875 0.871875 0.103750 0.103750
0 0.565000 0.107500 0.070000 0.070000
0 0.356875 0.834375 0.101250 0.091250
0 0.955000 0.788750 0.052500 0.067500
0 0.620625 0.681875 0.106250 0.138750
0 0.575000 0.240000 0.092500 0.120000
0 0.178750 0.197500 0.025000 0.032500
0 0.086875 0.564375 0.101250 0.096250
0 0.447500 0.733750 0.037500 0.037500
0 0.475625 0.599375 0.081250 0.081250
0 0.211875 0.658125 0.108750 0.078750
0 0.218750 0.213750 0.032500 0.022500
0 0.227500 0.081250 0.060000 0.042500
0 0.350000 0.548750 0.062500 0.045000
0 0.289375 0.100625 0.031250 0.031250
0 0.250625 0.860625 0.081250 0.081250
0 0.243125 0.423125 0.093750 0.093750
0 0.683750 0.781250 0.042500 0.042500
0 0.406250 0.126250 0.047500 0.047500
0 0.831875 0.243125 0.066250 0.051250
0 0.138750 0.296250 0.065000 0.057500
0 0.880625 0.440625 0.088750 0.078750
0 0.146875 0.836875 0.061250 0.053750
0 0.928750 0.257500 0.087500 0.077500
0 0.781250 0.337500 0.107500 0.107500
0 0.071875 0.750625 0.078750 0.078750
0 0.355000 0.266875 0.087500 0.093750
0 0.756250 0.105625 0.105000 0.113750
0 0.574375 0.346875 0.031250 0.033750
0 0.751250 0.533125 0.110000 0.118750
0 0.202500 0.343750 0.030000 0.030000
0 0.053125 0.059375 0.068750 0.068750
0 0.476250 0.127500 0.062500 0.062500
0 0.600625 0.933125 0.066250 0.078750
0 0.297500 0.679375 0.035000 0.041250
0 0.571875 0.416250 0.033750 0.040000
0 0.081875 0.252500 0.033750 0.040000
0 0.473125 0.248750 0.091250 0.060000
0 0.065625 0.676875 0.031250 0.031250
0 0.581250 0.523750 0.090000 0.090000
0 0.850000 0.723750 0.110000 0.110000
0 0.387500 0.623750 0.077500 0.077500
0 0.849375 0.639375 0.073750 0.028750
0 0.383125 0.766875 0.053750 0.021250
0 0.658750 0.078750 0.060000 0.077500
0 0.104375 0.380625 0.051250 0.066250
0 0.711875 0.916875 0.043750 0.056250
0 0.951250 0.610000 0.055000 0.055000
0 0.146250 0.052500 0.067500 0.067500
0 0.359375 0.404375 0.063750 0.063750
0 0.158125 0.770625 0.026250 0.026250
0 0.526250 0.831250 0.070000 0.070000
0 0.708750 0.642500 0.025000 0.025000
0 0.257500 0.277500 0.085000 0.085000
0 0.473125 0.459375 0.063750 0.063750
0 0.120625 0.916875 0.086250 0.086250
0 0.163125 0.120625 0.048750 0.048750
0 0.668750 0.292500 0.080000 0.080000
0 0.605625 0.835625 0.061250 0.061250
0 0.240625 0.534375 0.071250 0.086250
0 0.932500 0.358750 0.045000 0.045000
0 0.915625 0.176875 0.066250 0.066250
0 0.076250 0.136250 0.062500 0.062500
0 0.353125 0.471875 0.068750 0.053750
0 0.701875 0.427500 0.073750 0.057500
0 0.738750 0.778750 0.042500 0.042500
0 0.301250 0.148750 0.047500 0.047500
0 0.953125 0.543750 0.036250 0.037500
0 0.436875 0.516250 0.026250 0.017500
0 0.314375 0.748750 0.046250 0.032500
0 0.506250 0.928750 0.080000 0.080000
0 0.661250 0.552500 0.045000 0.045000
0 0.433125 0.043125 0.056250 0.056250
0 0.344375 0.953125 0.036250 0.036250
0 0.721875 0.704375 0.078750 0.078750