0 0.656875 0.544375 0.063750 0.063750
0 0.520000 0.642500 0.082500 0.082500
0 0.138125 0.403125 0.056250 0.056250
0 0.128750 0.667500 0.050000 0.050000
0 0.060000 0.145000 0.060000 0.060000
0 0.671875 0.323125 0.063750 0.063750
0 0.178750 0.868750 0.040000 0.040000
0 0.530625 0.899375 0.093750 0.093750
0 0.875000 0.300625 0.052500 0.036250
0 0.126875 0.219375 0.031250 0.021250
0 0.240000 0.402500 0.102500 0.102500
0 0.399375 0.493125 0.076250 0.076250
0 0.711875 0.920625 0.046250 0.046250
0 0.575625 0.419375 0.086250 0.086250
0 0.035000 0.942500 0.035000 0.035000
0 0.163750 0.121875 0.032500 0.053750
0 0.640000 0.691875 0.047500 0.078750
0 0.576875 0.064375 0.048750 0.081250
0 0.220625 0.090625 0.046250 0.076250
0 0.646250 0.212500 0.025000 0.022500
0 0.261250 0.715000 0.097500 0.097500
0 0.798125 0.576875 0.083750 0.083750
0 0.827500 0.480625 0.102500 0.093750
0 0.536250 0.303125 0.045000 0.041250
0 0.370000 0.801250 0.027500 0.025000
0 0.235000 0.167500 0.035000 0.035000
0 0.320625 0.227500 0.068750 0.055000
0 0.368125 0.864375 0.068750 0.078750
0 0.277500 0.533125 0.080000 0.081250
0 0.844375 0.175000 0.083750 0.105000
0 0.548750 0.173750 0.090000 0.112500
0 0.865625 0.779375 0.088750 0.111250
0 0.403125 0.617500 0.096250 0.120000
0 0.058750 0.283125 0.085000 0.158750
0 0.550625 0.735000 0.078750 0.085000
0 0.148125 0.547500 0.096250 0.067500
0 0.912500 0.077500 0.035000 0.035000
0 0.487500 0.508750 0.060000 0.060000
0 0.394375 0.353125 0.108750 0.108750
0 0.320625 0.129375 0.101250 0.101250
0 0.776875 0.333125 0.108750 0.108750
0 0.631250 0.776250 0.052500 0.052500
0 0.106250 0.881875 0.085000 0.086250
0 0.420625 0.243750 0.063750 0.065000
0 0.726250 0.065625 0.085000 0.086250
0 0.918125 0.638125 0.058750 0.058750
0 0.713125 0.809375 0.091250 0.091250
0 0.251250 0.836250 0.080000 0.080000
0 0.210625 0.303125 0.078750 0.078750
0 0.278750 0.937500 0.047500 0.047500
0 0.866250 0.367500 0.040000 0.040000
0 0.410625 0.773125 0.031250 0.031250
0 0.957500 0.119375 0.042500 0.033750
0 0.851875 0.886875 0.078750 0.063750
0 0.721250 0.197500 0.092500 0.075000
0 0.308125 0.306250 0.038750 0.042500
0 0.586875 0.262500 0.041250 0.040000