0 0.869375 0.623125 0.061250 0.061250
0 0.864375 0.146875 0.033750 0.033750
0 0.225625 0.096875 0.093750 0.093750
0 0.115625 0.446250 0.086250 0.105000
0 0.253125 0.766250 0.043750 0.040000
0 0.271250 0.238125 0.045000 0.041250
0 0.641875 0.614375 0.093750 0.086250
0 0.824375 0.508125 0.081250 0.073750
0 0.776875 0.598125 0.066250 0.066250
0 0.724375 0.920625 0.048750 0.048750
0 0.717500 0.356250 0.075000 0.075000
0 0.608125 0.304375 0.108750 0.108750
0 0.193750 0.230000 0.047500 0.047500
0 0.695625 0.441875 0.038750 0.038750
0 0.305000 0.032500 0.035000 0.035000
0 0.746875 0.155625 0.066250 0.066250
0 0.358750 0.495000 0.097500 0.097500
0 0.899375 0.258125 0.061250 0.061250
0 0.203750 0.362500 0.055000 0.062500
0 0.316875 0.884375 0.036250 0.041250
0 0.549375 0.473125 0.063750 0.063750
0 0.282500 0.175000 0.047500 0.047500
0 0.070000 0.535000 0.030000 0.030000
0 0.485000 0.315000 0.062500 0.062500
0 0.441875 0.838125 0.098750 0.098750
0 0.538125 0.105625 0.088750 0.088750
0 0.387500 0.630000 0.070000 0.070000
0 0.891875 0.433125 0.058750 0.058750
0 0.457500 0.055000 0.045000 0.042500
0 0.872500 0.813750 0.110000 0.110000
0 0.061250 0.773750 0.070000 0.070000
0 0.653125 0.819375 0.078750 0.078750
0 0.545625 0.593125 0.083750 0.083750
0 0.176875 0.869375 0.081250 0.081250
0 0.175625 0.591875 0.091250 0.091250
0 0.040000 0.648750 0.042500 0.052500
0 0.076875 0.089375 0.103750 0.103750
0 0.358750 0.215000 0.090000 0.090000
0 0.378750 0.376250 0.102500 0.102500
0 0.573750 0.903750 0.065000 0.060000
0 0.549375 0.695625 0.051250 0.051250
0 0.656250 0.168750 0.052500 0.052500
0 0.767500 0.695000 0.085000 0.085000
0 0.310000 0.128750 0.025000 0.025000
0 0.342500 0.811250 0.085000 0.065000
0 0.473750 0.510000 0.067500 0.067500
0 0.133750 0.946250 0.037500 0.037500
0 0.492500 0.221250 0.097500 0.097500
0 0.809375 0.373125 0.091250 0.091250
0 0.262500 0.873750 0.057500 0.057500
0 0.880625 0.930625 0.058750 0.058750
0 0.755625 0.794375 0.041250 0.041250
0 0.182500 0.787500 0.057500 0.057500
0 0.124375 0.265625 0.061250 0.061250
0 0.944375 0.171875 0.081250 0.081250
0 0.270625 0.673750 0.071250 0.062500
0 0.699375 0.041875 0.033750 0.033750
0 0.240000 0.450000 0.092500 0.092500
0 0.662500 0.692500 0.050000 0.050000
0 0.722500 0.495000 0.030000 0.030000
0 0.869375 0.051875 0.056250 0.056250
0 0.397500 0.120000 0.057500 0.057500
0 0.755625 0.858125 0.061250 0.061250
0 0.398125 0.043125 0.058750 0.058750
0 0.390625 0.943125 0.048750 0.048750
0 0.454375 0.651250 0.028750 0.047500
0 0.720625 0.252500 0.068750 0.052500
0 0.262500 0.575000 0.067500 0.060000
0 0.067500 0.892500 0.072500 0.072500