0 0.356875 0.761875 0.041250 0.041250
0 0.430625 0.438125 0.056250 0.056250
0 0.090625 0.350625 0.108750 0.108750
0 0.602500 0.862500 0.055000 0.052500
0 0.797500 0.286250 0.070000 0.070000
0 0.903750 0.676250 0.102500 0.102500
0 0.281250 0.150000 0.057500 0.057500
0 0.623750 0.131250 0.072500 0.072500
0 0.903750 0.077500 0.100000 0.100000
0 0.381875 0.134375 0.068750 0.071250
0 0.759375 0.096875 0.108750 0.106250
0 0.246250 0.690000 0.030000 0.030000
0 0.075625 0.834375 0.048750 0.048750
0 0.375000 0.657500 0.095000 0.095000
0 0.162500 0.490000 0.085000 0.085000
0 0.056875 0.181250 0.071250 0.065000
0 0.808125 0.873750 0.108750 0.100000
0 0.095625 0.917500 0.086250 0.080000
0 0.618125 0.409375 0.098750 0.091250
0 0.302500 0.468750 0.050000 0.050000
0 0.883125 0.291250 0.081250 0.072500
0 0.413750 0.853750 0.050000 0.060000
0 0.541250 0.301250 0.047500 0.047500
0 0.104375 0.751250 0.068750 0.060000
0 0.266875 0.276875 0.106250 0.096250
0 0.885000 0.438750 0.092500 0.092500
0 0.305625 0.883125 0.068750 0.068750
0 0.926250 0.822500 0.107500 0.107500
0 0.091875 0.580625 0.061250 0.061250
0 0.428750 0.295000 0.080000 0.110000
0 0.533750 0.531250 0.082500 0.092500
0 0.214375 0.861875 0.081250 0.091250
0 0.636250 0.232500 0.035000 0.035000
0 0.712500 0.518750 0.095000 0.095000
0 0.942500 0.200000 0.072500 0.072500
0 0.928125 0.590625 0.053750 0.053750
0 0.762500 0.766250 0.080000 0.080000
0 0.786250 0.636250 0.040000 0.040000
0 0.507500 0.638750 0.092500 0.092500
0 0.346875 0.545000 0.068750 0.060000
0 0.218750 0.351250 0.032500 0.032500
0 0.221250 0.605000 0.102500 0.102500
0 0.713125 0.603125 0.053750 0.053750
0 0.384375 0.058125 0.026250 0.026250
0 0.118750 0.636250 0.035000 0.032500
0 0.553125 0.764375 0.081250 0.111250
0 0.523125 0.133750 0.071250 0.062500
0 0.520000 0.890625 0.092500 0.081250
0 0.781250 0.400625 0.067500 0.058750
0 0.158750 0.112500 0.092500 0.092500
0 0.676875 0.719375 0.076250 0.076250
0 0.063125 0.084375 0.068750 0.068750
0 0.732500 0.200000 0.080000 0.080000
0 0.845625 0.573125 0.036250 0.036250
0 0.030000 0.241875 0.027500 0.028750
0 0.506875 0.419375 0.068750 0.073750
0 0.910000 0.923125 0.070000 0.076250
0 0.174375 0.721875 0.036250 0.036250
0 0.701875 0.881875 0.081250 0.101250
0 0.215625 0.403750 0.036250 0.045000
0 0.323750 0.377500 0.075000 0.075000
0 0.478750 0.201250 0.032500 0.032500
0 0.073125 0.468750 0.076250 0.085000
0 0.648750 0.611250 0.060000 0.067500
0 0.901250 0.525000 0.052500 0.050000
0 0.170625 0.679375 0.033750 0.031250
0 0.661250 0.278750 0.052500 0.032500
0 0.525000 0.048750 0.107500 0.067500
0 0.631250 0.522500 0.027500 0.017500
0 0.181250 0.201875 0.050000 0.031250
0 0.084375 0.273125 0.036250 0.031250
0 0.064375 0.673125 0.053750 0.048750
0 0.807500 0.702500 0.042500 0.030000
0 0.881250 0.358125 0.035000 0.038750
0 0.671250 0.056875 0.050000 0.048750
0 0.285625 0.077500 0.058750 0.057500