0 0.640000 0.626875 0.100000 0.053750
0 0.246875 0.914375 0.041250 0.041250
0 0.426250 0.835625 0.080000 0.081250
0 0.581875 0.788125 0.036250 0.036250
0 0.585625 0.951875 0.031250 0.031250
0 0.526250 0.640000 0.110000 0.112500
0 0.074375 0.736875 0.046250 0.046250
0 0.261250 0.335000 0.050000 0.050000
0 0.814375 0.491875 0.066250 0.093750
0 0.382500 0.212500 0.105000 0.105000
0 0.205000 0.193750 0.070000 0.070000
0 0.243125 0.640625 0.078750 0.078750
0 0.714375 0.124375 0.078750 0.078750
0 0.105625 0.143125 0.098750 0.098750
0 0.286250 0.393750 0.032500 0.032500
0 0.647500 0.486250 0.057500 0.057500
0 0.739375 0.538125 0.058750 0.058750
0 0.288125 0.451875 0.038750 0.038750
0 0.683125 0.228125 0.098750 0.098750
0 0.563750 0.545000 0.030000 0.030000
0 0.540625 0.419375 0.096250 0.096250
0 0.473750 0.310000 0.025000 0.025000
0 0.924375 0.439375 0.076250 0.076250
0 0.071875 0.248125 0.086250 0.086250
0 0.757500 0.625000 0.077500 0.077500
0 0.896875 0.794375 0.093750 0.096250
0 0.411875 0.568750 0.103750 0.105000
0 0.215000 0.087500 0.080000 0.080000
0 0.590000 0.066250 0.092500 0.092500
0 0.774375 0.735625 0.043750 0.043750
0 0.965625 0.889375 0.028750 0.028750
0 0.938125 0.210000 0.098750 0.117500
0 0.396250 0.746250 0.082500 0.082500
0 0.098125 0.359375 0.093750 0.093750
0 0.360000 0.412500 0.075000 0.075000
0 0.255625 0.780625 0.033750 0.033750
0 0.968750 0.630000 0.030000 0.030000
0 0.801875 0.073125 0.026250 0.026250
0 0.879375 0.913125 0.078750 0.078750
0 0.093125 0.495000 0.081250 0.097500
0 0.324375 0.525000 0.056250 0.067500
0 0.801250 0.251250 0.100000 0.120000
0 0.898125 0.558125 0.033750 0.026250
0 0.747500 0.836875 0.060000 0.058750
0 0.760625 0.922500 0.078750 0.077500
0 0.644375 0.713750 0.088750 0.087500
0 0.826250 0.145000 0.077500 0.062500
0 0.206250 0.481875 0.097500 0.078750
0 0.413125 0.479375 0.026250 0.021250
0 0.382500 0.068125 0.100000 0.081250
0 0.069375 0.599375 0.088750 0.088750
0 0.093125 0.870625 0.093750 0.093750
0 0.175000 0.563750 0.060000 0.060000
0 0.662500 0.373125 0.110000 0.103750
0 0.851875 0.628125 0.033750 0.033750
0 0.468750 0.926250 0.075000 0.075000
0 0.488125 0.205625 0.073750 0.073750
0 0.260625 0.721875 0.053750 0.053750
0 0.610000 0.875000 0.097500 0.097500
0 0.381250 0.933750 0.055000 0.055000
0 0.553125 0.308125 0.083750 0.083750
0 0.156875 0.753125 0.103750 0.103750
0 0.931250 0.074375 0.067500 0.061250
0 0.522500 0.807500 0.050000 0.045000
0 0.885000 0.683750 0.042500 0.042500
0 0.255000 0.569375 0.032500 0.038750
0 0.646875 0.566250 0.071250 0.027500
0 0.227500 0.268750 0.032500 0.032500
0 0.892500 0.321250 0.042500 0.042500
0 0.970000 0.673750 0.032500 0.032500
0 0.327500 0.758750 0.037500 0.037500
0 0.799375 0.374375 0.086250 0.086250
0 0.373750 0.341250 0.045000 0.045000
0 0.164375 0.634375 0.056250 0.053750
0 0.291875 0.161875 0.058750 0.056250
0 0.335625 0.858125 0.071250 0.061250
0 0.445000 0.391875 0.075000 0.063750
0 0.823750 0.575625 0.032500 0.031250