0 0.081875 0.638125 0.061250 0.066250
0 0.540625 0.691875 0.071250 0.071250
0 0.644375 0.303125 0.048750 0.048750
0 0.260625 0.895625 0.036250 0.036250
0 0.816250 0.800000 0.060000 0.060000
0 0.106250 0.171250 0.100000 0.100000
0 0.816875 0.423125 0.088750 0.088750
0 0.688125 0.401875 0.038750 0.038750
0 0.943750 0.375000 0.037500 0.037500
0 0.508125 0.272500 0.061250 0.062500
0 0.762500 0.178125 0.042500 0.043750
0 0.268125 0.608125 0.086250 0.088750
0 0.077500 0.403750 0.027500 0.027500
0 0.605625 0.499375 0.101250 0.101250
0 0.880000 0.197500 0.092500 0.092500
0 0.182500 0.400000 0.040000 0.040000
0 0.304375 0.435625 0.111250 0.111250
0 0.401875 0.053750 0.053750 0.052500
0 0.502500 0.586250 0.035000 0.035000
0 0.275625 0.775625 0.026250 0.026250
0 0.151875 0.291875 0.078750 0.078750
0 0.243125 0.090000 0.098750 0.112500
0 0.154375 0.850625 0.101250 0.101250
0 0.421250 0.701875 0.095000 0.113750
0 0.911875 0.764375 0.061250 0.061250
0 0.668750 0.880000 0.027500 0.027500
0 0.060625 0.815625 0.038750 0.038750
0 0.673125 0.693125 0.048750 0.048750
0 0.573750 0.908750 0.112500 0.112500
0 0.282500 0.246250 0.065000 0.070000
0 0.440625 0.433750 0.108750 0.207500
0 0.904375 0.592500 0.103750 0.197500
0 0.142500 0.527500 0.075000 0.075000
0 0.411875 0.823125 0.101250 0.101250
0 0.628125 0.193125 0.093750 0.093750
0 0.433125 0.155000 0.058750 0.060000
0 0.765000 0.583750 0.080000 0.080000
0 0.575000 0.073750 0.092500 0.092500
0 0.681250 0.042500 0.032500 0.032500
0 0.808750 0.710000 0.055000 0.055000
0 0.768125 0.069375 0.076250 0.071250
0 0.941250 0.891250 0.065000 0.065000
0 0.810000 0.303750 0.097500 0.092500
0 0.912500 0.070000 0.105000 0.100000
0 0.125625 0.055625 0.083750 0.083750
0 0.626875 0.595000 0.056250 0.055000
0 0.446250 0.303750 0.027500 0.027500
0 0.628125 0.380625 0.043750 0.043750
0 0.361875 0.166875 0.026250 0.026250
0 0.428125 0.605625 0.058750 0.058750
0 0.575625 0.776250 0.066250 0.060000
0 0.911250 0.325000 0.037500 0.037500
0 0.138125 0.752500 0.073750 0.052500
0 0.829375 0.920625 0.083750 0.081250
0 0.715000 0.797500 0.100000 0.102500
0 0.328125 0.699375 0.048750 0.048750
0 0.287500 0.337500 0.050000 0.050000
0 0.288750 0.531250 0.040000 0.040000
0 0.271250 0.831250 0.040000 0.040000
0 0.708750 0.287500 0.050000 0.050000
0 0.117500 0.382500 0.025000 0.025000
0 0.059375 0.268125 0.063750 0.063750
0 0.188750 0.602500 0.057500 0.057500
0 0.196250 0.214375 0.060000 0.038750
0 0.561250 0.626250 0.037500 0.037500
0 0.521875 0.176875 0.091250 0.091250
0 0.363125 0.266875 0.048750 0.048750
0 0.357500 0.928750 0.052500 0.052500
0 0.536875 0.403125 0.026250 0.023750
0 0.167500 0.670625 0.060000 0.053750
0 0.221250 0.947500 0.050000 0.050000
0 0.440000 0.241250 0.052500 0.052500
0 0.065625 0.469375 0.041250 0.041250
0 0.936250 0.440000 0.065000 0.065000
0 0.946875 0.266250 0.026250 0.017500
0 0.226250 0.525000 0.050000 0.050000
0 0.041875 0.718125 0.058750 0.058750