0 0.442500 0.806250 0.075000 0.090000
0 0.941250 0.083750 0.075000 0.090000
0 0.306250 0.461875 0.057500 0.056250
0 0.858750 0.719375 0.030000 0.028750
0 0.678125 0.866875 0.086250 0.083750
0 0.720625 0.309375 0.106250 0.103750
0 0.117500 0.187500 0.060000 0.060000
0 0.349375 0.898750 0.053750 0.065000
0 0.823125 0.789375 0.063750 0.063750
0 0.839375 0.895625 0.038750 0.038750
0 0.246875 0.765625 0.058750 0.058750
0 0.111875 0.833125 0.091250 0.091250
0 0.507500 0.376250 0.100000 0.100000
0 0.783750 0.538750 0.060000 0.060000
0 0.927500 0.161250 0.037500 0.037500
0 0.895625 0.268125 0.033750 0.033750
0 0.630000 0.590000 0.082500 0.082500
0 0.492500 0.480000 0.070000 0.070000
0 0.253125 0.827500 0.036250 0.037500
0 0.290000 0.928750 0.047500 0.050000
0 0.305000 0.691250 0.035000 0.035000
0 0.766250 0.138750 0.102500 0.102500
0 0.533750 0.121250 0.060000 0.060000
0 0.221875 0.231875 0.038750 0.038750
0 0.296250 0.142500 0.065000 0.065000
0 0.627500 0.191875 0.102500 0.101250
0 0.125000 0.668125 0.072500 0.071250
0 0.108750 0.112500 0.065000 0.065000
0 0.448125 0.275625 0.051250 0.051250
0 0.718125 0.696875 0.106250 0.106250
0 0.420000 0.652500 0.055000 0.055000
0 0.579375 0.738125 0.093750 0.093750
0 0.111875 0.346875 0.111250 0.111250
0 0.095625 0.506875 0.096250 0.096250
0 0.271875 0.545000 0.093750 0.080000
0 0.820625 0.243125 0.056250 0.056250
0 0.212500 0.071250 0.025000 0.025000
0 0.306250 0.325625 0.105000 0.121250
0 0.747500 0.046875 0.025000 0.028750
0 0.346875 0.781250 0.101250 0.117500
0 0.870000 0.170625 0.030000 0.033750
0 0.959375 0.540625 0.056250 0.056250
0 0.642500 0.442500 0.110000 0.110000
0 0.876875 0.365625 0.108750 0.096250
0 0.873750 0.538125 0.077500 0.078750
0 0.215625 0.033125 0.033750 0.033750
0 0.365625 0.066250 0.046250 0.047500
0 0.944375 0.698750 0.071250 0.072500
0 0.212500 0.628125 0.052500 0.043750
0 0.409375 0.138125 0.051250 0.043750
0 0.526250 0.252500 0.067500 0.067500
0 0.436875 0.599375 0.031250 0.031250
0 0.380000 0.438750 0.045000 0.045000
0 0.510625 0.598125 0.083750 0.083750
0 0.403125 0.516875 0.036250 0.036250
0 0.600000 0.036250 0.032500 0.032500
0 0.603750 0.321250 0.062500 0.062500
0 0.773750 0.416250 0.080000 0.080000
0 0.561875 0.910000 0.051250 0.047500
0 0.906250 0.918750 0.067500 0.062500
0 0.806250 0.622500 0.037500 0.037500
0 0.038125 0.721875 0.041250 0.041250
0 0.172500 0.080000 0.035000 0.032500
0 0.771250 0.916250 0.082500 0.082500
0 0.222500 0.936250 0.072500 0.072500
0 0.480625 0.911875 0.091250 0.091250
0 0.106250 0.930000 0.077500 0.077500
0 0.913750 0.820000 0.055000 0.055000
0 0.758750 0.231250 0.032500 0.032500
0 0.895000 0.608750 0.067500 0.047500
0 0.215000 0.695000 0.040000 0.040000
0 0.520000 0.052500 0.057500 0.057500
0 0.418125 0.343125 0.051250 0.061250
0 0.205625 0.166875 0.041250 0.048750
0 0.580625 0.833750 0.078750 0.080000
0 0.223750 0.454375 0.065000 0.073750
0 0.208750 0.308750 0.037500 0.042500