0 0.403125 0.599375 0.088750 0.088750
0 0.346250 0.402500 0.035000 0.035000
0 0.779375 0.476875 0.073750 0.073750
0 0.842500 0.333750 0.112500 0.127500
0 0.828125 0.118125 0.076250 0.086250
0 0.188125 0.509375 0.058750 0.058750
0 0.175625 0.779375 0.053750 0.053750
0 0.795625 0.858125 0.093750 0.093750
0 0.278750 0.321250 0.112500 0.112500
0 0.519375 0.723125 0.043750 0.043750
0 0.065000 0.771875 0.067500 0.088750
0 0.380000 0.212500 0.057500 0.075000
0 0.536875 0.192500 0.068750 0.090000
0 0.642500 0.870625 0.097500 0.128750
0 0.777500 0.628750 0.055000 0.055000
0 0.309375 0.640000 0.058750 0.067500
0 0.515625 0.571250 0.061250 0.052500
0 0.169375 0.158125 0.031250 0.026250
0 0.649375 0.747500 0.051250 0.047500
0 0.663750 0.268750 0.110000 0.097500
0 0.373125 0.107500 0.093750 0.082500
0 0.525000 0.264375 0.025000 0.021250
0 0.656250 0.547500 0.040000 0.040000
0 0.643125 0.455625 0.101250 0.101250
0 0.936250 0.096250 0.087500 0.077500
0 0.067500 0.295625 0.097500 0.086250
0 0.725625 0.551250 0.053750 0.047500
0 0.271875 0.051250 0.031250 0.027500
0 0.085000 0.691875 0.050000 0.048750
0 0.941250 0.302500 0.065000 0.065000
0 0.371875 0.520625 0.036250 0.036250
0 0.906250 0.889375 0.082500 0.053750
0 0.088750 0.511250 0.105000 0.105000
0 0.844375 0.200625 0.041250 0.036250
0 0.376875 0.785625 0.026250 0.023750
0 0.384375 0.338125 0.076250 0.068750
0 0.214375 0.596875 0.096250 0.096250
0 0.424375 0.704375 0.073750 0.036250
0 0.372500 0.882500 0.097500 0.097500
0 0.848750 0.476250 0.025000 0.030000
0 0.445000 0.507500 0.047500 0.057500
0 0.173750 0.887500 0.092500 0.092500
0 0.531875 0.317500 0.061250 0.047500
0 0.266250 0.778750 0.077500 0.077500
0 0.695625 0.073125 0.086250 0.083750
0 0.927500 0.211875 0.032500 0.031250
0 0.591875 0.656250 0.063750 0.090000
0 0.555625 0.447500 0.046250 0.065000
0 0.913125 0.641250 0.063750 0.090000
0 0.946250 0.534375 0.070000 0.098750
0 0.520000 0.795000 0.072500 0.072500
0 0.813125 0.727500 0.093750 0.090000
0 0.311875 0.511875 0.033750 0.033750
0 0.233125 0.169375 0.068750 0.068750
0 0.591250 0.070625 0.070000 0.068750
0 0.685000 0.661250 0.060000 0.060000
0 0.433125 0.786875 0.066250 0.066250
0 0.958750 0.752500 0.032500 0.032500
0 0.121250 0.072500 0.080000 0.080000
0 0.958125 0.399375 0.033750 0.033750
0 0.860000 0.557500 0.055000 0.055000
0 0.426875 0.415625 0.041250 0.038750
0 0.513750 0.047500 0.052500 0.050000
0 0.098750 0.400000 0.087500 0.087500
0 0.498125 0.938125 0.061250 0.053750
0 0.201250 0.075000 0.065000 0.057500
0 0.461250 0.271250 0.047500 0.047500
0 0.630625 0.173125 0.053750 0.046250
0 0.274375 0.933125 0.083750 0.061250
0 0.058125 0.915625 0.046250 0.033750
0 0.884375 0.243750 0.036250 0.032500
0 0.062500 0.613125 0.090000 0.081250
0 0.745000 0.162500 0.055000 0.055000
0 0.168125 0.278125 0.046250 0.046250
0 0.091875 0.183125 0.083750 0.083750