0 0.788750 0.239375 0.085000 0.096250
0 0.403750 0.861250 0.105000 0.090000
0 0.137500 0.251250 0.102500 0.087500
0 0.855000 0.476250 0.107500 0.092500
0 0.456875 0.445625 0.048750 0.041250
0 0.120000 0.574375 0.062500 0.058750
0 0.416250 0.704375 0.062500 0.058750
0 0.333125 0.356875 0.028750 0.026250
0 0.447500 0.101875 0.065000 0.083750
0 0.783125 0.740000 0.098750 0.070000
0 0.408750 0.290000 0.092500 0.065000
0 0.369375 0.423125 0.108750 0.076250
0 0.940000 0.627500 0.040000 0.032500
0 0.551875 0.395625 0.048750 0.048750
0 0.873750 0.047500 0.062500 0.062500
0 0.529375 0.185625 0.051250 0.051250
0 0.762500 0.930000 0.047500 0.065000
0 0.270625 0.751250 0.091250 0.125000
0 0.551250 0.839375 0.110000 0.101250
0 0.153750 0.498125 0.080000 0.073750
0 0.618750 0.271875 0.085000 0.078750
0 0.314375 0.946875 0.028750 0.018750
0 0.137500 0.659375 0.105000 0.068750
0 0.666875 0.492500 0.091250 0.060000
0 0.060000 0.731250 0.045000 0.045000
0 0.658125 0.423125 0.058750 0.058750
0 0.265625 0.340625 0.058750 0.058750
0 0.585000 0.670000 0.085000 0.085000
0 0.068125 0.133125 0.106250 0.106250
0 0.258125 0.089375 0.081250 0.081250
0 0.536250 0.558750 0.107500 0.107500
0 0.293125 0.215625 0.106250 0.106250
0 0.451875 0.943125 0.053750 0.053750
0 0.690625 0.175625 0.048750 0.048750
0 0.048125 0.235625 0.031250 0.031250
0 0.875000 0.852500 0.062500 0.062500
0 0.817500 0.628750 0.042500 0.042500
0 0.900000 0.350000 0.050000 0.050000
0 0.752500 0.596250 0.045000 0.045000
0 0.447500 0.592500 0.040000 0.040000
0 0.248750 0.424375 0.067500 0.068750
0 0.573125 0.070000 0.098750 0.100000
0 0.744375 0.061250 0.056250 0.057500
0 0.571250 0.754375 0.042500 0.041250
0 0.084375 0.516250 0.038750 0.037500
0 0.100625 0.871250 0.096250 0.095000
0 0.459375 0.204375 0.038750 0.031250
0 0.770625 0.848125 0.083750 0.076250
0 0.289375 0.576250 0.068750 0.062500
0 0.678750 0.664375 0.077500 0.071250
0 0.901875 0.699375 0.093750 0.086250
0 0.206875 0.890625 0.038750 0.036250
0 0.610000 0.561250 0.025000 0.025000
0 0.908125 0.248125 0.096250 0.096250
0 0.390000 0.601250 0.025000 0.025000
0 0.521250 0.296875 0.092500 0.121250
0 0.043750 0.425000 0.060000 0.060000
0 0.900000 0.130000 0.027500 0.027500
0 0.775625 0.363125 0.028750 0.028750
0 0.118750 0.383750 0.055000 0.055000
0 0.765000 0.471250 0.040000 0.040000
0 0.911250 0.562500 0.060000 0.060000
0 0.612500 0.926250 0.035000 0.035000
0 0.840000 0.568750 0.062500 0.062500
0 0.656875 0.850625 0.078750 0.078750
0 0.403750 0.035000 0.025000 0.025000
0 0.157500 0.751250 0.057500 0.057500
0 0.950625 0.865625 0.053750 0.053750
0 0.623750 0.162500 0.047500 0.047500
0 0.341250 0.508750 0.057500 0.057500
0 0.405625 0.353125 0.036250 0.036250
0 0.160000 0.158125 0.055000 0.068750
0 0.671250 0.348125 0.047500 0.058750
0 0.272500 0.881250 0.065000 0.065000
0 0.048750 0.943750 0.032500 0.032500
0 0.783125 0.158125 0.053750 0.048750
0 0.532500 0.466875 0.045000 0.041250