0 0.446875 0.798750 0.048750 0.047500
0 0.178750 0.581250 0.087500 0.085000
0 0.468750 0.685000 0.067500 0.065000
0 0.845625 0.224375 0.081250 0.078750
0 0.789375 0.105000 0.088750 0.075000
0 0.247500 0.743750 0.077500 0.077500
0 0.646250 0.621250 0.105000 0.105000
0 0.965625 0.819375 0.033750 0.033750
0 0.245000 0.026250 0.025000 0.025000
0 0.199375 0.875625 0.098750 0.098750
0 0.895000 0.586875 0.102500 0.191250
0 0.360625 0.218750 0.093750 0.175000
0 0.125625 0.428125 0.098750 0.098750
0 0.616875 0.090625 0.096250 0.096250
0 0.702500 0.032500 0.027500 0.027500
0 0.397500 0.587500 0.100000 0.100000
0 0.226875 0.284375 0.036250 0.036250
0 0.610000 0.243750 0.030000 0.035000
0 0.653125 0.168750 0.053750 0.042500
0 0.796250 0.446875 0.057500 0.046250
0 0.788125 0.698125 0.083750 0.083750
0 0.371250 0.446250 0.092500 0.092500
0 0.298125 0.613125 0.028750 0.028750
0 0.948750 0.858750 0.025000 0.025000
0 0.333125 0.048750 0.041250 0.045000
0 0.826875 0.360625 0.081250 0.046250
0 0.443750 0.928750 0.045000 0.045000
0 0.612500 0.386250 0.037500 0.040000
0 0.092500 0.274375 0.100000 0.108750
0 0.726875 0.365625 0.036250 0.038750
0 0.694375 0.906875 0.091250 0.091250
0 0.088125 0.686875 0.028750 0.028750
0 0.263750 0.372500 0.087500 0.087500
0 0.114375 0.132500 0.081250 0.085000
0 0.206875 0.089375 0.043750 0.046250
0 0.473750 0.197500 0.057500 0.060000
0 0.540000 0.329375 0.072500 0.076250
0 0.549375 0.866250 0.096250 0.105000
0 0.808125 0.838125 0.106250 0.106250
0 0.487500 0.447500 0.092500 0.092500
0 0.090000 0.867500 0.100000 0.100000
0 0.700000 0.760000 0.032500 0.032500
0 0.914375 0.072500 0.106250 0.107500
0 0.043125 0.515625 0.053750 0.053750
0 0.116875 0.648125 0.031250 0.031250
0 0.918125 0.373125 0.076250 0.078750
0 0.367500 0.943750 0.082500 0.060000
0 0.660000 0.713125 0.050000 0.036250
0 0.518125 0.590625 0.098750 0.098750
0 0.303125 0.535625 0.028750 0.028750
0 0.673125 0.359375 0.046250 0.058750
0 0.624375 0.500000 0.073750 0.095000
0 0.256875 0.200625 0.046250 0.046250
0 0.214375 0.478125 0.056250 0.056250
0 0.493125 0.091875 0.108750 0.108750
0 0.033750 0.406250 0.030000 0.030000
0 0.434375 0.273125 0.038750 0.038750
0 0.367500 0.702500 0.112500 0.112500
0 0.693750 0.285000 0.040000 0.040000
0 0.147500 0.731250 0.072500 0.072500
0 0.771875 0.516875 0.091250 0.063750
0 0.548750 0.735000 0.055000 0.055000
0 0.729375 0.418125 0.031250 0.031250
0 0.305625 0.844375 0.083750 0.091250
0 0.920000 0.285000 0.045000 0.077500
0 0.129375 0.064375 0.033750 0.033750
0 0.818125 0.930625 0.051250 0.051250