0 0.372500 0.606250 0.112500 0.100000
0 0.553750 0.275000 0.040000 0.035000
0 0.763750 0.647500 0.062500 0.055000
0 0.108125 0.278750 0.031250 0.027500
0 0.195000 0.805625 0.067500 0.068750
0 0.465625 0.695625 0.061250 0.056250
0 0.653125 0.242500 0.043750 0.040000
0 0.700625 0.061250 0.078750 0.072500
0 0.444375 0.824375 0.033750 0.033750
0 0.467500 0.150000 0.037500 0.037500
0 0.563125 0.475625 0.071250 0.071250
0 0.067500 0.693750 0.097500 0.105000
0 0.769375 0.292500 0.108750 0.117500
0 0.934375 0.931875 0.038750 0.041250
0 0.917500 0.833125 0.080000 0.086250
0 0.093750 0.080625 0.062500 0.063750
0 0.920625 0.310625 0.111250 0.113750
0 0.360625 0.811875 0.106250 0.106250
0 0.302500 0.920000 0.050000 0.050000
0 0.910000 0.431250 0.080000 0.080000
0 0.843750 0.595000 0.072500 0.072500
0 0.651875 0.663125 0.048750 0.048750
0 0.655625 0.913125 0.076250 0.076250
0 0.382500 0.292500 0.062500 0.062500
0 0.225625 0.609375 0.093750 0.093750
0 0.148125 0.178125 0.038750 0.038750
0 0.823750 0.383750 0.047500 0.047500
0 0.666250 0.471250 0.095000 0.095000
0 0.600000 0.160000 0.110000 0.110000
0 0.164375 0.906875 0.026250 0.026250
0 0.394375 0.479375 0.106250 0.106250
0 0.293750 0.357500 0.055000 0.055000
0 0.774375 0.450625 0.071250 0.071250
0 0.747500 0.858125 0.047500 0.053750
0 0.166250 0.428125 0.050000 0.056250
0 0.506875 0.358750 0.088750 0.100000
0 0.823125 0.081875 0.076250 0.086250
0 0.540625 0.790625 0.056250 0.056250
0 0.190625 0.500625 0.051250 0.066250
0 0.396250 0.096875 0.087500 0.113750
0 0.058750 0.525000 0.052500 0.052500
0 0.554375 0.933750 0.058750 0.077500
0 0.904375 0.191875 0.093750 0.093750
0 0.285000 0.166250 0.042500 0.042500
0 0.818125 0.158125 0.038750 0.038750
0 0.217500 0.173750 0.035000 0.035000
0 0.366875 0.719375 0.073750 0.053750
0 0.672500 0.775000 0.047500 0.047500
0 0.299375 0.041875 0.058750 0.058750
0 0.044375 0.474375 0.033750 0.033750
0 0.936875 0.076875 0.073750 0.073750
0 0.275625 0.263125 0.071250 0.071250
0 0.601875 0.575625 0.086250 0.068750
0 0.140625 0.131250 0.036250 0.012500