0 0.529375 0.555625 0.093750 0.088750
0 0.634375 0.884375 0.033750 0.031250
0 0.308125 0.450000 0.071250 0.067500
0 0.038125 0.484375 0.048750 0.046250
0 0.597500 0.801250 0.105000 0.105000
0 0.644375 0.361250 0.071250 0.077500
0 0.853750 0.652500 0.090000 0.090000
0 0.401875 0.291875 0.096250 0.096250
0 0.241875 0.921875 0.101250 0.101250
0 0.406875 0.380000 0.056250 0.040000
0 0.047500 0.228750 0.050000 0.050000
0 0.264375 0.213125 0.071250 0.071250
0 0.245625 0.753125 0.086250 0.086250
0 0.140625 0.063125 0.098750 0.098750
0 0.481875 0.089375 0.096250 0.096250
0 0.368125 0.180625 0.053750 0.053750
0 0.141875 0.665625 0.028750 0.038750
0 0.148125 0.588125 0.073750 0.101250
0 0.436250 0.740625 0.107500 0.121250
0 0.941250 0.835625 0.072500 0.081250
0 0.787500 0.885000 0.097500 0.110000
0 0.825000 0.391250 0.072500 0.072500
0 0.801875 0.083125 0.083750 0.081250
0 0.136250 0.391250 0.112500 0.162500
0 0.251875 0.333125 0.028750 0.041250
0 0.326875 0.762500 0.046250 0.047500
0 0.355000 0.626875 0.080000 0.083750
0 0.958125 0.071250 0.028750 0.027500
0 0.953125 0.264375 0.053750 0.053750
0 0.643750 0.545000 0.070000 0.070000
0 0.744375 0.620625 0.031250 0.031250
0 0.149375 0.820625 0.056250 0.056250
0 0.933750 0.461875 0.085000 0.063750
0 0.818750 0.261250 0.087500 0.087500
0 0.278125 0.613125 0.028750 0.028750
0 0.276875 0.540625 0.068750 0.068750
0 0.826875 0.504375 0.061250 0.061250
0 0.238125 0.107500 0.041250 0.040000
0 0.756875 0.443125 0.043750 0.043750
0 0.680000 0.140000 0.102500 0.135000
0 0.501875 0.954375 0.026250 0.033750
0 0.565000 0.220000 0.107500 0.142500
0 0.743750 0.370625 0.055000 0.043750
0 0.046250 0.716250 0.030000 0.030000
0 0.153750 0.243125 0.110000 0.093750
0 0.091875 0.893750 0.041250 0.035000
0 0.405000 0.111875 0.037500 0.031250
0 0.050000 0.064375 0.060000 0.051250
0 0.406250 0.537500 0.070000 0.070000
0 0.056250 0.596250 0.077500 0.077500
0 0.522500 0.441250 0.032500 0.030000
0 0.343750 0.892500 0.077500 0.110000
0 0.715625 0.759375 0.108750 0.108750
0 0.051250 0.123750 0.027500 0.027500
0 0.961875 0.206875 0.043750 0.043750
0 0.451250 0.451250 0.057500 0.057500
0 0.568125 0.401875 0.043750 0.043750
0 0.967500 0.690000 0.035000 0.035000
0 0.646250 0.643750 0.052500 0.052500
0 0.895625 0.070000 0.043750 0.052500
0 0.853125 0.761250 0.073750 0.065000
0 0.450000 0.182500 0.075000 0.075000
0 0.258125 0.157500 0.036250 0.025000
0 0.626875 0.445625 0.033750 0.023750