0 0.756250 0.349375 0.092500 0.096250
0 0.453750 0.516875 0.040000 0.041250
0 0.938125 0.621250 0.036250 0.037500
0 0.420625 0.606250 0.083750 0.085000
0 0.911875 0.275625 0.051250 0.043750
0 0.528125 0.271875 0.053750 0.046250
0 0.204375 0.724375 0.058750 0.051250
0 0.385000 0.721250 0.065000 0.065000
0 0.219375 0.476875 0.051250 0.051250
0 0.427500 0.138750 0.112500 0.112500
0 0.686250 0.670000 0.035000 0.035000
0 0.696875 0.088125 0.096250 0.096250
0 0.616250 0.373750 0.077500 0.077500
0 0.691875 0.225000 0.088750 0.087500
0 0.066250 0.182500 0.087500 0.087500
0 0.092500 0.885000 0.042500 0.042500
0 0.495000 0.617500 0.035000 0.035000
0 0.166875 0.443125 0.028750 0.028750
0 0.166875 0.878750 0.068750 0.070000
0 0.530000 0.881875 0.092500 0.093750
0 0.318750 0.751250 0.037500 0.037500
0 0.695625 0.561875 0.041250 0.041250
0 0.942500 0.915625 0.072500 0.068750
0 0.385625 0.510625 0.046250 0.043750
0 0.858750 0.749375 0.080000 0.076250
0 0.470000 0.730000 0.085000 0.085000
0 0.621250 0.598750 0.080000 0.080000
0 0.872500 0.521250 0.097500 0.097500
0 0.663125 0.779375 0.026250 0.026250
0 0.858750 0.332500 0.025000 0.025000
0 0.220000 0.217500 0.092500 0.092500
0 0.946250 0.137500 0.057500 0.057500
0 0.826875 0.198125 0.091250 0.091250
0 0.069375 0.429375 0.086250 0.086250
0 0.823125 0.676875 0.033750 0.036250
0 0.854375 0.630000 0.036250 0.035000
0 0.668750 0.908750 0.047500 0.047500
0 0.311250 0.609375 0.080000 0.086250
0 0.415000 0.225000 0.027500 0.025000
0 0.824375 0.073750 0.068750 0.062500
0 0.341250 0.130000 0.035000 0.035000
0 0.753750 0.719375 0.080000 0.078750
0 0.055625 0.738750 0.086250 0.085000
0 0.524375 0.125625 0.061250 0.061250
0 0.070625 0.324375 0.078750 0.078750
0 0.295000 0.416250 0.052500 0.052500
0 0.829375 0.896250 0.103750 0.115000
0 0.280625 0.930000 0.036250 0.030000
0 0.870625 0.429375 0.063750 0.053750
0 0.432500 0.940625 0.075000 0.063750
0 0.238125 0.317500 0.043750 0.042500
0 0.616250 0.483750 0.090000 0.087500
0 0.402500 0.436250 0.077500 0.075000
0 0.380000 0.315625 0.052500 0.068750
0 0.335625 0.228125 0.041250 0.053750
0 0.513750 0.453750 0.055000 0.072500
0 0.295000 0.521250 0.055000 0.072500
0 0.270625 0.073750 0.053750 0.042500
0 0.465625 0.291250 0.056250 0.042500
0 0.262500 0.875625 0.082500 0.061250
0 0.140000 0.305000 0.042500 0.057500
0 0.083125 0.630625 0.038750 0.038750
0 0.368125 0.841875 0.053750 0.053750
0 0.192500 0.593750 0.070000 0.070000
0 0.764375 0.518125 0.063750 0.063750
0 0.943125 0.834375 0.076250 0.076250
0 0.708125 0.461875 0.028750 0.028750
0 0.081250 0.083750 0.060000 0.060000
0 0.620625 0.115625 0.041250 0.043750
0 0.582500 0.691875 0.042500 0.046250
0 0.137500 0.797500 0.060000 0.062500
0 0.185000 0.086250 0.052500 0.055000
0 0.965000 0.270000 0.035000 0.030000