0 0.830625 0.479375 0.096250 0.093750
0 0.533750 0.568125 0.087500 0.093750
0 0.921250 0.151875 0.050000 0.036250
0 0.760000 0.210000 0.090000 0.090000
0 0.472500 0.758750 0.070000 0.070000
0 0.668750 0.791250 0.110000 0.110000
0 0.708125 0.395625 0.046250 0.046250
0 0.250625 0.786875 0.096250 0.096250
0 0.381250 0.897500 0.065000 0.045000
0 0.758750 0.063750 0.085000 0.060000
0 0.774375 0.366875 0.028750 0.028750
0 0.300000 0.172500 0.067500 0.067500
0 0.688125 0.494375 0.101250 0.101250
0 0.400000 0.797500 0.035000 0.035000
0 0.361250 0.400000 0.050000 0.050000
0 0.318750 0.558750 0.030000 0.030000
0 0.629375 0.326250 0.048750 0.055000
0 0.070000 0.355000 0.082500 0.092500
0 0.784375 0.906250 0.076250 0.085000
0 0.253125 0.480625 0.036250 0.031250
0 0.888750 0.878750 0.057500 0.050000
0 0.533750 0.950000 0.037500 0.032500
0 0.923750 0.544375 0.042500 0.036250
0 0.852500 0.351875 0.100000 0.103750
0 0.238125 0.678750 0.088750 0.092500
0 0.548125 0.115625 0.106250 0.106250
0 0.202500 0.579375 0.080000 0.061250
0 0.078125 0.850000 0.068750 0.052500
0 0.189375 0.388125 0.073750 0.056250
0 0.489375 0.335000 0.111250 0.085000
0 0.823125 0.633125 0.046250 0.046250
0 0.206250 0.092500 0.102500 0.102500
0 0.536875 0.853125 0.096250 0.096250
0 0.165000 0.887500 0.047500 0.047500
0 0.925625 0.699375 0.111250 0.111250
0 0.383750 0.273750 0.072500 0.070000
0 0.326875 0.494375 0.071250 0.068750
0 0.128125 0.196875 0.076250 0.061250
0 0.221875 0.181875 0.051250 0.051250
0 0.500000 0.434375 0.092500 0.093750
0 0.538125 0.660000 0.071250 0.072500
0 0.638125 0.614375 0.103750 0.101250
0 0.943750 0.084375 0.032500 0.031250
0 0.343750 0.833750 0.057500 0.055000
0 0.116250 0.660625 0.052500 0.051250
0 0.420625 0.111875 0.061250 0.061250
0 0.820000 0.785000 0.045000 0.045000
0 0.161875 0.495625 0.083750 0.083750
0 0.637500 0.909375 0.075000 0.071250
0 0.414375 0.559375 0.076250 0.076250
0 0.063750 0.521250 0.082500 0.082500
0 0.660625 0.236875 0.051250 0.051250
0 0.656875 0.153750 0.081250 0.075000
0 0.705625 0.695000 0.046250 0.042500
0 0.178125 0.251875 0.026250 0.023750
0 0.757500 0.618125 0.062500 0.068750
0 0.083125 0.083750 0.096250 0.105000
0 0.070625 0.601250 0.046250 0.050000
0 0.288750 0.306875 0.090000 0.098750
0 0.314375 0.056875 0.083750 0.083750
0 0.345000 0.675000 0.075000 0.075000
0 0.270000 0.927500 0.080000 0.080000
0 0.047500 0.706250 0.062500 0.062500
0 0.741250 0.300000 0.065000 0.065000
0 0.061250 0.938750 0.067500 0.067500
0 0.864375 0.041875 0.041250 0.041250
0 0.496250 0.231250 0.080000 0.080000
0 0.555625 0.771250 0.043750 0.047500
0 0.190000 0.305000 0.055000 0.055000
0 0.057500 0.268750 0.027500 0.027500
0 0.871875 0.941875 0.033750 0.033750
0 0.922500 0.231250 0.085000 0.085000
0 0.800625 0.691875 0.046250 0.046250
0 0.655625 0.040000 0.036250 0.037500
0 0.600000 0.406250 0.047500 0.047500