0 0.065625 0.101875 0.076250 0.076250
0 0.875000 0.816250 0.065000 0.062500
0 0.301875 0.376875 0.093750 0.091250
0 0.672500 0.753125 0.100000 0.101250
0 0.360625 0.541875 0.108750 0.108750
0 0.455000 0.871250 0.057500 0.057500
0 0.838125 0.194375 0.088750 0.088750
0 0.850000 0.911250 0.110000 0.110000
0 0.607500 0.466250 0.107500 0.085000
0 0.818125 0.731250 0.078750 0.062500
0 0.165000 0.263125 0.112500 0.088750
0 0.323125 0.118750 0.111250 0.087500
0 0.731250 0.077500 0.070000 0.070000
0 0.956250 0.777500 0.027500 0.027500
0 0.497500 0.661250 0.072500 0.072500
0 0.100000 0.685000 0.095000 0.095000
0 0.148125 0.881250 0.081250 0.062500
0 0.316250 0.655625 0.037500 0.028750
0 0.415000 0.639375 0.045000 0.033750
0 0.593125 0.602500 0.103750 0.080000
0 0.173750 0.115000 0.065000 0.057500
0 0.345625 0.924375 0.081250 0.093750
0 0.233750 0.547500 0.067500 0.077500
0 0.044375 0.260000 0.038750 0.045000
0 0.596250 0.120000 0.112500 0.130000
0 0.107500 0.577500 0.105000 0.105000
0 0.216875 0.750625 0.091250 0.091250
0 0.136875 0.040625 0.028750 0.031250
0 0.467500 0.073750 0.050000 0.055000
0 0.901250 0.330625 0.092500 0.101250
0 0.037500 0.846875 0.045000 0.056250
0 0.778125 0.614375 0.108750 0.096250
0 0.118125 0.410625 0.066250 0.058750
0 0.506875 0.423750 0.076250 0.067500
0 0.953125 0.074375 0.046250 0.046250
0 0.503750 0.246250 0.100000 0.100000
0 0.439375 0.744375 0.076250 0.076250
0 0.430000 0.330000 0.040000 0.040000
0 0.238750 0.896250 0.040000 0.040000
0 0.646875 0.346875 0.056250 0.056250
0 0.713750 0.225000 0.095000 0.130000
0 0.786875 0.824375 0.041250 0.033750
0 0.730000 0.430000 0.082500 0.082500
0 0.308125 0.258125 0.101250 0.101250
0 0.875000 0.538750 0.062500 0.062500
0 0.481250 0.585000 0.047500 0.042500
0 0.111250 0.937500 0.040000 0.035000
0 0.546875 0.769375 0.078750 0.076250
0 0.503750 0.343750 0.092500 0.070000
0 0.603750 0.896250 0.070000 0.052500
0 0.613750 0.258125 0.025000 0.018750
0 0.935000 0.181875 0.090000 0.088750
0 0.231250 0.047500 0.052500 0.052500
0 0.947500 0.663750 0.055000 0.055000
0 0.695625 0.911875 0.091250 0.091250
0 0.917500 0.464375 0.077500 0.068750
0 0.694375 0.547500 0.031250 0.035000
0 0.196250 0.637500 0.037500 0.055000
0 0.352500 0.781250 0.067500 0.067500