0 0.875625 0.427500 0.038750 0.037500
0 0.615000 0.480625 0.100000 0.121250
0 0.853125 0.481875 0.036250 0.036250
0 0.576875 0.275625 0.048750 0.048750
0 0.736250 0.940000 0.050000 0.050000
0 0.046875 0.454375 0.031250 0.031250
0 0.828750 0.771250 0.097500 0.097500
0 0.766250 0.220000 0.065000 0.065000
0 0.185625 0.875625 0.033750 0.033750
0 0.899375 0.125625 0.076250 0.076250
0 0.776250 0.135625 0.080000 0.058750
0 0.503750 0.715625 0.085000 0.116250
0 0.096250 0.636250 0.107500 0.147500
0 0.165000 0.401250 0.065000 0.062500
0 0.775000 0.604375 0.100000 0.096250
0 0.534375 0.843750 0.026250 0.025000
0 0.257500 0.125000 0.060000 0.057500
0 0.679375 0.721250 0.093750 0.095000
0 0.400625 0.378125 0.043750 0.043750
0 0.393750 0.633125 0.070000 0.071250
0 0.257500 0.493750 0.035000 0.035000
0 0.260000 0.703125 0.112500 0.108750
0 0.071250 0.072500 0.102500 0.100000
0 0.751250 0.780625 0.032500 0.031250
0 0.793750 0.473750 0.057500 0.055000
0 0.388750 0.792500 0.100000 0.100000
0 0.746250 0.046250 0.045000 0.045000
0 0.193750 0.271250 0.112500 0.112500
0 0.218750 0.573125 0.095000 0.098750
0 0.413750 0.560625 0.027500 0.028750
0 0.943125 0.405625 0.061250 0.063750
0 0.926875 0.530625 0.093750 0.093750
0 0.571875 0.081875 0.033750 0.033750
0 0.186250 0.465000 0.047500 0.047500
0 0.363125 0.188125 0.068750 0.068750
0 0.075625 0.793125 0.078750 0.078750
0 0.718750 0.392500 0.090000 0.090000
0 0.631250 0.838750 0.100000 0.100000
0 0.640000 0.082500 0.082500 0.082500
0 0.879375 0.632500 0.066250 0.072500
0 0.371250 0.275000 0.060000 0.060000
0 0.075000 0.312500 0.060000 0.060000
0 0.594375 0.199375 0.068750 0.068750
0 0.309375 0.948125 0.046250 0.046250
0 0.072500 0.913750 0.112500 0.112500
0 0.456875 0.163125 0.043750 0.031250
0 0.901875 0.238125 0.093750 0.093750
0 0.321875 0.345625 0.041250 0.041250
0 0.415000 0.905000 0.060000 0.062500
0 0.803125 0.051250 0.043750 0.052500
0 0.609375 0.607500 0.066250 0.080000
0 0.487500 0.555625 0.080000 0.096250
0 0.828750 0.955000 0.032500 0.032500
0 0.506875 0.354375 0.071250 0.071250
0 0.496250 0.112500 0.030000 0.030000
0 0.354375 0.481875 0.058750 0.058750
0 0.541875 0.935625 0.076250 0.076250
0 0.896250 0.888125 0.087500 0.106250
0 0.456875 0.052500 0.093750 0.065000
0 0.427500 0.691250 0.032500 0.030000
0 0.136875 0.175000 0.053750 0.052500
0 0.494375 0.230625 0.058750 0.056250
0 0.283750 0.813750 0.077500 0.075000
0 0.785625 0.848750 0.033750 0.035000
0 0.529375 0.453125 0.053750 0.051250
0 0.811875 0.360000 0.058750 0.055000
0 0.060000 0.198750 0.067500 0.067500
0 0.955625 0.678125 0.043750 0.043750
0 0.831250 0.874375 0.025000 0.023750
0 0.311250 0.038750 0.052500 0.052500
0 0.620000 0.920000 0.027500 0.035000
0 0.257500 0.431250 0.060000 0.060000
0 0.781250 0.293125 0.035000 0.033750
0 0.753125 0.721875 0.038750 0.038750
0 0.618125 0.351875 0.078750 0.078750
0 0.674375 0.179375 0.041250 0.043750
0 0.436875 0.444375 0.051250 0.051250
0 0.318125 0.543125 0.028750 0.028750
0 0.370625 0.085625 0.046250 0.046250