0 0.535000 0.247500 0.065000 0.065000
0 0.095625 0.086250 0.091250 0.080000
0 0.817500 0.231250 0.090000 0.080000
0 0.883750 0.887500 0.112500 0.137500
0 0.888750 0.397500 0.025000 0.025000
0 0.774375 0.465625 0.078750 0.136250
0 0.158125 0.288125 0.031250 0.031250
0 0.745625 0.853125 0.061250 0.061250
0 0.556250 0.085000 0.092500 0.092500
0 0.374375 0.500625 0.096250 0.096250
0 0.484375 0.790000 0.061250 0.055000
0 0.220625 0.811875 0.068750 0.061250
0 0.501250 0.419375 0.035000 0.031250
0 0.279375 0.061875 0.076250 0.076250
0 0.447500 0.453750 0.032500 0.032500
0 0.434375 0.051875 0.071250 0.071250
0 0.668750 0.216250 0.095000 0.095000
0 0.899375 0.514375 0.078750 0.078750
0 0.904375 0.740625 0.088750 0.088750
0 0.303750 0.341250 0.100000 0.100000
0 0.956250 0.073750 0.062500 0.062500
0 0.373750 0.933750 0.082500 0.082500
0 0.202500 0.521875 0.032500 0.033750
0 0.333750 0.670625 0.085000 0.121250
0 0.149375 0.495000 0.033750 0.047500
0 0.617500 0.383750 0.107500 0.107500
0 0.123750 0.652500 0.092500 0.092500
0 0.091250 0.390000 0.042500 0.040000
0 0.040625 0.269375 0.031250 0.031250
0 0.765000 0.591250 0.082500 0.082500
0 0.362500 0.150000 0.085000 0.085000
0 0.279375 0.178125 0.048750 0.048750
0 0.418750 0.590000 0.062500 0.062500
0 0.737500 0.346250 0.065000 0.065000
0 0.089375 0.509375 0.071250 0.071250
0 0.619375 0.650000 0.056250 0.055000
0 0.558125 0.525000 0.091250 0.092500
0 0.672500 0.107500 0.025000 0.025000
0 0.813750 0.713125 0.067500 0.068750
0 0.417500 0.288750 0.052500 0.052500
0 0.066250 0.800000 0.090000 0.107500
0 0.623750 0.858750 0.065000 0.077500
0 0.160000 0.200000 0.090000 0.090000
0 0.411250 0.228750 0.035000 0.035000
0 0.248750 0.437500 0.055000 0.055000
0 0.712500 0.748750 0.077500 0.077500
0 0.713750 0.096250 0.032500 0.032500
0 0.256875 0.934375 0.058750 0.058750
0 0.844375 0.125625 0.038750 0.073750
0 0.949375 0.157500 0.026250 0.050000
0 0.689375 0.590625 0.041250 0.078750
0 0.865625 0.624375 0.061250 0.073750
0 0.479375 0.896250 0.063750 0.057500
0 0.775625 0.775625 0.026250 0.023750
0 0.316875 0.810000 0.093750 0.085000
0 0.486250 0.693750 0.097500 0.097500
0 0.155000 0.900000 0.062500 0.062500
0 0.213750 0.652500 0.047500 0.080000
0 0.400625 0.368125 0.063750 0.063750
0 0.928750 0.272500 0.102500 0.102500
0 0.683750 0.856250 0.035000 0.035000
0 0.318125 0.248125 0.058750 0.058750
0 0.636875 0.932500 0.053750 0.052500
0 0.151875 0.386875 0.046250 0.046250
0 0.070000 0.911875 0.085000 0.086250
0 0.271250 0.516250 0.072500 0.075000
0 0.560000 0.802500 0.030000 0.030000
0 0.771250 0.946875 0.055000 0.051250
0 0.075000 0.179375 0.062500 0.058750
0 0.895625 0.143125 0.043750 0.043750
0 0.102500 0.318750 0.065000 0.065000