0 0.958125 0.546875 0.031250 0.031250
0 0.492500 0.550000 0.075000 0.075000
0 0.963750 0.960000 0.030000 0.030000
0 0.779375 0.733125 0.068750 0.068750
0 0.252500 0.465625 0.072500 0.068750
0 0.086875 0.453750 0.088750 0.110000
0 0.507500 0.655000 0.107500 0.107500
0 0.571250 0.123750 0.110000 0.110000
0 0.662500 0.362500 0.092500 0.092500
0 0.549375 0.868125 0.033750 0.033750
0 0.411875 0.345625 0.053750 0.053750
0 0.742500 0.507500 0.100000 0.100000
0 0.531250 0.257500 0.065000 0.050000
0 0.172500 0.840000 0.085000 0.065000
0 0.285625 0.547500 0.026250 0.020000
0 0.884375 0.565625 0.056250 0.043750
0 0.248125 0.678125 0.091250 0.091250
0 0.878750 0.683750 0.097500 0.112500
0 0.430625 0.816250 0.098750 0.095000
0 0.171250 0.334375 0.035000 0.033750
0 0.107500 0.737500 0.075000 0.072500
0 0.261875 0.849375 0.063750 0.061250
0 0.090000 0.301250 0.030000 0.030000
0 0.358750 0.727500 0.045000 0.045000
0 0.821250 0.892500 0.075000 0.075000
0 0.868125 0.304375 0.056250 0.056250
0 0.806875 0.806250 0.071250 0.062500
0 0.195000 0.138125 0.057500 0.056250
0 0.660000 0.828750 0.032500 0.032500
0 0.517500 0.382500 0.080000 0.080000
0 0.747500 0.366250 0.050000 0.050000
0 0.401875 0.200625 0.111250 0.081250
0 0.058750 0.562500 0.055000 0.040000
0 0.348750 0.853750 0.042500 0.030000
0 0.684375 0.919375 0.078750 0.078750
0 0.875625 0.171875 0.066250 0.068750
0 0.325625 0.591250 0.028750 0.030000
0 0.665000 0.706250 0.070000 0.072500
0 0.286875 0.183125 0.103750 0.103750
0 0.961875 0.235000 0.031250 0.025000
0 0.408750 0.090625 0.070000 0.056250
0 0.088125 0.088125 0.093750 0.113750
0 0.905625 0.388750 0.053750 0.065000
0 0.620000 0.205625 0.027500 0.018750
0 0.673125 0.175000 0.031250 0.022500
0 0.764375 0.186250 0.083750 0.060000
0 0.798125 0.281250 0.031250 0.035000
0 0.611250 0.505625 0.097500 0.108750
0 0.858750 0.079375 0.075000 0.083750
0 0.158750 0.052500 0.025000 0.027500
0 0.399375 0.917500 0.068750 0.070000
0 0.381250 0.032500 0.030000 0.030000
0 0.235625 0.059375 0.071250 0.071250
0 0.283125 0.919375 0.058750 0.058750
0 0.205625 0.546875 0.066250 0.066250
0 0.323750 0.346250 0.067500 0.067500
0 0.168750 0.473750 0.032500 0.032500
0 0.838750 0.380000 0.055000 0.055000
0 0.740625 0.660625 0.056250 0.053750
0 0.103750 0.633125 0.060000 0.056250
0 0.934375 0.762500 0.033750 0.022500
0 0.552500 0.759375 0.062500 0.041250
0 0.573125 0.910625 0.043750 0.028750
0 0.955625 0.470625 0.058750 0.058750
0 0.361875 0.478125 0.078750 0.078750
0 0.321250 0.086250 0.072500 0.072500
0 0.899375 0.940625 0.063750 0.063750
0 0.960625 0.193125 0.036250 0.028750
0 0.790000 0.070625 0.045000 0.036250
0 0.940000 0.840000 0.080000 0.080000
0 0.064375 0.881875 0.091250 0.091250
0 0.680000 0.642500 0.035000 0.035000
0 0.205625 0.939375 0.058750 0.041250
0 0.709375 0.054375 0.068750 0.048750
0 0.113750 0.219375 0.030000 0.021250
0 0.416875 0.674375 0.031250 0.031250
0 0.181875 0.249375 0.076250 0.076250