0 0.910000 0.025625 0.032500 0.026250
0 0.836875 0.549375 0.106250 0.086250
0 0.420625 0.915625 0.096250 0.096250
0 0.192500 0.310000 0.102500 0.102500
0 0.292500 0.856875 0.092500 0.156250
0 0.210000 0.556250 0.045000 0.045000
0 0.520000 0.407500 0.110000 0.110000
0 0.895625 0.926875 0.093750 0.093750
0 0.750000 0.697500 0.082500 0.082500
0 0.385625 0.616875 0.028750 0.028750
0 0.583750 0.636250 0.080000 0.080000
0 0.303750 0.222500 0.050000 0.050000
0 0.625000 0.837500 0.067500 0.067500
0 0.798125 0.348750 0.056250 0.055000
0 0.298125 0.060000 0.058750 0.057500
0 0.589375 0.743125 0.103750 0.101250
0 0.498125 0.940625 0.036250 0.038750
0 0.293125 0.701875 0.053750 0.043750
0 0.899375 0.340000 0.086250 0.077500
0 0.362500 0.547500 0.055000 0.050000
0 0.171250 0.396250 0.027500 0.025000
0 0.119375 0.810000 0.083750 0.075000
0 0.445625 0.608125 0.041250 0.041250
0 0.436250 0.697500 0.037500 0.037500
0 0.715000 0.491250 0.075000 0.075000
0 0.145625 0.136250 0.036250 0.057500
0 0.581875 0.278125 0.038750 0.041250
0 0.052500 0.289375 0.050000 0.053750
0 0.221875 0.128125 0.076250 0.101250
0 0.369375 0.411875 0.101250 0.133750
0 0.925000 0.158125 0.075000 0.098750
0 0.606250 0.137500 0.087500 0.115000
0 0.453750 0.266250 0.045000 0.045000
0 0.083125 0.620625 0.108750 0.108750
0 0.463125 0.839375 0.038750 0.038750
0 0.797500 0.795625 0.095000 0.076250
0 0.748125 0.123125 0.098750 0.098750
0 0.716875 0.380000 0.091250 0.090000
0 0.936250 0.470625 0.047500 0.046250
0 0.477500 0.530625 0.100000 0.098750
0 0.703125 0.592500 0.103750 0.102500
0 0.145625 0.895000 0.076250 0.077500
0 0.899375 0.642500 0.056250 0.057500
0 0.640000 0.902500 0.040000 0.040000
0 0.373750 0.185625 0.052500 0.026250
0 0.738750 0.865625 0.082500 0.041250
0 0.461250 0.060625 0.107500 0.053750
0 0.906875 0.701875 0.041250 0.041250
0 0.796875 0.930625 0.086250 0.068750
0 0.938125 0.260625 0.033750 0.033750