0 0.464375 0.408125 0.088750 0.088750
0 0.586875 0.246875 0.028750 0.028750
0 0.924375 0.383125 0.038750 0.038750
0 0.060625 0.383125 0.051250 0.051250
0 0.833125 0.276250 0.098750 0.095000
0 0.805625 0.078125 0.078750 0.078750
0 0.343125 0.294375 0.043750 0.043750
0 0.084375 0.175625 0.046250 0.046250
0 0.809375 0.809375 0.078750 0.078750
0 0.833750 0.917500 0.080000 0.080000
0 0.300625 0.085000 0.101250 0.102500
0 0.592500 0.605625 0.070000 0.071250
0 0.219375 0.814375 0.051250 0.051250
0 0.783125 0.568750 0.098750 0.100000
0 0.560625 0.370625 0.071250 0.071250
0 0.895625 0.191875 0.058750 0.058750
0 0.500000 0.876250 0.052500 0.052500
0 0.096875 0.904375 0.098750 0.098750
0 0.068125 0.591875 0.091250 0.091250
0 0.686875 0.554375 0.068750 0.081250
0 0.161250 0.742500 0.085000 0.060000
0 0.423750 0.740000 0.102500 0.072500
0 0.949375 0.069375 0.048750 0.058750
0 0.293750 0.854375 0.062500 0.076250
0 0.586250 0.149375 0.112500 0.136250
0 0.178750 0.175000 0.105000 0.127500
0 0.695625 0.081875 0.048750 0.048750
0 0.688125 0.795625 0.031250 0.031250
0 0.373125 0.235625 0.048750 0.051250
0 0.673750 0.327500 0.107500 0.107500
0 0.420000 0.327500 0.052500 0.052500
0 0.263125 0.599375 0.098750 0.098750
0 0.162500 0.372500 0.107500 0.107500
0 0.404375 0.601875 0.096250 0.096250
0 0.051875 0.793125 0.066250 0.066250
0 0.223125 0.467500 0.066250 0.060000
0 0.645000 0.914375 0.075000 0.061250
0 0.593125 0.459375 0.108750 0.088750
0 0.735000 0.722500 0.070000 0.070000
0 0.310000 0.936250 0.037500 0.037500
0 0.453125 0.145625 0.083750 0.083750
0 0.283125 0.723125 0.058750 0.058750
0 0.083125 0.476875 0.031250 0.031250
0 0.633125 0.035000 0.036250 0.035000
0 0.336250 0.498125 0.037500 0.036250
0 0.940000 0.479375 0.025000 0.023750
0 0.865000 0.436875 0.027500 0.026250
0 0.248125 0.339375 0.041250 0.041250
0 0.956875 0.780625 0.056250 0.043750
0 0.920000 0.547500 0.085000 0.050000
0 0.748750 0.148125 0.045000 0.026250
0 0.481875 0.511875 0.068750 0.041250
0 0.292500 0.211250 0.050000 0.030000
0 0.536250 0.725000 0.090000 0.082500