0 0.358750 0.694375 0.030000 0.023750
0 0.047500 0.299375 0.030000 0.026250
0 0.353750 0.246875 0.065000 0.058750
0 0.293125 0.653125 0.076250 0.076250
0 0.556875 0.823125 0.033750 0.033750
0 0.121875 0.819375 0.081250 0.081250
0 0.685000 0.755000 0.035000 0.035000
0 0.630000 0.905625 0.090000 0.091250
0 0.551875 0.236250 0.066250 0.067500
0 0.825000 0.480000 0.090000 0.055000
0 0.285625 0.435625 0.066250 0.066250
0 0.459375 0.563125 0.038750 0.038750
0 0.938750 0.267500 0.052500 0.052500
0 0.110000 0.936250 0.030000 0.030000
0 0.785000 0.205000 0.072500 0.072500
0 0.476875 0.220625 0.033750 0.033750
0 0.255625 0.155625 0.096250 0.096250
0 0.855625 0.581875 0.066250 0.073750
0 0.618750 0.467500 0.100000 0.100000
0 0.361250 0.102500 0.070000 0.050000
0 0.347500 0.375625 0.027500 0.028750
0 0.955625 0.506875 0.036250 0.038750
0 0.744375 0.117500 0.056250 0.055000
0 0.775625 0.888125 0.111250 0.111250
0 0.631875 0.118125 0.111250 0.111250
0 0.254375 0.757500 0.051250 0.055000
0 0.700000 0.311250 0.072500 0.077500
0 0.185000 0.619375 0.107500 0.116250
0 0.073750 0.140625 0.057500 0.061250
0 0.905000 0.096250 0.087500 0.087500
0 0.752500 0.701250 0.057500 0.057500
0 0.517500 0.306250 0.040000 0.040000
0 0.823750 0.281250 0.040000 0.040000
0 0.075625 0.739375 0.038750 0.038750
0 0.473125 0.735625 0.046250 0.051250
0 0.766250 0.603750 0.067500 0.070000
0 0.895625 0.714375 0.091250 0.083750
0 0.499375 0.093750 0.086250 0.080000
0 0.477500 0.493750 0.072500 0.072500
0 0.350625 0.841875 0.058750 0.058750
0 0.186250 0.936250 0.075000 0.075000
0 0.946250 0.446250 0.042500 0.042500
0 0.784375 0.394375 0.058750 0.058750
0 0.901250 0.881250 0.102500 0.102500
0 0.700000 0.226875 0.045000 0.036250
0 0.199375 0.446875 0.061250 0.061250
0 0.605000 0.208750 0.025000 0.025000
0 0.442500 0.805625 0.065000 0.061250
0 0.343750 0.054375 0.032500 0.031250
0 0.510000 0.893125 0.077500 0.073750
0 0.100000 0.508125 0.087500 0.083750