0 0.398125 0.919375 0.063750 0.063750
0 0.664375 0.268125 0.111250 0.111250
0 0.554375 0.141875 0.071250 0.071250
0 0.664375 0.553125 0.108750 0.108750
0 0.198750 0.120000 0.105000 0.105000
0 0.296250 0.304375 0.032500 0.028750
0 0.408750 0.130000 0.055000 0.080000
0 0.275000 0.404375 0.085000 0.123750
0 0.061250 0.438750 0.037500 0.055000
0 0.108125 0.123125 0.048750 0.071250
0 0.256875 0.866875 0.056250 0.056250
0 0.678125 0.641875 0.041250 0.046250
0 0.521250 0.261875 0.112500 0.136250
0 0.083125 0.533125 0.088750 0.088750
0 0.348125 0.631250 0.028750 0.022500
0 0.941875 0.178750 0.091250 0.075000
0 0.735000 0.723750 0.087500 0.087500
0 0.703125 0.895625 0.073750 0.068750
0 0.332500 0.696250 0.035000 0.032500
0 0.375000 0.449375 0.097500 0.091250
0 0.724375 0.378750 0.061250 0.040000
0 0.401875 0.850625 0.043750 0.028750
0 0.356875 0.213750 0.111250 0.072500
0 0.173125 0.303750 0.101250 0.060000
0 0.071875 0.761875 0.106250 0.063750
0 0.138750 0.860000 0.060000 0.060000
0 0.415000 0.327500 0.042500 0.042500
0 0.943125 0.411875 0.026250 0.026250
0 0.564375 0.841875 0.086250 0.086250
0 0.815625 0.590625 0.101250 0.101250
0 0.798750 0.141250 0.107500 0.102500
0 0.247500 0.950625 0.030000 0.028750
0 0.871875 0.386875 0.053750 0.051250
0 0.265625 0.645000 0.078750 0.072500
0 0.103125 0.213125 0.048750 0.048750
0 0.412500 0.597500 0.077500 0.077500
0 0.550000 0.690625 0.107500 0.096250
0 0.557500 0.435000 0.107500 0.097500
0 0.258125 0.732500 0.063750 0.057500
0 0.793125 0.251250 0.028750 0.025000
0 0.157500 0.413125 0.057500 0.051250
0 0.071250 0.648750 0.100000 0.090000
0 0.665625 0.817500 0.066250 0.072500
0 0.382500 0.049375 0.040000 0.043750
0 0.942500 0.336250 0.060000 0.072500
0 0.301875 0.096875 0.058750 0.058750
0 0.701250 0.448750 0.057500 0.057500
0 0.875625 0.911875 0.098750 0.098750
0 0.526250 0.532500 0.065000 0.065000
0 0.915000 0.476250 0.050000 0.050000
0 0.125625 0.941875 0.058750 0.058750
0 0.907500 0.585000 0.062500 0.062500
0 0.656250 0.141875 0.085000 0.093750
0 0.160625 0.739375 0.051250 0.051250
0 0.443750 0.711250 0.060000 0.060000
0 0.189375 0.635625 0.031250 0.031250
0 0.836875 0.473750 0.071250 0.057500
0 0.900625 0.268125 0.043750 0.043750
0 0.906250 0.066250 0.075000 0.075000
0 0.048750 0.290000 0.042500 0.042500
0 0.490000 0.603750 0.037500 0.037500
0 0.883750 0.772500 0.110000 0.110000