0 0.580625 0.381250 0.111250 0.105000
0 0.351250 0.655625 0.065000 0.061250
0 0.911875 0.431875 0.063750 0.063750
0 0.910000 0.906250 0.107500 0.107500
0 0.098750 0.466250 0.102500 0.102500
0 0.436250 0.751250 0.072500 0.072500
0 0.267500 0.220625 0.092500 0.106250
0 0.243125 0.721250 0.088750 0.070000
0 0.583125 0.678750 0.078750 0.062500
0 0.865000 0.513750 0.085000 0.067500
0 0.885000 0.303750 0.095000 0.095000
0 0.726250 0.057500 0.090000 0.090000
0 0.725000 0.765000 0.080000 0.080000
0 0.421875 0.525625 0.086250 0.086250
0 0.301250 0.387500 0.060000 0.060000
0 0.637500 0.558750 0.077500 0.077500
0 0.639375 0.899375 0.038750 0.038750
0 0.425625 0.245625 0.038750 0.038750
0 0.400625 0.391875 0.033750 0.033750
0 0.806250 0.380625 0.047500 0.048750
0 0.737500 0.290000 0.037500 0.037500
0 0.636875 0.266875 0.031250 0.031250
0 0.084375 0.288125 0.043750 0.043750
0 0.880625 0.794375 0.043750 0.043750
0 0.440000 0.158750 0.052500 0.052500
0 0.315000 0.851250 0.097500 0.097500
0 0.601250 0.771250 0.035000 0.035000
0 0.802500 0.893750 0.042500 0.042500
0 0.177500 0.072500 0.097500 0.097500
0 0.118125 0.945625 0.056250 0.056250
0 0.776875 0.663125 0.078750 0.078750
0 0.081875 0.681875 0.026250 0.026250
0 0.965000 0.066250 0.045000 0.045000
0 0.607500 0.040000 0.045000 0.045000
0 0.768125 0.483750 0.076250 0.110000
0 0.698750 0.438750 0.037500 0.032500
0 0.073125 0.126250 0.046250 0.040000
0 0.323125 0.478125 0.038750 0.033750
0 0.140000 0.607500 0.107500 0.107500
0 0.558125 0.193125 0.111250 0.111250
0 0.868750 0.630000 0.072500 0.057500
0 0.255000 0.061875 0.040000 0.031250
0 0.952500 0.511875 0.045000 0.026250
0 0.531875 0.560625 0.093750 0.088750
0 0.377500 0.206250 0.035000 0.035000
0 0.425625 0.886875 0.106250 0.106250
0 0.039375 0.358125 0.028750 0.028750
0 0.860000 0.103750 0.105000 0.127500
0 0.588125 0.290625 0.036250 0.043750
0 0.150625 0.356875 0.078750 0.078750
0 0.546250 0.905000 0.100000 0.100000
0 0.187500 0.867500 0.060000 0.060000
0 0.763125 0.566875 0.036250 0.036250
0 0.700625 0.929375 0.056250 0.076250
0 0.432500 0.053750 0.075000 0.075000
0 0.113750 0.781250 0.095000 0.095000
0 0.948125 0.731875 0.033750 0.033750
0 0.666875 0.181875 0.083750 0.083750
0 0.306875 0.548125 0.088750 0.088750
0 0.028750 0.213125 0.027500 0.021250
0 0.521250 0.086250 0.085000 0.085000
0 0.859375 0.201875 0.053750 0.053750
0 0.693750 0.666875 0.040000 0.038750
0 0.486250 0.653750 0.077500 0.077500
0 0.760000 0.190625 0.062500 0.043750
0 0.230625 0.351875 0.063750 0.063750
0 0.073750 0.051250 0.062500 0.062500
0 0.904375 0.681875 0.031250 0.031250
0 0.698750 0.370000 0.107500 0.067500
0 0.060625 0.611875 0.036250 0.036250
0 0.105625 0.201875 0.083750 0.083750
0 0.553750 0.745000 0.045000 0.045000
0 0.955625 0.663125 0.048750 0.048750
0 0.847500 0.442500 0.040000 0.040000
0 0.189375 0.795625 0.041250 0.041250
0 0.198750 0.446875 0.035000 0.038750
0 0.566250 0.475000 0.032500 0.032500
0 0.319375 0.114375 0.068750 0.068750
0 0.361875 0.260625 0.066250 0.058750
0 0.959375 0.140000 0.046250 0.067500