0 0.167500 0.546250 0.027500 0.025000
0 0.740625 0.781875 0.098750 0.091250
0 0.161250 0.126250 0.092500 0.092500
0 0.871875 0.545625 0.111250 0.111250
0 0.586875 0.584375 0.103750 0.103750
0 0.513125 0.201875 0.063750 0.063750
0 0.573125 0.925625 0.058750 0.058750
0 0.090000 0.770000 0.090000 0.090000
0 0.398125 0.079375 0.098750 0.098750
0 0.590625 0.675625 0.048750 0.048750
0 0.183125 0.372500 0.088750 0.117500
0 0.356875 0.655000 0.076250 0.087500
0 0.443750 0.341250 0.077500 0.067500
0 0.845000 0.060625 0.102500 0.088750
0 0.756875 0.391875 0.053750 0.053750
0 0.071875 0.898750 0.111250 0.112500
0 0.296250 0.375000 0.062500 0.062500
0 0.569375 0.313125 0.073750 0.073750
0 0.373125 0.268125 0.051250 0.051250
0 0.046875 0.265625 0.066250 0.066250
0 0.306250 0.198750 0.072500 0.072500
0 0.556250 0.860000 0.052500 0.052500
0 0.533125 0.744375 0.058750 0.058750
0 0.287500 0.493125 0.100000 0.088750
0 0.798750 0.641250 0.065000 0.057500
0 0.250000 0.795000 0.052500 0.052500
0 0.932500 0.358750 0.082500 0.082500
0 0.705625 0.530625 0.063750 0.063750
0 0.761250 0.882500 0.095000 0.095000
0 0.690625 0.198125 0.093750 0.093750
0 0.767500 0.316875 0.035000 0.033750
0 0.286250 0.675625 0.025000 0.023750
0 0.126875 0.242500 0.028750 0.027500
0 0.589375 0.076250 0.103750 0.102500
0 0.863125 0.218125 0.066250 0.066250
0 0.444375 0.510625 0.078750 0.078750
0 0.188750 0.637500 0.032500 0.032500
0 0.698125 0.649375 0.043750 0.043750
0 0.750000 0.061250 0.055000 0.055000
0 0.260000 0.893125 0.110000 0.121250
0 0.948750 0.243750 0.045000 0.052500
0 0.923750 0.701875 0.047500 0.056250
0 0.652500 0.412500 0.080000 0.095000
0 0.424375 0.807500 0.073750 0.087500
0 0.194375 0.716875 0.068750 0.053750
0 0.643750 0.781250 0.077500 0.070000
0 0.661250 0.928750 0.072500 0.072500
0 0.076250 0.482500 0.065000 0.065000
0 0.914375 0.829375 0.096250 0.096250
0 0.916250 0.930000 0.090000 0.090000
0 0.493750 0.110000 0.067500 0.047500
0 0.058125 0.635625 0.086250 0.061250
0 0.794375 0.239375 0.056250 0.056250
0 0.292500 0.075000 0.097500 0.097500
0 0.800625 0.148125 0.041250 0.041250
0 0.558125 0.443125 0.053750 0.053750
0 0.948750 0.170000 0.067500 0.067500
0 0.831875 0.366875 0.076250 0.076250
0 0.053750 0.078750 0.065000 0.060000
0 0.186250 0.250000 0.065000 0.065000
0 0.420625 0.890625 0.056250 0.056250
0 0.495000 0.663750 0.052500 0.052500
0 0.085000 0.371250 0.080000 0.092500
0 0.365000 0.337500 0.037500 0.027500
0 0.078750 0.161875 0.052500 0.051250