0 0.373750 0.681250 0.112500 0.120000
0 0.834375 0.851250 0.101250 0.107500
0 0.096875 0.029375 0.033750 0.033750
0 0.636875 0.640625 0.106250 0.106250
0 0.867500 0.117500 0.060000 0.060000
0 0.478125 0.479375 0.058750 0.058750
0 0.791875 0.256250 0.088750 0.097500
0 0.546250 0.231250 0.045000 0.045000
0 0.130000 0.345000 0.080000 0.080000
0 0.239375 0.120625 0.078750 0.078750
0 0.786875 0.378125 0.111250 0.111250
0 0.843750 0.685000 0.102500 0.102500
0 0.683750 0.202500 0.050000 0.050000
0 0.606875 0.374375 0.071250 0.071250
0 0.113750 0.532500 0.035000 0.035000
0 0.211250 0.266250 0.042500 0.042500
0 0.088750 0.932500 0.075000 0.075000
0 0.366250 0.112500 0.030000 0.030000
0 0.906875 0.250625 0.048750 0.048750
0 0.727500 0.833125 0.092500 0.091250
0 0.620625 0.116250 0.108750 0.107500
0 0.508750 0.626875 0.092500 0.091250
0 0.360625 0.464375 0.056250 0.056250
0 0.491875 0.356875 0.028750 0.028750
0 0.945625 0.506875 0.081250 0.081250
0 0.365625 0.895625 0.111250 0.111250
0 0.321875 0.353125 0.031250 0.031250
0 0.761875 0.079375 0.026250 0.026250
0 0.946875 0.638125 0.078750 0.078750
0 0.126250 0.116250 0.110000 0.110000
0 0.221250 0.600000 0.067500 0.067500
0 0.460625 0.244375 0.101250 0.101250
0 0.101250 0.267500 0.050000 0.050000
0 0.405625 0.590625 0.036250 0.036250
0 0.430000 0.415000 0.045000 0.045000
0 0.186875 0.479375 0.086250 0.076250
0 0.868750 0.476250 0.025000 0.025000
0 0.283750 0.241250 0.055000 0.055000
0 0.939375 0.385625 0.083750 0.083750
0 0.249375 0.388125 0.038750 0.038750
0 0.056875 0.614375 0.073750 0.073750
0 0.478750 0.066250 0.055000 0.055000
0 0.801250 0.511250 0.040000 0.040000
0 0.563750 0.506250 0.065000 0.065000
0 0.156250 0.765000 0.080000 0.080000
0 0.315000 0.061250 0.035000 0.035000
0 0.053125 0.819375 0.056250 0.033750
0 0.331250 0.308750 0.055000 0.032500
0 0.223125 0.213125 0.028750 0.023750
0 0.365000 0.208125 0.040000 0.033750
0 0.337500 0.163750 0.030000 0.030000
0 0.573125 0.866875 0.101250 0.101250
0 0.276875 0.488125 0.068750 0.068750
0 0.242500 0.041250 0.037500 0.037500
0 0.740625 0.535625 0.066250 0.066250