0 0.268750 0.917500 0.025000 0.030000
0 0.225000 0.813750 0.060000 0.072500
0 0.625000 0.828750 0.105000 0.127500
0 0.383750 0.901250 0.105000 0.127500
0 0.778750 0.713125 0.112500 0.091250
0 0.136875 0.056875 0.043750 0.046250
0 0.500000 0.245625 0.105000 0.113750
0 0.380000 0.510000 0.080000 0.082500
0 0.262500 0.261250 0.112500 0.117500
0 0.395000 0.633125 0.030000 0.031250
0 0.649375 0.059375 0.071250 0.073750
0 0.928125 0.055625 0.053750 0.053750
0 0.857500 0.265625 0.102500 0.146250
0 0.481875 0.712500 0.056250 0.055000
0 0.119375 0.380625 0.108750 0.088750
0 0.808750 0.417500 0.030000 0.030000
0 0.108750 0.526250 0.105000 0.105000
0 0.133125 0.680625 0.073750 0.073750
0 0.936250 0.631250 0.045000 0.045000
0 0.213125 0.433125 0.028750 0.028750
0 0.386250 0.416250 0.077500 0.077500
0 0.861875 0.840625 0.088750 0.086250
0 0.716875 0.401875 0.066250 0.063750
0 0.542500 0.116250 0.085000 0.082500
0 0.698750 0.206875 0.055000 0.053750
0 0.825000 0.065000 0.102500 0.102500
0 0.606875 0.543125 0.111250 0.111250
0 0.825625 0.526875 0.108750 0.108750
0 0.774375 0.885625 0.036250 0.036250
0 0.941875 0.940625 0.038750 0.038750
0 0.061875 0.231875 0.098750 0.098750
0 0.700625 0.305625 0.063750 0.106250
0 0.088750 0.911875 0.055000 0.091250
0 0.282500 0.115000 0.075000 0.125000
0 0.399375 0.756875 0.051250 0.051250
0 0.396875 0.088125 0.091250 0.091250
0 0.466250 0.848750 0.045000 0.045000
0 0.223750 0.522500 0.102500 0.102500
0 0.605625 0.278125 0.026250 0.021250
0 0.542500 0.361875 0.067500 0.061250
0 0.768750 0.254375 0.042500 0.038750
0 0.933750 0.200000 0.030000 0.027500
0 0.340000 0.707500 0.045000 0.045000
0 0.385000 0.301875 0.110000 0.088750
0 0.240625 0.662500 0.108750 0.132500
0 0.552500 0.666250 0.067500 0.080000
0 0.890000 0.412500 0.095000 0.095000
0 0.108125 0.839375 0.041250 0.036250
0 0.478125 0.551875 0.086250 0.086250
0 0.209375 0.908750 0.068750 0.077500
0 0.350000 0.642500 0.030000 0.020000
0 0.731250 0.621875 0.092500 0.061250
0 0.725000 0.803750 0.062500 0.062500