0 0.306875 0.440625 0.051250 0.051250
0 0.290625 0.314375 0.028750 0.028750
0 0.789375 0.715625 0.111250 0.111250
0 0.827500 0.586250 0.070000 0.070000
0 0.788750 0.343125 0.047500 0.046250
0 0.436250 0.712500 0.112500 0.112500
0 0.456250 0.511250 0.107500 0.107500
0 0.065000 0.871250 0.062500 0.062500
0 0.402500 0.297500 0.105000 0.105000
0 0.900625 0.929375 0.046250 0.046250
0 0.539375 0.043125 0.068750 0.048750
0 0.366250 0.918750 0.095000 0.067500
0 0.392500 0.189375 0.082500 0.068750
0 0.159375 0.556875 0.051250 0.051250
0 0.348125 0.821875 0.061250 0.061250
0 0.540000 0.395000 0.102500 0.102500
0 0.722500 0.463125 0.112500 0.106250
0 0.236875 0.751250 0.071250 0.092500
0 0.615000 0.927500 0.067500 0.087500
0 0.566250 0.750000 0.082500 0.107500
0 0.132500 0.098750 0.107500 0.107500
0 0.144375 0.366875 0.086250 0.086250
0 0.109375 0.581875 0.033750 0.033750
0 0.283125 0.603750 0.093750 0.072500
0 0.536250 0.938750 0.042500 0.042500
0 0.636875 0.606875 0.041250 0.041250
0 0.732500 0.123750 0.090000 0.087500
0 0.867500 0.218750 0.090000 0.090000
0 0.871250 0.838750 0.110000 0.110000
0 0.657500 0.776250 0.037500 0.037500
0 0.538750 0.182500 0.110000 0.110000
0 0.129375 0.483125 0.046250 0.046250
0 0.710000 0.351250 0.055000 0.047500
0 0.458125 0.831875 0.071250 0.061250
0 0.086875 0.661250 0.078750 0.067500
0 0.880000 0.716250 0.050000 0.042500
0 0.156875 0.223750 0.108750 0.125000
0 0.889375 0.381875 0.061250 0.083750
0 0.610625 0.503125 0.076250 0.076250
0 0.286250 0.163125 0.105000 0.113750
0 0.860625 0.115625 0.071250 0.071250
0 0.345625 0.036875 0.028750 0.028750
0 0.064375 0.499375 0.043750 0.043750
0 0.716250 0.596250 0.060000 0.060000
0 0.748125 0.879375 0.106250 0.106250
0 0.198750 0.894375 0.095000 0.101250
0 0.108125 0.778125 0.091250 0.091250
0 0.925625 0.523125 0.108750 0.123750
0 0.710625 0.231875 0.111250 0.111250
0 0.356250 0.386250 0.042500 0.042500
0 0.233125 0.369375 0.038750 0.038750
0 0.948750 0.693750 0.072500 0.072500
0 0.397500 0.615625 0.072500 0.061250
0 0.338125 0.516250 0.093750 0.080000
0 0.631250 0.059375 0.052500 0.043750
0 0.512500 0.277500 0.062500 0.062500
0 0.325000 0.718125 0.090000 0.076250
0 0.446875 0.050000 0.073750 0.062500
0 0.061875 0.404375 0.063750 0.053750
0 0.604375 0.848750 0.081250 0.052500
0 0.210000 0.475000 0.057500 0.037500
0 0.822500 0.483125 0.067500 0.043750
0 0.493125 0.622500 0.043750 0.042500
0 0.670625 0.690625 0.093750 0.093750
0 0.660625 0.116875 0.038750 0.038750
0 0.963125 0.799375 0.048750 0.041250
0 0.055625 0.223125 0.051250 0.043750
0 0.638750 0.344375 0.052500 0.048750
0 0.954375 0.040625 0.053750 0.053750
0 0.823750 0.404375 0.045000 0.043750