0 0.851875 0.160625 0.108750 0.101250
0 0.203125 0.785000 0.051250 0.047500
0 0.651250 0.268750 0.082500 0.095000
0 0.905000 0.647500 0.030000 0.030000
0 0.482500 0.268750 0.102500 0.102500
0 0.728125 0.160625 0.101250 0.101250
0 0.623750 0.831875 0.045000 0.053750
0 0.825000 0.369375 0.052500 0.063750
0 0.557500 0.656250 0.105000 0.127500
0 0.427500 0.791875 0.100000 0.121250
0 0.756250 0.838750 0.075000 0.075000
0 0.775000 0.656250 0.075000 0.075000
0 0.503750 0.783750 0.035000 0.035000
0 0.425625 0.453125 0.093750 0.113750
0 0.141250 0.581875 0.077500 0.093750
0 0.289375 0.708125 0.058750 0.071250
0 0.240625 0.356250 0.106250 0.090000
0 0.568750 0.832500 0.037500 0.037500
0 0.620625 0.078125 0.098750 0.098750
0 0.900000 0.481250 0.107500 0.107500
0 0.105000 0.425000 0.102500 0.102500
0 0.126250 0.307500 0.072500 0.072500
0 0.244375 0.153125 0.101250 0.101250
0 0.277500 0.923125 0.062500 0.076250
0 0.238125 0.461875 0.066250 0.066250
0 0.745625 0.456875 0.071250 0.071250
0 0.910625 0.796875 0.103750 0.103750
0 0.335625 0.425000 0.031250 0.030000
0 0.631250 0.637500 0.027500 0.027500
0 0.053750 0.802500 0.077500 0.077500
0 0.576875 0.180625 0.038750 0.038750
0 0.360625 0.325625 0.071250 0.091250
0 0.424375 0.670000 0.058750 0.075000
0 0.962500 0.120000 0.030000 0.030000
0 0.723125 0.588125 0.038750 0.038750
0 0.580000 0.412500 0.110000 0.110000
0 0.740625 0.326875 0.046250 0.046250
0 0.748750 0.921875 0.057500 0.028750
0 0.311250 0.548750 0.070000 0.035000
0 0.116875 0.096875 0.058750 0.028750
0 0.388750 0.105000 0.100000 0.100000
0 0.875625 0.278125 0.086250 0.086250
0 0.936875 0.710625 0.048750 0.048750
0 0.846250 0.706250 0.030000 0.030000
0 0.487500 0.915625 0.025000 0.021250
0 0.885625 0.046875 0.061250 0.053750
0 0.321875 0.829375 0.081250 0.071250
0 0.125625 0.913125 0.106250 0.106250
0 0.056875 0.135000 0.033750 0.037500
0 0.143125 0.696875 0.033750 0.051250
0 0.499375 0.101250 0.088750 0.135000
0 0.912500 0.908125 0.032500 0.048750
0 0.323750 0.613125 0.102500 0.078750
0 0.843125 0.583125 0.033750 0.026250
0 0.670625 0.363125 0.048750 0.048750
0 0.558750 0.927500 0.080000 0.080000
0 0.531875 0.530625 0.038750 0.043750
0 0.757500 0.072500 0.040000 0.040000
0 0.619375 0.531875 0.106250 0.106250
0 0.057500 0.193750 0.032500 0.032500
0 0.061875 0.675000 0.048750 0.042500
0 0.263125 0.257500 0.098750 0.087500
0 0.049375 0.540000 0.073750 0.060000
0 0.889375 0.381875 0.056250 0.056250
0 0.668125 0.756875 0.058750 0.058750