0 0.088125 0.201875 0.086250 0.086250
0 0.246250 0.738125 0.102500 0.116250
0 0.643125 0.687500 0.046250 0.052500
0 0.499375 0.165625 0.061250 0.061250
0 0.419375 0.513125 0.091250 0.091250
0 0.356875 0.908125 0.081250 0.081250
0 0.113125 0.394375 0.063750 0.063750
0 0.302500 0.515000 0.082500 0.082500
0 0.487500 0.936250 0.032500 0.032500
0 0.669375 0.415000 0.083750 0.082500
0 0.563750 0.950625 0.025000 0.023750
0 0.819375 0.410000 0.063750 0.062500
0 0.861875 0.676875 0.106250 0.106250
0 0.706250 0.548750 0.095000 0.110000
0 0.475000 0.061250 0.090000 0.090000
0 0.835625 0.288125 0.063750 0.063750
0 0.529375 0.495625 0.103750 0.103750
0 0.911250 0.837500 0.105000 0.105000
0 0.688750 0.310625 0.070000 0.076250
0 0.208125 0.326875 0.026250 0.028750
0 0.473750 0.710000 0.107500 0.117500
0 0.080625 0.686875 0.096250 0.096250
0 0.343750 0.122500 0.085000 0.085000
0 0.183125 0.471875 0.061250 0.061250
0 0.885625 0.095000 0.043750 0.047500
0 0.797500 0.557500 0.040000 0.040000
0 0.500000 0.807500 0.035000 0.035000
0 0.058125 0.390625 0.031250 0.028750
0 0.107500 0.461250 0.037500 0.037500
0 0.446250 0.255000 0.102500 0.102500
0 0.206250 0.890000 0.060000 0.060000
0 0.065625 0.900625 0.093750 0.093750
0 0.315625 0.286875 0.053750 0.053750
0 0.713125 0.913125 0.058750 0.058750
0 0.133750 0.778750 0.027500 0.027500
0 0.631875 0.173125 0.066250 0.066250
0 0.343125 0.726875 0.068750 0.068750
0 0.183125 0.259375 0.056250 0.056250
0 0.735625 0.780625 0.093750 0.093750
0 0.315000 0.381875 0.045000 0.061250
0 0.108750 0.571875 0.100000 0.101250
0 0.780000 0.943750 0.055000 0.055000
0 0.381875 0.639375 0.061250 0.061250
0 0.553750 0.597500 0.035000 0.035000
0 0.258750 0.603750 0.075000 0.075000
0 0.549375 0.888125 0.056250 0.056250
0 0.364375 0.041875 0.033750 0.033750
0 0.422500 0.396250 0.087500 0.087500
0 0.569375 0.355625 0.096250 0.096250
0 0.956875 0.494375 0.043750 0.043750
0 0.185000 0.110000 0.077500 0.070000
0 0.959375 0.551875 0.036250 0.033750
0 0.611875 0.776875 0.096250 0.096250
0 0.653750 0.078125 0.060000 0.051250
0 0.698750 0.666875 0.050000 0.041250
0 0.807500 0.168125 0.065000 0.053750
0 0.339375 0.215625 0.088750 0.073750
0 0.088125 0.500625 0.026250 0.021250
0 0.925625 0.391875 0.088750 0.113750
0 0.876250 0.525000 0.087500 0.077500
0 0.786250 0.056250 0.082500 0.072500