0 0.403125 0.183125 0.046250 0.046250
0 0.815625 0.435625 0.078750 0.078750
0 0.068125 0.575625 0.053750 0.053750
0 0.149375 0.858125 0.088750 0.088750
0 0.309375 0.146875 0.071250 0.071250
0 0.881875 0.929375 0.046250 0.046250
0 0.628750 0.368750 0.077500 0.077500
0 0.451875 0.279375 0.061250 0.061250
0 0.393125 0.091875 0.048750 0.048750
0 0.145000 0.071875 0.090000 0.108750
0 0.550625 0.735625 0.071250 0.086250
0 0.848750 0.796875 0.112500 0.136250
0 0.096875 0.259375 0.093750 0.113750
0 0.876250 0.209375 0.100000 0.128750
0 0.899375 0.585625 0.096250 0.123750
0 0.348750 0.345625 0.057500 0.073750
0 0.508750 0.402500 0.035000 0.045000
0 0.447500 0.786250 0.075000 0.075000
0 0.521250 0.510000 0.087500 0.087500
0 0.087500 0.488750 0.105000 0.105000
0 0.205000 0.545000 0.027500 0.027500
0 0.266250 0.682500 0.102500 0.102500
0 0.738125 0.208125 0.111250 0.111250
0 0.530625 0.244375 0.056250 0.056250
0 0.477500 0.063750 0.095000 0.095000
0 0.616875 0.556875 0.068750 0.068750
0 0.702500 0.037500 0.037500 0.037500
0 0.746875 0.508125 0.048750 0.048750
0 0.103125 0.746875 0.026250 0.026250
0 0.213125 0.354375 0.043750 0.043750
0 0.273750 0.251250 0.075000 0.075000
0 0.696875 0.823125 0.106250 0.106250
0 0.914375 0.465625 0.096250 0.096250
0 0.451875 0.665625 0.091250 0.091250
0 0.573125 0.865625 0.098750 0.098750
0 0.408750 0.435000 0.057500 0.057500
0 0.328125 0.528125 0.063750 0.063750
0 0.117500 0.391250 0.082500 0.057500
0 0.672500 0.657500 0.090000 0.090000
0 0.778750 0.083750 0.062500 0.062500
0 0.919375 0.310625 0.056250 0.056250
0 0.170000 0.653750 0.050000 0.050000
0 0.331875 0.051250 0.046250 0.060000
0 0.373125 0.887500 0.053750 0.070000
0 0.273125 0.330625 0.051250 0.051250
0 0.210000 0.453750 0.080000 0.080000
0 0.616250 0.188750 0.067500 0.080000
0 0.363125 0.623750 0.048750 0.057500
0 0.264375 0.801250 0.101250 0.120000
0 0.256250 0.377500 0.025000 0.027500
0 0.582500 0.073750 0.097500 0.110000
0 0.924375 0.373125 0.041250 0.046250
0 0.731875 0.314375 0.068750 0.068750
0 0.735625 0.930625 0.063750 0.063750
0 0.651250 0.295625 0.047500 0.043750
0 0.726875 0.579375 0.041250 0.036250
0 0.578125 0.628125 0.038750 0.033750
0 0.088750 0.668750 0.055000 0.055000
0 0.908125 0.066875 0.103750 0.103750
0 0.463750 0.902500 0.067500 0.067500
0 0.716250 0.411250 0.057500 0.057500
0 0.073750 0.845000 0.030000 0.030000
0 0.318125 0.459375 0.056250 0.056250
0 0.773750 0.638750 0.060000 0.060000
0 0.358750 0.250000 0.065000 0.065000
0 0.405000 0.515000 0.070000 0.070000
0 0.786875 0.571250 0.053750 0.052500
0 0.933125 0.751250 0.036250 0.032500
0 0.043125 0.168750 0.036250 0.032500
0 0.250625 0.096875 0.031250 0.033750
0 0.947500 0.839375 0.070000 0.076250
0 0.271250 0.925000 0.085000 0.085000
0 0.536875 0.299375 0.053750 0.033750
0 0.030625 0.123125 0.026250 0.026250
0 0.165625 0.735625 0.028750 0.028750
0 0.127500 0.588750 0.032500 0.032500
0 0.036875 0.888125 0.038750 0.038750
0 0.844375 0.333125 0.051250 0.051250
0 0.615625 0.469375 0.041250 0.041250
0 0.368125 0.761875 0.061250 0.061250
0 0.037500 0.758750 0.030000 0.030000
0 0.191250 0.240625 0.047500 0.051250
0 0.934375 0.909375 0.026250 0.026250
0 0.254375 0.543750 0.048750 0.052500
0 0.656250 0.115000 0.030000 0.032500
0 0.513750 0.172500 0.060000 0.065000
0 0.434375 0.357500 0.088750 0.070000
0 0.799375 0.960000 0.026250 0.020000
0 0.968125 0.601250 0.026250 0.030000