0 0.729375 0.540625 0.078750 0.078750
0 0.844375 0.605625 0.058750 0.056250
0 0.540000 0.866250 0.067500 0.065000
0 0.867500 0.366250 0.112500 0.110000
0 0.065625 0.116875 0.073750 0.071250
0 0.858125 0.503125 0.041250 0.041250
0 0.797500 0.853750 0.077500 0.077500
0 0.415000 0.116250 0.105000 0.105000
0 0.405000 0.247500 0.102500 0.102500
0 0.647500 0.477500 0.025000 0.025000
0 0.230000 0.801250 0.075000 0.075000
0 0.318125 0.785625 0.078750 0.078750
0 0.950000 0.215000 0.060000 0.060000
0 0.037500 0.898750 0.037500 0.037500
0 0.931250 0.748750 0.055000 0.055000
0 0.605000 0.786250 0.037500 0.037500
0 0.772500 0.760000 0.087500 0.087500
0 0.733125 0.203125 0.063750 0.063750
0 0.753125 0.403750 0.071250 0.072500
0 0.166875 0.113750 0.088750 0.090000
0 0.436875 0.434375 0.038750 0.038750
0 0.565625 0.284375 0.048750 0.048750
0 0.278125 0.388750 0.083750 0.080000
0 0.294375 0.205000 0.098750 0.095000
0 0.140625 0.660000 0.036250 0.035000
0 0.399375 0.918750 0.111250 0.107500
0 0.143750 0.486875 0.072500 0.063750
0 0.048750 0.600000 0.065000 0.057500
0 0.520625 0.116875 0.041250 0.036250
0 0.131875 0.255625 0.041250 0.041250
0 0.586250 0.934375 0.045000 0.046250
0 0.306250 0.508750 0.097500 0.097500
0 0.617500 0.314375 0.037500 0.028750
0 0.139375 0.603125 0.073750 0.058750
0 0.360625 0.683125 0.083750 0.066250
0 0.910625 0.816250 0.041250 0.032500
0 0.826875 0.070625 0.063750 0.063750
0 0.663125 0.399375 0.078750 0.078750
0 0.537500 0.478750 0.027500 0.027500
0 0.480625 0.557500 0.091250 0.090000
0 0.151875 0.726875 0.056250 0.056250
0 0.710625 0.624375 0.043750 0.043750
0 0.678750 0.113750 0.082500 0.082500
0 0.075625 0.733125 0.063750 0.063750
0 0.649375 0.594375 0.028750 0.028750
0 0.122500 0.915625 0.112500 0.113750
0 0.911250 0.463750 0.030000 0.030000
0 0.438125 0.390625 0.026250 0.026250
0 0.078125 0.821875 0.043750 0.046250
0 0.858750 0.151250 0.077500 0.077500
0 0.518125 0.641875 0.101250 0.058750
0 0.910625 0.934375 0.076250 0.043750
0 0.108125 0.366875 0.106250 0.106250
0 0.381875 0.767500 0.028750 0.022500
0 0.376250 0.388750 0.052500 0.042500
0 0.508750 0.183750 0.050000 0.040000
0 0.526250 0.370000 0.067500 0.067500
0 0.055625 0.245625 0.083750 0.083750
0 0.950625 0.536875 0.061250 0.061250
0 0.669375 0.935000 0.091250 0.080000
0 0.496875 0.744375 0.111250 0.131250
0 0.846875 0.265625 0.083750 0.073750
0 0.151250 0.817500 0.060000 0.060000
0 0.655625 0.720625 0.083750 0.078750
0 0.508750 0.436250 0.027500 0.027500
0 0.932500 0.671250 0.075000 0.075000
0 0.786875 0.654375 0.036250 0.036250
0 0.248750 0.907500 0.105000 0.105000
0 0.307500 0.614375 0.052500 0.046250
0 0.372500 0.588125 0.047500 0.041250
0 0.606250 0.211875 0.085000 0.061250
0 0.598125 0.135625 0.046250 0.033750
0 0.941250 0.104375 0.067500 0.048750
0 0.595000 0.540000 0.030000 0.030000
0 0.136250 0.043750 0.032500 0.032500
0 0.690625 0.299375 0.088750 0.088750
0 0.247500 0.283750 0.027500 0.027500
0 0.499375 0.278125 0.068750 0.071250
0 0.814375 0.925625 0.051250 0.051250
0 0.201875 0.603750 0.031250 0.035000