0 0.058125 0.945000 0.046250 0.035000
0 0.493750 0.489375 0.072500 0.056250
0 0.406875 0.114375 0.098750 0.098750
0 0.592500 0.238750 0.080000 0.080000
0 0.068125 0.681875 0.073750 0.073750
0 0.395000 0.907500 0.092500 0.092500
0 0.747500 0.769375 0.092500 0.098750
0 0.150000 0.353125 0.090000 0.096250
0 0.220000 0.668750 0.065000 0.065000
0 0.310000 0.713750 0.055000 0.055000
0 0.696875 0.151875 0.101250 0.096250
0 0.396250 0.551250 0.062500 0.062500
0 0.518125 0.680000 0.111250 0.100000
0 0.940625 0.250625 0.093750 0.093750
0 0.633750 0.487500 0.110000 0.050000
0 0.154375 0.456250 0.073750 0.075000
0 0.504375 0.269375 0.028750 0.028750
0 0.696875 0.408750 0.046250 0.065000
0 0.901875 0.598125 0.041250 0.041250
0 0.814375 0.890625 0.033750 0.031250
0 0.940000 0.778750 0.092500 0.087500
0 0.398125 0.723750 0.043750 0.042500
0 0.113125 0.825625 0.046250 0.046250
0 0.141250 0.165000 0.030000 0.030000
0 0.780000 0.352500 0.072500 0.087500
0 0.243750 0.079375 0.047500 0.058750
0 0.226250 0.209375 0.107500 0.133750
0 0.205625 0.831875 0.073750 0.091250
0 0.600000 0.568750 0.080000 0.080000
0 0.495000 0.586250 0.040000 0.040000
0 0.580000 0.904375 0.110000 0.118750
0 0.048125 0.191875 0.051250 0.051250