0 0.508125 0.950000 0.026250 0.015000
0 0.421875 0.710000 0.108750 0.087500
0 0.911875 0.874375 0.103750 0.103750
0 0.448125 0.144375 0.076250 0.076250
0 0.140625 0.268125 0.088750 0.088750
0 0.519375 0.635625 0.033750 0.031250
0 0.547500 0.903750 0.030000 0.027500
0 0.643750 0.069375 0.082500 0.076250
0 0.619375 0.466875 0.026250 0.023750
0 0.118125 0.160625 0.058750 0.058750
0 0.446250 0.490000 0.097500 0.070000
0 0.760625 0.139375 0.026250 0.026250
0 0.656250 0.881250 0.035000 0.040000
0 0.249375 0.618125 0.046250 0.053750
0 0.335000 0.343125 0.095000 0.111250
0 0.258750 0.146250 0.085000 0.085000
0 0.692500 0.411250 0.080000 0.080000
0 0.815000 0.577500 0.092500 0.092500
0 0.800625 0.211250 0.066250 0.060000
0 0.173750 0.573125 0.025000 0.023750
0 0.086875 0.076875 0.098750 0.093750
0 0.638750 0.675000 0.032500 0.030000
0 0.286250 0.067500 0.040000 0.037500
0 0.259375 0.727500 0.048750 0.047500
0 0.066250 0.705625 0.097500 0.096250
0 0.810625 0.041250 0.046250 0.045000
0 0.103125 0.456250 0.108750 0.107500
0 0.484375 0.398125 0.028750 0.028750
0 0.888750 0.058750 0.082500 0.067500
0 0.245625 0.492500 0.091250 0.072500
0 0.911250 0.406250 0.047500 0.037500
0 0.585000 0.561875 0.035000 0.036250
0 0.719375 0.800000 0.083750 0.080000
0 0.807500 0.403750 0.090000 0.085000
0 0.553750 0.816250 0.112500 0.107500
0 0.609375 0.950625 0.041250 0.038750
0 0.658750 0.178125 0.082500 0.081250
0 0.323750 0.528750 0.050000 0.050000
0 0.399375 0.818125 0.101250 0.101250
0 0.668125 0.316875 0.091250 0.091250
0 0.903750 0.494375 0.065000 0.066250
0 0.372500 0.916250 0.040000 0.040000
0 0.081875 0.607500 0.088750 0.080000
0 0.446250 0.236875 0.057500 0.051250
0 0.284375 0.909375 0.106250 0.096250
0 0.537500 0.735000 0.042500 0.037500
0 0.124375 0.879375 0.068750 0.068750
0 0.931875 0.224375 0.088750 0.088750
0 0.046250 0.327500 0.062500 0.062500
0 0.732500 0.886250 0.065000 0.065000
0 0.569375 0.183125 0.056250 0.056250
0 0.169375 0.703750 0.091250 0.080000
0 0.556250 0.299375 0.047500 0.041250
0 0.683750 0.590000 0.062500 0.055000
0 0.740625 0.706250 0.056250 0.050000
0 0.931250 0.621250 0.067500 0.067500
0 0.922500 0.732500 0.082500 0.082500
0 0.643750 0.744375 0.045000 0.043750
0 0.535625 0.094375 0.083750 0.081250
0 0.360000 0.630625 0.057500 0.046250
0 0.498750 0.026875 0.030000 0.023750
0 0.588750 0.368750 0.035000 0.027500
0 0.171250 0.788750 0.070000 0.070000
0 0.843750 0.747500 0.060000 0.060000
0 0.820000 0.908750 0.057500 0.057500
0 0.188750 0.392500 0.037500 0.037500
0 0.482500 0.314375 0.085000 0.063750
0 0.433125 0.615000 0.053750 0.040000
0 0.353125 0.459375 0.031250 0.023750
0 0.908750 0.131250 0.057500 0.057500
0 0.187500 0.062500 0.025000 0.025000
0 0.473750 0.560625 0.050000 0.051250
0 0.561250 0.499375 0.035000 0.036250
0 0.550625 0.243125 0.036250 0.036250
0 0.357500 0.120000 0.045000 0.042500
0 0.054375 0.163125 0.043750 0.041250
0 0.821250 0.141250 0.045000 0.042500
0 0.826250 0.855000 0.025000 0.022500