0 0.333750 0.400000 0.085000 0.085000
0 0.196875 0.900000 0.063750 0.062500
0 0.208750 0.657500 0.102500 0.102500
0 0.464375 0.691875 0.056250 0.056250
0 0.893125 0.806875 0.048750 0.048750
0 0.661250 0.183750 0.102500 0.102500
0 0.167500 0.221250 0.110000 0.110000
0 0.495000 0.481250 0.050000 0.050000
0 0.068750 0.567500 0.080000 0.080000
0 0.396875 0.266875 0.068750 0.068750
0 0.272500 0.547500 0.102500 0.102500
0 0.751875 0.079375 0.041250 0.043750
0 0.562500 0.325625 0.030000 0.028750
0 0.141875 0.089375 0.111250 0.111250
0 0.308125 0.866875 0.091250 0.091250
0 0.497500 0.411875 0.062500 0.056250
0 0.736875 0.708125 0.078750 0.078750
0 0.905000 0.738750 0.045000 0.045000
0 0.693750 0.861250 0.052500 0.052500
0 0.835625 0.289375 0.033750 0.033750
0 0.966250 0.153750 0.032500 0.027500
0 0.501875 0.083750 0.058750 0.050000
0 0.086875 0.238125 0.026250 0.026250
0 0.718750 0.402500 0.085000 0.085000
0 0.589375 0.519375 0.088750 0.088750
0 0.772500 0.547500 0.072500 0.072500
0 0.402500 0.171250 0.070000 0.070000
0 0.693125 0.551250 0.031250 0.030000
0 0.885625 0.470625 0.098750 0.096250
0 0.878125 0.078125 0.083750 0.081250
0 0.208125 0.784375 0.061250 0.058750
0 0.912500 0.641875 0.087500 0.093750
0 0.186250 0.351250 0.110000 0.117500
0 0.429375 0.595000 0.051250 0.055000
0 0.315000 0.125000 0.085000 0.085000
0 0.583125 0.255625 0.026250 0.026250
0 0.631875 0.675000 0.076250 0.045000
0 0.811250 0.240625 0.065000 0.038750
0 0.711250 0.311875 0.102500 0.061250
0 0.073750 0.888750 0.112500 0.112500
0 0.925000 0.321250 0.065000 0.065000
0 0.335000 0.746250 0.050000 0.050000
0 0.491875 0.165625 0.073750 0.073750
0 0.595000 0.922500 0.055000 0.055000
0 0.429375 0.493125 0.061250 0.061250
0 0.590000 0.427500 0.075000 0.075000
0 0.957500 0.876250 0.047500 0.055000
0 0.458750 0.807500 0.112500 0.130000
0 0.355000 0.638750 0.035000 0.040000
0 0.059375 0.295000 0.041250 0.047500
0 0.779375 0.888125 0.098750 0.093750
0 0.610625 0.061875 0.088750 0.088750
0 0.638125 0.774375 0.103750 0.103750
0 0.027500 0.038750 0.025000 0.025000
0 0.063750 0.383750 0.080000 0.080000
0 0.353750 0.493750 0.035000 0.035000
0 0.418750 0.058750 0.090000 0.090000
0 0.838125 0.343125 0.028750 0.028750
0 0.303125 0.226250 0.066250 0.067500
0 0.960000 0.247500 0.040000 0.040000
0 0.947500 0.942500 0.045000 0.045000
0 0.628750 0.617500 0.027500 0.027500
0 0.891250 0.912500 0.025000 0.025000
0 0.068125 0.656875 0.081250 0.081250
0 0.187500 0.546250 0.032500 0.032500
0 0.845000 0.181250 0.062500 0.060000
0 0.772500 0.136875 0.047500 0.046250
0 0.080000 0.185000 0.047500 0.047500
0 0.618750 0.872500 0.027500 0.027500
0 0.936250 0.556250 0.025000 0.025000
0 0.495625 0.318125 0.053750 0.053750
0 0.714375 0.483125 0.026250 0.026250
0 0.561250 0.611250 0.062500 0.062500
0 0.831250 0.703750 0.057500 0.057500
0 0.170625 0.474375 0.063750 0.063750
0 0.432500 0.933125 0.095000 0.076250
0 0.136250 0.747500 0.050000 0.050000
0 0.927500 0.389375 0.055000 0.038750