0 0.338125 0.628750 0.063750 0.077500
0 0.237500 0.633750 0.105000 0.105000
0 0.681875 0.463750 0.043750 0.040000
0 0.183750 0.106250 0.062500 0.055000
0 0.403750 0.806875 0.070000 0.061250
0 0.498750 0.806250 0.082500 0.072500
0 0.900000 0.486250 0.060000 0.072500
0 0.716250 0.655625 0.100000 0.121250
0 0.924375 0.083125 0.038750 0.038750
0 0.645625 0.136250 0.076250 0.060000
0 0.125000 0.732500 0.095000 0.075000
0 0.302500 0.820000 0.030000 0.030000
0 0.550000 0.905000 0.060000 0.055000
0 0.752500 0.254375 0.102500 0.106250
0 0.507500 0.357500 0.100000 0.112500
0 0.045625 0.218125 0.028750 0.031250
0 0.337500 0.105000 0.097500 0.097500
0 0.181250 0.547500 0.042500 0.040000
0 0.912500 0.758125 0.112500 0.106250
0 0.497500 0.636875 0.092500 0.086250
0 0.205000 0.266250 0.025000 0.025000
0 0.196875 0.434375 0.091250 0.091250
0 0.898125 0.283125 0.063750 0.063750
0 0.301875 0.234375 0.071250 0.071250
0 0.217500 0.813750 0.070000 0.070000
0 0.820625 0.366875 0.073750 0.076250
0 0.646875 0.803125 0.106250 0.106250
0 0.773750 0.898750 0.097500 0.097500
0 0.063125 0.460625 0.076250 0.076250
0 0.125625 0.224375 0.051250 0.051250
0 0.441875 0.145625 0.078750 0.078750
0 0.935000 0.930000 0.030000 0.030000
0 0.961875 0.865625 0.031250 0.031250
0 0.920625 0.204375 0.071250 0.071250
0 0.630625 0.449375 0.043750 0.043750
0 0.186875 0.190625 0.053750 0.053750
0 0.407500 0.912500 0.085000 0.085000
0 0.792500 0.518750 0.090000 0.090000
0 0.538750 0.510000 0.082500 0.082500
0 0.062500 0.907500 0.057500 0.057500
0 0.089375 0.115625 0.098750 0.098750
0 0.425625 0.473750 0.086250 0.105000
0 0.080000 0.616250 0.105000 0.127500
0 0.763125 0.076250 0.088750 0.107500
0 0.082500 0.317500 0.057500 0.057500
0 0.861875 0.108125 0.066250 0.078750
0 0.661875 0.360000 0.071250 0.085000
0 0.818750 0.670000 0.027500 0.032500
0 0.301250 0.441250 0.075000 0.090000
0 0.486875 0.888750 0.046250 0.050000
0 0.411250 0.248750 0.087500 0.087500
0 0.597500 0.233750 0.107500 0.107500
0 0.047500 0.796250 0.042500 0.042500
0 0.915000 0.667500 0.055000 0.055000