0 0.866250 0.898750 0.095000 0.095000
0 0.605000 0.295000 0.030000 0.030000
0 0.448750 0.727500 0.067500 0.067500
0 0.848750 0.072500 0.040000 0.040000
0 0.555625 0.189375 0.108750 0.108750
0 0.079375 0.193125 0.053750 0.073750
0 0.228125 0.639375 0.061250 0.083750
0 0.208750 0.270000 0.062500 0.085000
0 0.336875 0.240000 0.111250 0.152500
0 0.693125 0.251875 0.096250 0.096250
0 0.123125 0.358125 0.028750 0.028750
0 0.289375 0.811875 0.046250 0.046250
0 0.183125 0.756875 0.108750 0.108750
0 0.845000 0.428750 0.107500 0.107500
0 0.253125 0.053125 0.071250 0.071250
0 0.593125 0.650000 0.063750 0.065000
0 0.348125 0.453125 0.041250 0.041250
0 0.820000 0.756250 0.047500 0.047500
0 0.438750 0.637500 0.080000 0.080000
0 0.861875 0.645625 0.026250 0.021250
0 0.747500 0.918125 0.060000 0.048750
0 0.592500 0.500625 0.087500 0.091250
0 0.688125 0.818125 0.111250 0.116250
0 0.453125 0.913750 0.058750 0.060000
0 0.092500 0.086250 0.050000 0.050000
0 0.530625 0.831875 0.028750 0.028750
0 0.666250 0.113125 0.090000 0.091250
0 0.127500 0.590625 0.070000 0.071250
0 0.786250 0.545000 0.085000 0.085000
0 0.936875 0.043125 0.048750 0.048750
0 0.150000 0.167500 0.067500 0.067500
0 0.468750 0.478750 0.092500 0.092500
0 0.560000 0.924375 0.112500 0.101250
0 0.423750 0.330000 0.047500 0.042500
0 0.690000 0.542500 0.090000 0.027500
0 0.304375 0.381875 0.033750 0.033750
0 0.828125 0.199375 0.101250 0.101250
0 0.513750 0.695625 0.025000 0.021250
0 0.706875 0.415000 0.111250 0.095000
0 0.533750 0.346250 0.085000 0.072500
0 0.098125 0.490625 0.108750 0.108750
0 0.908125 0.749375 0.111250 0.111250
0 0.295000 0.890000 0.057500 0.057500
0 0.242500 0.466250 0.102500 0.102500
0 0.435625 0.103125 0.096250 0.081250
0 0.691250 0.675000 0.047500 0.040000
0 0.178750 0.895000 0.060000 0.060000
0 0.038750 0.355000 0.030000 0.030000
0 0.068125 0.785625 0.096250 0.096250
0 0.391875 0.823125 0.098750 0.096250
0 0.754375 0.696250 0.053750 0.052500
0 0.903125 0.558125 0.108750 0.106250
0 0.065000 0.871250 0.095000 0.055000
0 0.101875 0.937500 0.073750 0.042500
0 0.826250 0.313125 0.067500 0.038750
0 0.321250 0.581875 0.107500 0.103750
0 0.467500 0.854375 0.025000 0.023750
0 0.943750 0.341875 0.072500 0.068750
0 0.162500 0.060625 0.070000 0.066250
0 0.534375 0.086250 0.073750 0.070000
0 0.932500 0.433750 0.050000 0.050000
0 0.951250 0.909375 0.060000 0.056250
0 0.320000 0.697500 0.102500 0.100000
0 0.573125 0.819375 0.041250 0.041250
0 0.959375 0.184375 0.048750 0.048750
0 0.468750 0.246250 0.042500 0.060000
0 0.049375 0.688750 0.066250 0.080000
0 0.188125 0.369375 0.056250 0.056250