0 0.066250 0.247500 0.065000 0.062500
0 0.564375 0.436875 0.093750 0.091250
0 0.149375 0.366875 0.098750 0.096250
0 0.158750 0.286875 0.052500 0.041250
0 0.341875 0.626875 0.046250 0.036250
0 0.528750 0.816875 0.087500 0.081250
0 0.822500 0.541250 0.100000 0.092500
0 0.716875 0.190625 0.103750 0.103750
0 0.215625 0.693125 0.066250 0.063750
0 0.682500 0.804375 0.072500 0.071250
0 0.475000 0.251875 0.045000 0.043750
0 0.095625 0.672500 0.026250 0.025000
0 0.381250 0.398750 0.057500 0.057500
0 0.928125 0.049375 0.063750 0.063750
0 0.816875 0.686875 0.066250 0.066250
0 0.205000 0.788750 0.025000 0.025000
0 0.640625 0.343125 0.056250 0.056250
0 0.656875 0.663125 0.096250 0.096250
0 0.866875 0.331875 0.036250 0.036250
0 0.933125 0.865625 0.026250 0.026250
0 0.561875 0.651250 0.043750 0.045000
0 0.275000 0.251875 0.095000 0.093750
0 0.103125 0.860625 0.106250 0.106250
0 0.112500 0.472500 0.055000 0.055000
0 0.670000 0.538750 0.042500 0.042500
0 0.155000 0.178750 0.045000 0.045000
0 0.531250 0.906250 0.035000 0.042500
0 0.405000 0.565625 0.037500 0.033750
0 0.360625 0.143125 0.091250 0.091250
0 0.421875 0.665625 0.093750 0.093750
0 0.281250 0.421875 0.110000 0.108750
0 0.944375 0.773750 0.051250 0.050000
0 0.251875 0.045000 0.046250 0.045000
0 0.774375 0.072500 0.056250 0.055000
0 0.800625 0.909375 0.108750 0.101250
0 0.783125 0.621875 0.036250 0.033750
0 0.939375 0.386250 0.091250 0.085000
0 0.523125 0.261875 0.033750 0.031250
0 0.942500 0.670000 0.042500 0.042500
0 0.551250 0.094375 0.050000 0.038750
0 0.371250 0.933750 0.102500 0.072500
0 0.330625 0.785000 0.111250 0.107500
0 0.417500 0.483750 0.037500 0.037500
0 0.270000 0.577500 0.075000 0.075000
0 0.876250 0.235000 0.105000 0.105000
0 0.790000 0.371875 0.102500 0.101250
0 0.951250 0.555000 0.065000 0.065000
0 0.594375 0.931875 0.031250 0.033750
0 0.054375 0.730625 0.053750 0.068750
0 0.219375 0.873125 0.066250 0.066250
0 0.148750 0.085000 0.087500 0.087500
0 0.558750 0.178750 0.095000 0.095000
0 0.557500 0.581250 0.037500 0.037500
0 0.241875 0.165625 0.056250 0.056250
0 0.653750 0.043750 0.057500 0.057500
0 0.438125 0.808750 0.043750 0.047500
0 0.961250 0.472500 0.052500 0.052500
0 0.935000 0.926250 0.070000 0.070000
0 0.667500 0.433750 0.085000 0.085000
0 0.700625 0.325625 0.048750 0.058750
0 0.753125 0.747500 0.046250 0.045000
0 0.093750 0.575000 0.097500 0.097500
0 0.146875 0.776875 0.031250 0.031250
0 0.417500 0.056250 0.067500 0.057500
0 0.596250 0.271250 0.082500 0.070000
0 0.331875 0.050625 0.078750 0.066250
0 0.441250 0.115000 0.027500 0.032500
0 0.381250 0.277500 0.090000 0.110000
0 0.138125 0.233750 0.048750 0.045000
0 0.446875 0.388750 0.056250 0.052500
0 0.831875 0.809375 0.076250 0.076250
0 0.617500 0.877500 0.050000 0.050000
0 0.528750 0.746250 0.032500 0.032500
0 0.285000 0.648750 0.052500 0.052500
0 0.508750 0.688750 0.027500 0.027500
0 0.764375 0.466875 0.036250 0.033750
0 0.040625 0.129375 0.051250 0.051250
0 0.188750 0.617500 0.065000 0.065000
0 0.449375 0.176875 0.066250 0.066250
0 0.048125 0.380625 0.063750 0.063750
0 0.250625 0.939375 0.051250 0.051250
0 0.038125 0.045625 0.041250 0.041250
0 0.850625 0.076875 0.061250 0.061250
0 0.942500 0.111250 0.035000 0.035000