0 0.487500 0.656250 0.077500 0.077500
0 0.921250 0.812500 0.050000 0.050000
0 0.055000 0.340000 0.057500 0.075000
0 0.215000 0.327500 0.042500 0.042500
0 0.547500 0.298750 0.027500 0.032500
0 0.414375 0.866875 0.098750 0.116250
0 0.780625 0.237500 0.086250 0.085000
0 0.123750 0.468125 0.085000 0.083750
0 0.560625 0.442500 0.076250 0.075000
0 0.141875 0.756250 0.096250 0.095000
0 0.776250 0.412500 0.092500 0.092500
0 0.666250 0.100000 0.080000 0.080000
0 0.763750 0.748750 0.097500 0.097500
0 0.075625 0.180625 0.108750 0.108750
0 0.908750 0.246250 0.092500 0.092500
0 0.211875 0.588125 0.078750 0.078750
0 0.826875 0.630625 0.103750 0.103750
0 0.388750 0.329375 0.077500 0.071250
0 0.321875 0.531875 0.081250 0.081250
0 0.396250 0.076250 0.110000 0.110000
0 0.205625 0.153125 0.103750 0.103750
0 0.565000 0.148750 0.085000 0.085000
0 0.653750 0.871250 0.092500 0.092500
0 0.892500 0.925000 0.070000 0.070000
0 0.355625 0.221875 0.111250 0.111250
0 0.753750 0.847500 0.055000 0.055000
0 0.244375 0.928125 0.051250 0.051250
0 0.068125 0.600625 0.098750 0.098750
0 0.058750 0.677500 0.030000 0.027500
0 0.046875 0.089375 0.028750 0.026250
0 0.626875 0.291875 0.048750 0.046250
0 0.421250 0.557500 0.072500 0.072500
0 0.383750 0.651250 0.030000 0.027500
0 0.602500 0.658750 0.107500 0.102500
0 0.760625 0.110000 0.026250 0.025000
0 0.220000 0.053750 0.032500 0.030000
0 0.235000 0.712500 0.037500 0.052500
0 0.596250 0.539375 0.055000 0.031250
0 0.236875 0.413125 0.111250 0.111250
0 0.352500 0.725000 0.045000 0.045000
0 0.880625 0.724375 0.068750 0.068750
0 0.853125 0.076875 0.108750 0.108750
0 0.679375 0.495625 0.031250 0.031250
0 0.699375 0.611875 0.071250 0.083750
0 0.195000 0.864375 0.035000 0.041250
0 0.920625 0.395625 0.066250 0.078750
0 0.471250 0.271250 0.057500 0.067500
0 0.124375 0.926875 0.053750 0.053750
0 0.938750 0.462500 0.032500 0.032500
0 0.285000 0.677500 0.030000 0.030000
0 0.188125 0.260000 0.038750 0.037500
0 0.293125 0.746250 0.033750 0.032500
0 0.558125 0.916875 0.076250 0.073750
0 0.935625 0.598125 0.091250 0.091250
0 0.118750 0.857500 0.030000 0.030000
0 0.445625 0.451875 0.103750 0.118750
0 0.551875 0.796875 0.073750 0.073750
0 0.512500 0.728125 0.057500 0.046250
0 0.122500 0.050000 0.062500 0.050000
0 0.715000 0.313750 0.042500 0.030000
0 0.650625 0.766250 0.058750 0.047500
0 0.658750 0.180625 0.065000 0.061250
0 0.776250 0.528750 0.047500 0.045000
0 0.746250 0.947500 0.055000 0.047500
0 0.471250 0.175625 0.067500 0.066250
0 0.653750 0.405000 0.070000 0.065000
0 0.870625 0.490625 0.053750 0.053750