0 0.714375 0.480625 0.056250 0.056250
0 0.868125 0.396875 0.031250 0.031250
0 0.551250 0.776250 0.100000 0.100000
0 0.351250 0.331250 0.065000 0.065000
0 0.377500 0.873125 0.110000 0.076250
0 0.800000 0.577500 0.062500 0.062500
0 0.363125 0.394375 0.028750 0.028750
0 0.175000 0.573750 0.077500 0.077500
0 0.582500 0.576250 0.055000 0.055000
0 0.550000 0.156250 0.055000 0.055000
0 0.433125 0.106875 0.026250 0.026250
0 0.468750 0.153750 0.052500 0.052500
0 0.356875 0.061875 0.063750 0.063750
0 0.863750 0.246250 0.077500 0.077500
0 0.131250 0.292500 0.062500 0.062500
0 0.261875 0.261875 0.043750 0.043750
0 0.807500 0.803750 0.050000 0.050000
0 0.409375 0.743750 0.056250 0.057500
0 0.400625 0.258125 0.043750 0.043750
0 0.712500 0.636250 0.052500 0.052500
0 0.757500 0.053750 0.065000 0.065000
0 0.257500 0.421250 0.102500 0.102500
0 0.746875 0.235625 0.083750 0.141250
0 0.085625 0.845625 0.031250 0.031250
0 0.238125 0.740000 0.098750 0.130000
0 0.702500 0.786250 0.110000 0.145000
0 0.291875 0.616875 0.076250 0.076250
0 0.511875 0.459375 0.038750 0.046250
0 0.480625 0.554375 0.058750 0.071250
0 0.631875 0.396875 0.028750 0.028750
0 0.391250 0.198125 0.067500 0.061250
0 0.544375 0.880625 0.063750 0.063750
0 0.911250 0.893750 0.092500 0.092500
0 0.908750 0.598125 0.085000 0.083750
0 0.132500 0.104375 0.095000 0.093750
0 0.903750 0.181250 0.025000 0.025000
0 0.534375 0.244375 0.096250 0.096250
0 0.763125 0.384375 0.078750 0.078750
0 0.592500 0.682500 0.042500 0.042500
0 0.906875 0.088125 0.098750 0.098750
0 0.259375 0.935625 0.078750 0.078750
0 0.615000 0.061250 0.065000 0.065000
0 0.827500 0.482500 0.035000 0.032500
0 0.842500 0.695000 0.105000 0.095000
0 0.494375 0.375000 0.091250 0.087500
0 0.956250 0.354375 0.030000 0.028750
0 0.100625 0.465000 0.111250 0.107500
0 0.503750 0.673125 0.042500 0.016250
0 0.423125 0.041250 0.033750 0.012500
0 0.230000 0.310625 0.070000 0.026250
0 0.053750 0.643125 0.057500 0.021250
0 0.615000 0.310625 0.045000 0.028750
0 0.249375 0.134375 0.111250 0.111250
0 0.371875 0.483125 0.081250 0.081250
0 0.073125 0.736875 0.108750 0.108750
0 0.174375 0.855625 0.056250 0.056250
0 0.886250 0.488750 0.025000 0.025000
0 0.646875 0.641875 0.048750 0.033750
0 0.087500 0.593750 0.082500 0.057500
0 0.392500 0.587500 0.065000 0.045000
0 0.412500 0.401875 0.037500 0.048750
0 0.184375 0.938750 0.053750 0.070000
0 0.104375 0.199375 0.068750 0.068750
0 0.640625 0.919375 0.083750 0.083750
0 0.635625 0.252500 0.078750 0.070000
0 0.398750 0.660000 0.090000 0.080000
0 0.728750 0.901250 0.072500 0.065000
0 0.940000 0.706250 0.042500 0.040000
0 0.638125 0.448750 0.056250 0.047500
0 0.641875 0.166875 0.083750 0.083750
0 0.249375 0.875625 0.026250 0.023750
0 0.823125 0.365625 0.026250 0.023750
0 0.951875 0.823125 0.033750 0.033750
0 0.054375 0.284375 0.076250 0.076250
0 0.042500 0.915000 0.042500 0.042500
0 0.646250 0.507500 0.047500 0.052500
0 0.894375 0.319375 0.051250 0.051250
0 0.940000 0.238750 0.052500 0.052500
0 0.492500 0.092500 0.052500 0.052500
0 0.298125 0.543125 0.031250 0.031250
0 0.424375 0.948125 0.046250 0.046250
0 0.900000 0.526250 0.032500 0.032500