0 0.086875 0.736250 0.078750 0.072500
0 0.666875 0.315625 0.036250 0.036250
0 0.206875 0.113750 0.028750 0.017500
0 0.480000 0.813750 0.072500 0.072500
0 0.085625 0.623125 0.091250 0.091250
0 0.903750 0.102500 0.097500 0.097500
0 0.098750 0.358750 0.025000 0.025000
0 0.435000 0.150625 0.027500 0.026250
0 0.187500 0.462500 0.055000 0.052500
0 0.883750 0.755000 0.085000 0.085000
0 0.262500 0.680000 0.075000 0.077500
0 0.795000 0.060625 0.037500 0.041250
0 0.531875 0.665625 0.103750 0.103750
0 0.430625 0.634375 0.061250 0.061250
0 0.942500 0.562500 0.052500 0.052500
0 0.710000 0.872500 0.067500 0.065000
0 0.784375 0.329375 0.073750 0.071250
0 0.608750 0.125000 0.097500 0.097500
0 0.663125 0.558125 0.058750 0.058750
0 0.321250 0.227500 0.067500 0.067500
0 0.300000 0.446250 0.090000 0.090000
0 0.803750 0.222500 0.057500 0.057500
0 0.576250 0.240000 0.110000 0.110000
0 0.553750 0.846250 0.035000 0.035000
0 0.306250 0.102500 0.065000 0.062500
0 0.628125 0.716875 0.051250 0.066250
0 0.152500 0.252500 0.110000 0.110000
0 0.088750 0.859375 0.110000 0.133750
0 0.829375 0.861250 0.073750 0.090000
0 0.411250 0.844375 0.042500 0.046250
0 0.307500 0.767500 0.052500 0.057500
0 0.513125 0.395000 0.093750 0.102500
0 0.808750 0.515625 0.112500 0.123750
0 0.904375 0.210625 0.058750 0.058750
0 0.163750 0.158750 0.055000 0.050000
0 0.385000 0.319375 0.092500 0.083750
0 0.198125 0.897500 0.083750 0.075000
0 0.418750 0.062500 0.107500 0.097500
0 0.035000 0.462500 0.027500 0.020000
0 0.198125 0.060000 0.098750 0.075000
0 0.849375 0.617500 0.061250 0.055000
0 0.714375 0.739375 0.101250 0.101250
0 0.303125 0.888750 0.088750 0.090000
0 0.932500 0.908125 0.060000 0.061250
0 0.425625 0.549375 0.088750 0.088750
0 0.404375 0.928125 0.091250 0.091250
0 0.903750 0.358750 0.100000 0.100000
0 0.076875 0.531875 0.066250 0.066250
0 0.700000 0.640000 0.060000 0.060000
0 0.666875 0.214375 0.041250 0.041250
0 0.820625 0.954375 0.041250 0.038750
0 0.200000 0.365625 0.057500 0.053750
0 0.532500 0.474375 0.027500 0.026250
0 0.346875 0.533125 0.046250 0.043750
0 0.066875 0.062500 0.083750 0.087500
0 0.677500 0.378750 0.067500 0.067500
0 0.488750 0.275000 0.050000 0.050000
0 0.480625 0.173125 0.033750 0.033750
0 0.703125 0.494375 0.033750 0.033750
0 0.205625 0.563125 0.106250 0.106250
0 0.602500 0.921250 0.042500 0.042500
0 0.526250 0.574375 0.027500 0.028750
0 0.518750 0.061250 0.055000 0.057500
0 0.093125 0.451250 0.043750 0.045000
0 0.920000 0.625000 0.040000 0.040000
0 0.703750 0.076875 0.062500 0.061250
0 0.612500 0.845000 0.057500 0.060000
0 0.172500 0.645625 0.040000 0.038750
0 0.057500 0.180000 0.060000 0.077500
0 0.390000 0.761875 0.077500 0.101250
0 0.513750 0.925000 0.055000 0.055000
0 0.228125 0.768125 0.058750 0.063750
0 0.391875 0.408750 0.076250 0.060000
0 0.349375 0.673125 0.068750 0.053750
0 0.915000 0.482500 0.045000 0.045000
0 0.631875 0.489375 0.058750 0.058750
0 0.042500 0.276250 0.055000 0.055000
0 0.916875 0.683125 0.028750 0.028750
0 0.763750 0.638750 0.042500 0.042500
0 0.418125 0.469375 0.046250 0.046250
0 0.720625 0.946875 0.056250 0.056250
0 0.792500 0.406250 0.057500 0.057500