0 0.240000 0.223750 0.062500 0.062500
0 0.768750 0.742500 0.087500 0.087500
0 0.297500 0.391250 0.040000 0.040000
0 0.043125 0.148125 0.036250 0.036250
0 0.881875 0.648125 0.101250 0.101250
0 0.118750 0.835000 0.040000 0.040000
0 0.098125 0.713125 0.043750 0.043750
0 0.610000 0.488750 0.105000 0.105000
0 0.625625 0.840000 0.061250 0.060000
0 0.797500 0.421250 0.037500 0.030000
0 0.380000 0.601250 0.087500 0.070000
0 0.811250 0.083125 0.095000 0.076250
0 0.215000 0.063750 0.047500 0.037500
0 0.606875 0.743750 0.103750 0.105000
0 0.077500 0.597500 0.047500 0.047500
0 0.286250 0.700000 0.045000 0.045000
0 0.381250 0.466250 0.100000 0.100000
0 0.519375 0.164375 0.046250 0.046250
0 0.346250 0.890000 0.082500 0.082500
0 0.553750 0.300625 0.047500 0.041250
0 0.237500 0.438750 0.035000 0.030000
0 0.386875 0.255625 0.033750 0.033750
0 0.916250 0.773125 0.077500 0.106250
0 0.190000 0.327500 0.032500 0.032500
0 0.666875 0.071875 0.108750 0.108750
0 0.123750 0.447500 0.075000 0.075000
0 0.664375 0.180000 0.076250 0.062500
0 0.431875 0.057500 0.111250 0.090000
0 0.500000 0.775000 0.067500 0.055000
0 0.430625 0.145625 0.041250 0.033750
0 0.704375 0.374375 0.068750 0.068750
0 0.230625 0.783125 0.101250 0.101250
0 0.380625 0.773125 0.091250 0.103750
0 0.761875 0.295000 0.088750 0.075000
0 0.833750 0.212500 0.085000 0.072500
0 0.770625 0.558750 0.096250 0.160000
0 0.496250 0.465000 0.072500 0.077500
0 0.451250 0.890000 0.050000 0.052500
0 0.543750 0.103125 0.027500 0.028750
0 0.223750 0.570625 0.090000 0.096250
0 0.330625 0.181250 0.103750 0.100000
0 0.212500 0.922500 0.050000 0.050000
0 0.892500 0.474375 0.107500 0.111250
0 0.896875 0.911250 0.098750 0.087500
0 0.128125 0.246875 0.033750 0.033750
0 0.465000 0.342500 0.112500 0.110000
0 0.701875 0.851875 0.073750 0.071250
0 0.936875 0.305625 0.083750 0.081250
0 0.281875 0.054375 0.061250 0.061250
0 0.535000 0.848750 0.077500 0.077500
0 0.313125 0.315625 0.063750 0.063750