0 0.290625 0.235625 0.096250 0.096250
0 0.488125 0.643125 0.106250 0.106250
0 0.728125 0.098125 0.083750 0.083750
0 0.225000 0.608750 0.030000 0.025000
0 0.521875 0.388750 0.076250 0.062500
0 0.280625 0.518750 0.033750 0.027500
0 0.176875 0.283125 0.071250 0.071250
0 0.566875 0.758125 0.041250 0.041250
0 0.117500 0.626250 0.105000 0.105000
0 0.210625 0.656875 0.028750 0.028750
0 0.823125 0.654375 0.076250 0.076250
0 0.703750 0.226250 0.080000 0.090000
0 0.245625 0.898750 0.103750 0.117500
0 0.086875 0.486875 0.071250 0.071250
0 0.283750 0.746250 0.057500 0.057500
0 0.515625 0.116875 0.081250 0.081250
0 0.263125 0.318750 0.043750 0.042500
0 0.829375 0.189375 0.053750 0.051250
0 0.174375 0.743125 0.111250 0.111250
0 0.624375 0.444375 0.098750 0.098750
0 0.251250 0.098750 0.087500 0.087500
0 0.522500 0.831250 0.035000 0.035000
0 0.926875 0.678125 0.066250 0.063750
0 0.094375 0.103125 0.068750 0.061250
0 0.616250 0.888750 0.090000 0.110000
0 0.281250 0.613125 0.052500 0.063750
0 0.796250 0.851875 0.077500 0.093750
0 0.875000 0.093125 0.087500 0.106250
0 0.493125 0.519375 0.101250 0.111250
0 0.790625 0.515625 0.093750 0.066250
0 0.708125 0.734375 0.046250 0.041250
0 0.738125 0.343125 0.081250 0.081250
0 0.075625 0.346250 0.111250 0.145000
0 0.089375 0.905000 0.056250 0.082500
0 0.620000 0.778125 0.042500 0.061250
0 0.840625 0.312500 0.096250 0.140000
0 0.325000 0.435000 0.095000 0.095000
0 0.353125 0.320625 0.028750 0.028750
0 0.651250 0.546250 0.067500 0.067500
0 0.938750 0.754375 0.052500 0.031250
0 0.387500 0.811250 0.100000 0.100000
0 0.970000 0.465000 0.025000 0.025000
0 0.372500 0.697500 0.105000 0.105000
0 0.638125 0.339375 0.081250 0.081250
0 0.902500 0.883750 0.045000 0.045000
0 0.587500 0.697500 0.035000 0.040000
0 0.423750 0.921250 0.042500 0.042500
0 0.191250 0.475000 0.087500 0.125000
0 0.893750 0.422500 0.032500 0.030000
0 0.555625 0.208125 0.058750 0.058750
0 0.911250 0.539375 0.102500 0.076250
0 0.369375 0.125625 0.098750 0.073750
0 0.460000 0.262500 0.097500 0.072500
0 0.760625 0.433125 0.068750 0.068750