0 0.763750 0.921250 0.100000 0.100000
0 0.673125 0.694375 0.106250 0.106250
0 0.592500 0.517500 0.095000 0.095000
0 0.613125 0.316875 0.071250 0.071250
0 0.920625 0.476875 0.046250 0.053750
0 0.307500 0.949375 0.025000 0.028750
0 0.761875 0.286250 0.083750 0.097500
0 0.378125 0.490000 0.058750 0.042500
0 0.481875 0.289375 0.053750 0.038750
0 0.595000 0.246250 0.027500 0.020000
0 0.935625 0.226875 0.088750 0.083750
0 0.490625 0.335625 0.031250 0.028750
0 0.451875 0.092500 0.053750 0.050000
0 0.761250 0.402500 0.027500 0.025000
0 0.840000 0.499375 0.030000 0.033750
0 0.181875 0.613125 0.108750 0.123750
0 0.516875 0.585625 0.026250 0.028750
0 0.390625 0.158125 0.033750 0.033750
0 0.306250 0.881250 0.055000 0.055000
0 0.095625 0.415625 0.053750 0.051250
0 0.860625 0.086875 0.051250 0.051250
0 0.548750 0.826875 0.037500 0.036250
0 0.218125 0.356250 0.108750 0.107500
0 0.730625 0.150000 0.026250 0.025000
0 0.161250 0.144375 0.107500 0.106250
0 0.538750 0.091250 0.042500 0.057500
0 0.385625 0.601875 0.108750 0.148750
0 0.926875 0.355000 0.046250 0.062500
0 0.847500 0.738125 0.092500 0.118750
0 0.618750 0.167500 0.062500 0.080000
0 0.782500 0.195000 0.037500 0.047500
0 0.079375 0.873125 0.041250 0.041250
0 0.746875 0.541250 0.096250 0.162500
0 0.419375 0.871875 0.056250 0.056250
0 0.935000 0.801250 0.067500 0.067500
0 0.224375 0.474375 0.051250 0.051250
0 0.908750 0.616250 0.042500 0.042500
0 0.169375 0.230625 0.043750 0.043750
0 0.284375 0.211875 0.061250 0.086250
0 0.360000 0.333750 0.087500 0.087500
0 0.097500 0.820000 0.050000 0.050000
0 0.640625 0.910000 0.076250 0.077500
0 0.381875 0.740625 0.088750 0.088750
0 0.204375 0.726875 0.088750 0.088750
0 0.263125 0.110625 0.066250 0.058750
0 0.900000 0.545000 0.025000 0.025000
0 0.476875 0.151875 0.053750 0.053750
0 0.839375 0.568125 0.051250 0.051250
0 0.573125 0.419375 0.073750 0.073750
0 0.485000 0.908750 0.045000 0.045000
0 0.955625 0.134375 0.031250 0.031250
0 0.343750 0.188750 0.042500 0.042500
0 0.193750 0.840000 0.092500 0.120000
0 0.060625 0.535625 0.096250 0.096250
0 0.735625 0.066875 0.106250 0.106250
0 0.069375 0.136875 0.041250 0.041250
0 0.617500 0.820625 0.060000 0.071250