0 0.801250 0.339375 0.092500 0.088750
0 0.823125 0.948125 0.026250 0.026250
0 0.655625 0.696875 0.106250 0.106250
0 0.336875 0.745625 0.101250 0.101250
0 0.535000 0.695000 0.060000 0.060000
0 0.193125 0.478125 0.096250 0.096250
0 0.948750 0.905625 0.030000 0.031250
0 0.673125 0.128750 0.083750 0.087500
0 0.195625 0.802500 0.088750 0.092500
0 0.226250 0.345000 0.095000 0.095000
0 0.091875 0.916875 0.076250 0.076250
0 0.389375 0.654375 0.026250 0.026250
0 0.577500 0.272500 0.105000 0.105000
0 0.787500 0.161250 0.075000 0.075000
0 0.830000 0.657500 0.040000 0.040000
0 0.810000 0.257500 0.047500 0.045000
0 0.893125 0.078125 0.041250 0.041250
0 0.479375 0.823125 0.086250 0.086250
0 0.765000 0.463750 0.072500 0.072500
0 0.188750 0.584375 0.105000 0.083750
0 0.334375 0.098750 0.093750 0.105000
0 0.778750 0.849375 0.090000 0.101250
0 0.888750 0.905000 0.025000 0.027500
0 0.609375 0.378750 0.078750 0.075000
0 0.488750 0.952500 0.032500 0.032500
0 0.070000 0.120000 0.090000 0.090000
0 0.558125 0.108125 0.036250 0.036250
0 0.062500 0.216250 0.062500 0.062500
0 0.595625 0.499375 0.106250 0.106250
0 0.435000 0.515000 0.087500 0.087500
0 0.350000 0.358750 0.097500 0.097500
0 0.913125 0.185625 0.058750 0.058750
0 0.928750 0.297500 0.087500 0.087500
0 0.138750 0.253750 0.072500 0.072500
0 0.633750 0.870000 0.062500 0.062500
0 0.343125 0.570625 0.043750 0.043750
0 0.277500 0.558750 0.057500 0.057500
0 0.273750 0.217500 0.025000 0.025000
0 0.445625 0.375625 0.056250 0.056250
0 0.072500 0.676250 0.057500 0.057500
0 0.094375 0.374375 0.091250 0.091250
0 0.099375 0.776875 0.031250 0.031250
0 0.956875 0.116875 0.046250 0.046250
0 0.947500 0.781875 0.065000 0.066250
0 0.544375 0.189375 0.026250 0.026250
0 0.301250 0.907500 0.072500 0.072500
0 0.190000 0.158750 0.090000 0.090000
0 0.882500 0.491250 0.110000 0.110000
0 0.058125 0.288750 0.041250 0.037500
0 0.447500 0.216250 0.102500 0.095000
0 0.584375 0.581250 0.041250 0.037500
0 0.914375 0.707500 0.073750 0.067500
0 0.682500 0.791250 0.070000 0.067500
0 0.666875 0.259375 0.048750 0.048750
0 0.471875 0.086875 0.091250 0.091250
0 0.065000 0.473750 0.072500 0.085000
0 0.228125 0.694375 0.073750 0.073750
0 0.796250 0.062500 0.090000 0.090000
0 0.778750 0.745000 0.062500 0.062500
0 0.699375 0.939375 0.058750 0.058750
0 0.416250 0.720000 0.032500 0.050000
0 0.189375 0.061250 0.066250 0.062500
0 0.925000 0.578750 0.037500 0.035000
0 0.529375 0.749375 0.036250 0.033750
0 0.758750 0.576875 0.062500 0.058750
0 0.076250 0.599375 0.037500 0.023750
0 0.428125 0.601250 0.071250 0.045000
0 0.348125 0.190625 0.073750 0.046250
0 0.155000 0.655000 0.032500 0.032500
0 0.603125 0.059375 0.028750 0.028750
0 0.325000 0.477500 0.075000 0.075000
0 0.736250 0.655000 0.037500 0.037500
0 0.868125 0.801250 0.068750 0.067500
0 0.343750 0.623125 0.047500 0.046250
0 0.363750 0.278125 0.045000 0.043750
0 0.228125 0.871250 0.028750 0.027500
0 0.855000 0.581250 0.045000 0.045000
0 0.036875 0.799375 0.036250 0.036250
0 0.221875 0.250625 0.026250 0.021250
0 0.946875 0.625625 0.036250 0.036250
0 0.531250 0.605000 0.042500 0.060000
0 0.387500 0.870000 0.055000 0.077500
0 0.951875 0.853125 0.056250 0.056250
0 0.712500 0.347500 0.067500 0.067500
0 0.475625 0.733125 0.028750 0.026250
0 0.727500 0.204375 0.027500 0.021250