0 0.706250 0.256875 0.097500 0.093750
0 0.312500 0.412500 0.075000 0.060000
0 0.699375 0.426875 0.031250 0.031250
0 0.349375 0.088750 0.048750 0.067500
0 0.148125 0.176250 0.056250 0.077500
0 0.823750 0.839375 0.077500 0.106250
0 0.418750 0.262500 0.035000 0.030000
0 0.675000 0.583750 0.075000 0.075000
0 0.429375 0.735000 0.038750 0.032500
0 0.355625 0.775625 0.028750 0.023750
0 0.543125 0.210625 0.081250 0.101250
0 0.511875 0.778750 0.076250 0.095000
0 0.350625 0.198750 0.088750 0.055000
0 0.910000 0.470625 0.035000 0.021250
0 0.909375 0.407500 0.086250 0.052500
0 0.541875 0.088125 0.036250 0.038750
0 0.255000 0.556250 0.062500 0.085000
0 0.529375 0.380625 0.036250 0.048750
0 0.338125 0.825625 0.036250 0.048750
0 0.842500 0.663125 0.090000 0.123750
0 0.861250 0.171875 0.085000 0.083750
0 0.408125 0.620000 0.078750 0.077500
0 0.623750 0.838125 0.072500 0.071250
0 0.130000 0.376875 0.047500 0.046250
0 0.970625 0.155625 0.031250 0.031250
0 0.143125 0.454375 0.078750 0.078750
0 0.092500 0.075625 0.110000 0.108750
0 0.130000 0.559375 0.085000 0.083750
0 0.232500 0.286875 0.062500 0.061250
0 0.265000 0.906875 0.095000 0.093750
0 0.471250 0.906250 0.070000 0.070000
0 0.813750 0.063750 0.062500 0.062500
0 0.528750 0.322500 0.042500 0.042500
0 0.213125 0.756875 0.103750 0.103750
0 0.294375 0.621875 0.031250 0.031250
0 0.446875 0.065625 0.098750 0.098750
0 0.871250 0.275000 0.090000 0.090000
0 0.928750 0.817500 0.110000 0.110000
0 0.695625 0.366875 0.068750 0.068750
0 0.501250 0.645000 0.055000 0.055000
0 0.688750 0.693750 0.097500 0.097500
0 0.420000 0.481875 0.085000 0.086250
0 0.075000 0.673750 0.105000 0.082500
0 0.765000 0.337500 0.032500 0.032500
0 0.709375 0.801875 0.053750 0.053750
0 0.342500 0.279375 0.032500 0.023750
0 0.911250 0.664375 0.025000 0.018750
0 0.050000 0.494375 0.032500 0.023750
0 0.525000 0.548750 0.080000 0.075000
0 0.414375 0.385000 0.056250 0.052500
0 0.246875 0.200625 0.068750 0.068750
0 0.578750 0.635000 0.070000 0.070000
0 0.625625 0.490625 0.058750 0.058750
0 0.252500 0.044375 0.087500 0.061250
0 0.245000 0.655625 0.047500 0.033750
0 0.727500 0.488750 0.085000 0.060000
0 0.685625 0.111875 0.073750 0.088750
0 0.106250 0.894375 0.112500 0.136250
0 0.053125 0.291875 0.081250 0.098750
0 0.608125 0.361250 0.063750 0.052500
0 0.390000 0.884375 0.037500 0.031250
0 0.903750 0.080000 0.077500 0.077500
0 0.150000 0.288750 0.067500 0.067500
0 0.437500 0.312500 0.047500 0.047500
0 0.943750 0.608125 0.070000 0.068750
0 0.310625 0.675000 0.046250 0.045000
0 0.961250 0.949375 0.040000 0.041250
0 0.821250 0.388125 0.052500 0.053750
0 0.753750 0.914375 0.045000 0.046250
0 0.468125 0.220000 0.038750 0.040000
0 0.342500 0.515000 0.045000 0.052500
0 0.836250 0.918750 0.037500 0.035000
0 0.820625 0.555625 0.058750 0.058750
0 0.233750 0.432500 0.057500 0.057500