0 0.948750 0.826250 0.072500 0.072500
0 0.341875 0.304375 0.053750 0.053750
0 0.405625 0.850625 0.031250 0.031250
0 0.950625 0.576875 0.068750 0.068750
0 0.960625 0.308125 0.031250 0.031250
0 0.556250 0.541250 0.042500 0.070000
0 0.377500 0.626250 0.105000 0.175000
0 0.774375 0.525625 0.026250 0.026250
0 0.685000 0.626250 0.030000 0.030000
0 0.189375 0.440625 0.048750 0.048750
0 0.516875 0.378125 0.051250 0.051250
0 0.714375 0.056875 0.061250 0.061250
0 0.662500 0.785000 0.062500 0.062500
0 0.283125 0.736875 0.061250 0.061250
0 0.726250 0.710000 0.065000 0.065000
0 0.075625 0.760625 0.038750 0.038750
0 0.472500 0.912500 0.070000 0.070000
0 0.070625 0.625000 0.051250 0.055000
0 0.425000 0.067500 0.092500 0.100000
0 0.790625 0.279375 0.106250 0.096250
0 0.739375 0.877500 0.073750 0.067500
0 0.594375 0.180000 0.091250 0.082500
0 0.923750 0.223125 0.102500 0.093750
0 0.503125 0.301250 0.088750 0.072500
0 0.258125 0.670000 0.056250 0.057500
0 0.363750 0.778750 0.047500 0.047500
0 0.396250 0.413750 0.040000 0.040000
0 0.667500 0.399375 0.107500 0.108750
0 0.474375 0.817500 0.061250 0.080000
0 0.126250 0.540000 0.067500 0.050000
0 0.834375 0.055625 0.081250 0.061250
0 0.167500 0.050625 0.082500 0.061250
0 0.069375 0.113750 0.038750 0.037500
0 0.417500 0.497500 0.060000 0.067500
0 0.581875 0.831875 0.056250 0.063750
0 0.161875 0.629375 0.093750 0.106250
0 0.048125 0.898125 0.043750 0.048750
0 0.321875 0.136875 0.096250 0.096250
0 0.355625 0.908125 0.056250 0.051250
0 0.858125 0.130625 0.028750 0.026250
0 0.924375 0.730625 0.081250 0.081250
0 0.236250 0.317500 0.037500 0.037500
0 0.887500 0.400000 0.112500 0.112500
0 0.896875 0.921875 0.031250 0.031250
0 0.260000 0.375000 0.060000 0.060000
0 0.663125 0.535625 0.111250 0.111250
0 0.603750 0.915000 0.057500 0.057500
0 0.803750 0.136250 0.065000 0.065000
0 0.080000 0.348750 0.100000 0.100000
0 0.502500 0.148750 0.075000 0.037500
0 0.670000 0.241250 0.025000 0.025000
0 0.188125 0.215000 0.028750 0.027500
0 0.176250 0.812500 0.110000 0.110000
0 0.553125 0.699375 0.101250 0.101250
0 0.491250 0.107500 0.025000 0.025000
0 0.799375 0.605625 0.088750 0.088750
0 0.340625 0.448125 0.026250 0.026250
0 0.182500 0.315000 0.050000 0.050000
0 0.776250 0.408750 0.065000 0.065000
0 0.840000 0.902500 0.047500 0.045000
0 0.698750 0.163750 0.052500 0.052500
0 0.609375 0.061875 0.073750 0.073750
0 0.069375 0.188125 0.081250 0.081250
0 0.285625 0.881875 0.068750 0.068750
0 0.525625 0.044375 0.048750 0.048750
0 0.420000 0.188750 0.050000 0.050000
0 0.504375 0.455625 0.038750 0.038750
0 0.921250 0.513750 0.035000 0.035000
0 0.854375 0.821875 0.076250 0.076250