0 0.318125 0.763125 0.066250 0.063750
0 0.261250 0.073125 0.095000 0.068750
0 0.368750 0.830000 0.042500 0.042500
0 0.233125 0.340625 0.103750 0.103750
0 0.502500 0.173750 0.082500 0.082500
0 0.938125 0.841250 0.046250 0.037500
0 0.683750 0.116250 0.047500 0.037500
0 0.646250 0.560000 0.102500 0.102500
0 0.857500 0.907500 0.097500 0.097500
0 0.105625 0.908125 0.106250 0.106250
0 0.783125 0.719375 0.083750 0.083750
0 0.450000 0.812500 0.105000 0.105000
0 0.419375 0.385625 0.051250 0.051250
0 0.939375 0.604375 0.028750 0.028750
0 0.091875 0.566875 0.103750 0.103750
0 0.461875 0.508125 0.088750 0.088750
0 0.958750 0.363750 0.042500 0.042500
0 0.467500 0.292500 0.065000 0.065000
0 0.360000 0.670000 0.075000 0.075000
0 0.190000 0.695625 0.100000 0.081250
0 0.803125 0.601875 0.106250 0.086250
0 0.332500 0.490000 0.112500 0.112500
0 0.542500 0.875000 0.032500 0.032500
0 0.121250 0.382500 0.087500 0.087500
0 0.091875 0.248125 0.103750 0.103750
0 0.546875 0.794375 0.038750 0.031250
0 0.294375 0.606875 0.026250 0.021250
0 0.862500 0.388750 0.052500 0.042500
0 0.695000 0.880625 0.097500 0.121250
0 0.851250 0.246875 0.085000 0.106250
0 0.743750 0.393750 0.052500 0.065000
0 0.324375 0.341875 0.033750 0.033750
0 0.268125 0.177500 0.048750 0.040000
0 0.191875 0.832500 0.046250 0.037500
0 0.888125 0.675000 0.048750 0.040000
0 0.637500 0.337500 0.087500 0.105000
0 0.105625 0.773125 0.073750 0.051250
0 0.836875 0.085625 0.108750 0.076250
0 0.695625 0.203125 0.066250 0.046250
0 0.048125 0.107500 0.056250 0.040000
0 0.749375 0.289375 0.058750 0.058750
0 0.411875 0.160625 0.083750 0.083750
0 0.623750 0.207500 0.052500 0.052500
0 0.465625 0.601875 0.078750 0.078750
0 0.910625 0.495625 0.111250 0.111250
0 0.305625 0.877500 0.063750 0.090000
0 0.965625 0.685000 0.041250 0.057500
0 0.237500 0.436875 0.040000 0.056250
0 0.419375 0.930625 0.048750 0.068750
0 0.510625 0.411875 0.066250 0.058750
0 0.587500 0.063750 0.100000 0.100000
0 0.363750 0.253750 0.037500 0.037500
0 0.554375 0.916875 0.028750 0.028750
0 0.526875 0.708750 0.068750 0.085000
0 0.964375 0.177500 0.038750 0.047500
0 0.850625 0.775625 0.031250 0.036250
0 0.061250 0.671250 0.060000 0.070000
0 0.629375 0.746250 0.091250 0.107500
0 0.648750 0.441250 0.075000 0.087500
0 0.763125 0.494375 0.108750 0.106250
0 0.171875 0.558750 0.033750 0.032500
0 0.400000 0.077500 0.052500 0.052500
0 0.623125 0.644375 0.041250 0.041250
0 0.108750 0.463750 0.055000 0.055000
0 0.186875 0.216875 0.071250 0.071250
0 0.957500 0.047500 0.060000 0.060000