0 0.187500 0.558750 0.052500 0.052500
0 0.329375 0.109375 0.111250 0.111250
0 0.615625 0.238750 0.036250 0.045000
0 0.963750 0.591875 0.025000 0.011250
0 0.571875 0.178125 0.063750 0.028750
0 0.711875 0.880625 0.108750 0.108750
0 0.171875 0.301875 0.028750 0.028750
0 0.805625 0.614375 0.041250 0.041250
0 0.364375 0.669375 0.111250 0.111250
0 0.133125 0.754375 0.026250 0.028750
0 0.329375 0.844375 0.111250 0.126250
0 0.197500 0.184375 0.035000 0.033750
0 0.761250 0.400000 0.072500 0.072500
0 0.446250 0.411250 0.092500 0.092500
0 0.897500 0.731250 0.062500 0.062500
0 0.515625 0.521250 0.103750 0.087500
0 0.072500 0.413750 0.112500 0.095000
0 0.196250 0.652500 0.062500 0.052500
0 0.673125 0.525625 0.031250 0.018750
0 0.281875 0.448125 0.058750 0.058750
0 0.075000 0.541250 0.087500 0.087500
0 0.075000 0.793750 0.052500 0.062500
0 0.051250 0.700000 0.062500 0.075000
0 0.615625 0.854375 0.063750 0.076250
0 0.284375 0.557500 0.033750 0.040000
0 0.559375 0.304375 0.068750 0.053750
0 0.916250 0.927500 0.065000 0.065000
0 0.223750 0.739375 0.060000 0.058750
0 0.509375 0.870625 0.086250 0.086250
0 0.608750 0.636250 0.027500 0.027500
0 0.795625 0.469375 0.071250 0.051250
0 0.737500 0.705625 0.067500 0.048750
0 0.538125 0.089375 0.053750 0.038750
0 0.136250 0.892500 0.102500 0.102500
0 0.040000 0.145625 0.025000 0.028750
0 0.467500 0.208750 0.082500 0.095000
0 0.320625 0.257500 0.078750 0.090000
0 0.727500 0.065000 0.037500 0.037500
0 0.547500 0.623750 0.032500 0.032500
0 0.736875 0.209375 0.103750 0.103750
0 0.599375 0.413750 0.111250 0.085000
0 0.896875 0.493750 0.091250 0.070000
0 0.440000 0.828125 0.035000 0.026250
0 0.111875 0.114375 0.093750 0.071250
0 0.930000 0.090625 0.092500 0.126250
0 0.634375 0.761250 0.026250 0.035000
0 0.938125 0.209375 0.041250 0.041250
0 0.128750 0.701250 0.052500 0.052500
0 0.550625 0.714375 0.106250 0.106250
0 0.845000 0.287500 0.095000 0.130000
0 0.935625 0.840625 0.051250 0.051250
0 0.833125 0.700625 0.026250 0.026250
0 0.273750 0.372500 0.062500 0.062500
0 0.346875 0.410625 0.036250 0.036250
0 0.096875 0.261875 0.078750 0.078750
0 0.906250 0.609375 0.072500 0.058750
0 0.936250 0.405000 0.090000 0.072500
0 0.652500 0.087500 0.077500 0.077500
0 0.795000 0.066250 0.045000 0.045000
0 0.444375 0.060625 0.096250 0.096250
0 0.828125 0.165625 0.028750 0.026250