0 0.747500 0.675000 0.092500 0.092500
0 0.061250 0.288750 0.082500 0.082500
0 0.363125 0.415625 0.063750 0.063750
0 0.216250 0.413750 0.025000 0.025000
0 0.480000 0.836250 0.055000 0.055000
0 0.165625 0.860625 0.098750 0.098750
0 0.472500 0.686250 0.107500 0.107500
0 0.248750 0.287500 0.097500 0.090000
0 0.325625 0.130625 0.033750 0.033750
0 0.472500 0.295000 0.032500 0.032500
0 0.541250 0.554375 0.057500 0.058750
0 0.690000 0.178750 0.077500 0.077500
0 0.620000 0.433750 0.037500 0.037500
0 0.347500 0.268750 0.062500 0.062500
0 0.809375 0.161875 0.096250 0.096250
0 0.588125 0.351875 0.111250 0.111250
0 0.070000 0.183750 0.025000 0.025000
0 0.667500 0.816250 0.065000 0.065000
0 0.945000 0.075000 0.025000 0.025000
0 0.237500 0.642500 0.085000 0.085000
0 0.830625 0.476875 0.043750 0.048750
0 0.110625 0.413125 0.036250 0.043750
0 0.592500 0.520000 0.030000 0.017500
0 0.523125 0.212500 0.108750 0.067500
0 0.239375 0.143125 0.108750 0.108750
0 0.639375 0.051875 0.076250 0.076250
0 0.875625 0.658125 0.076250 0.076250
0 0.323750 0.617500 0.037500 0.037500
0 0.738750 0.940625 0.072500 0.058750
0 0.951250 0.716250 0.032500 0.025000
0 0.829375 0.301250 0.071250 0.055000
0 0.123125 0.534375 0.061250 0.061250
0 0.370625 0.918125 0.093750 0.093750
0 0.402500 0.782500 0.072500 0.070000
0 0.735000 0.053750 0.035000 0.035000
0 0.905000 0.850000 0.077500 0.077500
0 0.175000 0.746250 0.077500 0.077500
0 0.451875 0.076875 0.088750 0.088750
0 0.113125 0.051875 0.028750 0.028750
0 0.567500 0.901250 0.050000 0.050000
0 0.728125 0.569375 0.076250 0.076250
0 0.946250 0.200000 0.042500 0.042500
0 0.572500 0.746250 0.035000 0.035000
0 0.410000 0.347500 0.055000 0.055000
0 0.635625 0.686875 0.031250 0.031250
0 0.827500 0.395000 0.095000 0.095000
0 0.247500 0.520000 0.112500 0.112500
0 0.470625 0.463125 0.103750 0.103750
0 0.387500 0.595000 0.055000 0.055000
0 0.301875 0.794375 0.076250 0.068750
0 0.721250 0.383750 0.080000 0.072500
0 0.070000 0.793125 0.065000 0.058750
0 0.880625 0.941250 0.068750 0.062500
0 0.788750 0.808750 0.112500 0.115000
0 0.280625 0.406875 0.056250 0.056250