0 0.072500 0.902500 0.100000 0.100000
0 0.580625 0.593750 0.111250 0.090000
0 0.638125 0.685000 0.058750 0.047500
0 0.696250 0.565000 0.090000 0.072500
0 0.909375 0.714375 0.098750 0.098750
0 0.276250 0.217500 0.065000 0.065000
0 0.615625 0.340625 0.111250 0.111250
0 0.573750 0.925000 0.082500 0.082500
0 0.137500 0.073750 0.052500 0.052500
0 0.341875 0.121875 0.093750 0.093750
0 0.883750 0.121250 0.097500 0.097500
0 0.280000 0.693750 0.060000 0.060000
0 0.037500 0.470000 0.045000 0.045000
0 0.186250 0.500000 0.087500 0.087500
0 0.775000 0.908750 0.060000 0.037500
0 0.693125 0.753750 0.056250 0.052500
0 0.191875 0.895000 0.091250 0.085000
0 0.294375 0.503125 0.073750 0.068750
0 0.239375 0.793125 0.108750 0.103750
0 0.920000 0.267500 0.035000 0.032500
0 0.123125 0.711875 0.046250 0.043750
0 0.413125 0.506875 0.111250 0.106250
0 0.439375 0.250625 0.073750 0.078750
0 0.081875 0.204375 0.058750 0.066250
0 0.452500 0.625625 0.042500 0.051250
0 0.876875 0.210000 0.031250 0.037500
0 0.487500 0.831250 0.030000 0.030000
0 0.088125 0.581875 0.048750 0.048750
0 0.329375 0.869375 0.028750 0.028750
0 0.323750 0.927500 0.070000 0.070000
0 0.229375 0.141875 0.048750 0.048750
0 0.573125 0.469375 0.101250 0.101250
0 0.793125 0.296875 0.098750 0.098750
0 0.851875 0.500000 0.093750 0.092500
0 0.902500 0.828750 0.052500 0.050000
0 0.790625 0.191250 0.071250 0.067500
0 0.761250 0.701250 0.040000 0.040000
0 0.195000 0.386875 0.090000 0.123750
0 0.945625 0.950000 0.026250 0.035000
0 0.385625 0.385625 0.081250 0.111250
0 0.349375 0.243750 0.063750 0.087500
0 0.361875 0.618750 0.048750 0.070000
0 0.723125 0.496875 0.046250 0.046250
0 0.648750 0.171250 0.085000 0.085000
0 0.864375 0.033125 0.063750 0.038750
0 0.280000 0.366875 0.062500 0.038750
0 0.100625 0.786875 0.078750 0.048750
0 0.566875 0.186250 0.053750 0.032500
0 0.586875 0.796875 0.028750 0.028750
0 0.375000 0.035000 0.027500 0.025000
0 0.417500 0.721875 0.105000 0.098750
0 0.903750 0.348750 0.047500 0.045000
0 0.937500 0.639375 0.037500 0.026250
0 0.075000 0.640000 0.030000 0.030000
0 0.949375 0.598125 0.038750 0.038750
0 0.653125 0.864375 0.048750 0.048750
0 0.178125 0.245625 0.106250 0.106250
0 0.711875 0.287500 0.046250 0.032500
0 0.545000 0.103750 0.095000 0.067500
0 0.465625 0.889375 0.026250 0.018750
0 0.529375 0.738750 0.076250 0.055000
0 0.472500 0.111250 0.030000 0.027500
0 0.745000 0.093125 0.085000 0.078750
0 0.871875 0.425625 0.028750 0.028750
0 0.865000 0.616250 0.080000 0.080000
0 0.187500 0.626250 0.107500 0.105000
0 0.305625 0.620000 0.036250 0.035000
0 0.795625 0.388750 0.046250 0.045000
0 0.041250 0.060000 0.052500 0.052500
0 0.949375 0.504375 0.046250 0.046250
0 0.722500 0.412500 0.082500 0.082500
0 0.871875 0.906875 0.086250 0.086250
0 0.771875 0.645625 0.033750 0.023750
0 0.578125 0.679375 0.028750 0.028750
0 0.805625 0.780625 0.078750 0.078750
0 0.660000 0.496250 0.047500 0.037500
0 0.475625 0.360625 0.076250 0.061250
0 0.208125 0.050625 0.043750 0.043750