0 0.860000 0.081250 0.050000 0.050000
0 0.568125 0.196875 0.026250 0.026250
0 0.218125 0.886875 0.098750 0.098750
0 0.343750 0.582500 0.025000 0.027500
0 0.506250 0.576250 0.102500 0.115000
0 0.045625 0.847500 0.036250 0.040000
0 0.127500 0.521250 0.102500 0.102500
0 0.194375 0.386875 0.058750 0.058750
0 0.823125 0.652500 0.056250 0.060000
0 0.843750 0.904375 0.052500 0.048750
0 0.265000 0.673750 0.072500 0.067500
0 0.651250 0.093750 0.070000 0.065000
0 0.733750 0.656250 0.067500 0.067500
0 0.326250 0.493125 0.100000 0.093750
0 0.433750 0.322500 0.072500 0.072500
0 0.960625 0.270625 0.038750 0.038750
0 0.932500 0.448750 0.060000 0.060000
0 0.381875 0.701250 0.081250 0.085000
0 0.743750 0.374375 0.100000 0.103750
0 0.720625 0.525625 0.108750 0.113750
0 0.390625 0.110000 0.031250 0.032500
0 0.851250 0.189375 0.100000 0.083750
0 0.106875 0.723750 0.056250 0.047500
0 0.517500 0.387500 0.045000 0.037500
0 0.214375 0.200625 0.088750 0.071250
0 0.463125 0.094375 0.056250 0.056250
0 0.505625 0.224375 0.028750 0.028750
0 0.556250 0.120000 0.085000 0.085000
0 0.495000 0.766250 0.097500 0.097500
0 0.935625 0.641250 0.093750 0.075000
0 0.305000 0.081250 0.102500 0.082500
0 0.578750 0.269375 0.045000 0.036250
0 0.770625 0.075000 0.106250 0.085000
0 0.741250 0.163750 0.065000 0.065000
0 0.530625 0.909375 0.098750 0.098750
0 0.055000 0.425000 0.067500 0.065000
0 0.109375 0.240000 0.066250 0.057500
0 0.773125 0.740000 0.051250 0.045000
0 0.926875 0.330000 0.068750 0.060000
0 0.698125 0.910625 0.103750 0.103750
0 0.645625 0.263750 0.056250 0.047500
0 0.339375 0.243125 0.096250 0.081250
0 0.099375 0.110625 0.078750 0.066250
0 0.901250 0.823125 0.107500 0.098750
0 0.874375 0.544375 0.098750 0.098750
0 0.639375 0.373125 0.091250 0.091250
0 0.353750 0.901250 0.095000 0.095000
0 0.672500 0.803125 0.067500 0.068750
0 0.613125 0.605625 0.083750 0.083750
0 0.646875 0.695625 0.058750 0.058750
0 0.586875 0.776875 0.026250 0.026250
0 0.539375 0.460000 0.073750 0.055000
0 0.260625 0.803125 0.051250 0.051250
0 0.465000 0.393750 0.035000 0.035000
0 0.946250 0.073750 0.050000 0.050000
0 0.850000 0.428750 0.025000 0.025000
0 0.383125 0.813125 0.063750 0.063750
0 0.113125 0.809375 0.076250 0.076250
0 0.881250 0.728750 0.065000 0.065000
0 0.203125 0.293125 0.056250 0.056250
0 0.057500 0.662500 0.055000 0.055000
0 0.585000 0.686250 0.040000 0.022500
0 0.647500 0.167500 0.067500 0.067500
0 0.114375 0.926250 0.053750 0.055000
0 0.427500 0.470000 0.032500 0.032500
0 0.330000 0.338750 0.085000 0.085000
0 0.728750 0.261250 0.087500 0.087500
0 0.825000 0.285000 0.052500 0.052500
0 0.437500 0.843750 0.030000 0.030000
0 0.441875 0.218125 0.058750 0.058750
0 0.840000 0.342500 0.037500 0.037500
0 0.183750 0.066875 0.040000 0.038750
0 0.928750 0.919375 0.030000 0.028750