0 0.740625 0.321250 0.036250 0.042500
0 0.956875 0.526875 0.043750 0.051250
0 0.145000 0.490625 0.060000 0.071250
0 0.287500 0.443750 0.072500 0.085000
0 0.658750 0.725625 0.090000 0.096250
0 0.223750 0.620625 0.062500 0.066250
0 0.066250 0.538750 0.082500 0.055000
0 0.497500 0.027500 0.027500 0.027500
0 0.473125 0.404375 0.111250 0.111250
0 0.305625 0.333125 0.106250 0.106250
0 0.638750 0.080000 0.085000 0.085000
0 0.762500 0.501250 0.050000 0.050000
0 0.887500 0.455000 0.035000 0.035000
0 0.422500 0.615000 0.072500 0.075000
0 0.206875 0.873125 0.106250 0.106250
0 0.663125 0.828125 0.058750 0.058750
0 0.210000 0.176250 0.067500 0.067500
0 0.841875 0.858125 0.076250 0.076250
0 0.886250 0.321250 0.097500 0.097500
0 0.843750 0.100000 0.042500 0.042500
0 0.080625 0.131875 0.058750 0.058750
0 0.264375 0.765625 0.066250 0.066250
0 0.444375 0.160000 0.111250 0.135000
0 0.206875 0.069375 0.056250 0.056250
0 0.513125 0.841875 0.103750 0.103750
0 0.190000 0.740000 0.042500 0.042500
0 0.940625 0.095625 0.036250 0.036250
0 0.095000 0.851250 0.027500 0.027500
0 0.443125 0.742500 0.076250 0.077500
0 0.881875 0.533125 0.088750 0.088750
0 0.173750 0.377500 0.062500 0.062500
0 0.551250 0.713750 0.055000 0.055000
0 0.598125 0.245625 0.093750 0.093750
0 0.680625 0.566875 0.061250 0.061250
0 0.751250 0.093750 0.072500 0.072500
0 0.675625 0.384375 0.073750 0.073750
0 0.053125 0.291875 0.061250 0.073750
0 0.940000 0.928750 0.045000 0.045000
0 0.771875 0.231875 0.111250 0.111250
0 0.191875 0.562500 0.031250 0.027500
0 0.290625 0.203125 0.051250 0.036250
0 0.348750 0.831250 0.077500 0.080000
0 0.790625 0.715000 0.093750 0.097500
0 0.137500 0.642500 0.072500 0.075000
0 0.586875 0.586250 0.101250 0.105000
0 0.334375 0.128125 0.033750 0.033750
0 0.918125 0.725625 0.076250 0.076250
0 0.343125 0.576875 0.068750 0.068750
0 0.505625 0.300625 0.068750 0.068750
0 0.077500 0.781250 0.087500 0.087500
0 0.051875 0.685625 0.076250 0.076250
0 0.723750 0.918750 0.082500 0.082500
0 0.575625 0.396875 0.058750 0.058750
0 0.352500 0.201250 0.047500 0.047500
0 0.585000 0.928750 0.035000 0.035000
0 0.363750 0.453750 0.055000 0.055000
0 0.163125 0.266875 0.071250 0.071250
0 0.878750 0.227500 0.052500 0.060000
0 0.822500 0.945000 0.067500 0.045000
0 0.753125 0.821875 0.073750 0.073750
0 0.098125 0.940625 0.061250 0.061250
0 0.065000 0.053750 0.075000 0.075000
0 0.793750 0.637500 0.027500 0.027500
0 0.965000 0.465625 0.035000 0.033750
0 0.477500 0.505000 0.035000 0.035000
0 0.893125 0.639375 0.043750 0.043750
0 0.091875 0.399375 0.086250 0.086250
0 0.246250 0.543750 0.055000 0.055000
0 0.271250 0.140625 0.035000 0.031250
0 0.324375 0.669375 0.098750 0.088750
0 0.599375 0.875625 0.048750 0.053750