0 0.636875 0.113125 0.033750 0.033750
0 0.565625 0.390625 0.046250 0.056250
0 0.568750 0.318750 0.045000 0.055000
0 0.736250 0.195625 0.030000 0.036250
0 0.433750 0.500000 0.035000 0.042500
0 0.288750 0.671875 0.052500 0.048750
0 0.051250 0.678750 0.042500 0.040000
0 0.943750 0.118750 0.067500 0.067500
0 0.361875 0.519375 0.093750 0.093750
0 0.558125 0.628125 0.026250 0.026250
0 0.025000 0.265000 0.025000 0.025000
0 0.784375 0.728750 0.058750 0.052500
0 0.226250 0.117500 0.110000 0.110000
0 0.551875 0.903125 0.083750 0.083750
0 0.071875 0.525625 0.081250 0.081250
0 0.476250 0.408750 0.070000 0.070000
0 0.338750 0.303750 0.085000 0.085000
0 0.363750 0.617500 0.027500 0.027500
0 0.535625 0.768125 0.108750 0.108750
0 0.123750 0.036875 0.045000 0.048750
0 0.530000 0.091250 0.087500 0.087500
0 0.724375 0.490625 0.048750 0.048750
0 0.949375 0.629375 0.033750 0.033750
0 0.685625 0.765625 0.091250 0.091250
0 0.108750 0.810625 0.100000 0.098750
0 0.284375 0.777500 0.066250 0.065000
0 0.351875 0.853750 0.073750 0.072500
0 0.946250 0.474375 0.082500 0.088750
0 0.638125 0.544375 0.043750 0.043750
0 0.401250 0.190000 0.087500 0.087500
0 0.764375 0.341875 0.076250 0.076250
0 0.201875 0.309375 0.071250 0.071250
0 0.516875 0.685000 0.043750 0.017500
0 0.348750 0.418750 0.102500 0.040000
0 0.872500 0.590625 0.035000 0.013750
0 0.511875 0.235625 0.091250 0.091250
0 0.203750 0.462500 0.090000 0.090000
0 0.652500 0.341250 0.097500 0.097500
0 0.766250 0.242500 0.030000 0.030000
0 0.216875 0.882500 0.086250 0.070000
0 0.691250 0.911250 0.097500 0.097500
0 0.138125 0.639375 0.091250 0.091250
0 0.964375 0.920625 0.046250 0.046250
0 0.663750 0.049375 0.047500 0.051250
0 0.070000 0.210000 0.050000 0.047500
0 0.691250 0.621250 0.085000 0.080000
0 0.098750 0.927500 0.085000 0.085000
0 0.544375 0.561875 0.068750 0.068750
0 0.223750 0.220000 0.050000 0.050000
0 0.850625 0.693125 0.048750 0.048750
0 0.866250 0.211250 0.062500 0.062500
0 0.610000 0.161875 0.040000 0.046250
0 0.428750 0.777500 0.072500 0.032500
0 0.771875 0.938750 0.048750 0.042500
0 0.873750 0.948750 0.032500 0.032500
0 0.913125 0.340000 0.103750 0.095000
0 0.885000 0.860000 0.025000 0.025000
0 0.656250 0.236250 0.070000 0.070000
0 0.081250 0.341875 0.070000 0.066250