0 0.799375 0.932500 0.066250 0.060000
0 0.726250 0.742500 0.087500 0.080000
0 0.829375 0.536250 0.071250 0.065000
0 0.590625 0.328125 0.111250 0.088750
0 0.556875 0.227500 0.068750 0.055000
0 0.823125 0.643125 0.061250 0.061250
0 0.229375 0.073125 0.083750 0.051250
0 0.546250 0.496250 0.110000 0.067500
0 0.358750 0.465000 0.112500 0.070000
0 0.283125 0.236875 0.083750 0.051250
0 0.168125 0.396875 0.058750 0.058750
0 0.150625 0.918125 0.048750 0.048750
0 0.073750 0.180000 0.077500 0.077500
0 0.415000 0.773750 0.032500 0.032500
0 0.261875 0.517500 0.028750 0.022500
0 0.922500 0.301250 0.072500 0.072500
0 0.469375 0.296875 0.056250 0.056250
0 0.703750 0.303750 0.092500 0.092500
0 0.828750 0.321250 0.080000 0.080000
0 0.745625 0.198125 0.048750 0.048750
0 0.537500 0.406875 0.040000 0.053750
0 0.370000 0.640625 0.080000 0.076250
0 0.064375 0.060000 0.068750 0.065000
0 0.913750 0.498750 0.045000 0.032500
0 0.903750 0.216250 0.070000 0.070000
0 0.067500 0.849375 0.065000 0.061250
0 0.311875 0.799375 0.101250 0.096250
0 0.070000 0.350000 0.035000 0.037500
0 0.851250 0.450000 0.060000 0.065000
0 0.285625 0.155625 0.058750 0.063750
0 0.510000 0.095625 0.075000 0.081250
0 0.105000 0.734375 0.055000 0.043750
0 0.890625 0.846875 0.051250 0.051250
0 0.390000 0.248750 0.065000 0.077500
0 0.462500 0.838750 0.050000 0.060000
0 0.184375 0.275625 0.063750 0.076250
0 0.164375 0.490000 0.083750 0.082500
0 0.693125 0.885625 0.106250 0.106250
0 0.335000 0.902500 0.072500 0.072500
0 0.611250 0.126250 0.087500 0.087500
0 0.257500 0.688750 0.092500 0.092500
0 0.171875 0.207500 0.063750 0.045000
0 0.390000 0.163125 0.045000 0.048750
0 0.560625 0.875000 0.041250 0.032500
0 0.631875 0.036875 0.028750 0.028750
0 0.232500 0.911250 0.065000 0.065000
0 0.065000 0.941250 0.082500 0.052500
0 0.448750 0.415000 0.045000 0.027500
0 0.790000 0.101875 0.050000 0.031250
0 0.344375 0.102500 0.036250 0.022500
0 0.134375 0.658125 0.086250 0.078750
0 0.923750 0.702500 0.102500 0.102500
0 0.653125 0.548125 0.028750 0.028750
0 0.466875 0.474375 0.031250 0.031250
0 0.748125 0.450625 0.071250 0.071250
0 0.860000 0.785000 0.025000 0.025000
0 0.605625 0.683125 0.103750 0.103750
0 0.897500 0.101250 0.085000 0.085000
0 0.490000 0.623125 0.112500 0.118750
0 0.277500 0.356875 0.095000 0.103750
0 0.184375 0.124375 0.028750 0.031250
0 0.540000 0.929375 0.055000 0.056250
0 0.343750 0.566250 0.052500 0.052500
0 0.724375 0.545000 0.098750 0.100000
0 0.926250 0.586875 0.090000 0.091250
0 0.232500 0.568750 0.027500 0.027500
0 0.036875 0.293125 0.028750 0.028750
0 0.475625 0.738125 0.073750 0.073750
0 0.704375 0.062500 0.071250 0.062500
0 0.045625 0.623750 0.043750 0.037500
0 0.043125 0.780000 0.051250 0.050000
0 0.079375 0.428750 0.046250 0.045000
0 0.943750 0.370625 0.035000 0.033750
0 0.041875 0.561875 0.033750 0.033750
0 0.553750 0.782500 0.060000 0.060000
0 0.443750 0.170000 0.037500 0.037500
0 0.425000 0.067500 0.075000 0.075000
0 0.603125 0.576250 0.046250 0.045000
0 0.200625 0.819375 0.066250 0.066250
0 0.385625 0.356875 0.033750 0.033750
0 0.815625 0.235625 0.058750 0.058750