0 0.459375 0.053125 0.046250 0.046250
0 0.141250 0.838750 0.035000 0.035000
0 0.891250 0.357500 0.077500 0.077500
0 0.708125 0.190625 0.086250 0.086250
0 0.857500 0.572500 0.032500 0.032500
0 0.961250 0.772500 0.047500 0.047500
0 0.096250 0.312500 0.040000 0.037500
0 0.632500 0.408125 0.105000 0.126250
0 0.898125 0.699375 0.026250 0.031250
0 0.778125 0.086875 0.088750 0.106250
0 0.869375 0.908125 0.073750 0.073750
0 0.752500 0.555000 0.090000 0.097500
0 0.057500 0.408750 0.070000 0.075000
0 0.413750 0.592500 0.040000 0.042500
0 0.486250 0.291875 0.105000 0.113750
0 0.067500 0.704375 0.037500 0.036250
0 0.410000 0.840000 0.060000 0.055000
0 0.460000 0.750000 0.095000 0.087500
0 0.098750 0.059375 0.082500 0.076250
0 0.215625 0.471250 0.081250 0.075000
0 0.745625 0.868125 0.091250 0.091250
0 0.230625 0.154375 0.093750 0.093750
0 0.848125 0.449375 0.066250 0.066250
0 0.920625 0.154375 0.026250 0.026250
0 0.900000 0.070625 0.070000 0.071250
0 0.583125 0.788125 0.031250 0.031250
0 0.520000 0.131875 0.087500 0.088750
0 0.519375 0.895000 0.101250 0.102500
0 0.301875 0.640000 0.063750 0.050000
0 0.639375 0.064375 0.111250 0.098750
0 0.216250 0.818750 0.025000 0.025000
0 0.383125 0.443750 0.063750 0.082500
0 0.205000 0.878750 0.055000 0.070000
0 0.810000 0.717500 0.055000 0.070000
0 0.436250 0.475625 0.025000 0.033750
0 0.886250 0.235000 0.047500 0.047500
0 0.309375 0.426875 0.056250 0.056250
0 0.715625 0.710625 0.091250 0.091250
0 0.300625 0.861875 0.081250 0.081250
0 0.911875 0.550625 0.031250 0.028750
0 0.285625 0.763125 0.041250 0.038750
0 0.053750 0.843125 0.067500 0.063750
0 0.580625 0.528750 0.091250 0.080000
0 0.468125 0.548125 0.043750 0.043750
0 0.195625 0.590625 0.096250 0.096250
0 0.156250 0.735000 0.105000 0.105000
0 0.555000 0.703750 0.060000 0.060000
0 0.361875 0.208125 0.083750 0.083750
0 0.896875 0.634375 0.071250 0.071250
0 0.219375 0.353125 0.088750 0.088750
0 0.393750 0.091250 0.070000 0.070000
0 0.030625 0.063750 0.026250 0.032500
0 0.783125 0.331875 0.103750 0.128750
0 0.651250 0.861250 0.045000 0.045000
0 0.066875 0.584375 0.101250 0.101250
0 0.126875 0.189375 0.093750 0.093750
0 0.133125 0.922500 0.058750 0.082500
0 0.520625 0.620625 0.071250 0.071250
0 0.961875 0.200625 0.038750 0.043750
0 0.361875 0.638750 0.041250 0.035000
0 0.356875 0.321875 0.088750 0.088750
0 0.320625 0.553125 0.106250 0.106250
0 0.418125 0.911250 0.026250 0.025000