0 0.556250 0.211250 0.067500 0.067500
0 0.495000 0.507500 0.027500 0.020000
0 0.298125 0.475625 0.056250 0.056250
0 0.466875 0.040625 0.031250 0.053750
0 0.106250 0.150625 0.070000 0.121250
0 0.336250 0.827500 0.095000 0.095000
0 0.925625 0.329375 0.103750 0.103750
0 0.046875 0.451875 0.028750 0.028750
0 0.826250 0.806250 0.050000 0.050000
0 0.867500 0.518750 0.067500 0.067500
0 0.623750 0.373750 0.112500 0.097500
0 0.649375 0.291875 0.026250 0.026250
0 0.426250 0.383750 0.060000 0.060000
0 0.339375 0.684375 0.026250 0.026250
0 0.908125 0.843750 0.063750 0.057500
0 0.316250 0.316250 0.027500 0.025000
0 0.918125 0.050625 0.043750 0.038750
0 0.697500 0.636875 0.095000 0.086250
0 0.786250 0.087500 0.077500 0.080000
0 0.580625 0.796875 0.061250 0.063750
0 0.321875 0.085000 0.086250 0.070000
0 0.243750 0.271875 0.067500 0.068750
0 0.546250 0.621875 0.090000 0.098750
0 0.226250 0.780000 0.110000 0.120000
0 0.442500 0.804375 0.047500 0.051250
0 0.103125 0.855000 0.038750 0.042500
0 0.429375 0.606250 0.098750 0.070000
0 0.734375 0.519375 0.073750 0.073750
0 0.778750 0.332500 0.100000 0.100000
0 0.765625 0.206875 0.098750 0.098750
0 0.785625 0.929375 0.081250 0.081250
0 0.398125 0.496875 0.056250 0.056250
0 0.207500 0.367500 0.095000 0.095000
0 0.214375 0.609375 0.056250 0.056250
0 0.464375 0.216875 0.096250 0.093750
0 0.116875 0.758125 0.081250 0.078750
0 0.315000 0.930625 0.030000 0.028750
0 0.133125 0.507500 0.031250 0.040000
0 0.704375 0.755000 0.096250 0.125000
0 0.858750 0.704375 0.037500 0.048750
0 0.454375 0.868125 0.053750 0.053750
0 0.545000 0.915000 0.042500 0.047500
0 0.823125 0.423125 0.048750 0.053750
0 0.100000 0.603750 0.075000 0.075000
0 0.911250 0.442500 0.037500 0.037500
0 0.254375 0.670625 0.031250 0.031250
0 0.806875 0.619375 0.068750 0.068750
0 0.093750 0.479375 0.030000 0.028750
0 0.655000 0.472500 0.062500 0.060000
0 0.878125 0.213750 0.056250 0.055000
0 0.365000 0.187500 0.065000 0.062500
0 0.951250 0.548750 0.060000 0.060000
0 0.070625 0.270625 0.083750 0.083750
0 0.939375 0.930625 0.058750 0.058750
0 0.370000 0.246250 0.032500 0.032500
0 0.321875 0.638125 0.051250 0.051250
0 0.483750 0.106250 0.027500 0.027500
0 0.248125 0.893125 0.051250 0.051250
0 0.663750 0.093750 0.092500 0.092500
0 0.196875 0.121875 0.048750 0.048750
0 0.932500 0.730000 0.067500 0.067500
0 0.630625 0.928125 0.046250 0.056250
0 0.634375 0.196250 0.043750 0.052500
0 0.541875 0.066875 0.071250 0.086250
0 0.570625 0.458125 0.043750 0.046250