0 0.735000 0.771250 0.040000 0.047500
0 0.455625 0.320000 0.066250 0.080000
0 0.602500 0.271875 0.032500 0.038750
0 0.863125 0.895000 0.106250 0.127500
0 0.585000 0.573750 0.092500 0.090000
0 0.730000 0.062500 0.090000 0.090000
0 0.568125 0.140625 0.028750 0.028750
0 0.178750 0.230000 0.107500 0.107500
0 0.676875 0.326875 0.096250 0.096250
0 0.617500 0.863750 0.027500 0.027500
0 0.199375 0.711875 0.053750 0.053750
0 0.330625 0.770625 0.063750 0.066250
0 0.730625 0.241875 0.031250 0.031250
0 0.558125 0.696250 0.068750 0.052500
0 0.209375 0.933750 0.101250 0.077500
0 0.513750 0.813750 0.030000 0.022500
0 0.642500 0.061875 0.045000 0.033750
0 0.226875 0.089375 0.063750 0.063750
0 0.136875 0.441250 0.046250 0.062500
0 0.630000 0.931250 0.062500 0.085000
0 0.118750 0.943750 0.060000 0.060000
0 0.708125 0.505000 0.088750 0.100000
0 0.362500 0.284375 0.032500 0.036250
0 0.555625 0.274375 0.033750 0.023750
0 0.396250 0.445000 0.075000 0.055000
0 0.442500 0.105625 0.057500 0.041250
0 0.635625 0.775625 0.111250 0.081250
0 0.111875 0.584375 0.063750 0.063750
0 0.963750 0.425000 0.027500 0.027500
0 0.213750 0.625000 0.077500 0.077500
0 0.812500 0.457500 0.057500 0.057500
0 0.432500 0.922500 0.082500 0.082500
0 0.081875 0.508125 0.036250 0.036250
0 0.489375 0.540625 0.066250 0.066250
0 0.407500 0.196250 0.105000 0.105000
0 0.931875 0.077500 0.091250 0.060000
0 0.875625 0.350625 0.038750 0.038750
0 0.721250 0.175000 0.025000 0.035000
0 0.069375 0.148125 0.071250 0.071250
0 0.424375 0.708125 0.091250 0.091250
0 0.355000 0.595000 0.085000 0.085000
0 0.253125 0.341875 0.058750 0.058750
0 0.288750 0.081250 0.040000 0.040000
0 0.360625 0.375625 0.041250 0.041250
0 0.940625 0.740625 0.058750 0.058750
0 0.871250 0.572500 0.100000 0.100000
0 0.062500 0.380000 0.032500 0.030000
0 0.918125 0.286875 0.071250 0.071250
0 0.130625 0.103125 0.036250 0.036250
0 0.113750 0.660000 0.042500 0.055000
0 0.633125 0.154375 0.083750 0.083750
0 0.563750 0.445625 0.042500 0.041250
0 0.098125 0.807500 0.086250 0.085000
0 0.534375 0.893125 0.028750 0.028750
0 0.857500 0.163125 0.050000 0.071250
0 0.719375 0.641250 0.038750 0.055000
0 0.075000 0.285000 0.055000 0.077500
0 0.060000 0.665000 0.040000 0.042500
0 0.203750 0.837500 0.087500 0.095000
0 0.796875 0.743125 0.051250 0.051250
0 0.245625 0.448125 0.098750 0.098750
0 0.827500 0.267500 0.070000 0.075000
0 0.525625 0.083125 0.071250 0.071250
0 0.251250 0.542500 0.057500 0.057500
0 0.945625 0.599375 0.033750 0.033750
0 0.471875 0.836875 0.038750 0.038750
0 0.300625 0.858125 0.066250 0.038750
0 0.331875 0.695625 0.078750 0.046250
0 0.763125 0.891250 0.071250 0.042500
0 0.345000 0.951875 0.057500 0.033750
0 0.725625 0.839375 0.046250 0.038750
0 0.638125 0.419375 0.063750 0.051250
0 0.795625 0.651875 0.028750 0.028750
0 0.918125 0.196875 0.031250 0.033750
0 0.368750 0.042500 0.055000 0.055000
0 0.298125 0.218125 0.076250 0.076250
0 0.165000 0.510000 0.047500 0.047500
0 0.901250 0.470000 0.047500 0.047500
0 0.525625 0.353125 0.046250 0.046250
0 0.509375 0.155625 0.036250 0.031250
0 0.156875 0.336875 0.073750 0.073750
0 0.660000 0.671875 0.032500 0.028750
0 0.126875 0.725000 0.038750 0.035000
0 0.451250 0.605625 0.060000 0.031250
0 0.145000 0.050000 0.080000 0.042500
0 0.490000 0.427500 0.080000 0.080000