0 0.393750 0.276250 0.057500 0.057500
0 0.839375 0.391875 0.058750 0.058750
0 0.159375 0.929375 0.053750 0.053750
0 0.301875 0.481875 0.111250 0.111250
0 0.951250 0.673750 0.062500 0.062500
0 0.845000 0.232500 0.042500 0.042500
0 0.123125 0.484375 0.033750 0.033750
0 0.809375 0.566875 0.073750 0.073750
0 0.822500 0.293750 0.042500 0.055000
0 0.718750 0.891875 0.097500 0.098750
0 0.450625 0.829375 0.108750 0.108750
0 0.279375 0.717500 0.081250 0.075000
0 0.500000 0.923750 0.027500 0.025000
0 0.427500 0.703750 0.060000 0.060000
0 0.319375 0.326875 0.061250 0.061250
0 0.221250 0.126250 0.082500 0.082500
0 0.637500 0.711250 0.042500 0.042500
0 0.740000 0.331250 0.095000 0.095000
0 0.544375 0.601875 0.086250 0.086250
0 0.153125 0.731875 0.033750 0.033750
0 0.602500 0.901250 0.075000 0.075000
0 0.465625 0.503125 0.076250 0.076250
0 0.706250 0.615000 0.075000 0.075000
0 0.471875 0.230625 0.046250 0.046250
0 0.321250 0.215625 0.087500 0.033750
0 0.330000 0.803750 0.080000 0.080000
0 0.746250 0.050000 0.057500 0.057500
0 0.625000 0.301250 0.085000 0.085000
0 0.203125 0.478125 0.041250 0.041250
0 0.899375 0.903750 0.043750 0.042500
0 0.620625 0.466875 0.101250 0.101250
0 0.740000 0.221875 0.100000 0.103750
0 0.866875 0.473125 0.063750 0.063750
0 0.591250 0.175000 0.067500 0.067500
0 0.920625 0.168125 0.093750 0.093750
0 0.350625 0.645625 0.048750 0.048750
0 0.398750 0.101250 0.055000 0.055000
0 0.210625 0.278125 0.063750 0.056250
0 0.541250 0.280000 0.050000 0.050000
0 0.718125 0.758125 0.076250 0.076250
0 0.138750 0.821250 0.080000 0.080000
0 0.258125 0.370625 0.041250 0.036250
0 0.136875 0.566875 0.101250 0.101250
0 0.512500 0.368750 0.087500 0.087500
0 0.911250 0.572500 0.097500 0.097500
0 0.054375 0.098125 0.058750 0.058750
0 0.922500 0.049375 0.077500 0.063750
0 0.170000 0.224375 0.045000 0.033750
0 0.843125 0.741875 0.108750 0.083750
0 0.381875 0.548125 0.033750 0.033750
0 0.063750 0.210000 0.097500 0.097500
0 0.243750 0.600625 0.027500 0.028750
0 0.259375 0.868750 0.033750 0.035000
0 0.519375 0.704375 0.043750 0.043750
0 0.162500 0.378750 0.087500 0.087500
0 0.918125 0.278750 0.066250 0.072500
0 0.499375 0.065000 0.083750 0.100000
0 0.065000 0.383750 0.060000 0.060000
0 0.070625 0.700625 0.111250 0.111250
0 0.043750 0.599375 0.027500 0.038750
0 0.832500 0.861875 0.065000 0.091250
0 0.622500 0.080000 0.067500 0.067500
0 0.542500 0.770000 0.040000 0.040000
0 0.263125 0.640000 0.046250 0.020000
0 0.826875 0.095625 0.068750 0.068750
0 0.473750 0.153750 0.032500 0.032500
0 0.326250 0.157500 0.055000 0.055000
0 0.115000 0.297500 0.050000 0.060000
0 0.040000 0.860625 0.055000 0.066250
0 0.753125 0.480625 0.081250 0.081250