0 0.213125 0.406250 0.038750 0.047500
0 0.078750 0.325000 0.070000 0.062500
0 0.808125 0.475000 0.076250 0.067500
0 0.904375 0.194375 0.038750 0.033750
0 0.909375 0.784375 0.096250 0.096250
0 0.334375 0.665625 0.031250 0.031250
0 0.606875 0.504375 0.028750 0.028750
0 0.719375 0.306875 0.073750 0.073750
0 0.841875 0.391875 0.063750 0.063750
0 0.328125 0.959375 0.033750 0.023750
0 0.388125 0.271875 0.073750 0.051250
0 0.166875 0.825000 0.103750 0.142500
0 0.472500 0.073125 0.050000 0.041250
0 0.381875 0.391875 0.028750 0.023750
0 0.046250 0.202500 0.062500 0.052500
0 0.387500 0.488125 0.065000 0.053750
0 0.896875 0.063750 0.048750 0.015000
0 0.156875 0.369375 0.031250 0.031250
0 0.050625 0.625625 0.071250 0.071250
0 0.755625 0.101875 0.061250 0.043750
0 0.130625 0.204375 0.033750 0.033750
0 0.345000 0.600000 0.077500 0.077500
0 0.343125 0.159375 0.073750 0.073750
0 0.582500 0.703125 0.042500 0.036250
0 0.070000 0.901250 0.037500 0.037500
0 0.471250 0.673125 0.105000 0.103750
0 0.723750 0.790000 0.037500 0.037500
0 0.501875 0.780000 0.036250 0.042500
0 0.967500 0.419375 0.027500 0.031250
0 0.501875 0.491250 0.093750 0.102500
0 0.592500 0.063750 0.100000 0.072500
0 0.706250 0.562500 0.112500 0.112500
0 0.068750 0.432500 0.057500 0.057500
0 0.721875 0.868125 0.101250 0.101250
0 0.555000 0.381250 0.080000 0.080000
0 0.142500 0.132500 0.040000 0.040000
0 0.338125 0.781875 0.066250 0.066250
0 0.859375 0.643125 0.073750 0.066250
0 0.266250 0.828125 0.052500 0.046250
0 0.645625 0.421875 0.066250 0.058750
0 0.292500 0.083125 0.052500 0.046250
0 0.417500 0.089375 0.027500 0.023750
0 0.292500 0.243750 0.087500 0.077500
0 0.745000 0.718750 0.037500 0.032500
0 0.928125 0.123125 0.086250 0.086250