0 0.878125 0.689375 0.056250 0.056250
0 0.601250 0.661875 0.105000 0.138750
0 0.247500 0.623750 0.040000 0.052500
0 0.480625 0.399375 0.036250 0.036250
0 0.925000 0.936250 0.082500 0.072500
0 0.365000 0.161250 0.080000 0.080000
0 0.802500 0.275000 0.102500 0.082500
0 0.098750 0.833125 0.072500 0.058750
0 0.255000 0.713750 0.090000 0.085000
0 0.080000 0.934375 0.027500 0.021250
0 0.540625 0.198125 0.108750 0.168750
0 0.856250 0.933750 0.027500 0.027500
0 0.281250 0.363750 0.025000 0.025000
0 0.278125 0.215625 0.033750 0.033750
0 0.090625 0.617500 0.111250 0.192500
0 0.103750 0.215625 0.105000 0.181250
0 0.619375 0.850625 0.083750 0.091250
0 0.566875 0.456875 0.106250 0.106250
0 0.500625 0.819375 0.076250 0.076250
0 0.213125 0.861875 0.111250 0.111250
0 0.770000 0.380000 0.095000 0.095000
0 0.788750 0.842500 0.110000 0.110000
0 0.296875 0.858750 0.041250 0.040000
0 0.381875 0.558750 0.046250 0.045000
0 0.381250 0.443750 0.107500 0.105000
0 0.713125 0.726875 0.098750 0.088750
0 0.493750 0.935000 0.067500 0.060000
0 0.697500 0.911875 0.030000 0.026250
0 0.773125 0.508125 0.111250 0.111250
0 0.179375 0.453125 0.093750 0.093750
0 0.444375 0.050625 0.061250 0.061250
0 0.951250 0.876250 0.030000 0.030000
0 0.751875 0.168125 0.096250 0.096250
0 0.868125 0.449375 0.053750 0.053750
0 0.378750 0.675000 0.085000 0.075000
0 0.381250 0.844375 0.095000 0.096250
0 0.235000 0.133750 0.107500 0.107500
0 0.945625 0.533125 0.081250 0.081250
0 0.920625 0.150625 0.093750 0.093750
0 0.402500 0.270000 0.102500 0.102500
0 0.922500 0.761250 0.065000 0.065000