0 0.678125 0.371875 0.026250 0.026250
0 0.466250 0.431250 0.105000 0.105000
0 0.771250 0.777500 0.050000 0.050000
0 0.576250 0.650000 0.052500 0.050000
0 0.308125 0.321875 0.088750 0.088750
0 0.190625 0.711875 0.051250 0.051250
0 0.521250 0.868750 0.060000 0.060000
0 0.466250 0.289375 0.095000 0.098750
0 0.861250 0.091875 0.055000 0.058750
0 0.579375 0.064375 0.036250 0.036250
0 0.298750 0.811250 0.077500 0.077500
0 0.062500 0.087500 0.077500 0.077500
0 0.490000 0.111250 0.080000 0.080000
0 0.705625 0.288125 0.063750 0.063750
0 0.069375 0.765625 0.096250 0.096250
0 0.953750 0.616875 0.025000 0.023750
0 0.287500 0.151250 0.065000 0.065000
0 0.300000 0.475000 0.050000 0.050000
0 0.207500 0.375000 0.055000 0.037500
0 0.945000 0.858750 0.085000 0.057500
0 0.647500 0.742500 0.077500 0.052500
0 0.836250 0.187500 0.100000 0.097500
0 0.763125 0.493125 0.036250 0.036250
0 0.370625 0.429375 0.063750 0.063750
0 0.092500 0.221250 0.080000 0.080000
0 0.391250 0.652500 0.110000 0.110000
0 0.817500 0.413125 0.062500 0.056250
0 0.207500 0.538750 0.042500 0.037500
0 0.721250 0.568750 0.067500 0.060000
0 0.105625 0.338125 0.081250 0.081250
0 0.464375 0.789375 0.083750 0.083750
0 0.886250 0.537500 0.112500 0.112500
0 0.140000 0.572500 0.062500 0.062500
0 0.931250 0.081250 0.055000 0.077500
0 0.700000 0.108750 0.100000 0.142500
0 0.433750 0.897500 0.097500 0.097500
0 0.163125 0.105625 0.038750 0.038750
0 0.600000 0.501250 0.112500 0.112500
0 0.193125 0.188125 0.093750 0.093750
0 0.580000 0.377500 0.082500 0.082500
0 0.591250 0.278750 0.060000 0.060000
0 0.098750 0.887500 0.105000 0.105000
0 0.274375 0.915625 0.066250 0.066250
0 0.369375 0.540625 0.061250 0.061250
0 0.913750 0.420625 0.102500 0.103750
0 0.731875 0.939375 0.038750 0.038750
0 0.076250 0.445625 0.102500 0.103750
0 0.940000 0.666875 0.057500 0.058750
0 0.350000 0.233125 0.055000 0.046250
0 0.345000 0.061875 0.112500 0.096250
0 0.560000 0.733750 0.082500 0.082500
0 0.083750 0.654375 0.077500 0.071250
0 0.370625 0.824375 0.033750 0.021250
0 0.848750 0.779375 0.082500 0.053750
0 0.748750 0.636250 0.092500 0.060000
0 0.267500 0.665000 0.070000 0.080000
0 0.490625 0.541250 0.051250 0.057500
0 0.692500 0.813750 0.065000 0.065000
0 0.651250 0.908750 0.102500 0.102500
0 0.601250 0.132500 0.052500 0.052500