0 0.910000 0.396250 0.090000 0.090000
0 0.160000 0.891250 0.095000 0.095000
0 0.084375 0.372500 0.091250 0.105000
0 0.568125 0.261875 0.063750 0.063750
0 0.702500 0.412500 0.097500 0.085000
0 0.487500 0.771250 0.092500 0.080000
0 0.217500 0.123750 0.070000 0.067500
0 0.710000 0.723750 0.107500 0.107500
0 0.863750 0.265000 0.102500 0.102500
0 0.370625 0.911875 0.101250 0.101250
0 0.578125 0.653125 0.026250 0.026250
0 0.516250 0.393750 0.060000 0.060000
0 0.726250 0.801250 0.032500 0.032500
0 0.084375 0.521875 0.071250 0.071250
0 0.440000 0.300000 0.067500 0.067500
0 0.536875 0.485000 0.073750 0.075000
0 0.241875 0.634375 0.056250 0.056250
0 0.063750 0.086250 0.077500 0.070000
0 0.802500 0.422500 0.075000 0.137500
0 0.572500 0.918750 0.112500 0.112500
0 0.075625 0.281250 0.048750 0.052500
0 0.579375 0.741250 0.038750 0.042500
0 0.287500 0.506250 0.100000 0.110000
0 0.129375 0.709375 0.111250 0.121250
0 0.900000 0.150000 0.035000 0.035000
0 0.465625 0.180625 0.111250 0.111250
0 0.685000 0.211250 0.097500 0.097500
0 0.707500 0.575000 0.105000 0.105000
0 0.309375 0.355625 0.106250 0.128750
0 0.907500 0.850000 0.092500 0.112500
0 0.385625 0.791250 0.063750 0.077500
0 0.318750 0.078750 0.105000 0.105000
0 0.839375 0.634375 0.066250 0.066250
0 0.815625 0.841250 0.053750 0.052500
0 0.574375 0.098125 0.088750 0.101250
0 0.723125 0.136875 0.033750 0.033750
0 0.354375 0.690625 0.031250 0.031250
0 0.156875 0.225625 0.076250 0.076250
0 0.459375 0.910625 0.046250 0.046250
0 0.876875 0.760000 0.061250 0.050000
0 0.660000 0.110625 0.047500 0.038750
0 0.421250 0.404375 0.100000 0.081250
0 0.706250 0.320000 0.092500 0.075000
0 0.045625 0.194375 0.038750 0.038750
0 0.430000 0.601250 0.075000 0.075000
0 0.735625 0.859375 0.068750 0.068750
0 0.378750 0.521875 0.057500 0.046250
0 0.243750 0.842500 0.035000 0.035000
0 0.850625 0.948125 0.038750 0.038750
0 0.256250 0.232500 0.100000 0.100000
0 0.932500 0.610000 0.067500 0.067500
0 0.842500 0.067500 0.045000 0.042500
0 0.917500 0.509375 0.110000 0.103750
0 0.555000 0.581250 0.065000 0.077500
0 0.944375 0.056875 0.053750 0.053750
0 0.129375 0.603125 0.056250 0.056250
0 0.273125 0.766875 0.101250 0.101250
0 0.043125 0.779375 0.038750 0.033750
0 0.190625 0.363750 0.101250 0.090000
0 0.484375 0.687500 0.053750 0.047500
0 0.823125 0.155000 0.078750 0.082500
0 0.202500 0.506875 0.032500 0.028750
0 0.768125 0.070625 0.061250 0.061250
0 0.058125 0.926250 0.068750 0.070000
0 0.613125 0.465625 0.061250 0.056250
0 0.433125 0.088750 0.046250 0.042500
0 0.760625 0.244375 0.026250 0.023750
0 0.038750 0.460000 0.035000 0.032500
0 0.804375 0.536250 0.051250 0.047500
0 0.108125 0.148125 0.036250 0.036250
0 0.946875 0.311250 0.046250 0.042500
0 0.616875 0.805625 0.038750 0.036250
0 0.213125 0.467500 0.031250 0.032500
0 0.486250 0.858125 0.042500 0.043750
0 0.382500 0.208750 0.032500 0.045000
0 0.461875 0.518750 0.051250 0.062500
0 0.743750 0.937500 0.050000 0.060000
0 0.783750 0.328125 0.030000 0.036250
0 0.311250 0.631875 0.040000 0.056250