0 0.653750 0.566250 0.067500 0.067500
0 0.361250 0.356250 0.052500 0.052500
0 0.441875 0.203125 0.098750 0.098750
0 0.218750 0.202500 0.070000 0.092500
0 0.159375 0.916875 0.063750 0.083750
0 0.944375 0.290625 0.053750 0.053750
0 0.244375 0.354375 0.076250 0.076250
0 0.376875 0.054375 0.038750 0.038750
0 0.387500 0.548125 0.092500 0.101250
0 0.626875 0.910625 0.106250 0.116250
0 0.207500 0.590000 0.025000 0.025000
0 0.801875 0.830625 0.081250 0.081250
0 0.835000 0.435000 0.030000 0.030000
0 0.656250 0.085000 0.100000 0.100000
0 0.151875 0.120625 0.053750 0.053750
0 0.449375 0.768125 0.028750 0.028750
0 0.655000 0.303750 0.055000 0.052500
0 0.783750 0.530000 0.075000 0.072500
0 0.102500 0.290000 0.077500 0.075000
0 0.915000 0.841250 0.102500 0.100000
0 0.670625 0.404375 0.073750 0.073750
0 0.360000 0.102500 0.042500 0.042500
0 0.843750 0.391250 0.025000 0.025000
0 0.792500 0.144375 0.112500 0.153750
0 0.308750 0.734375 0.097500 0.133750
0 0.603125 0.662500 0.043750 0.060000
0 0.522500 0.442500 0.105000 0.105000
0 0.677500 0.217500 0.060000 0.055000
0 0.594375 0.211875 0.068750 0.068750
0 0.965625 0.176250 0.043750 0.025000
0 0.173125 0.719375 0.036250 0.036250
0 0.239375 0.093125 0.036250 0.036250
0 0.280625 0.901875 0.106250 0.106250
0 0.150625 0.433125 0.091250 0.091250
0 0.114375 0.577500 0.073750 0.075000
0 0.468750 0.090625 0.095000 0.096250
0 0.047500 0.360000 0.050000 0.050000
0 0.280000 0.550625 0.085000 0.086250
0 0.915625 0.425625 0.096250 0.076250
0 0.515625 0.904375 0.041250 0.041250
0 0.806875 0.326875 0.056250 0.056250
0 0.235625 0.698125 0.026250 0.026250
0 0.507500 0.606250 0.050000 0.050000
0 0.079375 0.901250 0.036250 0.037500
0 0.284375 0.433750 0.048750 0.050000
0 0.625000 0.825625 0.027500 0.028750
0 0.709375 0.733125 0.061250 0.063750
0 0.160000 0.818750 0.077500 0.080000
0 0.078125 0.112500 0.051250 0.052500
0 0.432500 0.658750 0.062500 0.052500
0 0.770625 0.638750 0.091250 0.077500
0 0.880625 0.526875 0.031250 0.026250
0 0.891875 0.756250 0.058750 0.055000
0 0.590625 0.741250 0.071250 0.067500
0 0.815625 0.913125 0.061250 0.061250
0 0.088125 0.719375 0.096250 0.096250
0 0.561875 0.045625 0.033750 0.033750
0 0.500000 0.695000 0.052500 0.052500
0 0.466250 0.840000 0.050000 0.050000
0 0.079375 0.845625 0.041250 0.041250
0 0.318125 0.168125 0.048750 0.048750
0 0.926875 0.646875 0.066250 0.066250
0 0.770625 0.454375 0.033750 0.033750
0 0.651875 0.485000 0.106250 0.070000
0 0.085000 0.220625 0.055000 0.036250
0 0.540000 0.305000 0.072500 0.047500
0 0.718125 0.861875 0.056250 0.056250
0 0.743125 0.381875 0.033750 0.033750
0 0.569375 0.363750 0.036250 0.035000
0 0.901250 0.092500 0.085000 0.082500
0 0.380625 0.426250 0.038750 0.030000
0 0.740000 0.039375 0.052500 0.041250
0 0.386875 0.815625 0.031250 0.031250
0 0.860625 0.640625 0.048750 0.048750
0 0.027500 0.461250 0.025000 0.025000
0 0.196250 0.657500 0.030000 0.030000
0 0.196875 0.282500 0.038750 0.035000
0 0.873750 0.488125 0.037500 0.033750
0 0.237500 0.279375 0.027500 0.023750