0 0.209375 0.734375 0.033750 0.033750
0 0.878750 0.201250 0.075000 0.075000
0 0.228125 0.603125 0.031250 0.031250
0 0.449375 0.346875 0.111250 0.111250
0 0.856250 0.811250 0.085000 0.085000
0 0.213125 0.556875 0.041250 0.041250
0 0.096875 0.068125 0.091250 0.091250
0 0.816875 0.558125 0.111250 0.111250
0 0.574375 0.194375 0.078750 0.078750
0 0.633750 0.558750 0.102500 0.102500
0 0.133125 0.503125 0.046250 0.046250
0 0.667500 0.761250 0.037500 0.037500
0 0.290625 0.799375 0.081250 0.098750
0 0.608125 0.341250 0.091250 0.110000
0 0.292500 0.245625 0.090000 0.108750
0 0.746250 0.911875 0.097500 0.118750
0 0.629375 0.103125 0.086250 0.086250
0 0.149375 0.269375 0.103750 0.091250
0 0.562500 0.742500 0.112500 0.100000
0 0.252500 0.427500 0.035000 0.030000
0 0.449375 0.485625 0.033750 0.033750
0 0.141875 0.388125 0.028750 0.028750
0 0.590000 0.902500 0.055000 0.050000
0 0.371875 0.911875 0.043750 0.038750
0 0.281250 0.056875 0.060000 0.053750
0 0.675625 0.640625 0.041250 0.041250
0 0.781250 0.465000 0.037500 0.037500
0 0.265625 0.545625 0.048750 0.048750
0 0.293750 0.885000 0.047500 0.047500
0 0.763125 0.745625 0.083750 0.083750
0 0.513125 0.489375 0.076250 0.076250
0 0.088750 0.863750 0.092500 0.092500
0 0.424375 0.786875 0.098750 0.088750
0 0.741875 0.105000 0.106250 0.075000
0 0.876875 0.394375 0.098750 0.098750
0 0.440000 0.891250 0.072500 0.087500
0 0.766250 0.270000 0.105000 0.127500
0 0.894375 0.918750 0.043750 0.052500
0 0.661250 0.438750 0.055000 0.055000
0 0.155625 0.653125 0.056250 0.056250
0 0.914375 0.065625 0.103750 0.103750
0 0.381875 0.089375 0.083750 0.083750
0 0.655625 0.213125 0.063750 0.063750
0 0.388125 0.224375 0.053750 0.053750
0 0.200625 0.834375 0.081250 0.081250
0 0.376250 0.582500 0.095000 0.095000
0 0.061875 0.643125 0.083750 0.061250
0 0.231250 0.942500 0.062500 0.045000
0 0.635625 0.835000 0.031250 0.022500
0 0.296250 0.677500 0.062500 0.062500
0 0.195000 0.410000 0.035000 0.042500
0 0.118125 0.168750 0.066250 0.080000
0 0.463125 0.226875 0.058750 0.058750
0 0.944375 0.505625 0.048750 0.048750
0 0.182500 0.156250 0.047500 0.047500
0 0.900625 0.668125 0.076250 0.068750
0 0.779375 0.823125 0.046250 0.041250
0 0.548125 0.028750 0.036250 0.032500
0 0.046250 0.366875 0.067500 0.078750
0 0.063750 0.757500 0.087500 0.087500
0 0.365625 0.467500 0.076250 0.077500
0 0.379375 0.691250 0.078750 0.080000
0 0.486250 0.052500 0.040000 0.040000
0 0.731875 0.493125 0.031250 0.031250
0 0.453750 0.674375 0.032500 0.033750
0 0.292500 0.601875 0.037500 0.038750
0 0.479375 0.570000 0.048750 0.050000
0 0.745000 0.651875 0.080000 0.048750
0 0.063125 0.523750 0.056250 0.035000
0 0.950625 0.913125 0.026250 0.016250
0 0.152500 0.743750 0.035000 0.055000
0 0.526250 0.118750 0.050000 0.052500
0 0.293750 0.120000 0.052500 0.055000