0 0.502500 0.302500 0.032500 0.027500
0 0.292500 0.862500 0.052500 0.052500
0 0.363750 0.537500 0.072500 0.072500
0 0.376875 0.873125 0.041250 0.041250
0 0.227500 0.705000 0.045000 0.045000
0 0.888750 0.068750 0.037500 0.037500
0 0.058750 0.707500 0.047500 0.047500
0 0.660000 0.902500 0.032500 0.032500
0 0.063125 0.055625 0.083750 0.083750
0 0.847500 0.848125 0.092500 0.091250
0 0.778125 0.158750 0.028750 0.027500
0 0.378750 0.699375 0.037500 0.036250
0 0.566250 0.624375 0.107500 0.076250
0 0.219375 0.781875 0.061250 0.061250
0 0.070625 0.885625 0.053750 0.053750
0 0.623750 0.856875 0.030000 0.026250
0 0.527500 0.176250 0.102500 0.082500
0 0.233125 0.031875 0.033750 0.026250
0 0.128750 0.488750 0.060000 0.060000
0 0.841875 0.733125 0.103750 0.103750
0 0.458750 0.576250 0.055000 0.055000
0 0.259375 0.338750 0.073750 0.070000
0 0.641250 0.429375 0.102500 0.091250
0 0.353750 0.126250 0.110000 0.097500
0 0.758125 0.280625 0.068750 0.073750
0 0.942500 0.558750 0.027500 0.027500
0 0.051875 0.767500 0.053750 0.052500
0 0.702500 0.763125 0.070000 0.066250
0 0.226875 0.468125 0.063750 0.063750
0 0.061875 0.621875 0.038750 0.038750
0 0.835625 0.335625 0.046250 0.046250
0 0.732500 0.348750 0.030000 0.030000
0 0.072500 0.397500 0.095000 0.095000
0 0.870000 0.437500 0.032500 0.032500
0 0.713750 0.153125 0.042500 0.036250
0 0.363750 0.936875 0.075000 0.063750
0 0.276875 0.626875 0.103750 0.088750
0 0.621875 0.691875 0.051250 0.033750
0 0.515625 0.023750 0.026250 0.022500
0 0.473750 0.373125 0.030000 0.026250
0 0.390000 0.431875 0.070000 0.061250
0 0.920625 0.474375 0.051250 0.051250
0 0.285625 0.232500 0.048750 0.047500
0 0.922500 0.138750 0.052500 0.052500
0 0.675000 0.265000 0.080000 0.080000
0 0.144375 0.291875 0.081250 0.081250
0 0.351875 0.781875 0.083750 0.083750
0 0.888750 0.652500 0.030000 0.030000
0 0.811875 0.573125 0.036250 0.036250
0 0.673750 0.549375 0.085000 0.103750
0 0.520625 0.476875 0.111250 0.116250
0 0.208750 0.198125 0.075000 0.073750
0 0.886250 0.228125 0.050000 0.048750
0 0.686250 0.680625 0.032500 0.031250
0 0.503750 0.766875 0.087500 0.086250
0 0.400000 0.346875 0.072500 0.036250
0 0.752500 0.856250 0.050000 0.025000
0 0.790000 0.515000 0.095000 0.047500
0 0.647500 0.060000 0.092500 0.092500