0 0.425000 0.361250 0.052500 0.052500
0 0.453125 0.913125 0.088750 0.088750
0 0.207500 0.380000 0.045000 0.042500
0 0.351250 0.525625 0.052500 0.048750
0 0.366875 0.757500 0.111250 0.105000
0 0.761250 0.205625 0.097500 0.091250
0 0.736250 0.733750 0.057500 0.057500
0 0.885000 0.614375 0.057500 0.051250
0 0.777500 0.913750 0.025000 0.025000
0 0.521250 0.417500 0.100000 0.100000
0 0.108750 0.711250 0.095000 0.095000
0 0.600625 0.549375 0.096250 0.096250
0 0.415625 0.240000 0.111250 0.112500
0 0.536875 0.666875 0.038750 0.031250
0 0.192500 0.058750 0.052500 0.042500
0 0.123750 0.223750 0.072500 0.060000
0 0.659375 0.330625 0.068750 0.056250
0 0.775000 0.521875 0.095000 0.083750
0 0.940625 0.781875 0.063750 0.063750
0 0.907500 0.918750 0.110000 0.110000
0 0.282500 0.110000 0.080000 0.080000
0 0.506250 0.063750 0.102500 0.102500
0 0.130625 0.820625 0.026250 0.026250
0 0.921250 0.133750 0.050000 0.040000
0 0.218750 0.474375 0.070000 0.071250
0 0.645000 0.750625 0.100000 0.101250
0 0.068750 0.408750 0.025000 0.025000
0 0.593750 0.946250 0.037500 0.037500
0 0.120000 0.541250 0.065000 0.065000
0 0.829375 0.805625 0.081250 0.081250
0 0.207500 0.201250 0.037500 0.037500
0 0.669375 0.183125 0.041250 0.041250
0 0.174375 0.914375 0.058750 0.058750
0 0.518125 0.795625 0.106250 0.106250
0 0.871250 0.541250 0.075000 0.075000
0 0.382500 0.106250 0.080000 0.075000
0 0.900000 0.365625 0.052500 0.048750
0 0.295625 0.368750 0.106250 0.100000
0 0.413125 0.498125 0.033750 0.026250
0 0.794375 0.302500 0.108750 0.087500
0 0.085625 0.319375 0.071250 0.071250
0 0.367500 0.586250 0.057500 0.057500
0 0.885000 0.058125 0.097500 0.088750
0 0.500625 0.580625 0.068750 0.068750
0 0.656875 0.863750 0.076250 0.072500
0 0.349375 0.872500 0.081250 0.077500
0 0.703750 0.102500 0.090000 0.090000
0 0.241250 0.582500 0.102500 0.102500
0 0.536875 0.181250 0.093750 0.075000
0 0.278125 0.202500 0.066250 0.032500
0 0.041875 0.935625 0.058750 0.071250
0 0.223750 0.811250 0.097500 0.117500
0 0.638750 0.447500 0.060000 0.072500
0 0.133125 0.161875 0.036250 0.033750
0 0.543750 0.313125 0.100000 0.068750
0 0.789375 0.071875 0.031250 0.031250
0 0.457500 0.683750 0.055000 0.055000
0 0.741250 0.395000 0.077500 0.077500
0 0.048125 0.476875 0.031250 0.031250
0 0.056250 0.088750 0.082500 0.082500
0 0.695000 0.582500 0.047500 0.047500
0 0.287500 0.271250 0.065000 0.065000
0 0.037500 0.242500 0.050000 0.050000
0 0.130000 0.443750 0.040000 0.040000
0 0.929375 0.685625 0.031250 0.031250
0 0.660000 0.651250 0.062500 0.052500
0 0.963750 0.061250 0.030000 0.030000
0 0.388125 0.040625 0.028750 0.028750
0 0.798125 0.638750 0.063750 0.052500
0 0.496875 0.501250 0.033750 0.027500
0 0.167500 0.308750 0.050000 0.050000
0 0.945000 0.246875 0.047500 0.043750
0 0.941875 0.549375 0.046250 0.046250
0 0.798125 0.124375 0.043750 0.043750
0 0.058750 0.836250 0.080000 0.092500
0 0.931250 0.839375 0.080000 0.031250