0 0.455625 0.080625 0.063750 0.063750
0 0.440625 0.336875 0.058750 0.058750
0 0.338750 0.282500 0.067500 0.067500
0 0.036875 0.916875 0.048750 0.048750
0 0.349375 0.425625 0.068750 0.068750
0 0.316875 0.561875 0.036250 0.036250
0 0.630000 0.411250 0.092500 0.092500
0 0.241875 0.745625 0.051250 0.051250
0 0.573750 0.867500 0.085000 0.085000
0 0.763125 0.236875 0.076250 0.076250
0 0.891250 0.738750 0.080000 0.080000
0 0.559375 0.628125 0.046250 0.046250
0 0.308750 0.912500 0.080000 0.080000
0 0.804375 0.521875 0.056250 0.056250
0 0.087500 0.446250 0.030000 0.030000
0 0.312500 0.512500 0.042500 0.042500
0 0.866250 0.626250 0.065000 0.065000
0 0.950000 0.625000 0.045000 0.045000
0 0.957500 0.543750 0.037500 0.037500
0 0.653125 0.193125 0.098750 0.098750
0 0.870625 0.194375 0.081250 0.081250
0 0.718125 0.869375 0.071250 0.071250
0 0.160625 0.441875 0.078750 0.078750
0 0.307500 0.781250 0.065000 0.065000
0 0.728750 0.635000 0.105000 0.105000
0 0.068125 0.514375 0.086250 0.086250
0 0.116875 0.299375 0.096250 0.096250
0 0.057500 0.155000 0.070000 0.070000
0 0.468125 0.730625 0.101250 0.101250
0 0.213125 0.365625 0.061250 0.058750
0 0.076875 0.592500 0.026250 0.022500
0 0.682500 0.074375 0.100000 0.093750
0 0.262500 0.161250 0.102500 0.102500
0 0.400000 0.842500 0.040000 0.040000
0 0.168750 0.056250 0.025000 0.025000
0 0.736875 0.365625 0.061250 0.068750
0 0.945625 0.918125 0.076250 0.086250
0 0.432500 0.470000 0.025000 0.027500
0 0.481875 0.583750 0.088750 0.107500
0 0.355000 0.643750 0.067500 0.082500
0 0.918750 0.065000 0.092500 0.092500
0 0.159375 0.860625 0.081250 0.081250
0 0.421875 0.231875 0.053750 0.053750
0 0.053750 0.656875 0.082500 0.063750
0 0.711250 0.763125 0.057500 0.043750
0 0.658750 0.506250 0.035000 0.035000
0 0.666250 0.310625 0.065000 0.063750
0 0.565000 0.306250 0.092500 0.035000
0 0.784375 0.715625 0.031250 0.011250
0 0.901875 0.827500 0.103750 0.040000
0 0.535000 0.366875 0.082500 0.031250