0 0.577500 0.350000 0.105000 0.105000
0 0.247500 0.750000 0.027500 0.027500
0 0.435625 0.214375 0.081250 0.081250
0 0.393750 0.055000 0.072500 0.072500
0 0.093125 0.584375 0.086250 0.086250
0 0.613750 0.450000 0.057500 0.057500
0 0.083750 0.150000 0.060000 0.072500
0 0.705625 0.388125 0.061250 0.061250
0 0.678125 0.658750 0.076250 0.060000
0 0.866250 0.328750 0.107500 0.097500
0 0.646875 0.196875 0.111250 0.111250
0 0.953750 0.178125 0.040000 0.056250
0 0.548125 0.535625 0.078750 0.093750
0 0.536875 0.140625 0.086250 0.081250
0 0.406250 0.671250 0.037500 0.035000
0 0.899375 0.711875 0.103750 0.098750
0 0.368125 0.258125 0.031250 0.028750
0 0.275625 0.264375 0.106250 0.106250
0 0.208125 0.084375 0.041250 0.041250
0 0.947500 0.477500 0.070000 0.070000
0 0.290000 0.945000 0.060000 0.060000
0 0.683125 0.926875 0.061250 0.061250
0 0.675625 0.303125 0.046250 0.046250
0 0.340000 0.388750 0.090000 0.092500
0 0.238125 0.613125 0.068750 0.071250
0 0.333125 0.598125 0.078750 0.081250
0 0.467500 0.576875 0.030000 0.038750
0 0.266250 0.470000 0.065000 0.050000
0 0.385000 0.767500 0.077500 0.060000
0 0.511250 0.751875 0.072500 0.056250
0 0.111875 0.471875 0.048750 0.048750
0 0.195625 0.836875 0.081250 0.073750
0 0.183125 0.312500 0.061250 0.060000
0 0.529375 0.826875 0.041250 0.041250
0 0.321875 0.875625 0.026250 0.026250
0 0.748125 0.758125 0.091250 0.086250
0 0.913125 0.915625 0.033750 0.031250
0 0.651875 0.785000 0.073750 0.070000
0 0.123125 0.713125 0.058750 0.058750
0 0.791250 0.513750 0.082500 0.082500
0 0.500625 0.926875 0.096250 0.083750
0 0.306250 0.120625 0.035000 0.051250
0 0.217500 0.155625 0.072500 0.078750
0 0.437500 0.311250 0.090000 0.097500
0 0.826875 0.191875 0.093750 0.101250
0 0.945000 0.822500 0.067500 0.067500
0 0.054375 0.841875 0.046250 0.046250
0 0.679375 0.543125 0.096250 0.096250
0 0.911250 0.070000 0.085000 0.085000
0 0.258125 0.538125 0.046250 0.046250
0 0.052500 0.702500 0.067500 0.062500
0 0.356875 0.496875 0.098750 0.091250
0 0.075000 0.263750 0.107500 0.100000
0 0.789375 0.633125 0.098750 0.098750
0 0.076250 0.918750 0.082500 0.082500
0 0.550000 0.219375 0.047500 0.038750
0 0.838125 0.416250 0.058750 0.047500
0 0.772500 0.873125 0.092500 0.093750
0 0.026250 0.346250 0.025000 0.025000
0 0.672500 0.071250 0.090000 0.087500
0 0.183750 0.707500 0.042500 0.042500
0 0.304375 0.803750 0.066250 0.085000
0 0.581250 0.707500 0.037500 0.047500
0 0.429375 0.819375 0.026250 0.026250
0 0.108125 0.815625 0.046250 0.056250
0 0.881875 0.613125 0.066250 0.073750
0 0.116250 0.066875 0.057500 0.063750
0 0.476250 0.036250 0.042500 0.047500
0 0.443750 0.501250 0.037500 0.037500
0 0.068125 0.415625 0.028750 0.028750
0 0.751250 0.310625 0.087500 0.046250
0 0.186875 0.943750 0.093750 0.050000
0 0.351875 0.923125 0.046250 0.046250