0 0.491875 0.713125 0.076250 0.073750
0 0.810000 0.429375 0.112500 0.108750
0 0.495625 0.403125 0.111250 0.108750
0 0.862500 0.235000 0.085000 0.082500
0 0.728125 0.626875 0.103750 0.103750
0 0.642500 0.116250 0.072500 0.072500
0 0.301875 0.841875 0.093750 0.093750
0 0.351250 0.310000 0.027500 0.027500
0 0.070625 0.255625 0.096250 0.106250
0 0.112500 0.058750 0.055000 0.055000
0 0.490625 0.867500 0.036250 0.030000
0 0.943750 0.521250 0.082500 0.082500
0 0.468750 0.104375 0.062500 0.066250
0 0.243125 0.471875 0.111250 0.118750
0 0.927500 0.396875 0.062500 0.066250
0 0.701250 0.920000 0.037500 0.037500
0 0.246250 0.576875 0.040000 0.038750
0 0.342500 0.635625 0.042500 0.041250
0 0.440625 0.171875 0.053750 0.048750
0 0.776250 0.320000 0.057500 0.052500
0 0.847500 0.633125 0.067500 0.061250
0 0.338125 0.237500 0.028750 0.035000
0 0.342500 0.155625 0.087500 0.108750
0 0.916250 0.756250 0.082500 0.102500
0 0.512500 0.952500 0.045000 0.045000
0 0.601250 0.661250 0.077500 0.077500
0 0.828125 0.779375 0.061250 0.061250
0 0.422500 0.567500 0.095000 0.075000
0 0.105000 0.149375 0.042500 0.061250
0 0.623750 0.487500 0.110000 0.110000
0 0.390000 0.247500 0.030000 0.030000
0 0.146875 0.900625 0.111250 0.111250
0 0.476250 0.276250 0.105000 0.105000
0 0.219375 0.703125 0.101250 0.101250
0 0.610000 0.356875 0.060000 0.063750
0 0.198750 0.188750 0.112500 0.120000
0 0.754375 0.096875 0.106250 0.113750
0 0.611875 0.910000 0.091250 0.052500
0 0.780625 0.953125 0.041250 0.023750
0 0.882500 0.892500 0.102500 0.112500
0 0.038125 0.031875 0.026250 0.028750
0 0.713125 0.198125 0.033750 0.033750
0 0.590625 0.215625 0.081250 0.081250
0 0.674375 0.831875 0.051250 0.046250
0 0.186875 0.310625 0.053750 0.053750
0 0.923750 0.091250 0.110000 0.110000
0 0.258750 0.330000 0.057500 0.057500
0 0.366250 0.481250 0.077500 0.077500
0 0.083750 0.375000 0.090000 0.090000
0 0.446875 0.780625 0.028750 0.028750
0 0.061250 0.702500 0.077500 0.077500
0 0.121875 0.484375 0.093750 0.093750
0 0.747500 0.883750 0.025000 0.025000
0 0.459375 0.631875 0.031250 0.031250
0 0.206875 0.811875 0.046250 0.046250
0 0.273125 0.076875 0.031250 0.031250
0 0.163750 0.076250 0.032500 0.032500
0 0.132500 0.590000 0.055000 0.052500
0 0.958125 0.672500 0.033750 0.032500
0 0.940000 0.600000 0.062500 0.060000
0 0.368750 0.071875 0.035000 0.033750
0 0.355000 0.753750 0.065000 0.065000
0 0.114375 0.790625 0.036250 0.036250
0 0.043750 0.606250 0.030000 0.030000
0 0.854375 0.560625 0.068750 0.068750
0 0.043125 0.905625 0.058750 0.058750
0 0.590625 0.819375 0.091250 0.081250
0 0.724375 0.728750 0.083750 0.075000
0 0.831250 0.143125 0.030000 0.026250
0 0.553750 0.054375 0.077500 0.068750
0 0.418125 0.946875 0.056250 0.056250
0 0.425625 0.864375 0.068750 0.068750
0 0.718125 0.413750 0.043750 0.052500
0 0.937500 0.237500 0.042500 0.042500
0 0.663125 0.273750 0.043750 0.032500
0 0.051875 0.789375 0.043750 0.041250
0 0.526875 0.609375 0.038750 0.038750
0 0.719375 0.259375 0.051250 0.051250