0 0.110000 0.140625 0.092500 0.081250
0 0.210000 0.731875 0.082500 0.031250
0 0.175625 0.846875 0.031250 0.011250
0 0.559375 0.204375 0.046250 0.046250
0 0.713750 0.421250 0.030000 0.030000
0 0.090000 0.047500 0.050000 0.050000
0 0.811250 0.320000 0.030000 0.030000
0 0.109375 0.815625 0.031250 0.031250
0 0.158125 0.775625 0.031250 0.031250
0 0.931875 0.450625 0.046250 0.046250
0 0.310000 0.342500 0.065000 0.062500
0 0.733125 0.898750 0.103750 0.135000
0 0.301875 0.531875 0.101250 0.101250
0 0.054375 0.514375 0.081250 0.058750
0 0.428750 0.890000 0.090000 0.065000
0 0.379375 0.068125 0.051250 0.051250
0 0.351250 0.143750 0.072500 0.072500
0 0.133750 0.400000 0.072500 0.072500
0 0.083750 0.618125 0.095000 0.103750
0 0.816875 0.161875 0.028750 0.028750
0 0.883125 0.319375 0.071250 0.071250
0 0.931250 0.592500 0.030000 0.030000
0 0.721250 0.530000 0.070000 0.070000
0 0.565625 0.847500 0.026250 0.027500
0 0.481875 0.119375 0.093750 0.093750
0 0.896875 0.534375 0.058750 0.058750
0 0.958125 0.861875 0.046250 0.046250
0 0.819375 0.713750 0.111250 0.120000
0 0.532500 0.728750 0.102500 0.065000
0 0.673125 0.209375 0.071250 0.066250
0 0.857500 0.604375 0.045000 0.053750
0 0.055000 0.886875 0.075000 0.076250
0 0.929375 0.113750 0.103750 0.077500
0 0.633125 0.385625 0.051250 0.051250
0 0.285625 0.419375 0.061250 0.061250
0 0.318750 0.895000 0.075000 0.075000
0 0.378750 0.813750 0.055000 0.055000
0 0.420000 0.447500 0.052500 0.052500
0 0.540000 0.297500 0.107500 0.107500
0 0.060000 0.733750 0.067500 0.067500
0 0.274375 0.721875 0.026250 0.026250
0 0.295000 0.787500 0.045000 0.045000
0 0.895625 0.823125 0.038750 0.038750
0 0.913750 0.745000 0.027500 0.027500
0 0.929375 0.686875 0.036250 0.036250
0 0.815000 0.442500 0.102500 0.085000
0 0.619375 0.711875 0.036250 0.036250
0 0.711250 0.353750 0.050000 0.040000
0 0.930000 0.207500 0.095000 0.075000
0 0.525625 0.600625 0.053750 0.053750
0 0.787500 0.240000 0.075000 0.055000
0 0.643125 0.471875 0.063750 0.046250
0 0.694375 0.746875 0.078750 0.078750
0 0.940625 0.030000 0.031250 0.032500
0 0.625625 0.634375 0.073750 0.078750
0 0.596250 0.150625 0.032500 0.033750
0 0.500625 0.660625 0.038750 0.041250
0 0.528750 0.407500 0.080000 0.080000
0 0.474375 0.510000 0.056250 0.055000
0 0.550625 0.893750 0.046250 0.045000
0 0.580000 0.071875 0.072500 0.071250
0 0.373125 0.698125 0.063750 0.063750
0 0.173750 0.048750 0.072500 0.072500
0 0.215000 0.327500 0.067500 0.067500
0 0.211875 0.169375 0.063750 0.063750
0 0.155625 0.914375 0.088750 0.088750
0 0.061875 0.278125 0.086250 0.086250
0 0.445625 0.668125 0.053750 0.053750
0 0.369375 0.240625 0.078750 0.078750
0 0.671875 0.060625 0.078750 0.076250
0 0.147500 0.507500 0.087500 0.087500
0 0.194375 0.615000 0.088750 0.092500
0 0.343750 0.419375 0.040000 0.051250
0 0.045000 0.365625 0.057500 0.073750
0 0.240000 0.811250 0.042500 0.042500
0 0.955000 0.307500 0.057500 0.057500
0 0.833125 0.871875 0.048750 0.048750