0 0.943750 0.829375 0.065000 0.066250
0 0.048750 0.161250 0.042500 0.042500
0 0.826875 0.059375 0.053750 0.053750
0 0.588125 0.266875 0.098750 0.098750
0 0.407500 0.552500 0.060000 0.060000
0 0.258750 0.641250 0.090000 0.090000
0 0.701875 0.876875 0.038750 0.038750
0 0.457500 0.721250 0.112500 0.067500
0 0.203750 0.133750 0.062500 0.062500
0 0.149375 0.830625 0.083750 0.061250
0 0.652500 0.124375 0.067500 0.048750
0 0.520000 0.100625 0.040000 0.028750
0 0.933750 0.956250 0.042500 0.030000
0 0.577500 0.751250 0.100000 0.100000
0 0.784375 0.611875 0.028750 0.028750
0 0.640000 0.931250 0.067500 0.067500
0 0.374375 0.373125 0.046250 0.046250
0 0.460000 0.648750 0.037500 0.037500
0 0.128750 0.331250 0.057500 0.057500
0 0.681875 0.660625 0.088750 0.088750
0 0.761250 0.296875 0.065000 0.123750
0 0.425625 0.089375 0.088750 0.088750
0 0.488125 0.870625 0.033750 0.033750
0 0.412500 0.903750 0.097500 0.097500
0 0.860625 0.611875 0.061250 0.061250
0 0.281250 0.382500 0.040000 0.040000
0 0.160000 0.897500 0.047500 0.047500
0 0.856250 0.145000 0.037500 0.037500
0 0.766875 0.508125 0.088750 0.088750
0 0.255000 0.878750 0.107500 0.107500
0 0.226250 0.350000 0.050000 0.050000
0 0.596875 0.578125 0.053750 0.053750
0 0.292500 0.210000 0.050000 0.040000
0 0.477500 0.521250 0.062500 0.062500
0 0.156250 0.227500 0.092500 0.092500
0 0.130625 0.446875 0.078750 0.078750
0 0.930625 0.084375 0.066250 0.051250
0 0.886875 0.495625 0.063750 0.056250
0 0.082500 0.603750 0.107500 0.095000
0 0.297500 0.073750 0.067500 0.060000
0 0.470625 0.382500 0.033750 0.030000
0 0.798125 0.774375 0.106250 0.106250
0 0.323750 0.278750 0.070000 0.070000
0 0.471875 0.300625 0.086250 0.086250
0 0.181250 0.762500 0.052500 0.052500
0 0.238125 0.476875 0.036250 0.036250
0 0.395000 0.171250 0.060000 0.060000
0 0.742500 0.952500 0.027500 0.032500
0 0.033750 0.250000 0.035000 0.042500
0 0.861250 0.352500 0.105000 0.127500
0 0.308125 0.466875 0.061250 0.078750
0 0.960000 0.515625 0.050000 0.063750
0 0.931875 0.194375 0.088750 0.113750
0 0.565625 0.435000 0.083750 0.107500
0 0.245625 0.745625 0.056250 0.056250
0 0.918125 0.705625 0.091250 0.091250
0 0.603125 0.038125 0.048750 0.048750
0 0.846250 0.888750 0.082500 0.082500