0 0.258750 0.831875 0.107500 0.116250
0 0.595000 0.290625 0.037500 0.021250
0 0.291250 0.060000 0.097500 0.055000
0 0.070625 0.596875 0.078750 0.043750
0 0.232500 0.395000 0.080000 0.080000
0 0.566250 0.828750 0.097500 0.097500
0 0.844375 0.218125 0.083750 0.083750
0 0.306875 0.295625 0.073750 0.073750
0 0.800000 0.458125 0.027500 0.026250
0 0.836250 0.684375 0.035000 0.033750
0 0.683750 0.941250 0.062500 0.065000
0 0.140000 0.717500 0.075000 0.077500
0 0.815625 0.888125 0.026250 0.026250
0 0.791875 0.556875 0.083750 0.083750
0 0.520625 0.054375 0.071250 0.071250
0 0.698750 0.091875 0.092500 0.103750
0 0.393750 0.616875 0.095000 0.108750
0 0.051250 0.878750 0.065000 0.065000
0 0.275000 0.155000 0.105000 0.105000
0 0.572500 0.686250 0.035000 0.035000
0 0.801250 0.797500 0.047500 0.047500
0 0.265625 0.653125 0.036250 0.036250
0 0.148750 0.906250 0.095000 0.095000
0 0.218125 0.568125 0.036250 0.036250
0 0.115625 0.794375 0.041250 0.041250
0 0.520000 0.927500 0.072500 0.072500
0 0.935000 0.553750 0.095000 0.095000
0 0.123750 0.355000 0.087500 0.087500
0 0.659375 0.606875 0.076250 0.076250
0 0.481250 0.510000 0.090000 0.090000
0 0.047500 0.173750 0.065000 0.077500
0 0.711250 0.818750 0.110000 0.110000
0 0.505000 0.374375 0.035000 0.033750
0 0.407500 0.233125 0.070000 0.068750
0 0.918125 0.741250 0.096250 0.095000
0 0.851875 0.341250 0.111250 0.110000
0 0.809375 0.074375 0.103750 0.103750
0 0.501875 0.235000 0.081250 0.082500
0 0.136250 0.070000 0.027500 0.027500
0 0.723750 0.279375 0.097500 0.098750
0 0.589375 0.583125 0.031250 0.031250
0 0.960625 0.369375 0.038750 0.043750
0 0.101875 0.468125 0.083750 0.083750
0 0.428125 0.864375 0.071250 0.056250
0 0.779375 0.698750 0.043750 0.050000
0 0.287500 0.569375 0.080000 0.091250
0 0.747500 0.935000 0.037500 0.042500
0 0.493750 0.671250 0.090000 0.102500
0 0.959375 0.430625 0.046250 0.056250
0 0.913125 0.115000 0.088750 0.107500
0 0.041250 0.340000 0.050000 0.060000
0 0.721250 0.440000 0.057500 0.057500
0 0.936250 0.648750 0.065000 0.065000
0 0.589375 0.370625 0.056250 0.056250
0 0.611250 0.231250 0.037500 0.037500
0 0.198125 0.493125 0.078750 0.078750
0 0.380625 0.101875 0.043750 0.043750
0 0.372500 0.747500 0.065000 0.065000
0 0.411250 0.411250 0.105000 0.085000
0 0.223125 0.285000 0.041250 0.040000
0 0.067500 0.058125 0.090000 0.071250
0 0.596875 0.513125 0.033750 0.026250
0 0.949375 0.865000 0.033750 0.042500
0 0.192500 0.193750 0.045000 0.057500
0 0.235625 0.728125 0.076250 0.076250
0 0.597500 0.075000 0.057500 0.047500
0 0.366250 0.505000 0.055000 0.045000
0 0.876250 0.442500 0.050000 0.050000
0 0.483125 0.131250 0.056250 0.057500
0 0.583750 0.932500 0.025000 0.025000
0 0.951875 0.946875 0.026250 0.026250
0 0.116875 0.281250 0.028750 0.032500
0 0.638750 0.701250 0.060000 0.067500
0 0.892500 0.832500 0.047500 0.047500
0 0.460625 0.775625 0.026250 0.026250
0 0.441875 0.926875 0.058750 0.053750
0 0.424375 0.690625 0.026250 0.023750
0 0.328750 0.923750 0.057500 0.052500
0 0.208125 0.634375 0.058750 0.056250
0 0.865625 0.910625 0.051250 0.051250
0 0.720000 0.592500 0.025000 0.025000
0 0.958750 0.238750 0.055000 0.057500
0 0.184375 0.073750 0.038750 0.037500
0 0.238125 0.928750 0.031250 0.030000
0 0.590625 0.436250 0.033750 0.032500
0 0.496250 0.779375 0.027500 0.016250
0 0.555625 0.480000 0.041250 0.025000
0 0.565625 0.731875 0.038750 0.038750
0 0.283750 0.480000 0.067500 0.067500
0 0.123750 0.135625 0.042500 0.041250
0 0.562500 0.644375 0.027500 0.026250
0 0.488125 0.421250 0.033750 0.032500