0 0.696875 0.194375 0.046250 0.046250
0 0.853750 0.151250 0.102500 0.102500
0 0.079375 0.405625 0.028750 0.028750
0 0.875000 0.561250 0.040000 0.040000
0 0.748750 0.886250 0.037500 0.037500
0 0.438125 0.783750 0.073750 0.075000
0 0.341250 0.698125 0.047500 0.038750
0 0.539375 0.382500 0.073750 0.060000
0 0.928125 0.443750 0.088750 0.072500
0 0.465625 0.296250 0.103750 0.085000
0 0.403125 0.577500 0.098750 0.080000
0 0.258750 0.256875 0.055000 0.078750
0 0.426875 0.140625 0.078750 0.078750
0 0.313125 0.148125 0.078750 0.078750
0 0.828125 0.281875 0.066250 0.066250
0 0.627500 0.936250 0.052500 0.052500
0 0.252500 0.860000 0.060000 0.060000
0 0.347500 0.841250 0.082500 0.082500
0 0.182500 0.788125 0.085000 0.068750
0 0.725625 0.096875 0.061250 0.048750
0 0.699375 0.343125 0.031250 0.031250
0 0.658750 0.541250 0.095000 0.095000
0 0.943750 0.360000 0.037500 0.037500
0 0.881875 0.818125 0.061250 0.061250
0 0.575000 0.158750 0.070000 0.092500
0 0.252500 0.403750 0.070000 0.092500
0 0.810000 0.728125 0.037500 0.048750
0 0.273750 0.515625 0.035000 0.046250
0 0.793125 0.784375 0.041250 0.041250
0 0.760625 0.448125 0.073750 0.073750
0 0.071875 0.293125 0.051250 0.051250
0 0.056875 0.628125 0.088750 0.088750
0 0.316250 0.438750 0.037500 0.037500
0 0.725000 0.289375 0.027500 0.026250
0 0.101250 0.508750 0.070000 0.070000
0 0.596875 0.823125 0.101250 0.108750
0 0.155000 0.897500 0.100000 0.107500
0 0.718125 0.652500 0.083750 0.090000
0 0.211250 0.120625 0.055000 0.058750
0 0.093750 0.761250 0.062500 0.062500
0 0.167500 0.260000 0.060000 0.060000
0 0.600000 0.283750 0.110000 0.110000
0 0.498750 0.910625 0.030000 0.026250
0 0.536875 0.485625 0.038750 0.038750
0 0.924375 0.910625 0.106250 0.106250
0 0.225625 0.701875 0.058750 0.058750
0 0.334375 0.237500 0.051250 0.047500
0 0.708750 0.797500 0.107500 0.122500
0 0.878750 0.640000 0.085000 0.097500
0 0.186250 0.406250 0.035000 0.040000
0 0.588750 0.693750 0.102500 0.117500
0 0.409375 0.421875 0.108750 0.128750
0 0.096875 0.160000 0.088750 0.105000
0 0.431250 0.672500 0.080000 0.080000
0 0.365625 0.755625 0.033750 0.033750
0 0.220625 0.619375 0.091250 0.091250
0 0.112500 0.060000 0.080000 0.080000
0 0.955000 0.061250 0.060000 0.060000
0 0.883125 0.506875 0.036250 0.036250
0 0.404375 0.044375 0.056250 0.056250
0 0.878750 0.353750 0.052500 0.052500
0 0.774375 0.536250 0.081250 0.082500
0 0.563125 0.928750 0.028750 0.020000
0 0.361875 0.936250 0.108750 0.077500
0 0.638125 0.410625 0.076250 0.076250
0 0.943750 0.292500 0.040000 0.040000