0 0.592500 0.745000 0.030000 0.030000
0 0.887500 0.908750 0.105000 0.105000
0 0.110000 0.465000 0.057500 0.057500
0 0.925625 0.390625 0.058750 0.058750
0 0.471875 0.231875 0.106250 0.106250
0 0.903125 0.328125 0.033750 0.033750
0 0.810625 0.620625 0.038750 0.038750
0 0.265625 0.779375 0.111250 0.111250
0 0.220625 0.069375 0.051250 0.051250
0 0.930000 0.518125 0.102500 0.106250
0 0.151875 0.841250 0.038750 0.040000
0 0.868125 0.703125 0.073750 0.076250
0 0.389375 0.646250 0.028750 0.030000
0 0.380000 0.915000 0.110000 0.110000
0 0.160625 0.200625 0.076250 0.076250
0 0.603125 0.444375 0.043750 0.043750
0 0.780000 0.485000 0.105000 0.085000
0 0.190625 0.493125 0.068750 0.068750
0 0.078750 0.615000 0.042500 0.042500
0 0.688750 0.643750 0.072500 0.070000
0 0.330625 0.365625 0.076250 0.073750
0 0.693750 0.881875 0.027500 0.026250
0 0.396250 0.092500 0.030000 0.030000
0 0.590625 0.568125 0.063750 0.063750
0 0.511250 0.871250 0.035000 0.035000
0 0.782500 0.878750 0.085000 0.085000
0 0.132500 0.733750 0.112500 0.112500
0 0.503750 0.137500 0.060000 0.060000
0 0.846875 0.261875 0.068750 0.068750
0 0.556875 0.364375 0.053750 0.053750
0 0.626250 0.843750 0.085000 0.085000
0 0.416250 0.732500 0.105000 0.105000
0 0.443750 0.497500 0.050000 0.050000
0 0.138750 0.361250 0.085000 0.085000
0 0.700000 0.180625 0.062500 0.103750
0 0.683750 0.467500 0.067500 0.112500
0 0.438750 0.338750 0.075000 0.075000
0 0.840000 0.163750 0.110000 0.110000
0 0.193750 0.601875 0.105000 0.091250
0 0.065625 0.271250 0.078750 0.067500
0 0.707500 0.570625 0.062500 0.053750
0 0.320625 0.544375 0.103750 0.103750
0 0.090000 0.905625 0.065000 0.051250
0 0.046875 0.485625 0.036250 0.028750
0 0.468750 0.832500 0.025000 0.020000
0 0.658750 0.307500 0.062500 0.062500
0 0.268125 0.261875 0.101250 0.101250
0 0.609375 0.083125 0.081250 0.081250
0 0.131875 0.046875 0.056250 0.056250
0 0.514375 0.510625 0.063750 0.046250
0 0.964375 0.140000 0.038750 0.027500
0 0.353125 0.154375 0.108750 0.078750
0 0.672500 0.726250 0.067500 0.067500
0 0.641875 0.940625 0.068750 0.068750
0 0.033125 0.384375 0.038750 0.038750
0 0.728125 0.051875 0.051250 0.051250
0 0.256875 0.900625 0.098750 0.098750
0 0.048750 0.555000 0.040000 0.040000
0 0.815625 0.366875 0.108750 0.108750
0 0.068750 0.079375 0.032500 0.016250
0 0.146875 0.273750 0.066250 0.032500
0 0.871875 0.788750 0.106250 0.075000
0 0.415625 0.580000 0.056250 0.040000
0 0.939375 0.068750 0.081250 0.057500
0 0.586250 0.693125 0.065000 0.046250
0 0.571875 0.251875 0.073750 0.073750
0 0.311250 0.655625 0.075000 0.078750
0 0.763750 0.728750 0.082500 0.082500
0 0.264375 0.128125 0.028750 0.028750
0 0.486250 0.921250 0.035000 0.035000
0 0.058750 0.165000 0.050000 0.060000
0 0.751875 0.656250 0.033750 0.032500
0 0.167500 0.921250 0.062500 0.060000
0 0.595625 0.160625 0.038750 0.038750
0 0.230000 0.700625 0.032500 0.031250
0 0.566875 0.930625 0.061250 0.061250
0 0.528125 0.807500 0.073750 0.070000
0 0.211875 0.373750 0.031250 0.037500
0 0.550000 0.438750 0.025000 0.025000