0 0.129375 0.387500 0.038750 0.047500
0 0.365000 0.900625 0.055000 0.068750
0 0.281875 0.294375 0.061250 0.058750
0 0.751875 0.673125 0.108750 0.108750
0 0.309375 0.690625 0.071250 0.071250
0 0.898750 0.843125 0.042500 0.046250
0 0.386875 0.187500 0.046250 0.050000
0 0.530625 0.538750 0.108750 0.105000
0 0.851875 0.480625 0.066250 0.063750
0 0.544375 0.184375 0.036250 0.036250
0 0.118750 0.123750 0.107500 0.107500
0 0.868125 0.070625 0.088750 0.088750
0 0.231875 0.779375 0.086250 0.086250
0 0.534375 0.336875 0.083750 0.073750
0 0.828125 0.234375 0.083750 0.073750
0 0.214375 0.581250 0.093750 0.082500
0 0.693750 0.917500 0.057500 0.057500
0 0.205625 0.078125 0.038750 0.038750
0 0.698750 0.346250 0.092500 0.092500
0 0.598125 0.054375 0.063750 0.063750
0 0.050625 0.261875 0.036250 0.036250
0 0.635000 0.745000 0.052500 0.052500
0 0.890000 0.766875 0.077500 0.076250
0 0.370000 0.053125 0.032500 0.031250
0 0.945000 0.225625 0.085000 0.083750
0 0.204375 0.877500 0.076250 0.062500
0 0.728125 0.149375 0.061250 0.061250
0 0.073125 0.771875 0.061250 0.061250
0 0.780000 0.823750 0.052500 0.052500
0 0.415000 0.613750 0.097500 0.097500
0 0.142500 0.277500 0.060000 0.060000
0 0.460000 0.843750 0.100000 0.100000
0 0.742500 0.452500 0.095000 0.095000
0 0.511250 0.070000 0.062500 0.062500
0 0.277500 0.135000 0.085000 0.085000
0 0.616875 0.385625 0.028750 0.036250
0 0.873750 0.921875 0.057500 0.073750
0 0.913125 0.358125 0.106250 0.118750
0 0.404375 0.340625 0.078750 0.078750
0 0.491250 0.711250 0.077500 0.077500
0 0.825625 0.392500 0.033750 0.030000
0 0.089375 0.514375 0.111250 0.111250
0 0.252500 0.387500 0.097500 0.097500
0 0.674375 0.578125 0.053750 0.053750
0 0.651250 0.246250 0.090000 0.090000
0 0.303125 0.486875 0.076250 0.076250
0 0.932500 0.597500 0.075000 0.075000
0 0.444375 0.467500 0.036250 0.035000
0 0.580625 0.904375 0.106250 0.103750
0 0.385000 0.095625 0.027500 0.026250
0 0.488750 0.236875 0.057500 0.041250
0 0.706875 0.763125 0.036250 0.026250
0 0.131250 0.686875 0.092500 0.091250
0 0.823750 0.547500 0.042500 0.042500
0 0.136875 0.946875 0.043750 0.043750
0 0.583750 0.640000 0.085000 0.082500
0 0.713750 0.069375 0.107500 0.041250
0 0.075000 0.865625 0.092500 0.091250
0 0.385000 0.741250 0.052500 0.052500
0 0.790625 0.918125 0.033750 0.033750
0 0.474375 0.170625 0.068750 0.068750
0 0.960000 0.682500 0.040000 0.040000
0 0.058125 0.362500 0.088750 0.090000
0 0.941875 0.463125 0.051250 0.051250
0 0.700000 0.837500 0.062500 0.057500
0 0.207500 0.495000 0.057500 0.057500
0 0.381875 0.495625 0.063750 0.063750
0 0.315625 0.574375 0.036250 0.036250