0 0.633750 0.898750 0.077500 0.077500
0 0.802500 0.198750 0.050000 0.050000
0 0.444375 0.175625 0.073750 0.073750
0 0.145000 0.427500 0.105000 0.105000
0 0.537500 0.415000 0.035000 0.035000
0 0.661875 0.526875 0.043750 0.041250
0 0.446875 0.650625 0.036250 0.033750
0 0.409375 0.894375 0.031250 0.028750
0 0.543750 0.162500 0.102500 0.097500
0 0.468125 0.289375 0.111250 0.126250
0 0.760625 0.828125 0.058750 0.066250
0 0.911875 0.323125 0.088750 0.101250
0 0.672500 0.055625 0.065000 0.073750
0 0.465000 0.705000 0.027500 0.027500
0 0.550625 0.527500 0.096250 0.097500
0 0.864375 0.537500 0.061250 0.062500
0 0.426875 0.480625 0.088750 0.088750
0 0.528125 0.809375 0.076250 0.076250
0 0.130625 0.750625 0.081250 0.081250
0 0.564375 0.360625 0.056250 0.056250
0 0.375000 0.738750 0.087500 0.087500
0 0.333750 0.103750 0.035000 0.035000
0 0.676875 0.445625 0.031250 0.031250
0 0.263750 0.561250 0.052500 0.052500
0 0.675000 0.611250 0.110000 0.110000
0 0.850000 0.463750 0.037500 0.035000
0 0.182500 0.647500 0.112500 0.105000
0 0.288750 0.450625 0.095000 0.088750
0 0.713125 0.265625 0.108750 0.101250
0 0.048750 0.836250 0.045000 0.050000
0 0.183125 0.279375 0.026250 0.028750
0 0.224375 0.911875 0.106250 0.118750
0 0.941875 0.763125 0.066250 0.066250
0 0.383125 0.616875 0.041250 0.041250
0 0.706875 0.516875 0.028750 0.028750
0 0.127500 0.525000 0.075000 0.075000
0 0.311250 0.276875 0.072500 0.056250
0 0.631875 0.761875 0.108750 0.108750
0 0.531875 0.915625 0.096250 0.108750
0 0.793750 0.610000 0.057500 0.057500
0 0.918750 0.630000 0.035000 0.035000
0 0.365625 0.664375 0.026250 0.026250
0 0.848125 0.861250 0.088750 0.082500
0 0.088125 0.926250 0.041250 0.037500
0 0.186250 0.065000 0.102500 0.095000
0 0.343125 0.188125 0.086250 0.086250
0 0.796250 0.096250 0.070000 0.070000
0 0.099375 0.169375 0.068750 0.068750
0 0.785000 0.707500 0.092500 0.092500
0 0.298125 0.688125 0.046250 0.046250
0 0.755625 0.369375 0.061250 0.061250
0 0.921875 0.088125 0.078750 0.078750
0 0.338125 0.843125 0.063750 0.063750
0 0.063125 0.248125 0.048750 0.048750
0 0.191875 0.340000 0.058750 0.050000
0 0.229375 0.196875 0.108750 0.088750
0 0.056875 0.690000 0.028750 0.022500
0 0.573750 0.049375 0.087500 0.071250
0 0.768750 0.496250 0.080000 0.080000
0 0.918125 0.451875 0.081250 0.081250
0 0.120000 0.236250 0.047500 0.047500
0 0.937500 0.213750 0.072500 0.087500
0 0.042500 0.072500 0.055000 0.055000
0 0.837500 0.408750 0.045000 0.045000
0 0.734375 0.079375 0.038750 0.038750
0 0.746875 0.933125 0.083750 0.083750
0 0.601250 0.268125 0.072500 0.063750