0 0.593750 0.597500 0.090000 0.090000
0 0.651875 0.820625 0.098750 0.098750
0 0.930000 0.395000 0.085000 0.085000
0 0.328750 0.205000 0.042500 0.042500
0 0.492500 0.220000 0.072500 0.070000
0 0.197500 0.501875 0.052500 0.051250
0 0.305000 0.136250 0.080000 0.077500
0 0.719375 0.530625 0.086250 0.083750
0 0.916875 0.810625 0.058750 0.056250
0 0.073125 0.936875 0.078750 0.076250
0 0.363125 0.855000 0.033750 0.032500
0 0.095625 0.186875 0.063750 0.061250
0 0.420000 0.477500 0.047500 0.047500
0 0.204375 0.650625 0.056250 0.056250
0 0.340000 0.338750 0.070000 0.070000
0 0.785000 0.768750 0.092500 0.092500
0 0.499375 0.938125 0.093750 0.073750
0 0.785625 0.604375 0.031250 0.023750
0 0.323750 0.766875 0.060000 0.061250
0 0.112500 0.756250 0.112500 0.112500
0 0.883750 0.190625 0.027500 0.021250
0 0.940000 0.202500 0.065000 0.050000
0 0.535625 0.706875 0.106250 0.081250
0 0.206875 0.054375 0.063750 0.063750
0 0.689375 0.710625 0.051250 0.051250
0 0.121875 0.299375 0.041250 0.041250
0 0.451250 0.819375 0.105000 0.106250
0 0.262500 0.671250 0.040000 0.040000
0 0.810000 0.557500 0.027500 0.027500
0 0.115625 0.580000 0.051250 0.052500
0 0.839375 0.412500 0.048750 0.050000
0 0.438750 0.069375 0.102500 0.106250
0 0.193125 0.164375 0.093750 0.093750
0 0.601250 0.303750 0.067500 0.062500
0 0.388750 0.591250 0.077500 0.072500
0 0.610625 0.178125 0.108750 0.108750
0 0.287500 0.905000 0.087500 0.087500
0 0.143750 0.851250 0.055000 0.055000
0 0.758750 0.107500 0.092500 0.092500
0 0.732500 0.435000 0.040000 0.040000
0 0.081250 0.447500 0.100000 0.110000
0 0.903750 0.631250 0.100000 0.110000
0 0.385000 0.917500 0.032500 0.035000
0 0.556875 0.417500 0.063750 0.070000
0 0.320625 0.448125 0.098750 0.098750
0 0.751875 0.200625 0.026250 0.026250
0 0.663125 0.423125 0.083750 0.083750
0 0.896875 0.936875 0.063750 0.063750
0 0.395625 0.213125 0.076250 0.076250
0 0.724375 0.283125 0.088750 0.088750
0 0.823125 0.248125 0.061250 0.061250
0 0.880000 0.506250 0.090000 0.090000
0 0.789375 0.456875 0.028750 0.028750
0 0.243750 0.759375 0.070000 0.071250
0 0.196875 0.431250 0.063750 0.065000
0 0.491250 0.615625 0.077500 0.078750
0 0.610625 0.073750 0.068750 0.050000