0 0.476875 0.497500 0.073750 0.107500
0 0.390000 0.767500 0.080000 0.070000
0 0.206250 0.365000 0.045000 0.045000
0 0.046875 0.158125 0.056250 0.086250
0 0.545625 0.156875 0.076250 0.073750
0 0.272500 0.853750 0.075000 0.075000
0 0.585625 0.909375 0.071250 0.071250
0 0.178125 0.198125 0.093750 0.093750
0 0.828125 0.370625 0.046250 0.046250
0 0.765000 0.446250 0.085000 0.085000
0 0.760625 0.714375 0.096250 0.096250
0 0.363125 0.518750 0.106250 0.110000
0 0.260000 0.658750 0.045000 0.045000
0 0.269375 0.294375 0.043750 0.043750
0 0.781250 0.192500 0.075000 0.075000
0 0.173125 0.824375 0.063750 0.063750
0 0.637500 0.180000 0.052500 0.052500
0 0.695625 0.330000 0.081250 0.087500
0 0.416250 0.667500 0.087500 0.087500
0 0.523750 0.625000 0.097500 0.097500
0 0.601250 0.748750 0.075000 0.075000
0 0.890000 0.147500 0.067500 0.067500
0 0.166875 0.590625 0.108750 0.108750
0 0.612500 0.310625 0.032500 0.028750
0 0.839375 0.901250 0.101250 0.100000
0 0.046250 0.301250 0.065000 0.067500
0 0.091250 0.773750 0.060000 0.052500
0 0.302500 0.112500 0.065000 0.057500
0 0.805000 0.086250 0.077500 0.077500
0 0.493750 0.342500 0.062500 0.062500
0 0.443125 0.084375 0.041250 0.041250
0 0.445625 0.031875 0.038750 0.038750
0 0.061250 0.835000 0.040000 0.040000
0 0.645000 0.582500 0.057500 0.057500
0 0.623125 0.458125 0.101250 0.101250
0 0.761250 0.567500 0.065000 0.065000
0 0.466250 0.928125 0.087500 0.091250
0 0.935000 0.299375 0.052500 0.053750
0 0.276875 0.758125 0.068750 0.071250
0 0.907500 0.714375 0.092500 0.126250
0 0.908750 0.382500 0.100000 0.090000
0 0.072500 0.913750 0.052500 0.052500
0 0.048750 0.433750 0.065000 0.065000
0 0.392500 0.308750 0.112500 0.112500
0 0.898125 0.556250 0.093750 0.100000