0 0.183750 0.703750 0.047500 0.047500
0 0.648125 0.164375 0.108750 0.108750
0 0.485625 0.104375 0.068750 0.068750
0 0.676875 0.439375 0.056250 0.056250
0 0.890000 0.362500 0.035000 0.032500
0 0.500625 0.489375 0.033750 0.051250
0 0.393750 0.858750 0.060000 0.060000
0 0.440625 0.425625 0.056250 0.056250
0 0.907500 0.882500 0.105000 0.105000
0 0.307500 0.302500 0.102500 0.102500
0 0.243750 0.206875 0.082500 0.056250
0 0.490625 0.722500 0.036250 0.025000
0 0.895625 0.484375 0.058750 0.046250
0 0.726875 0.292500 0.043750 0.035000
0 0.460625 0.266250 0.066250 0.052500
0 0.065000 0.743125 0.035000 0.031250
0 0.640000 0.661250 0.107500 0.107500
0 0.244375 0.561875 0.098750 0.098750
0 0.875000 0.311250 0.042500 0.042500
0 0.319375 0.818125 0.061250 0.056250
0 0.804375 0.531875 0.101250 0.101250
0 0.753750 0.713750 0.087500 0.087500
0 0.838750 0.082500 0.107500 0.107500
0 0.387500 0.080000 0.060000 0.060000
0 0.426250 0.678750 0.070000 0.070000
0 0.152500 0.933750 0.025000 0.025000
0 0.042500 0.377500 0.040000 0.040000
0 0.802500 0.406875 0.085000 0.086250
0 0.593125 0.958125 0.031250 0.031250
0 0.128750 0.450625 0.065000 0.066250
0 0.334375 0.744375 0.026250 0.026250
0 0.714375 0.550625 0.048750 0.048750
0 0.380000 0.575000 0.092500 0.092500
0 0.045625 0.899375 0.053750 0.053750
0 0.159375 0.829375 0.106250 0.106250
0 0.090000 0.673750 0.042500 0.042500
0 0.291875 0.083125 0.106250 0.106250
0 0.095625 0.189375 0.096250 0.096250
0 0.164375 0.076875 0.031250 0.031250
0 0.380625 0.185625 0.066250 0.066250
0 0.613750 0.399375 0.042500 0.043750
0 0.295000 0.421250 0.102500 0.102500
0 0.289375 0.918125 0.076250 0.076250
0 0.531250 0.792500 0.042500 0.042500
0 0.285625 0.731250 0.028750 0.047500
0 0.947500 0.718750 0.067500 0.112500
0 0.508125 0.598125 0.026250 0.043750
0 0.206875 0.928125 0.038750 0.063750
0 0.796875 0.333125 0.036250 0.036250
0 0.467500 0.822500 0.057500 0.057500
0 0.609375 0.541875 0.086250 0.086250
0 0.854375 0.771875 0.096250 0.073750
0 0.862500 0.201250 0.102500 0.095000
0 0.061250 0.563750 0.062500 0.057500
0 0.456875 0.196875 0.058750 0.058750