0 0.766250 0.157500 0.097500 0.097500
0 0.086875 0.758125 0.038750 0.038750
0 0.321250 0.930000 0.040000 0.040000
0 0.473750 0.252500 0.037500 0.037500
0 0.915000 0.238750 0.050000 0.050000
0 0.693125 0.475625 0.048750 0.048750
0 0.837500 0.811250 0.075000 0.075000
0 0.332500 0.711875 0.055000 0.068750
0 0.340000 0.288125 0.105000 0.131250
0 0.850625 0.390625 0.083750 0.131250
0 0.665000 0.273125 0.025000 0.038750
0 0.638125 0.832500 0.106250 0.167500
0 0.096875 0.221875 0.088750 0.088750
0 0.168750 0.822500 0.037500 0.037500
0 0.096875 0.363125 0.071250 0.071250
0 0.445625 0.065625 0.063750 0.063750
0 0.344375 0.494375 0.046250 0.046250
0 0.660625 0.395625 0.036250 0.036250
0 0.740625 0.798125 0.031250 0.031250
0 0.546250 0.161250 0.092500 0.092500
0 0.741875 0.232500 0.056250 0.037500
0 0.505000 0.385625 0.047500 0.031250
0 0.435000 0.628750 0.095000 0.095000
0 0.558750 0.255000 0.077500 0.077500
0 0.720000 0.346250 0.062500 0.062500
0 0.265625 0.504375 0.053750 0.053750
0 0.670000 0.195000 0.032500 0.032500
0 0.186250 0.317500 0.087500 0.087500
0 0.429375 0.315625 0.058750 0.071250
0 0.243125 0.823125 0.038750 0.046250
0 0.645625 0.588125 0.051250 0.061250
0 0.321875 0.825000 0.053750 0.065000
0 0.862500 0.578750 0.065000 0.045000
0 0.331250 0.106250 0.027500 0.027500
0 0.095000 0.640000 0.082500 0.082500
0 0.923125 0.671875 0.106250 0.106250
0 0.119375 0.518125 0.096250 0.096250
0 0.374375 0.096875 0.031250 0.031250
0 0.032500 0.801875 0.040000 0.033750
0 0.890000 0.026875 0.025000 0.021250
0 0.443750 0.933750 0.025000 0.025000
0 0.541875 0.680625 0.068750 0.068750
0 0.464375 0.486875 0.098750 0.098750
0 0.085625 0.944375 0.046250 0.046250
0 0.252500 0.900000 0.035000 0.035000
0 0.224375 0.625625 0.076250 0.061250
0 0.141250 0.095000 0.040000 0.040000
0 0.104375 0.874375 0.061250 0.061250
0 0.765625 0.691875 0.053750 0.053750
0 0.963125 0.444375 0.036250 0.036250
0 0.435000 0.772500 0.080000 0.080000
0 0.750625 0.554375 0.076250 0.076250
0 0.836250 0.057500 0.062500 0.062500
0 0.554375 0.345625 0.031250 0.031250
0 0.317500 0.593750 0.095000 0.095000
0 0.936250 0.497500 0.040000 0.040000
0 0.303750 0.158750 0.062500 0.062500
0 0.559375 0.554375 0.053750 0.053750
0 0.057500 0.151250 0.027500 0.027500
0 0.228125 0.554375 0.033750 0.023750
0 0.366875 0.173750 0.026250 0.017500
0 0.256250 0.683125 0.045000 0.031250
0 0.052500 0.058125 0.055000 0.038750
0 0.935000 0.086250 0.065000 0.065000
0 0.557500 0.063750 0.027500 0.027500
0 0.674375 0.071875 0.071250 0.071250
0 0.406250 0.866250 0.090000 0.090000
0 0.390625 0.051875 0.028750 0.028750
0 0.718125 0.920625 0.031250 0.031250
0 0.940000 0.843125 0.080000 0.076250
0 0.588125 0.426875 0.048750 0.046250
0 0.190625 0.206875 0.066250 0.066250
0 0.765000 0.033750 0.032500 0.032500
0 0.935625 0.320625 0.056250 0.056250
0 0.775000 0.940000 0.067500 0.067500
0 0.529375 0.814375 0.091250 0.091250
0 0.315625 0.886875 0.031250 0.031250
0 0.181250 0.748750 0.075000 0.075000
0 0.867500 0.936250 0.075000 0.075000
0 0.235625 0.405625 0.063750 0.063750
0 0.257500 0.091875 0.030000 0.033750
0 0.870000 0.171875 0.067500 0.063750
0 0.928750 0.917500 0.030000 0.030000
0 0.831250 0.268750 0.065000 0.060000
0 0.516250 0.065000 0.037500 0.037500
0 0.653125 0.672500 0.071250 0.072500
0 0.752500 0.463750 0.035000 0.035000
0 0.855000 0.493125 0.067500 0.046250
0 0.506250 0.938750 0.052500 0.047500
0 0.255625 0.951250 0.043750 0.040000
0 0.337500 0.418750 0.085000 0.085000
0 0.187500 0.921250 0.045000 0.045000
0 0.960625 0.591875 0.038750 0.038750
0 0.110000 0.706250 0.050000 0.032500
0 0.036250 0.430625 0.032500 0.021250
0 0.313750 0.041875 0.032500 0.021250
0 0.448750 0.388750 0.042500 0.027500
0 0.625000 0.497500 0.060000 0.077500