0 0.519375 0.085625 0.048750 0.028750
0 0.647500 0.334375 0.062500 0.058750
0 0.843125 0.573750 0.086250 0.067500
0 0.205000 0.408750 0.107500 0.085000
0 0.068125 0.212500 0.061250 0.047500
0 0.267500 0.241250 0.067500 0.052500
0 0.051250 0.471875 0.042500 0.033750
0 0.537500 0.318750 0.067500 0.067500
0 0.475000 0.212500 0.037500 0.037500
0 0.678125 0.819375 0.038750 0.038750
0 0.373750 0.621250 0.037500 0.037500
0 0.146875 0.163125 0.053750 0.053750
0 0.723125 0.391250 0.036250 0.042500
0 0.645625 0.714375 0.088750 0.106250
0 0.173125 0.070625 0.073750 0.088750
0 0.291875 0.653750 0.108750 0.130000
0 0.488125 0.611875 0.043750 0.056250
0 0.758750 0.666250 0.082500 0.082500
0 0.828125 0.385625 0.083750 0.083750
0 0.090625 0.120625 0.041250 0.041250
0 0.750000 0.543750 0.027500 0.027500
0 0.650625 0.128125 0.106250 0.106250
0 0.428750 0.471250 0.112500 0.112500
0 0.408750 0.730000 0.107500 0.107500
0 0.316875 0.420000 0.073750 0.067500
0 0.336250 0.275000 0.035000 0.035000
0 0.802500 0.278750 0.102500 0.102500
0 0.064375 0.558125 0.073750 0.073750
0 0.916875 0.090625 0.106250 0.106250
0 0.658750 0.536250 0.107500 0.107500
0 0.863750 0.717500 0.097500 0.097500
0 0.315625 0.138125 0.056250 0.056250
0 0.106250 0.733750 0.045000 0.045000
0 0.079375 0.339375 0.051250 0.051250
0 0.423125 0.321250 0.058750 0.055000
0 0.905625 0.479375 0.086250 0.081250
0 0.231250 0.856875 0.110000 0.103750
0 0.495000 0.831875 0.052500 0.048750
0 0.085000 0.951250 0.027500 0.027500
0 0.384375 0.099375 0.041250 0.041250
0 0.441875 0.941875 0.053750 0.053750
0 0.147500 0.643750 0.052500 0.052500
0 0.786250 0.871250 0.107500 0.107500
0 0.585000 0.861250 0.080000 0.070000
0 0.933750 0.337500 0.062500 0.062500
0 0.372500 0.336250 0.025000 0.030000
0 0.291875 0.528750 0.106250 0.090000
0 0.543750 0.409375 0.075000 0.063750
0 0.334375 0.911250 0.066250 0.085000
0 0.921250 0.892500 0.057500 0.057500
0 0.241875 0.111250 0.046250 0.032500
0 0.551250 0.728125 0.052500 0.041250
0 0.101875 0.869375 0.081250 0.081250
0 0.656875 0.951875 0.041250 0.041250
0 0.813750 0.128125 0.057500 0.098750
0 0.395625 0.183125 0.078750 0.078750