0 0.573750 0.758125 0.087500 0.078750
0 0.448750 0.812500 0.107500 0.107500
0 0.678125 0.464375 0.098750 0.098750
0 0.098125 0.760625 0.041250 0.041250
0 0.860625 0.729375 0.078750 0.078750
0 0.202500 0.040000 0.032500 0.032500
0 0.498750 0.598125 0.095000 0.086250
0 0.756875 0.115625 0.043750 0.043750
0 0.887500 0.912500 0.045000 0.045000
0 0.535000 0.317500 0.095000 0.095000
0 0.316250 0.756250 0.062500 0.062500
0 0.216875 0.929375 0.063750 0.041250
0 0.511875 0.141250 0.028750 0.025000
0 0.620000 0.220000 0.080000 0.080000
0 0.571250 0.900000 0.047500 0.057500
0 0.845000 0.046875 0.055000 0.018750
0 0.526875 0.670625 0.083750 0.028750
0 0.675625 0.368125 0.056250 0.056250
0 0.478750 0.231250 0.040000 0.040000
0 0.273750 0.372500 0.102500 0.102500
0 0.473750 0.926250 0.087500 0.087500
0 0.894375 0.133750 0.031250 0.032500
0 0.702500 0.793125 0.037500 0.038750
0 0.788750 0.854375 0.062500 0.066250
0 0.087500 0.516875 0.107500 0.113750
0 0.397500 0.222500 0.105000 0.105000
0 0.091875 0.089375 0.076250 0.076250
0 0.405625 0.495625 0.091250 0.091250
0 0.083750 0.421250 0.050000 0.050000
0 0.645000 0.118750 0.097500 0.095000
0 0.736250 0.341250 0.027500 0.027500
0 0.826875 0.281875 0.108750 0.108750
0 0.496250 0.457500 0.042500 0.042500
0 0.271250 0.552500 0.107500 0.107500
0 0.403750 0.368750 0.080000 0.060000
0 0.930000 0.437500 0.065000 0.052500
0 0.816875 0.118125 0.058750 0.058750
0 0.203750 0.868750 0.042500 0.042500
0 0.473750 0.088750 0.055000 0.055000
0 0.948750 0.251250 0.032500 0.022500
0 0.509375 0.525625 0.043750 0.043750
0 0.765625 0.790000 0.028750 0.025000
0 0.317500 0.898750 0.102500 0.102500
0 0.965000 0.075000 0.030000 0.030000
0 0.946250 0.820000 0.037500 0.037500
0 0.249375 0.128125 0.101250 0.098750
0 0.696250 0.666250 0.087500 0.115000
0 0.237500 0.750625 0.035000 0.046250
0 0.366250 0.640625 0.067500 0.088750
0 0.846250 0.442500 0.062500 0.082500
0 0.036875 0.921875 0.033750 0.033750
0 0.147500 0.657500 0.072500 0.072500
0 0.850625 0.584375 0.046250 0.046250
0 0.180000 0.355625 0.067500 0.061250
0 0.101875 0.263125 0.108750 0.098750
0 0.869375 0.825625 0.066250 0.076250
0 0.386250 0.082500 0.075000 0.075000
0 0.272500 0.255000 0.100000 0.100000
0 0.684375 0.883125 0.103750 0.103750
0 0.948750 0.542500 0.025000 0.025000
0 0.128750 0.940000 0.070000 0.070000
0 0.786875 0.929375 0.053750 0.053750