0 0.560000 0.863125 0.070000 0.051250
0 0.658125 0.296250 0.088750 0.115000
0 0.456875 0.398125 0.053750 0.068750
0 0.482500 0.125625 0.077500 0.093750
0 0.284375 0.890625 0.106250 0.128750
0 0.417500 0.667500 0.080000 0.070000
0 0.086875 0.168750 0.028750 0.025000
0 0.339375 0.195000 0.041250 0.035000
0 0.332500 0.308750 0.092500 0.080000
0 0.518125 0.686875 0.101250 0.101250
0 0.160625 0.595625 0.048750 0.048750
0 0.581875 0.483125 0.111250 0.111250
0 0.267500 0.715000 0.057500 0.067500
0 0.062500 0.033750 0.025000 0.025000
0 0.217500 0.788750 0.042500 0.042500
0 0.420625 0.876875 0.063750 0.063750
0 0.116250 0.790000 0.067500 0.067500
0 0.646875 0.401875 0.036250 0.031250
0 0.316250 0.588750 0.105000 0.092500
0 0.786875 0.213750 0.093750 0.082500
0 0.801875 0.936875 0.076250 0.076250
0 0.921875 0.445625 0.036250 0.036250
0 0.583750 0.143750 0.062500 0.057500
0 0.310000 0.392500 0.067500 0.067500
0 0.733125 0.666875 0.028750 0.028750
0 0.350000 0.076250 0.057500 0.057500
0 0.908125 0.783125 0.098750 0.098750
0 0.726875 0.082500 0.083750 0.107500
0 0.620625 0.830625 0.036250 0.036250
0 0.205000 0.251875 0.100000 0.101250
0 0.731250 0.831875 0.077500 0.078750
0 0.040625 0.831875 0.038750 0.038750
0 0.521875 0.324375 0.031250 0.031250
0 0.051875 0.354375 0.036250 0.036250
0 0.738750 0.493750 0.112500 0.112500
0 0.081875 0.906875 0.043750 0.043750
0 0.145625 0.880625 0.043750 0.043750
0 0.445000 0.532500 0.070000 0.070000
0 0.882500 0.326875 0.077500 0.066250
0 0.432500 0.038750 0.027500 0.022500
0 0.710000 0.755625 0.060000 0.051250
0 0.074375 0.480000 0.111250 0.095000
0 0.828125 0.716250 0.043750 0.035000
0 0.131250 0.714375 0.057500 0.046250
0 0.173125 0.933125 0.053750 0.043750
0 0.862500 0.553750 0.042500 0.042500
0 0.611875 0.926875 0.058750 0.058750
0 0.093125 0.279375 0.066250 0.066250
0 0.768125 0.605625 0.063750 0.063750
0 0.221875 0.510625 0.063750 0.063750
0 0.306250 0.490000 0.085000 0.085000
0 0.827500 0.802500 0.035000 0.035000
0 0.690625 0.600625 0.033750 0.033750
0 0.613125 0.715000 0.056250 0.060000
0 0.943125 0.218125 0.073750 0.073750
0 0.446875 0.234375 0.088750 0.088750
0 0.581250 0.369375 0.037500 0.031250
0 0.213750 0.138750 0.092500 0.092500
0 0.794375 0.366250 0.071250 0.097500
0 0.899375 0.906875 0.093750 0.128750
0 0.396250 0.400000 0.047500 0.065000
0 0.921250 0.055000 0.047500 0.047500
0 0.460000 0.793750 0.027500 0.027500