0 0.594375 0.645625 0.066250 0.063750
0 0.763750 0.816875 0.030000 0.036250
0 0.937500 0.435000 0.070000 0.070000
0 0.861250 0.163125 0.045000 0.043750
0 0.228125 0.405625 0.063750 0.061250
0 0.645000 0.321875 0.040000 0.038750
0 0.075625 0.929375 0.043750 0.043750
0 0.707500 0.917500 0.070000 0.070000
0 0.395625 0.270000 0.058750 0.055000
0 0.660000 0.507500 0.090000 0.085000
0 0.463125 0.258125 0.046250 0.043750
0 0.769375 0.229375 0.088750 0.088750
0 0.406875 0.533125 0.073750 0.073750
0 0.795000 0.778750 0.025000 0.025000
0 0.380000 0.897500 0.100000 0.070000
0 0.048750 0.183125 0.027500 0.018750
0 0.573125 0.928750 0.046250 0.032500
0 0.681250 0.832500 0.057500 0.040000
0 0.957500 0.538750 0.032500 0.032500
0 0.237500 0.114375 0.085000 0.158750
0 0.871250 0.598125 0.030000 0.056250
0 0.128750 0.470000 0.057500 0.107500
0 0.408750 0.785000 0.110000 0.097500
0 0.953125 0.663125 0.033750 0.033750
0 0.518125 0.095625 0.026250 0.026250
0 0.793125 0.069375 0.106250 0.106250
0 0.553125 0.833125 0.033750 0.028750
0 0.675000 0.445625 0.025000 0.023750
0 0.081875 0.796250 0.068750 0.065000
0 0.546250 0.273750 0.090000 0.085000
0 0.871250 0.334375 0.112500 0.106250
0 0.280625 0.587500 0.103750 0.097500
0 0.091250 0.647500 0.077500 0.072500
0 0.481250 0.656250 0.052500 0.052500
0 0.950000 0.822500 0.040000 0.040000
0 0.465000 0.341250 0.032500 0.032500
0 0.250000 0.261250 0.092500 0.092500
0 0.156875 0.558125 0.031250 0.031250
0 0.440625 0.456875 0.058750 0.058750
0 0.835000 0.711250 0.070000 0.067500
0 0.645625 0.220625 0.078750 0.078750
0 0.128125 0.138125 0.073750 0.073750
0 0.676250 0.747500 0.062500 0.062500
0 0.822500 0.460000 0.100000 0.100000
0 0.166250 0.877500 0.067500 0.075000
0 0.344375 0.425000 0.086250 0.092500
0 0.365000 0.165625 0.067500 0.073750
0 0.565000 0.761250 0.047500 0.045000
0 0.534375 0.166875 0.038750 0.036250
0 0.727500 0.638750 0.107500 0.102500
0 0.205000 0.713750 0.025000 0.025000
0 0.266875 0.729375 0.026250 0.008750
0 0.238750 0.658750 0.087500 0.030000
0 0.197500 0.955000 0.100000 0.035000
0 0.816250 0.527500 0.052500 0.017500
0 0.270625 0.803125 0.103750 0.108750
0 0.401875 0.691875 0.058750 0.061250
0 0.541250 0.406250 0.102500 0.102500
0 0.678125 0.078125 0.101250 0.101250
0 0.081250 0.242500 0.032500 0.032500
0 0.343125 0.068125 0.073750 0.073750
0 0.115625 0.368750 0.073750 0.055000
0 0.498125 0.911250 0.086250 0.077500
0 0.523750 0.566875 0.082500 0.073750
0 0.555625 0.496250 0.036250 0.032500
0 0.881250 0.907500 0.075000 0.075000
0 0.470625 0.151875 0.048750 0.048750
0 0.046250 0.378125 0.050000 0.048750
0 0.536250 0.679375 0.032500 0.031250
0 0.862500 0.805625 0.080000 0.078750
0 0.090625 0.288125 0.038750 0.038750
0 0.151250 0.757500 0.025000 0.025000
0 0.918750 0.070000 0.107500 0.107500
0 0.766875 0.354375 0.076250 0.076250
0 0.438125 0.064375 0.076250 0.076250
0 0.936875 0.766875 0.033750 0.033750
0 0.216250 0.484375 0.050000 0.053750
0 0.063750 0.501875 0.042500 0.046250
0 0.727500 0.782500 0.025000 0.025000
0 0.043125 0.862500 0.041250 0.042500
0 0.048125 0.061875 0.066250 0.066250
0 0.736875 0.501875 0.036250 0.036250
0 0.598750 0.873750 0.042500 0.040000
0 0.941875 0.597500 0.068750 0.065000