0 0.245000 0.136250 0.107500 0.107500
0 0.716250 0.415000 0.092500 0.100000
0 0.681875 0.730625 0.046250 0.046250
0 0.266250 0.275625 0.105000 0.106250
0 0.867500 0.675000 0.085000 0.110000
0 0.877500 0.513750 0.062500 0.080000
0 0.686875 0.290625 0.088750 0.113750
0 0.401875 0.579375 0.078750 0.101250
0 0.110625 0.450625 0.096250 0.096250
0 0.898750 0.085000 0.082500 0.082500
0 0.128750 0.803750 0.035000 0.035000
0 0.572500 0.708750 0.060000 0.060000
0 0.850000 0.277500 0.075000 0.075000
0 0.094375 0.846875 0.033750 0.033750
0 0.220625 0.548125 0.083750 0.083750
0 0.708750 0.610000 0.062500 0.062500
0 0.535000 0.202500 0.085000 0.085000
0 0.967500 0.278750 0.027500 0.032500
0 0.120625 0.146250 0.073750 0.087500
0 0.114375 0.317500 0.103750 0.122500
0 0.513750 0.411875 0.025000 0.028750
0 0.900000 0.777500 0.035000 0.035000
0 0.270000 0.638750 0.080000 0.080000
0 0.396875 0.046875 0.063750 0.063750
0 0.665625 0.890625 0.103750 0.103750
0 0.765000 0.799375 0.060000 0.061250
0 0.275000 0.841875 0.085000 0.086250
0 0.846875 0.183125 0.033750 0.033750
0 0.442500 0.696250 0.092500 0.092500
0 0.441250 0.108750 0.037500 0.037500
0 0.403750 0.816250 0.040000 0.040000
0 0.544375 0.504375 0.086250 0.086250
0 0.880625 0.896875 0.071250 0.071250
0 0.428750 0.441250 0.090000 0.090000
0 0.673125 0.115625 0.108750 0.108750
0 0.932500 0.405625 0.110000 0.103750
0 0.110000 0.601875 0.047500 0.048750
0 0.583125 0.366875 0.038750 0.036250
0 0.844375 0.782500 0.058750 0.055000
0 0.406250 0.296250 0.105000 0.100000
0 0.639375 0.641875 0.028750 0.026250
0 0.558750 0.581875 0.065000 0.053750
0 0.141875 0.735625 0.056250 0.046250
0 0.578125 0.057500 0.031250 0.025000
0 0.396250 0.195625 0.077500 0.063750
0 0.756250 0.528750 0.077500 0.077500
0 0.575000 0.115000 0.065000 0.065000
0 0.498125 0.899375 0.088750 0.088750
0 0.313125 0.404375 0.091250 0.091250
0 0.574375 0.876875 0.038750 0.026250
0 0.615000 0.314375 0.035000 0.023750
0 0.794375 0.158125 0.048750 0.033750
0 0.810625 0.876250 0.053750 0.037500
0 0.508750 0.775000 0.032500 0.032500
0 0.542500 0.292500 0.060000 0.060000
0 0.652500 0.536875 0.090000 0.068750
0 0.784375 0.614375 0.066250 0.066250
0 0.187500 0.896875 0.070000 0.116250
0 0.045000 0.645000 0.062500 0.060000
0 0.955625 0.747500 0.036250 0.035000
0 0.076875 0.059375 0.066250 0.066250
0 0.066250 0.736250 0.075000 0.075000
0 0.217500 0.463750 0.055000 0.057500
0 0.917500 0.227500 0.042500 0.042500