0 0.506250 0.402500 0.065000 0.037500
0 0.664375 0.316875 0.038750 0.038750
0 0.561250 0.492500 0.090000 0.090000
0 0.057500 0.658750 0.077500 0.077500
0 0.926875 0.251875 0.051250 0.051250
0 0.686875 0.556875 0.096250 0.091250
0 0.111875 0.199375 0.106250 0.128750
0 0.151875 0.546875 0.048750 0.058750
0 0.490000 0.701250 0.070000 0.070000
0 0.429375 0.610000 0.088750 0.067500
0 0.894375 0.564375 0.106250 0.081250
0 0.525000 0.178750 0.085000 0.065000
0 0.206875 0.780625 0.106250 0.081250
0 0.783125 0.920625 0.073750 0.103750
0 0.708125 0.173125 0.053750 0.076250
0 0.839375 0.293750 0.058750 0.082500
0 0.468750 0.897500 0.085000 0.120000
0 0.146875 0.624375 0.043750 0.063750
0 0.418750 0.710000 0.057500 0.057500
0 0.735625 0.714375 0.096250 0.096250
0 0.143125 0.443125 0.058750 0.058750
0 0.070000 0.313750 0.025000 0.025000
0 0.330625 0.433125 0.098750 0.098750
0 0.285000 0.795000 0.027500 0.032500
0 0.633750 0.104375 0.077500 0.093750
0 0.081250 0.898125 0.112500 0.136250
0 0.850625 0.110000 0.091250 0.110000
0 0.181250 0.923750 0.045000 0.045000
0 0.783125 0.408125 0.091250 0.063750
0 0.898750 0.833125 0.090000 0.063750
0 0.518750 0.257500 0.077500 0.077500
0 0.418125 0.108125 0.031250 0.031250
0 0.295000 0.236250 0.032500 0.032500
0 0.416875 0.476875 0.038750 0.038750
0 0.299375 0.277500 0.031250 0.030000
0 0.263125 0.556875 0.068750 0.068750
0 0.563125 0.415625 0.033750 0.033750
0 0.681875 0.251875 0.061250 0.061250
0 0.429375 0.374375 0.071250 0.071250
0 0.873125 0.418125 0.063750 0.063750
0 0.705625 0.823125 0.031250 0.033750
0 0.261250 0.197500 0.027500 0.027500
0 0.674375 0.413125 0.053750 0.053750
0 0.755000 0.475000 0.040000 0.040000
0 0.325625 0.895625 0.076250 0.076250
0 0.490625 0.540625 0.026250 0.026250
0 0.840000 0.704375 0.055000 0.051250
0 0.833125 0.760000 0.048750 0.045000
0 0.234375 0.306250 0.066250 0.080000
0 0.795000 0.614375 0.047500 0.048750
0 0.413125 0.298125 0.063750 0.066250
0 0.638125 0.908750 0.096250 0.100000
0 0.263125 0.671250 0.076250 0.080000
0 0.601875 0.724375 0.106250 0.128750