0 0.106250 0.112500 0.092500 0.092500
0 0.839375 0.750625 0.103750 0.103750
0 0.430625 0.108125 0.098750 0.098750
0 0.409375 0.361875 0.038750 0.038750
0 0.742500 0.543750 0.097500 0.097500
0 0.090625 0.294375 0.086250 0.086250
0 0.406250 0.836250 0.080000 0.080000
0 0.099375 0.903125 0.053750 0.053750
0 0.521250 0.346250 0.077500 0.077500
0 0.917500 0.633750 0.090000 0.090000
0 0.545000 0.550625 0.045000 0.058750
0 0.403125 0.575625 0.101250 0.101250
0 0.316250 0.165000 0.052500 0.052500
0 0.725625 0.415625 0.083750 0.091250
0 0.415000 0.239375 0.070000 0.076250
0 0.715000 0.168750 0.060000 0.065000
0 0.645000 0.119375 0.040000 0.043750
0 0.143125 0.494375 0.081250 0.081250
0 0.413125 0.921875 0.061250 0.061250
0 0.116250 0.610000 0.070000 0.070000
0 0.174375 0.758750 0.093750 0.107500
0 0.585625 0.151875 0.026250 0.026250
0 0.668125 0.791250 0.096250 0.120000
0 0.925625 0.865625 0.031250 0.038750
0 0.923750 0.107500 0.112500 0.112500
0 0.505625 0.464375 0.068750 0.068750
0 0.772500 0.268750 0.025000 0.025000
0 0.850000 0.372500 0.092500 0.092500
0 0.551250 0.766250 0.100000 0.100000
0 0.273750 0.822500 0.090000 0.090000
0 0.733125 0.079375 0.081250 0.081250
0 0.928750 0.271250 0.065000 0.065000
0 0.216250 0.366250 0.050000 0.050000
0 0.290625 0.668125 0.061250 0.061250
0 0.693750 0.318750 0.057500 0.057500
0 0.639375 0.581875 0.091250 0.091250
0 0.312500 0.274375 0.087500 0.096250
0 0.857500 0.468750 0.077500 0.080000
0 0.375000 0.746875 0.080000 0.076250
0 0.496875 0.228125 0.048750 0.046250
0 0.471875 0.693125 0.036250 0.033750
0 0.565625 0.905000 0.053750 0.050000
0 0.760625 0.911875 0.091250 0.091250
0 0.409375 0.455625 0.101250 0.101250