0 0.458750 0.496250 0.025000 0.025000
0 0.406875 0.664375 0.083750 0.083750
0 0.550000 0.556250 0.055000 0.055000
0 0.881250 0.118750 0.060000 0.060000
0 0.640625 0.255625 0.031250 0.031250
0 0.096875 0.548125 0.038750 0.038750
0 0.880000 0.242500 0.040000 0.040000
0 0.148125 0.333750 0.056250 0.045000
0 0.734375 0.752500 0.041250 0.032500
0 0.798125 0.315625 0.071250 0.071250
0 0.713125 0.668125 0.053750 0.053750
0 0.358125 0.378125 0.101250 0.101250
0 0.745000 0.567500 0.112500 0.112500
0 0.053125 0.200625 0.033750 0.033750
0 0.276250 0.197500 0.085000 0.085000
0 0.477500 0.411875 0.087500 0.106250
0 0.760000 0.093750 0.050000 0.060000
0 0.210000 0.586250 0.060000 0.072500
0 0.946875 0.769375 0.046250 0.056250
0 0.070000 0.132500 0.052500 0.052500
0 0.641250 0.788750 0.100000 0.100000
0 0.032500 0.517500 0.035000 0.035000
0 0.153125 0.163750 0.043750 0.042500
0 0.189375 0.768125 0.058750 0.058750
0 0.308750 0.071250 0.062500 0.062500
0 0.131875 0.595625 0.036250 0.036250
0 0.545000 0.712500 0.042500 0.042500
0 0.231875 0.889375 0.086250 0.143750
0 0.946250 0.095625 0.030000 0.036250
0 0.472500 0.952500 0.037500 0.045000
0 0.657500 0.117500 0.082500 0.100000
0 0.540625 0.086875 0.103750 0.126250
0 0.796250 0.861875 0.092500 0.093750
0 0.955000 0.261250 0.025000 0.027500
0 0.337500 0.839375 0.047500 0.053750
0 0.421250 0.095000 0.112500 0.112500
0 0.828750 0.737500 0.097500 0.097500
0 0.875000 0.391250 0.037500 0.037500
0 0.868750 0.610000 0.102500 0.102500
0 0.074375 0.676250 0.028750 0.027500
0 0.957500 0.298750 0.032500 0.032500
0 0.350000 0.738750 0.090000 0.045000
0 0.160000 0.254375 0.072500 0.036250
0 0.481250 0.875625 0.107500 0.053750
0 0.298125 0.466875 0.056250 0.056250
0 0.620000 0.390000 0.112500 0.112500
0 0.391250 0.257500 0.075000 0.075000
0 0.581875 0.484375 0.061250 0.061250
0 0.118750 0.915000 0.067500 0.067500
0 0.631875 0.936875 0.063750 0.063750
0 0.230000 0.123750 0.045000 0.045000
0 0.090625 0.806875 0.088750 0.088750
0 0.541250 0.233750 0.027500 0.027500
0 0.547500 0.633750 0.047500 0.047500
0 0.904375 0.463125 0.088750 0.088750
0 0.036250 0.436250 0.037500 0.037500
0 0.268750 0.726875 0.057500 0.051250
0 0.329375 0.943125 0.048750 0.048750
0 0.110625 0.436875 0.068750 0.068750
0 0.596875 0.250625 0.031250 0.028750
0 0.773125 0.418125 0.088750 0.081250
0 0.310000 0.621250 0.070000 0.065000
0 0.188750 0.072500 0.035000 0.035000
0 0.871875 0.301875 0.031250 0.031250
0 0.909375 0.189375 0.051250 0.051250
0 0.769375 0.210625 0.103750 0.103750
0 0.536250 0.942500 0.052500 0.050000
0 0.477500 0.266875 0.080000 0.078750
0 0.957500 0.676875 0.042500 0.041250