0 0.888125 0.182500 0.048750 0.047500
0 0.550625 0.820625 0.091250 0.088750
0 0.058125 0.636875 0.086250 0.083750
0 0.201875 0.475000 0.108750 0.105000
0 0.074375 0.238125 0.108750 0.108750
0 0.615625 0.413750 0.056250 0.080000
0 0.326250 0.122500 0.047500 0.047500
0 0.913125 0.299375 0.108750 0.108750
0 0.740625 0.708125 0.096250 0.096250
0 0.868750 0.557500 0.105000 0.105000
0 0.437500 0.138750 0.087500 0.087500
0 0.652500 0.825000 0.067500 0.067500
0 0.648750 0.928750 0.055000 0.055000
0 0.326250 0.481250 0.092500 0.092500
0 0.149375 0.336875 0.056250 0.056250
0 0.881250 0.901250 0.102500 0.102500
0 0.275000 0.352500 0.067500 0.067500
0 0.790625 0.359375 0.101250 0.101250
0 0.639375 0.241875 0.098750 0.098750
0 0.618750 0.616250 0.035000 0.035000
0 0.065000 0.728750 0.075000 0.075000
0 0.225625 0.825625 0.061250 0.061250
0 0.564375 0.509375 0.046250 0.046250
0 0.557500 0.605000 0.065000 0.100000
0 0.467500 0.929375 0.107500 0.076250
0 0.350000 0.767500 0.075000 0.052500
0 0.431875 0.389375 0.066250 0.046250
0 0.768750 0.547500 0.027500 0.027500
0 0.278125 0.181875 0.051250 0.051250
0 0.536250 0.208750 0.065000 0.065000
0 0.660625 0.131875 0.108750 0.096250
0 0.372500 0.665625 0.047500 0.041250
0 0.222500 0.630000 0.060000 0.052500
0 0.406250 0.258125 0.095000 0.083750
0 0.521250 0.711250 0.082500 0.082500
0 0.537500 0.398750 0.057500 0.057500
0 0.899375 0.409375 0.026250 0.026250
0 0.125000 0.098750 0.110000 0.110000
0 0.769375 0.478125 0.066250 0.066250
0 0.942500 0.666250 0.062500 0.062500
0 0.663125 0.718750 0.026250 0.025000
0 0.438125 0.552500 0.111250 0.107500
0 0.886250 0.760625 0.112500 0.108750
0 0.307500 0.586250 0.070000 0.067500
0 0.529375 0.035625 0.043750 0.043750
0 0.958750 0.178125 0.030000 0.031250
0 0.363125 0.380625 0.056250 0.058750
0 0.688750 0.574375 0.090000 0.093750
0 0.273125 0.939375 0.066250 0.066250
0 0.075625 0.490625 0.093750 0.093750
0 0.791250 0.206250 0.105000 0.105000
0 0.753750 0.848750 0.055000 0.055000
0 0.332500 0.833750 0.057500 0.057500
0 0.968750 0.443750 0.032500 0.032500
0 0.243125 0.706875 0.041250 0.041250
0 0.883750 0.077500 0.062500 0.062500
0 0.243750 0.110000 0.072500 0.072500
0 0.421875 0.785625 0.051250 0.051250
0 0.766875 0.084375 0.061250 0.061250