0 0.066875 0.456250 0.041250 0.025000
0 0.115000 0.303750 0.072500 0.072500
0 0.191250 0.433750 0.040000 0.040000
0 0.743750 0.897500 0.032500 0.032500
0 0.595000 0.792500 0.107500 0.107500
0 0.154375 0.710625 0.041250 0.041250
0 0.785625 0.790625 0.098750 0.098750
0 0.839375 0.595000 0.108750 0.087500
0 0.141250 0.802500 0.052500 0.042500
0 0.707500 0.607500 0.110000 0.110000
0 0.680000 0.482500 0.027500 0.027500
0 0.683125 0.370625 0.103750 0.103750
0 0.260000 0.871875 0.075000 0.071250
0 0.200625 0.183750 0.096250 0.092500
0 0.771875 0.153750 0.088750 0.085000
0 0.331250 0.472500 0.035000 0.030000
0 0.381875 0.656875 0.101250 0.093750
0 0.472500 0.103750 0.075000 0.070000
0 0.541250 0.585000 0.112500 0.080000
0 0.892500 0.232500 0.110000 0.077500
0 0.135625 0.919375 0.111250 0.078750
0 0.642500 0.125625 0.035000 0.023750
0 0.244375 0.671875 0.096250 0.096250
0 0.425625 0.546875 0.046250 0.043750
0 0.369375 0.833125 0.071250 0.071250
0 0.765625 0.058125 0.033750 0.036250
0 0.484375 0.296875 0.088750 0.088750
0 0.135625 0.619375 0.098750 0.098750
0 0.370000 0.583750 0.032500 0.032500
0 0.764375 0.711875 0.028750 0.028750
0 0.823750 0.343125 0.067500 0.068750
0 0.087500 0.394375 0.050000 0.043750
0 0.279375 0.751250 0.031250 0.027500
0 0.773125 0.248125 0.033750 0.033750
0 0.400625 0.921875 0.053750 0.053750
0 0.271250 0.311250 0.087500 0.087500
0 0.263125 0.458125 0.076250 0.076250
0 0.911875 0.868750 0.096250 0.100000
0 0.467500 0.420000 0.095000 0.095000
0 0.388125 0.387500 0.028750 0.035000
0 0.548750 0.060625 0.062500 0.061250
0 0.591875 0.424375 0.041250 0.041250
0 0.620625 0.213125 0.051250 0.051250
0 0.673750 0.910000 0.077500 0.077500
0 0.054375 0.160625 0.081250 0.081250
0 0.308750 0.182500 0.102500 0.102500
0 0.938125 0.069375 0.078750 0.078750
0 0.086875 0.233125 0.036250 0.036250
0 0.919375 0.724375 0.093750 0.093750
0 0.517500 0.188125 0.077500 0.046250
0 0.592500 0.280000 0.100000 0.060000
0 0.863750 0.503750 0.085000 0.050000
0 0.271250 0.101250 0.067500 0.040000
0 0.946250 0.364375 0.075000 0.066250
0 0.220625 0.772500 0.048750 0.042500
0 0.949375 0.496875 0.066250 0.058750
0 0.093750 0.046250 0.065000 0.065000
0 0.576250 0.937500 0.067500 0.067500
0 0.948750 0.603750 0.045000 0.045000
0 0.809375 0.875625 0.031250 0.031250
0 0.623750 0.051875 0.055000 0.073750
0 0.486875 0.698125 0.093750 0.093750
0 0.241875 0.580625 0.058750 0.058750
0 0.072500 0.532500 0.045000 0.045000
0 0.384375 0.193125 0.033750 0.033750
0 0.470000 0.805625 0.095000 0.076250
0 0.073125 0.720625 0.101250 0.081250
0 0.073125 0.781250 0.026250 0.020000
0 0.471250 0.893125 0.060000 0.056250
0 0.333125 0.745000 0.058750 0.055000
0 0.325625 0.944375 0.048750 0.048750
0 0.039375 0.828125 0.043750 0.043750