0 0.911250 0.186875 0.097500 0.093750
0 0.829375 0.698750 0.073750 0.070000
0 0.634375 0.803125 0.033750 0.033750
0 0.355625 0.591875 0.081250 0.088750
0 0.431250 0.160625 0.040000 0.043750
0 0.121250 0.406875 0.095000 0.103750
0 0.390000 0.293750 0.047500 0.047500
0 0.377500 0.742500 0.080000 0.080000
0 0.237500 0.805000 0.037500 0.037500
0 0.671875 0.335625 0.046250 0.046250
0 0.917500 0.073750 0.062500 0.062500
0 0.492500 0.277500 0.087500 0.087500
0 0.637500 0.613750 0.085000 0.085000
0 0.823125 0.503750 0.106250 0.107500
0 0.265625 0.114375 0.026250 0.026250
0 0.136250 0.223125 0.105000 0.106250
0 0.687500 0.853750 0.035000 0.035000
0 0.239375 0.166875 0.063750 0.058750
0 0.061875 0.048125 0.051250 0.046250
0 0.455000 0.727500 0.060000 0.055000
0 0.848125 0.839375 0.028750 0.026250
0 0.353125 0.661875 0.036250 0.028750
0 0.733125 0.788750 0.096250 0.077500
0 0.765000 0.333125 0.110000 0.088750
0 0.043750 0.126250 0.050000 0.050000
0 0.552500 0.803125 0.097500 0.098750
0 0.197500 0.908750 0.072500 0.072500
0 0.192500 0.528750 0.077500 0.062500
0 0.463750 0.580000 0.037500 0.037500
0 0.653750 0.526875 0.025000 0.018750
0 0.686875 0.206250 0.103750 0.082500
0 0.199375 0.721250 0.091250 0.072500
0 0.408125 0.888125 0.058750 0.058750
0 0.101875 0.913125 0.088750 0.088750
0 0.746875 0.671875 0.066250 0.066250
0 0.461250 0.816250 0.055000 0.055000
0 0.468125 0.655625 0.048750 0.048750
0 0.583125 0.440625 0.101250 0.101250
0 0.591875 0.940625 0.026250 0.026250
0 0.358750 0.398125 0.042500 0.051250
0 0.885000 0.388750 0.102500 0.100000
0 0.536250 0.620625 0.050000 0.048750
0 0.479375 0.460000 0.033750 0.032500
0 0.281250 0.875000 0.062500 0.060000
0 0.931250 0.623750 0.062500 0.062500
0 0.091875 0.716875 0.093750 0.156250
0 0.576875 0.131250 0.081250 0.135000
0 0.666250 0.472500 0.045000 0.075000
0 0.351875 0.108125 0.093750 0.093750
0 0.806250 0.203750 0.085000 0.117500
0 0.880000 0.881875 0.030000 0.043750
0 0.083125 0.534375 0.051250 0.051250
0 0.188125 0.065625 0.101250 0.088750
0 0.268750 0.537500 0.040000 0.035000
0 0.685000 0.707500 0.040000 0.040000
0 0.775000 0.070000 0.100000 0.100000
0 0.257500 0.403750 0.087500 0.087500
0 0.688125 0.931875 0.083750 0.083750
0 0.293750 0.317500 0.057500 0.055000
0 0.496875 0.910000 0.048750 0.047500
0 0.183750 0.315000 0.037500 0.037500
0 0.946875 0.871250 0.063750 0.065000
0 0.440000 0.068750 0.032500 0.032500
0 0.848125 0.629375 0.036250 0.036250
0 0.555000 0.710000 0.110000 0.067500
0 0.815625 0.778125 0.038750 0.023750
0 0.927500 0.772500 0.100000 0.100000
0 0.406250 0.505000 0.060000 0.060000
0 0.729375 0.575000 0.048750 0.057500
0 0.808125 0.906875 0.051250 0.066250
0 0.325000 0.208750 0.047500 0.037500
0 0.158125 0.597500 0.061250 0.047500
0 0.880625 0.300625 0.063750 0.048750
0 0.527500 0.547500 0.065000 0.050000
0 0.265625 0.611875 0.076250 0.076250
0 0.052500 0.605000 0.050000 0.050000
0 0.950625 0.561875 0.026250 0.026250
0 0.480000 0.356250 0.050000 0.050000