0 0.838125 0.141875 0.041250 0.041250
0 0.506250 0.433125 0.102500 0.083750
0 0.567500 0.650625 0.057500 0.046250
0 0.537500 0.586250 0.040000 0.040000
0 0.166875 0.304375 0.051250 0.051250
0 0.276875 0.610625 0.076250 0.076250
0 0.257500 0.346250 0.027500 0.027500
0 0.668750 0.850625 0.035000 0.033750
0 0.725625 0.945000 0.056250 0.055000
0 0.607500 0.479375 0.075000 0.073750
0 0.183125 0.843750 0.096250 0.095000
0 0.760625 0.591875 0.041250 0.028750
0 0.061875 0.299375 0.098750 0.091250
0 0.221875 0.528750 0.048750 0.045000
0 0.771875 0.241250 0.111250 0.102500
0 0.348125 0.493125 0.093750 0.086250
0 0.123750 0.402500 0.065000 0.060000
0 0.506875 0.276875 0.066250 0.063750
0 0.121875 0.633125 0.056250 0.056250
0 0.394375 0.743125 0.061250 0.061250
0 0.426250 0.203125 0.075000 0.096250
0 0.727500 0.474375 0.110000 0.141250
0 0.056875 0.811875 0.078750 0.078750
0 0.571250 0.111250 0.055000 0.055000
0 0.197500 0.131250 0.092500 0.092500
0 0.573125 0.923125 0.028750 0.028750
0 0.488125 0.901875 0.071250 0.071250
0 0.445000 0.619375 0.087500 0.081250
0 0.890625 0.852500 0.043750 0.040000
0 0.696250 0.713125 0.080000 0.073750
0 0.620000 0.220625 0.112500 0.103750
0 0.148750 0.702500 0.067500 0.057500
0 0.083125 0.915000 0.068750 0.097500
0 0.053125 0.133750 0.068750 0.097500
0 0.857500 0.403750 0.082500 0.102500
0 0.316875 0.406875 0.026250 0.023750
0 0.353125 0.303125 0.038750 0.036250
0 0.332500 0.151875 0.092500 0.086250
0 0.338750 0.810625 0.047500 0.043750
0 0.928750 0.193750 0.082500 0.082500
0 0.944375 0.753125 0.078750 0.078750
0 0.946875 0.481875 0.046250 0.046250
0 0.488750 0.781250 0.075000 0.075000
0 0.352500 0.920000 0.062500 0.062500
0 0.506875 0.036250 0.058750 0.047500
0 0.396875 0.383750 0.061250 0.050000
0 0.080000 0.486250 0.050000 0.040000
0 0.878125 0.663125 0.098750 0.081250
0 0.071875 0.690625 0.026250 0.026250
0 0.590000 0.850000 0.085000 0.085000
0 0.240000 0.277500 0.072500 0.067500
0 0.673125 0.074375 0.091250 0.091250
0 0.883750 0.313750 0.062500 0.062500
0 0.694375 0.616875 0.058750 0.058750
0 0.752500 0.357500 0.027500 0.030000
0 0.846875 0.536875 0.073750 0.073750
0 0.602500 0.330000 0.062500 0.062500
0 0.783750 0.062500 0.080000 0.080000
0 0.297500 0.042500 0.047500 0.047500
0 0.829375 0.783125 0.061250 0.061250
0 0.308750 0.686250 0.052500 0.042500
0 0.851250 0.933125 0.097500 0.078750
0 0.575000 0.747500 0.075000 0.075000
0 0.142500 0.486250 0.055000 0.055000
0 0.517500 0.200000 0.072500 0.072500
0 0.046250 0.580625 0.042500 0.038750
0 0.845625 0.031875 0.026250 0.026250
0 0.395000 0.285000 0.025000 0.025000
0 0.495000 0.113750 0.067500 0.067500