0 0.622500 0.532500 0.060000 0.060000
0 0.353750 0.137500 0.062500 0.062500
0 0.210625 0.849375 0.086250 0.086250
0 0.206250 0.402500 0.107500 0.107500
0 0.457500 0.317500 0.082500 0.082500
0 0.516250 0.411875 0.052500 0.051250
0 0.090625 0.448125 0.093750 0.093750
0 0.597500 0.267500 0.065000 0.065000
0 0.138750 0.193750 0.057500 0.057500
0 0.505000 0.917500 0.070000 0.070000
0 0.424375 0.093125 0.061250 0.061250
0 0.147500 0.662500 0.060000 0.060000
0 0.061875 0.573125 0.031250 0.031250
0 0.938750 0.445625 0.072500 0.066250
0 0.948125 0.661250 0.041250 0.040000
0 0.906250 0.260625 0.040000 0.038750
0 0.746250 0.240000 0.077500 0.077500
0 0.362500 0.687500 0.087500 0.087500
0 0.340625 0.566875 0.088750 0.088750
0 0.873750 0.648750 0.090000 0.090000
0 0.809375 0.878125 0.088750 0.168750
0 0.293125 0.790000 0.048750 0.092500
0 0.418125 0.882500 0.076250 0.145000
0 0.798750 0.096250 0.095000 0.095000
0 0.313125 0.894375 0.031250 0.031250
0 0.600000 0.846250 0.082500 0.082500
0 0.257500 0.152500 0.110000 0.110000
0 0.696875 0.376875 0.096250 0.093750
0 0.408125 0.459375 0.076250 0.073750
0 0.841875 0.550625 0.091250 0.088750
0 0.547500 0.731875 0.032500 0.031250
0 0.082500 0.087500 0.082500 0.082500
0 0.538750 0.572500 0.085000 0.092500
0 0.680625 0.735000 0.091250 0.100000
0 0.044375 0.774375 0.051250 0.056250
0 0.196250 0.568125 0.090000 0.098750
0 0.461250 0.533750 0.035000 0.035000
0 0.325625 0.484375 0.056250 0.056250
0 0.330000 0.313750 0.090000 0.090000
0 0.736875 0.609375 0.048750 0.048750
0 0.926875 0.906875 0.098750 0.098750
0 0.371875 0.240625 0.036250 0.036250
0 0.478125 0.704375 0.068750 0.068750
0 0.267500 0.038750 0.035000 0.035000
0 0.149375 0.934375 0.033750 0.033750
0 0.623750 0.070000 0.102500 0.102500
0 0.502500 0.195000 0.105000 0.105000
0 0.083125 0.327500 0.071250 0.070000
0 0.805625 0.365000 0.098750 0.087500
0 0.081250 0.880000 0.067500 0.067500
0 0.913750 0.170000 0.100000 0.100000
0 0.695000 0.894375 0.055000 0.018750
0 0.581875 0.411250 0.046250 0.015000
0 0.806875 0.766875 0.056250 0.018750
0 0.073750 0.656875 0.070000 0.068750
0 0.200625 0.752500 0.038750 0.037500
0 0.843750 0.286875 0.045000 0.043750
0 0.819375 0.454375 0.073750 0.073750
0 0.666250 0.940000 0.027500 0.027500
0 0.658125 0.176250 0.061250 0.057500
0 0.948125 0.736875 0.028750 0.026250
0 0.875625 0.056250 0.033750 0.030000
0 0.585000 0.670000 0.047500 0.042500
0 0.710000 0.476250 0.072500 0.070000
0 0.886250 0.343125 0.047500 0.046250
0 0.523750 0.093750 0.067500 0.067500
0 0.106875 0.761250 0.046250 0.055000
0 0.212500 0.283750 0.092500 0.092500
0 0.660000 0.635000 0.082500 0.082500
0 0.113750 0.568125 0.035000 0.063750
0 0.921250 0.055000 0.042500 0.077500
0 0.266875 0.572500 0.028750 0.052500
0 0.960000 0.388750 0.032500 0.032500
0 0.580000 0.953750 0.035000 0.035000
0 0.506875 0.830625 0.046250 0.046250
0 0.812500 0.220000 0.025000 0.025000
0 0.164375 0.116250 0.031250 0.030000