0 0.111875 0.291875 0.073750 0.071250
0 0.256875 0.513125 0.073750 0.071250
0 0.371875 0.456250 0.026250 0.025000
0 0.390625 0.916875 0.091250 0.091250
0 0.909375 0.038125 0.026250 0.026250
0 0.698125 0.200625 0.083750 0.076250
0 0.824375 0.338125 0.036250 0.036250
0 0.570000 0.277500 0.025000 0.025000
0 0.412500 0.102500 0.072500 0.072500
0 0.141875 0.822500 0.026250 0.027500
0 0.714375 0.319375 0.078750 0.078750
0 0.884375 0.724375 0.093750 0.093750
0 0.344375 0.136875 0.041250 0.028750
0 0.149375 0.127500 0.028750 0.022500
0 0.708750 0.402500 0.055000 0.045000
0 0.814375 0.587500 0.083750 0.067500
0 0.379375 0.386875 0.081250 0.066250
0 0.155000 0.736250 0.055000 0.055000
0 0.703125 0.655000 0.083750 0.095000
0 0.878125 0.877500 0.068750 0.077500
0 0.662500 0.526875 0.102500 0.116250
0 0.481250 0.703750 0.042500 0.042500
0 0.469375 0.495625 0.031250 0.031250
0 0.397500 0.223125 0.042500 0.041250
0 0.581250 0.686250 0.102500 0.140000
0 0.450000 0.430625 0.025000 0.033750
0 0.823125 0.460625 0.066250 0.066250
0 0.769375 0.088125 0.106250 0.106250
0 0.626250 0.832500 0.107500 0.107500
0 0.148125 0.430625 0.111250 0.111250
0 0.304375 0.958125 0.028750 0.023750
0 0.449375 0.284375 0.061250 0.051250
0 0.246875 0.702500 0.048750 0.040000
0 0.435000 0.543750 0.055000 0.050000
0 0.072500 0.171875 0.090000 0.081250
0 0.386875 0.658125 0.056250 0.081250
0 0.453125 0.621875 0.058750 0.058750
0 0.908125 0.337500 0.108750 0.110000
0 0.569375 0.333125 0.048750 0.048750
0 0.496875 0.896875 0.101250 0.101250
0 0.096250 0.628750 0.102500 0.102500
0 0.058750 0.056250 0.065000 0.065000
0 0.560000 0.132500 0.047500 0.047500
0 0.400625 0.591875 0.026250 0.026250
0 0.491875 0.210625 0.043750 0.043750