0 0.288125 0.696250 0.108750 0.117500
0 0.699375 0.731875 0.096250 0.096250
0 0.361875 0.230625 0.106250 0.106250
0 0.538750 0.073750 0.082500 0.082500
0 0.680625 0.098125 0.048750 0.048750
0 0.915000 0.322500 0.097500 0.097500
0 0.625625 0.559375 0.106250 0.106250
0 0.566250 0.721250 0.060000 0.060000
0 0.085625 0.092500 0.068750 0.082500
0 0.616250 0.203125 0.032500 0.031250
0 0.521250 0.825000 0.052500 0.047500
0 0.233125 0.309375 0.053750 0.053750
0 0.758750 0.092500 0.052500 0.057500
0 0.303750 0.062500 0.030000 0.030000
0 0.454375 0.066875 0.036250 0.036250
0 0.151250 0.945000 0.030000 0.030000
0 0.330625 0.959375 0.026250 0.031250
0 0.465625 0.635625 0.051250 0.048750
0 0.151875 0.095625 0.046250 0.043750
0 0.229375 0.421250 0.033750 0.032500
0 0.788750 0.687500 0.057500 0.057500
0 0.436250 0.381250 0.065000 0.065000
0 0.308750 0.586250 0.085000 0.085000
0 0.798125 0.319375 0.063750 0.063750
0 0.396875 0.823125 0.043750 0.043750
0 0.460000 0.573750 0.040000 0.040000
0 0.886250 0.222500 0.035000 0.040000
0 0.806875 0.505000 0.063750 0.077500
0 0.937500 0.775000 0.097500 0.095000
0 0.968750 0.076875 0.032500 0.031250
0 0.489375 0.268125 0.108750 0.106250
0 0.246875 0.956250 0.038750 0.037500
0 0.538750 0.168750 0.077500 0.077500
0 0.233125 0.218125 0.096250 0.096250
0 0.343125 0.313125 0.028750 0.028750
0 0.685625 0.348125 0.093750 0.093750
0 0.200625 0.581875 0.078750 0.051250
0 0.148125 0.805625 0.076250 0.076250
0 0.840625 0.950625 0.041250 0.041250
0 0.427500 0.478750 0.110000 0.110000
0 0.673750 0.936250 0.055000 0.055000
0 0.338125 0.488125 0.051250 0.051250
0 0.885625 0.636875 0.093750 0.093750
0 0.128750 0.291250 0.095000 0.095000
0 0.132500 0.890000 0.045000 0.045000
0 0.736250 0.193750 0.075000 0.075000
0 0.100625 0.670625 0.033750 0.033750
0 0.328125 0.143750 0.026250 0.047500
0 0.620625 0.764375 0.026250 0.021250
0 0.053125 0.562500 0.058750 0.047500
0 0.913125 0.497500 0.093750 0.092500
0 0.156250 0.520000 0.040000 0.040000
0 0.138125 0.414375 0.028750 0.028750
0 0.239375 0.496875 0.068750 0.068750
0 0.395625 0.594375 0.046250 0.046250
0 0.919375 0.921875 0.098750 0.098750
0 0.903750 0.175000 0.032500 0.032500
0 0.284375 0.813125 0.036250 0.036250
0 0.871250 0.092500 0.100000 0.110000
0 0.598125 0.255000 0.041250 0.045000
0 0.509375 0.362500 0.061250 0.067500
0 0.054375 0.919375 0.078750 0.086250
0 0.617500 0.821875 0.070000 0.056250
0 0.433750 0.698750 0.052500 0.052500
0 0.213750 0.376250 0.030000 0.030000
0 0.736250 0.842500 0.030000 0.030000
0 0.236250 0.036250 0.040000 0.040000
0 0.754375 0.604375 0.081250 0.081250
0 0.158750 0.707500 0.050000 0.050000
0 0.106875 0.210625 0.043750 0.043750
0 0.065625 0.460625 0.096250 0.096250
0 0.570000 0.461875 0.047500 0.048750
0 0.816875 0.795625 0.098750 0.098750
0 0.300625 0.403750 0.046250 0.037500