0 0.645000 0.735000 0.077500 0.072500
0 0.880625 0.881250 0.096250 0.090000
0 0.656875 0.902500 0.031250 0.027500
0 0.755000 0.158125 0.035000 0.031250
0 0.371875 0.722500 0.061250 0.055000
0 0.556250 0.613125 0.062500 0.056250
0 0.640625 0.504375 0.068750 0.068750
0 0.509375 0.825625 0.101250 0.071250
0 0.866875 0.187500 0.088750 0.062500
0 0.725000 0.293125 0.097500 0.068750
0 0.088750 0.346875 0.070000 0.048750
0 0.218125 0.518125 0.088750 0.088750
0 0.358125 0.328125 0.083750 0.083750
0 0.067500 0.497500 0.027500 0.027500
0 0.589375 0.187500 0.093750 0.077500
0 0.525000 0.056250 0.042500 0.042500
0 0.042500 0.423125 0.032500 0.031250
0 0.916875 0.526875 0.043750 0.043750
0 0.153750 0.722500 0.045000 0.045000
0 0.947500 0.355000 0.030000 0.030000
0 0.538125 0.446875 0.086250 0.086250
0 0.123750 0.272500 0.085000 0.085000
0 0.333125 0.203125 0.026250 0.026250
0 0.905625 0.696875 0.071250 0.071250
0 0.782500 0.536250 0.102500 0.102500
0 0.706875 0.849375 0.033750 0.036250
0 0.276250 0.093750 0.112500 0.112500
0 0.230000 0.345000 0.075000 0.075000
0 0.333125 0.534375 0.088750 0.088750
0 0.275625 0.706875 0.103750 0.103750
0 0.377500 0.865000 0.112500 0.112500
0 0.615000 0.317500 0.085000 0.085000
0 0.222500 0.870000 0.072500 0.072500
0 0.675000 0.635000 0.065000 0.065000
0 0.434375 0.639375 0.083750 0.083750
0 0.431875 0.504375 0.076250 0.076250
0 0.906875 0.083125 0.108750 0.108750
0 0.118125 0.816875 0.106250 0.106250
0 0.093750 0.125625 0.090000 0.091250
0 0.527500 0.527500 0.045000 0.045000
0 0.401875 0.174375 0.068750 0.068750
0 0.636250 0.096250 0.060000 0.060000
0 0.918750 0.621250 0.042500 0.042500
0 0.618125 0.823125 0.043750 0.043750
0 0.468750 0.276250 0.087500 0.087500
0 0.863750 0.396250 0.075000 0.075000
0 0.947500 0.462500 0.040000 0.040000
0 0.537500 0.711250 0.085000 0.085000
0 0.310625 0.402500 0.031250 0.032500
0 0.705625 0.185000 0.028750 0.020000
0 0.681250 0.401875 0.047500 0.033750
0 0.407500 0.107500 0.037500 0.035000
0 0.044375 0.690000 0.028750 0.027500
0 0.966875 0.245000 0.036250 0.035000
0 0.740000 0.070000 0.100000 0.097500
0 0.146875 0.633125 0.068750 0.068750
0 0.810000 0.758750 0.092500 0.092500
0 0.255000 0.242500 0.047500 0.047500
0 0.392500 0.403750 0.042500 0.042500
0 0.790000 0.641250 0.060000 0.067500
0 0.941250 0.781875 0.035000 0.033750
0 0.110000 0.910625 0.052500 0.051250
0 0.444375 0.423750 0.036250 0.035000
0 0.528125 0.896875 0.048750 0.041250
0 0.779375 0.858125 0.053750 0.043750
0 0.764375 0.440000 0.091250 0.075000
0 0.875000 0.272500 0.070000 0.065000
0 0.480000 0.353750 0.050000 0.050000
0 0.465000 0.083750 0.062500 0.062500
0 0.771250 0.933125 0.047500 0.043750
0 0.551250 0.111250 0.030000 0.030000
0 0.493750 0.162500 0.050000 0.050000
0 0.444375 0.705625 0.028750 0.028750
0 0.543125 0.288125 0.038750 0.041250
0 0.178750 0.150625 0.052500 0.056250
0 0.301875 0.449375 0.041250 0.041250
0 0.720000 0.226250 0.035000 0.035000
0 0.131875 0.414375 0.058750 0.058750
0 0.723125 0.748125 0.058750 0.058750