0 0.137500 0.605000 0.110000 0.122500
0 0.295000 0.720625 0.040000 0.043750
0 0.474375 0.533125 0.111250 0.123750
0 0.530000 0.889375 0.057500 0.063750
0 0.762500 0.062500 0.085000 0.085000
0 0.875000 0.567500 0.072500 0.072500
0 0.550000 0.656250 0.035000 0.035000
0 0.518750 0.074375 0.090000 0.078750
0 0.071250 0.892500 0.097500 0.097500
0 0.195000 0.705000 0.042500 0.042500
0 0.795625 0.820625 0.088750 0.088750
0 0.870625 0.244375 0.048750 0.048750
0 0.748750 0.630000 0.092500 0.072500
0 0.397500 0.277500 0.055000 0.055000
0 0.687500 0.808750 0.112500 0.112500
0 0.318125 0.841875 0.111250 0.111250
0 0.503125 0.754375 0.083750 0.098750
0 0.201250 0.106250 0.105000 0.097500
0 0.138125 0.783125 0.096250 0.088750
0 0.255000 0.408125 0.092500 0.086250
0 0.229375 0.633125 0.058750 0.058750
0 0.481875 0.397500 0.066250 0.062500
0 0.085000 0.167500 0.067500 0.067500
0 0.350625 0.625625 0.031250 0.031250
0 0.691875 0.484375 0.086250 0.086250
0 0.638125 0.690625 0.026250 0.026250
0 0.848750 0.377500 0.095000 0.092500
0 0.649375 0.321875 0.096250 0.096250
0 0.886250 0.723750 0.075000 0.075000
0 0.430625 0.914375 0.071250 0.071250
0 0.533750 0.172500 0.087500 0.087500
0 0.616875 0.184375 0.051250 0.051250
0 0.367500 0.146250 0.050000 0.060000
0 0.136875 0.354375 0.086250 0.086250
0 0.387500 0.721250 0.102500 0.102500
0 0.670000 0.106250 0.085000 0.085000
0 0.133750 0.468750 0.087500 0.087500
0 0.354375 0.543125 0.086250 0.086250
0 0.933125 0.855625 0.066250 0.066250
0 0.383125 0.388125 0.101250 0.101250
0 0.260000 0.261250 0.105000 0.105000
0 0.835000 0.488750 0.070000 0.070000
0 0.749375 0.360625 0.036250 0.036250
0 0.775625 0.927500 0.098750 0.092500
0 0.501250 0.273750 0.100000 0.100000
0 0.420625 0.200000 0.041250 0.040000
0 0.941875 0.235625 0.071250 0.071250
0 0.888750 0.108750 0.052500 0.052500
0 0.070000 0.057500 0.077500 0.077500
0 0.264375 0.494375 0.051250 0.051250
0 0.453750 0.142500 0.035000 0.035000
0 0.864375 0.661875 0.033750 0.033750
0 0.790000 0.242500 0.072500 0.072500
0 0.575000 0.518750 0.075000 0.085000
0 0.920625 0.663125 0.026250 0.028750
0 0.685625 0.921875 0.066250 0.046250
0 0.944375 0.443750 0.081250 0.057500
0 0.703125 0.551250 0.038750 0.027500
0 0.054375 0.245000 0.051250 0.055000
0 0.200625 0.885625 0.096250 0.096250
0 0.325625 0.084375 0.036250 0.033750
0 0.943750 0.543750 0.042500 0.040000
0 0.033125 0.632500 0.033750 0.032500
0 0.700000 0.225000 0.040000 0.037500
0 0.431250 0.842500 0.092500 0.055000
0 0.786250 0.751250 0.037500 0.022500
0 0.164375 0.206875 0.068750 0.068750
0 0.938125 0.081875 0.026250 0.026250
0 0.649375 0.614375 0.073750 0.073750
0 0.958125 0.734375 0.053750 0.058750
0 0.746875 0.403750 0.031250 0.027500
0 0.067500 0.312500 0.037500 0.037500
0 0.123750 0.695000 0.037500 0.037500
0 0.857500 0.053750 0.042500 0.042500
0 0.890625 0.943125 0.063750 0.063750
0 0.942500 0.371250 0.057500 0.057500