0 0.116250 0.795000 0.025000 0.025000
0 0.521875 0.725625 0.078750 0.078750
0 0.144375 0.646875 0.028750 0.026250
0 0.221250 0.479375 0.050000 0.036250
0 0.915625 0.954375 0.046250 0.033750
0 0.705000 0.471250 0.062500 0.045000
0 0.525625 0.612500 0.091250 0.092500
0 0.065625 0.357500 0.038750 0.042500
0 0.951250 0.588750 0.045000 0.050000
0 0.700625 0.571250 0.081250 0.090000
0 0.380000 0.698750 0.102500 0.102500
0 0.862500 0.290000 0.050000 0.050000
0 0.555625 0.818125 0.061250 0.061250
0 0.836875 0.611875 0.073750 0.073750
0 0.893750 0.232500 0.025000 0.025000
0 0.089375 0.836875 0.033750 0.033750
0 0.487500 0.271875 0.050000 0.048750
0 0.790625 0.380000 0.038750 0.037500
0 0.701250 0.916875 0.030000 0.028750
0 0.048750 0.418125 0.035000 0.033750
0 0.880000 0.126875 0.102500 0.098750
0 0.694375 0.224375 0.041250 0.038750
0 0.263125 0.599375 0.106250 0.106250
0 0.250000 0.307500 0.062500 0.062500
0 0.144375 0.478125 0.031250 0.031250
0 0.068125 0.211875 0.108750 0.108750
0 0.287500 0.946875 0.057500 0.053750
0 0.253750 0.091875 0.102500 0.106250
0 0.781875 0.865625 0.108750 0.108750
0 0.477500 0.405000 0.100000 0.100000
0 0.584375 0.951875 0.026250 0.026250
0 0.582500 0.245000 0.100000 0.100000
0 0.654375 0.370625 0.101250 0.101250
0 0.850625 0.455625 0.078750 0.078750
0 0.415625 0.086875 0.088750 0.088750
0 0.105625 0.928125 0.056250 0.056250
0 0.340000 0.303750 0.080000 0.080000
0 0.299375 0.863125 0.098750 0.098750
0 0.744375 0.734375 0.061250 0.061250
0 0.186875 0.231875 0.048750 0.076250
0 0.058750 0.657500 0.092500 0.145000
0 0.576875 0.106875 0.083750 0.131250
0 0.675000 0.669375 0.055000 0.086250
0 0.727500 0.166875 0.045000 0.041250
0 0.494375 0.961250 0.036250 0.025000
0 0.848750 0.697500 0.110000 0.077500
0 0.900625 0.572500 0.026250 0.025000
0 0.468125 0.489375 0.048750 0.048750
0 0.752500 0.063125 0.032500 0.038750
0 0.925625 0.818750 0.088750 0.107500
0 0.174375 0.588750 0.056250 0.057500
0 0.578750 0.492500 0.047500 0.047500
0 0.419375 0.910000 0.068750 0.070000
0 0.153750 0.396250 0.035000 0.035000
0 0.650000 0.853750 0.050000 0.050000
0 0.249375 0.723125 0.081250 0.081250
0 0.278750 0.195000 0.025000 0.025000
0 0.313750 0.456250 0.050000 0.062500
0 0.788750 0.300625 0.080000 0.081250
0 0.058750 0.507500 0.087500 0.102500
0 0.341875 0.037500 0.041250 0.040000
0 0.227500 0.412500 0.075000 0.075000
0 0.908125 0.357500 0.098750 0.065000
0 0.433125 0.196250 0.108750 0.072500
0 0.704375 0.116875 0.043750 0.038750
0 0.656875 0.078125 0.033750 0.028750
0 0.488125 0.824375 0.058750 0.051250
0 0.128125 0.073125 0.098750 0.098750
0 0.426875 0.794375 0.043750 0.043750
0 0.399375 0.485625 0.031250 0.038750
0 0.198125 0.888125 0.068750 0.068750
0 0.170000 0.517500 0.030000 0.030000
0 0.935625 0.480000 0.073750 0.067500
0 0.348750 0.186875 0.032500 0.038750
0 0.400000 0.435625 0.035000 0.033750
0 0.036250 0.792500 0.045000 0.045000
0 0.416250 0.600000 0.047500 0.047500