0 0.428750 0.892500 0.110000 0.110000
0 0.619375 0.909375 0.058750 0.058750
0 0.873750 0.224375 0.030000 0.028750
0 0.823750 0.580000 0.067500 0.067500
0 0.681875 0.254375 0.031250 0.031250
0 0.604375 0.411875 0.053750 0.053750
0 0.342500 0.305000 0.095000 0.095000
0 0.528125 0.888125 0.043750 0.043750
0 0.274375 0.657500 0.063750 0.045000
0 0.811250 0.935000 0.045000 0.032500
0 0.397500 0.607500 0.042500 0.042500
0 0.933750 0.468750 0.097500 0.097500
0 0.309375 0.415625 0.051250 0.051250
0 0.617500 0.627500 0.105000 0.105000
0 0.266250 0.177500 0.100000 0.100000
0 0.539375 0.135625 0.106250 0.106250
0 0.108125 0.578125 0.098750 0.098750
0 0.091875 0.734375 0.026250 0.026250
0 0.721875 0.664375 0.033750 0.036250
0 0.071250 0.175000 0.067500 0.065000
0 0.596875 0.520625 0.038750 0.036250
0 0.815000 0.705000 0.055000 0.055000
0 0.930000 0.808750 0.080000 0.080000
0 0.129375 0.339375 0.093750 0.093750
0 0.730625 0.823125 0.101250 0.101250
0 0.453125 0.530625 0.038750 0.028750
0 0.513750 0.255000 0.050000 0.037500
0 0.297500 0.723125 0.092500 0.068750
0 0.785000 0.171250 0.067500 0.050000
0 0.714375 0.548125 0.071250 0.066250
0 0.395625 0.473750 0.043750 0.040000
0 0.675000 0.058750 0.077500 0.072500
0 0.084375 0.885625 0.093750 0.093750
0 0.935625 0.030625 0.028750 0.028750
0 0.821875 0.455625 0.081250 0.081250
0 0.393125 0.159375 0.088750 0.088750
0 0.507500 0.364375 0.107500 0.111250
0 0.083750 0.081250 0.070000 0.070000
0 0.185625 0.868750 0.041250 0.047500
0 0.227500 0.303750 0.085000 0.085000
0 0.210000 0.572500 0.055000 0.052500
0 0.928125 0.353125 0.103750 0.103750
0 0.444375 0.730625 0.093750 0.093750
0 0.126250 0.453750 0.110000 0.110000
0 0.380625 0.058125 0.073750 0.073750
0 0.322500 0.836250 0.082500 0.082500
0 0.836250 0.087500 0.080000 0.070000
0 0.911875 0.934375 0.063750 0.056250
0 0.707500 0.327500 0.082500 0.082500
0 0.444375 0.804375 0.031250 0.031250
0 0.497500 0.597500 0.057500 0.057500
0 0.048750 0.718750 0.025000 0.025000
0 0.040625 0.418125 0.026250 0.026250
0 0.623125 0.819375 0.056250 0.056250
0 0.315625 0.547500 0.081250 0.075000
0 0.618125 0.280625 0.066250 0.091250
0 0.655000 0.128750 0.052500 0.052500
0 0.927500 0.642500 0.090000 0.075000
0 0.218750 0.422500 0.030000 0.025000
0 0.750625 0.396250 0.033750 0.027500
0 0.287500 0.057500 0.072500 0.060000
0 0.833125 0.795000 0.046250 0.050000
0 0.170625 0.715625 0.111250 0.111250
0 0.526875 0.824375 0.063750 0.063750
0 0.180000 0.180000 0.055000 0.055000
0 0.618125 0.741250 0.091250 0.067500
0 0.164375 0.059375 0.071250 0.068750
0 0.053125 0.956250 0.026250 0.025000
0 0.687500 0.393750 0.035000 0.027500
0 0.728750 0.481250 0.035000 0.027500
0 0.536250 0.681875 0.025000 0.018750
0 0.524375 0.473125 0.041250 0.041250
0 0.823750 0.866250 0.067500 0.067500
0 0.806875 0.318125 0.088750 0.088750
0 0.916250 0.106250 0.055000 0.055000
0 0.713125 0.158125 0.026250 0.026250
0 0.546875 0.939375 0.028750 0.028750
0 0.288750 0.935625 0.072500 0.058750
0 0.441875 0.264375 0.033750 0.033750
0 0.898750 0.562500 0.040000 0.040000
0 0.076875 0.796875 0.036250 0.033750
0 0.446875 0.463125 0.031250 0.023750
0 0.341250 0.371875 0.027500 0.021250
0 0.526875 0.036875 0.063750 0.048750
0 0.432500 0.225000 0.027500 0.022500
0 0.736875 0.726875 0.061250 0.063750
0 0.964375 0.726250 0.031250 0.032500