0 0.183125 0.886875 0.038750 0.038750
0 0.603125 0.746875 0.073750 0.073750
0 0.939375 0.416875 0.061250 0.061250
0 0.113125 0.484375 0.063750 0.061250
0 0.687500 0.360000 0.035000 0.035000
0 0.522500 0.468125 0.055000 0.061250
0 0.330625 0.516875 0.061250 0.068750
0 0.311875 0.751875 0.061250 0.068750
0 0.295625 0.340625 0.103750 0.101250
0 0.509375 0.609375 0.108750 0.106250
0 0.404375 0.876875 0.053750 0.053750
0 0.812500 0.606250 0.052500 0.052500
0 0.761875 0.505625 0.083750 0.083750
0 0.654375 0.136875 0.066250 0.123750
0 0.645000 0.911875 0.067500 0.126250
0 0.776250 0.328125 0.065000 0.121250
0 0.302500 0.910000 0.095000 0.087500
0 0.103750 0.903125 0.087500 0.081250
0 0.413750 0.033125 0.040000 0.036250
0 0.198750 0.595000 0.075000 0.070000
0 0.912500 0.698750 0.072500 0.072500
0 0.568750 0.334375 0.057500 0.053750
0 0.056875 0.167500 0.073750 0.070000
0 0.115625 0.667500 0.076250 0.072500
0 0.046875 0.697500 0.033750 0.035000
0 0.086250 0.270000 0.112500 0.102500
0 0.920625 0.333125 0.086250 0.078750
0 0.593125 0.467500 0.053750 0.035000
0 0.172500 0.068750 0.092500 0.092500
0 0.779375 0.736875 0.043750 0.043750
0 0.456250 0.257500 0.105000 0.105000
0 0.682500 0.305000 0.042500 0.042500
0 0.623125 0.629375 0.103750 0.103750
0 0.911875 0.910625 0.066250 0.066250
0 0.361250 0.116250 0.025000 0.047500
0 0.187500 0.293750 0.045000 0.040000
0 0.498750 0.164375 0.070000 0.061250
0 0.778750 0.173125 0.077500 0.068750
0 0.919375 0.140625 0.053750 0.053750
0 0.729375 0.666875 0.081250 0.081250
0 0.832500 0.420000 0.032500 0.032500
0 0.459375 0.898125 0.028750 0.028750
0 0.261250 0.150000 0.035000 0.035000
0 0.195625 0.206875 0.061250 0.061250
0 0.471875 0.374375 0.098750 0.098750
0 0.140625 0.781875 0.088750 0.088750
0 0.338750 0.628125 0.082500 0.086250
0 0.453125 0.756250 0.091250 0.095000
0 0.727500 0.100000 0.052500 0.052500
0 0.750000 0.930000 0.040000 0.040000
0 0.776250 0.810000 0.075000 0.075000
0 0.856250 0.125000 0.052500 0.052500