0 0.351250 0.113750 0.035000 0.035000
0 0.788125 0.674375 0.073750 0.073750
0 0.406875 0.539375 0.033750 0.033750
0 0.929375 0.721875 0.043750 0.043750
0 0.088750 0.341250 0.107500 0.107500
0 0.460625 0.598125 0.063750 0.063750
0 0.756250 0.508750 0.092500 0.092500
0 0.045625 0.252500 0.043750 0.042500
0 0.485000 0.868125 0.100000 0.128750
0 0.332500 0.671250 0.095000 0.122500
0 0.624375 0.628125 0.053750 0.068750
0 0.100000 0.875000 0.107500 0.075000
0 0.488750 0.157500 0.050000 0.057500
0 0.146875 0.182500 0.063750 0.062500
0 0.381250 0.327500 0.085000 0.085000
0 0.786875 0.843125 0.088750 0.088750
0 0.503125 0.716250 0.073750 0.072500
0 0.570000 0.233125 0.065000 0.073750
0 0.141875 0.942500 0.036250 0.035000
0 0.243750 0.516875 0.087500 0.081250
0 0.726875 0.125625 0.053750 0.068750
0 0.621250 0.550625 0.040000 0.041250
0 0.876250 0.454375 0.050000 0.051250
0 0.679375 0.859375 0.076250 0.078750
0 0.136250 0.707500 0.062500 0.062500
0 0.193750 0.298750 0.077500 0.077500
0 0.406875 0.185625 0.076250 0.076250
0 0.276875 0.078750 0.046250 0.045000
0 0.114375 0.031875 0.031250 0.028750
0 0.896875 0.863750 0.038750 0.035000
0 0.071250 0.176250 0.070000 0.062500
0 0.855000 0.161250 0.080000 0.072500
0 0.232500 0.853750 0.100000 0.090000
0 0.585000 0.725000 0.070000 0.070000
0 0.770625 0.330625 0.106250 0.106250
0 0.590000 0.371250 0.112500 0.112500
0 0.940000 0.325000 0.040000 0.040000
0 0.454375 0.460625 0.088750 0.088750
0 0.623125 0.124375 0.058750 0.058750
0 0.244375 0.396875 0.086250 0.086250
0 0.378125 0.791875 0.078750 0.078750
0 0.288125 0.266250 0.078750 0.080000
0 0.931250 0.645625 0.090000 0.091250
0 0.364375 0.423750 0.061250 0.062500
0 0.351250 0.890625 0.090000 0.076250
0 0.161250 0.101250 0.082500 0.070000
0 0.782500 0.931250 0.027500 0.027500
0 0.548125 0.118125 0.038750 0.038750
0 0.708125 0.609375 0.063750 0.063750
0 0.546875 0.580625 0.071250 0.071250
0 0.321250 0.567500 0.035000 0.035000
0 0.217500 0.660000 0.072500 0.072500
0 0.775625 0.761875 0.048750 0.048750
0 0.941875 0.243125 0.058750 0.058750
0 0.068125 0.465000 0.103750 0.082500
0 0.641875 0.226875 0.041250 0.041250
0 0.844375 0.068125 0.078750 0.078750
0 0.936250 0.110000 0.037500 0.037500
0 0.091250 0.075000 0.035000 0.037500
0 0.468125 0.049375 0.043750 0.043750
0 0.926250 0.557500 0.060000 0.057500
0 0.931250 0.935000 0.045000 0.045000
0 0.075625 0.615625 0.083750 0.083750
0 0.217500 0.757500 0.070000 0.070000
0 0.487500 0.306250 0.047500 0.047500
0 0.411250 0.105000 0.055000 0.070000
0 0.950625 0.475000 0.066250 0.085000
0 0.587500 0.866875 0.057500 0.073750
0 0.289375 0.148125 0.031250 0.026250
0 0.491875 0.235625 0.041250 0.041250
0 0.652500 0.935000 0.027500 0.027500
0 0.730625 0.215625 0.081250 0.081250
0 0.913125 0.778125 0.048750 0.046250
0 0.043125 0.706875 0.051250 0.051250
0 0.683125 0.318125 0.038750 0.038750
0 0.048125 0.780625 0.068750 0.068750
0 0.886875 0.956250 0.026250 0.022500