0 0.753750 0.281875 0.045000 0.043750
0 0.588125 0.440625 0.066250 0.071250
0 0.655000 0.212500 0.035000 0.037500
0 0.073125 0.793125 0.101250 0.108750
0 0.438750 0.796250 0.042500 0.045000
0 0.178125 0.621250 0.093750 0.050000
0 0.235000 0.861250 0.030000 0.030000
0 0.868750 0.200000 0.047500 0.047500
0 0.036875 0.486875 0.031250 0.031250
0 0.385625 0.658125 0.033750 0.033750
0 0.871250 0.456250 0.087500 0.087500
0 0.245000 0.358125 0.102500 0.101250
0 0.760625 0.700000 0.093750 0.132500
0 0.158750 0.531875 0.027500 0.038750
0 0.561250 0.700000 0.055000 0.077500
0 0.526250 0.176250 0.102500 0.102500
0 0.583125 0.596875 0.043750 0.041250
0 0.253125 0.138125 0.086250 0.081250
0 0.670625 0.897500 0.071250 0.067500
0 0.790625 0.115000 0.026250 0.025000
0 0.388750 0.588750 0.070000 0.065000
0 0.157500 0.924375 0.050000 0.046250
0 0.736875 0.509375 0.083750 0.078750
0 0.881250 0.741250 0.030000 0.027500
0 0.941250 0.877500 0.062500 0.062500
0 0.054375 0.564375 0.066250 0.066250
0 0.818125 0.050625 0.028750 0.028750
0 0.869375 0.565625 0.111250 0.111250
0 0.961875 0.083125 0.028750 0.028750
0 0.363125 0.284375 0.086250 0.086250
0 0.105000 0.098750 0.087500 0.087500
0 0.107500 0.437500 0.080000 0.092500
0 0.260000 0.054375 0.025000 0.028750
0 0.525000 0.315000 0.102500 0.117500
0 0.496250 0.490000 0.047500 0.047500
0 0.203125 0.730625 0.111250 0.111250
0 0.766875 0.336875 0.048750 0.048750
0 0.501250 0.573750 0.105000 0.105000
0 0.471250 0.881250 0.097500 0.097500
0 0.645000 0.767500 0.077500 0.077500
0 0.961250 0.552500 0.052500 0.052500
0 0.652500 0.617500 0.067500 0.067500
0 0.293750 0.718750 0.052500 0.067500
0 0.326250 0.843750 0.087500 0.112500
0 0.302500 0.647500 0.055000 0.055000
0 0.926875 0.666875 0.076250 0.076250
0 0.113750 0.231250 0.082500 0.092500
0 0.381875 0.722500 0.033750 0.040000
0 0.923125 0.296875 0.096250 0.096250
0 0.347500 0.492500 0.105000 0.105000
0 0.778125 0.809375 0.051250 0.051250
0 0.288750 0.925000 0.027500 0.027500
0 0.180000 0.575000 0.027500 0.027500
0 0.071250 0.912500 0.092500 0.092500
0 0.703125 0.134375 0.091250 0.091250
0 0.043750 0.260000 0.042500 0.042500
0 0.852500 0.942500 0.062500 0.062500
0 0.820625 0.295625 0.043750 0.046250
0 0.336875 0.179375 0.036250 0.038750
0 0.261250 0.547500 0.040000 0.042500
0 0.278125 0.251875 0.066250 0.066250
0 0.564375 0.819375 0.053750 0.053750
0 0.788750 0.417500 0.050000 0.050000
0 0.444375 0.095625 0.028750 0.028750
0 0.455000 0.691250 0.085000 0.085000
0 0.066875 0.326250 0.093750 0.075000
0 0.660625 0.342500 0.096250 0.087500
0 0.160000 0.307500 0.035000 0.035000
0 0.630000 0.525000 0.037500 0.037500
0 0.936875 0.172500 0.066250 0.067500
0 0.245000 0.477500 0.065000 0.065000
0 0.363750 0.371250 0.067500 0.067500
0 0.350625 0.079375 0.036250 0.036250
0 0.405000 0.041250 0.050000 0.050000
0 0.975000 0.442500 0.025000 0.025000
0 0.480625 0.035625 0.043750 0.043750
0 0.416875 0.164375 0.076250 0.083750
0 0.764375 0.931250 0.086250 0.075000
0 0.865000 0.841875 0.025000 0.021250
0 0.089375 0.678750 0.063750 0.055000
0 0.176875 0.861875 0.046250 0.046250
0 0.616250 0.128750 0.052500 0.052500
0 0.517500 0.432500 0.050000 0.050000
0 0.918125 0.800625 0.051250 0.051250
0 0.610625 0.060000 0.078750 0.062500
0 0.048750 0.217500 0.027500 0.027500
0 0.818125 0.239375 0.033750 0.033750
0 0.883750 0.130000 0.025000 0.025000
0 0.937500 0.735000 0.037500 0.030000
0 0.678125 0.265625 0.063750 0.051250
0 0.193750 0.230000 0.050000 0.050000