0 0.157500 0.206250 0.107500 0.107500
0 0.098750 0.918750 0.077500 0.077500
0 0.569375 0.648125 0.041250 0.041250
0 0.768750 0.241250 0.050000 0.050000
0 0.130625 0.521875 0.086250 0.086250
0 0.250625 0.583125 0.111250 0.113750
0 0.371875 0.882500 0.061250 0.062500
0 0.410625 0.646875 0.073750 0.073750
0 0.856250 0.208750 0.055000 0.055000
0 0.663750 0.396250 0.112500 0.112500
0 0.538125 0.260625 0.036250 0.036250
0 0.200000 0.710000 0.075000 0.060000
0 0.184375 0.420000 0.043750 0.035000
0 0.553125 0.820000 0.031250 0.025000
0 0.355000 0.336250 0.087500 0.070000
0 0.212500 0.075000 0.087500 0.087500
0 0.487500 0.363750 0.077500 0.077500
0 0.931250 0.792500 0.105000 0.105000
0 0.844375 0.060625 0.086250 0.086250
0 0.907500 0.606250 0.067500 0.067500
0 0.580000 0.130625 0.045000 0.053750
0 0.961250 0.940625 0.025000 0.026250
0 0.522500 0.483125 0.042500 0.043750
0 0.781250 0.430625 0.037500 0.038750
0 0.374375 0.431875 0.053750 0.053750
0 0.665625 0.209375 0.101250 0.101250
0 0.896250 0.497500 0.107500 0.107500
0 0.659375 0.308125 0.041250 0.041250
0 0.085000 0.632500 0.100000 0.100000
0 0.413750 0.135000 0.087500 0.045000
0 0.685000 0.100625 0.037500 0.018750
0 0.389375 0.808750 0.063750 0.032500
0 0.725000 0.535000 0.055000 0.040000
0 0.466250 0.051250 0.075000 0.055000
0 0.063125 0.421875 0.098750 0.071250
0 0.125000 0.803125 0.060000 0.061250
0 0.700625 0.843750 0.111250 0.067500
0 0.259375 0.155000 0.026250 0.015000
0 0.628750 0.553750 0.062500 0.037500
0 0.869375 0.929375 0.108750 0.066250
0 0.886250 0.295625 0.090000 0.096250
0 0.665625 0.661250 0.063750 0.067500
0 0.324375 0.235625 0.098750 0.098750
0 0.215625 0.915000 0.026250 0.020000
0 0.255000 0.805000 0.105000 0.087500
0 0.568125 0.911250 0.111250 0.072500
0 0.813750 0.647500 0.050000 0.050000
0 0.293125 0.694375 0.091250 0.091250
0 0.218125 0.334375 0.093750 0.093750
0 0.615000 0.850000 0.035000 0.032500
0 0.134375 0.053125 0.041250 0.041250
0 0.378750 0.732500 0.040000 0.040000
0 0.535625 0.736875 0.053750 0.053750
0 0.938750 0.098750 0.075000 0.075000
0 0.495000 0.156250 0.035000 0.035000
0 0.793125 0.140625 0.058750 0.058750
0 0.073125 0.150625 0.043750 0.041250
0 0.308750 0.892500 0.045000 0.045000
0 0.816875 0.802500 0.068750 0.070000
0 0.421875 0.213750 0.068750 0.082500
0 0.458125 0.510625 0.071250 0.083750
0 0.737500 0.929375 0.075000 0.088750
0 0.270000 0.458125 0.102500 0.121250
0 0.606875 0.057500 0.046250 0.055000
0 0.729375 0.773125 0.058750 0.058750
0 0.486875 0.605625 0.053750 0.016250
0 0.058125 0.251875 0.056250 0.051250
0 0.089375 0.305000 0.043750 0.040000
0 0.058125 0.068125 0.043750 0.043750
0 0.483125 0.894375 0.038750 0.038750
0 0.163750 0.860625 0.025000 0.023750
0 0.036250 0.488125 0.042500 0.041250
0 0.659375 0.776250 0.033750 0.040000
0 0.787500 0.331250 0.035000 0.042500
0 0.500625 0.814375 0.051250 0.051250
0 0.303125 0.061875 0.061250 0.061250
0 0.903750 0.398750 0.057500 0.057500
0 0.286875 0.941250 0.096250 0.030000