0 0.333750 0.715000 0.037500 0.042500
0 0.132500 0.266250 0.072500 0.082500
0 0.218750 0.670625 0.092500 0.126250
0 0.355625 0.324375 0.088750 0.121250
0 0.777500 0.828750 0.100000 0.137500
0 0.861875 0.657500 0.031250 0.042500
0 0.700625 0.630000 0.088750 0.085000
0 0.625625 0.234375 0.051250 0.048750
0 0.920625 0.500000 0.096250 0.092500
0 0.814375 0.139375 0.061250 0.068750
0 0.078750 0.414375 0.085000 0.091250
0 0.153750 0.043125 0.050000 0.053750
0 0.503125 0.624375 0.041250 0.043750
0 0.181250 0.491875 0.077500 0.083750
0 0.607500 0.650625 0.072500 0.071250
0 0.493125 0.109375 0.053750 0.053750
0 0.629375 0.910625 0.063750 0.063750
0 0.567500 0.816250 0.092500 0.092500
0 0.922500 0.931250 0.070000 0.070000
0 0.034375 0.273125 0.043750 0.043750
0 0.449375 0.938125 0.038750 0.038750
0 0.785000 0.362500 0.105000 0.105000
0 0.905000 0.761250 0.077500 0.077500
0 0.091250 0.698750 0.075000 0.075000
0 0.133750 0.880000 0.085000 0.085000
0 0.626875 0.389375 0.081250 0.081250
0 0.073125 0.136875 0.093750 0.093750
0 0.920000 0.150000 0.077500 0.077500
0 0.223125 0.229375 0.056250 0.056250
0 0.318750 0.806250 0.025000 0.025000
0 0.222500 0.940000 0.027500 0.027500
0 0.218750 0.025000 0.027500 0.025000
0 0.590625 0.549375 0.111250 0.111250
0 0.680000 0.148750 0.100000 0.100000
0 0.920625 0.281875 0.091250 0.088750
0 0.350625 0.480625 0.031250 0.031250
0 0.083125 0.533125 0.048750 0.048750
0 0.380000 0.137500 0.055000 0.055000
0 0.257500 0.531250 0.057500 0.057500
0 0.777500 0.493750 0.110000 0.110000
0 0.518750 0.331250 0.110000 0.110000
0 0.419375 0.791875 0.083750 0.083750
0 0.368125 0.900625 0.086250 0.086250
0 0.040000 0.606875 0.032500 0.036250
0 0.243125 0.103125 0.058750 0.066250
0 0.475625 0.532500 0.048750 0.055000
0 0.532500 0.230625 0.047500 0.041250
0 0.416250 0.697500 0.062500 0.062500
0 0.218750 0.868750 0.030000 0.030000
0 0.222500 0.378750 0.070000 0.070000
0 0.375000 0.608750 0.082500 0.082500
0 0.330000 0.430000 0.035000 0.035000
0 0.513750 0.702500 0.075000 0.075000
0 0.952500 0.401250 0.062500 0.082500
0 0.925000 0.608750 0.062500 0.062500
0 0.729375 0.254375 0.048750 0.048750
0 0.350625 0.215625 0.078750 0.078750
0 0.201875 0.560625 0.033750 0.033750
0 0.403125 0.060625 0.083750 0.083750
0 0.180000 0.781250 0.067500 0.067500
0 0.654375 0.820000 0.063750 0.065000
0 0.894375 0.062500 0.076250 0.077500
0 0.055000 0.933750 0.032500 0.032500
0 0.034375 0.563125 0.031250 0.031250
0 0.798750 0.607500 0.062500 0.062500
0 0.396250 0.435625 0.040000 0.031250
0 0.792500 0.248125 0.052500 0.081250
0 0.543750 0.426875 0.042500 0.033750
0 0.671250 0.736250 0.080000 0.080000
0 0.464375 0.245625 0.041250 0.041250
0 0.676250 0.052500 0.075000 0.072500
0 0.595625 0.076250 0.036250 0.035000
0 0.316250 0.070625 0.040000 0.038750
0 0.566875 0.162500 0.066250 0.070000
0 0.034375 0.225625 0.033750 0.033750
0 0.808125 0.036250 0.046250 0.030000
0 0.783125 0.941875 0.048750 0.031250
0 0.528125 0.918750 0.088750 0.057500
0 0.105000 0.611250 0.060000 0.060000
0 0.470625 0.448125 0.083750 0.083750
0 0.075000 0.771250 0.052500 0.052500