0 0.741875 0.675625 0.093750 0.093750
0 0.938750 0.100000 0.025000 0.025000
0 0.351250 0.405000 0.085000 0.085000
0 0.528750 0.883750 0.072500 0.072500
0 0.716875 0.815625 0.043750 0.043750
0 0.681875 0.405625 0.106250 0.106250
0 0.685625 0.910625 0.093750 0.093750
0 0.149375 0.879375 0.108750 0.108750
0 0.123750 0.272500 0.050000 0.050000
0 0.188125 0.404375 0.091250 0.091250
0 0.275625 0.678125 0.111250 0.111250
0 0.251875 0.117500 0.103750 0.085000
0 0.626875 0.266875 0.028750 0.026250
0 0.860000 0.504375 0.047500 0.066250
0 0.840000 0.589375 0.097500 0.056250
0 0.072500 0.646250 0.095000 0.095000
0 0.850000 0.198750 0.100000 0.100000
0 0.502500 0.585000 0.072500 0.072500
0 0.528750 0.331250 0.072500 0.072500
0 0.510625 0.190625 0.068750 0.068750
0 0.461250 0.746250 0.110000 0.110000
0 0.636875 0.203125 0.051250 0.051250
0 0.738125 0.231875 0.103750 0.103750
0 0.286250 0.875000 0.107500 0.107500
0 0.080000 0.078750 0.105000 0.105000
0 0.590000 0.316875 0.030000 0.028750
0 0.068750 0.552500 0.072500 0.072500
0 0.726875 0.043125 0.053750 0.053750
0 0.955625 0.735625 0.038750 0.038750
0 0.927500 0.905000 0.047500 0.047500
0 0.633125 0.630625 0.038750 0.038750
0 0.800625 0.828125 0.068750 0.068750
0 0.261250 0.048750 0.027500 0.027500
0 0.821875 0.298750 0.028750 0.027500
0 0.315625 0.286875 0.086250 0.083750
0 0.933125 0.593125 0.071250 0.068750
0 0.415625 0.891875 0.076250 0.076250
0 0.378750 0.521250 0.110000 0.110000
0 0.067500 0.328750 0.047500 0.047500
0 0.933750 0.447500 0.067500 0.067500
0 0.260625 0.544375 0.106250 0.106250
0 0.217500 0.045000 0.045000 0.045000
0 0.580625 0.766875 0.108750 0.108750
0 0.791875 0.928125 0.076250 0.076250
0 0.063750 0.435625 0.102500 0.133750
0 0.872500 0.734375 0.077500 0.073750
0 0.575625 0.445625 0.048750 0.056250
0 0.611875 0.546875 0.106250 0.103750
0 0.459375 0.295625 0.051250 0.051250
0 0.621250 0.085000 0.097500 0.097500
0 0.119375 0.753125 0.086250 0.086250
0 0.953125 0.208125 0.063750 0.038750
0 0.344375 0.058125 0.061250 0.058750
0 0.393750 0.272500 0.035000 0.032500
0 0.493750 0.078750 0.107500 0.117500
0 0.122500 0.199375 0.065000 0.066250
0 0.146250 0.653750 0.032500 0.032500
0 0.880000 0.826250 0.067500 0.072500
0 0.142500 0.523125 0.025000 0.026250
0 0.415625 0.210625 0.083750 0.058750
0 0.715625 0.099375 0.048750 0.033750
0 0.817500 0.415000 0.102500 0.072500
0 0.196875 0.308125 0.078750 0.078750
0 0.792500 0.070000 0.062500 0.062500
0 0.905625 0.358125 0.043750 0.031250
0 0.456250 0.381250 0.030000 0.030000
0 0.958125 0.270625 0.033750 0.041250
0 0.417500 0.633750 0.045000 0.055000
0 0.368750 0.764375 0.042500 0.033750
0 0.484375 0.498750 0.078750 0.060000
0 0.520625 0.952500 0.056250 0.042500
0 0.358125 0.146875 0.051250 0.038750
0 0.304375 0.768125 0.061250 0.046250
0 0.750625 0.760625 0.036250 0.031250
0 0.867500 0.053125 0.070000 0.061250
0 0.063750 0.269375 0.030000 0.023750
0 0.210625 0.208125 0.083750 0.081250
0 0.299375 0.185000 0.031250 0.030000
0 0.460625 0.426875 0.041250 0.041250
0 0.278750 0.385000 0.042500 0.042500
0 0.958125 0.150625 0.051250 0.051250