0 0.581875 0.521875 0.083750 0.083750
0 0.354375 0.443125 0.041250 0.041250
0 0.480000 0.753750 0.060000 0.060000
0 0.386250 0.188750 0.082500 0.082500
0 0.944375 0.851875 0.043750 0.043750
0 0.236250 0.206250 0.032500 0.032500
0 0.488750 0.502500 0.062500 0.062500
0 0.580000 0.833750 0.040000 0.040000
0 0.070000 0.375000 0.052500 0.050000
0 0.316875 0.763125 0.106250 0.106250
0 0.820000 0.436250 0.077500 0.077500
0 0.178125 0.093125 0.088750 0.088750
0 0.604375 0.088125 0.053750 0.053750
0 0.485000 0.215000 0.075000 0.075000
0 0.866250 0.297500 0.050000 0.050000
0 0.371875 0.064375 0.103750 0.103750
0 0.215000 0.375000 0.065000 0.065000
0 0.191875 0.659375 0.108750 0.108750
0 0.079375 0.256875 0.058750 0.058750
0 0.420000 0.931250 0.040000 0.040000
0 0.935000 0.447500 0.040000 0.040000
0 0.848750 0.801250 0.065000 0.065000
0 0.247500 0.490000 0.105000 0.105000
0 0.638125 0.709375 0.063750 0.063750
0 0.447500 0.845000 0.095000 0.095000
0 0.778125 0.339375 0.083750 0.083750
0 0.106875 0.529375 0.066250 0.066250
0 0.728125 0.551875 0.103750 0.103750
0 0.682500 0.338750 0.077500 0.077500
0 0.321250 0.855000 0.040000 0.040000
0 0.186875 0.958125 0.051250 0.031250
0 0.306875 0.377500 0.041250 0.025000
0 0.855625 0.588125 0.071250 0.066250
0 0.073750 0.116875 0.092500 0.086250
0 0.076875 0.798750 0.098750 0.092500
0 0.600000 0.905000 0.057500 0.057500
0 0.079375 0.650625 0.048750 0.048750
0 0.730625 0.224375 0.103750 0.103750
0 0.495000 0.951250 0.050000 0.040000
0 0.542500 0.639375 0.070000 0.056250
0 0.648750 0.421875 0.072500 0.058750
0 0.716875 0.706875 0.066250 0.053750
0 0.521250 0.345625 0.055000 0.063750
0 0.798750 0.711250 0.070000 0.067500
0 0.930000 0.178750 0.090000 0.087500
0 0.370000 0.640625 0.027500 0.026250
0 0.210000 0.881250 0.085000 0.085000
0 0.787500 0.113750 0.070000 0.070000
0 0.698750 0.838750 0.090000 0.090000
0 0.093125 0.913125 0.091250 0.091250
0 0.319375 0.664375 0.053750 0.053750
0 0.448125 0.373125 0.073750 0.083750
0 0.393750 0.526250 0.082500 0.082500
0 0.800625 0.896875 0.056250 0.056250
0 0.922500 0.063750 0.077500 0.077500
0 0.897500 0.688750 0.082500 0.082500
0 0.598125 0.175625 0.026250 0.026250
0 0.213125 0.279375 0.038750 0.038750
0 0.921250 0.923750 0.075000 0.075000
0 0.363750 0.333750 0.057500 0.057500
0 0.938750 0.528750 0.040000 0.040000
0 0.157500 0.445000 0.055000 0.055000
0 0.195625 0.580625 0.033750 0.033750
0 0.510625 0.083125 0.103750 0.103750
0 0.581250 0.440000 0.025000 0.025000
0 0.566875 0.771875 0.051250 0.051250
0 0.770000 0.958125 0.035000 0.033750
0 0.642500 0.170625 0.040000 0.038750
0 0.195625 0.753125 0.063750 0.056250
0 0.948125 0.343750 0.068750 0.060000
0 0.601875 0.315625 0.033750 0.033750
0 0.831875 0.228125 0.056250 0.056250
0 0.710625 0.106875 0.056250 0.056250
0 0.163750 0.200000 0.065000 0.065000
0 0.948750 0.280000 0.052500 0.052500
0 0.623750 0.616250 0.027500 0.027500
0 0.259375 0.089375 0.058750 0.058750
0 0.362500 0.948125 0.050000 0.048750
0 0.282500 0.296250 0.055000 0.055000
0 0.778750 0.630625 0.032500 0.031250
0 0.036250 0.711250 0.040000 0.040000
0 0.456250 0.687500 0.057500 0.057500
0 0.623750 0.827500 0.027500 0.027500
0 0.720000 0.436250 0.050000 0.050000
0 0.579375 0.270625 0.041250 0.041250
0 0.064375 0.451875 0.066250 0.066250
0 0.941875 0.775625 0.066250 0.058750
0 0.305000 0.571875 0.025000 0.026250