0 0.582500 0.253125 0.025000 0.028750
0 0.886875 0.506250 0.083750 0.062500
0 0.695000 0.637500 0.050000 0.062500
0 0.285000 0.145625 0.075000 0.093750
0 0.277500 0.355625 0.067500 0.083750
0 0.346250 0.229375 0.057500 0.046250
0 0.367500 0.603125 0.092500 0.098750
0 0.551875 0.383750 0.088750 0.095000
0 0.055625 0.450000 0.051250 0.055000
0 0.630000 0.901875 0.087500 0.098750
0 0.233750 0.485000 0.107500 0.105000
0 0.477500 0.535625 0.027500 0.026250
0 0.426875 0.069375 0.091250 0.088750
0 0.595625 0.155000 0.031250 0.025000
0 0.117500 0.083750 0.077500 0.075000
0 0.785625 0.375000 0.043750 0.042500
0 0.798750 0.163125 0.052500 0.051250
0 0.853750 0.656250 0.105000 0.102500
0 0.121875 0.342500 0.098750 0.065000
0 0.296250 0.814375 0.100000 0.066250
0 0.515000 0.881250 0.105000 0.070000
0 0.186875 0.925625 0.096250 0.063750
0 0.453750 0.727500 0.072500 0.057500
0 0.621250 0.613750 0.077500 0.067500
0 0.201875 0.248750 0.096250 0.085000
0 0.382500 0.320625 0.072500 0.063750
0 0.188125 0.710625 0.108750 0.123750
0 0.499375 0.239375 0.088750 0.088750
0 0.091875 0.586875 0.026250 0.026250
0 0.484375 0.480625 0.041250 0.041250
0 0.765625 0.101875 0.031250 0.031250
0 0.951875 0.905000 0.033750 0.035000
0 0.867500 0.368125 0.100000 0.103750
0 0.550625 0.700625 0.068750 0.071250
0 0.906875 0.098125 0.111250 0.116250
0 0.763750 0.931875 0.067500 0.063750
0 0.616875 0.540625 0.026250 0.031250
0 0.795625 0.783750 0.108750 0.130000
0 0.655000 0.765000 0.110000 0.110000
0 0.089375 0.249375 0.098750 0.098750
0 0.076875 0.925625 0.068750 0.068750
0 0.691250 0.436250 0.107500 0.107500
0 0.336250 0.958750 0.025000 0.025000
0 0.677500 0.148750 0.047500 0.047500
0 0.793750 0.256250 0.085000 0.085000
0 0.196875 0.081250 0.061250 0.055000
0 0.690625 0.241875 0.091250 0.081250
0 0.543125 0.081875 0.101250 0.101250
0 0.920000 0.781250 0.107500 0.107500
0 0.155000 0.158750 0.045000 0.045000
0 0.370000 0.432500 0.070000 0.072500
0 0.788125 0.430625 0.028750 0.028750
0 0.796250 0.483750 0.052500 0.052500
0 0.351250 0.680000 0.025000 0.025000
0 0.044375 0.810000 0.043750 0.062500
0 0.429375 0.428125 0.033750 0.048750
0 0.604375 0.483750 0.026250 0.037500
0 0.293125 0.228125 0.031250 0.031250
0 0.703125 0.339375 0.056250 0.056250
0 0.196875 0.830625 0.081250 0.081250
0 0.150625 0.598125 0.053750 0.053750
0 0.503125 0.614375 0.066250 0.066250
0 0.463125 0.379375 0.026250 0.026250
0 0.901875 0.219375 0.061250 0.061250
0 0.571250 0.546250 0.042500 0.042500
0 0.406250 0.817500 0.082500 0.082500
0 0.305625 0.716875 0.038750 0.038750
0 0.856875 0.925625 0.083750 0.083750
0 0.698125 0.516875 0.028750 0.028750
0 0.657500 0.066250 0.102500 0.102500
0 0.414375 0.243125 0.031250 0.031250
0 0.105625 0.803125 0.056250 0.033750
0 0.095000 0.695000 0.062500 0.037500
0 0.051875 0.170625 0.068750 0.041250
0 0.760625 0.575000 0.053750 0.052500
0 0.408750 0.500000 0.045000 0.045000
0 0.396875 0.173750 0.036250 0.035000
0 0.591250 0.308750 0.040000 0.040000
0 0.238750 0.600000 0.055000 0.055000
0 0.268125 0.925625 0.036250 0.036250