0 0.886875 0.705000 0.093750 0.102500
0 0.941250 0.251875 0.070000 0.076250
0 0.632500 0.886875 0.095000 0.103750
0 0.736875 0.572500 0.066250 0.070000
0 0.237500 0.686250 0.072500 0.072500
0 0.556875 0.229375 0.038750 0.038750
0 0.675625 0.336875 0.053750 0.053750
0 0.800000 0.900000 0.035000 0.035000
0 0.905625 0.080625 0.056250 0.056250
0 0.745000 0.651250 0.050000 0.050000
0 0.387500 0.621250 0.090000 0.090000
0 0.348125 0.485625 0.091250 0.091250
0 0.539375 0.050625 0.061250 0.061250
0 0.030625 0.833125 0.026250 0.041250
0 0.856250 0.173750 0.055000 0.055000
0 0.963750 0.744375 0.027500 0.023750
0 0.405000 0.775000 0.100000 0.100000
0 0.903125 0.855000 0.033750 0.032500
0 0.690000 0.420625 0.082500 0.081250
0 0.476875 0.473125 0.101250 0.101250
0 0.147500 0.846250 0.040000 0.042500
0 0.126875 0.523750 0.061250 0.065000
0 0.066875 0.198750 0.026250 0.027500
0 0.090000 0.298750 0.025000 0.025000
0 0.632500 0.748750 0.110000 0.110000
0 0.739375 0.169375 0.071250 0.071250
0 0.501875 0.338125 0.043750 0.043750
0 0.330000 0.082500 0.105000 0.105000
0 0.300000 0.343750 0.042500 0.042500
0 0.156250 0.103750 0.095000 0.095000
0 0.928750 0.586250 0.055000 0.055000
0 0.215000 0.918750 0.030000 0.030000
0 0.616875 0.094375 0.051250 0.051250
0 0.501875 0.928125 0.056250 0.056250
0 0.801875 0.380625 0.103750 0.103750
0 0.506250 0.771250 0.075000 0.075000
0 0.296875 0.925625 0.096250 0.096250
0 0.646250 0.252500 0.045000 0.045000
0 0.174375 0.374375 0.101250 0.101250
0 0.375000 0.390000 0.042500 0.042500
0 0.120625 0.700000 0.078750 0.082500
0 0.623750 0.626250 0.095000 0.095000
0 0.308125 0.179375 0.073750 0.073750
0 0.201250 0.242500 0.112500 0.112500
0 0.408750 0.274375 0.057500 0.046250
0 0.055625 0.912500 0.068750 0.067500
0 0.928750 0.386250 0.110000 0.107500
0 0.756250 0.070000 0.107500 0.105000
0 0.531250 0.641875 0.070000 0.068750
0 0.589375 0.326875 0.071250 0.071250
0 0.526875 0.141875 0.091250 0.091250
0 0.113750 0.252500 0.027500 0.027500