0 0.442500 0.365000 0.080000 0.080000
0 0.881875 0.301250 0.061250 0.060000
0 0.146250 0.854375 0.057500 0.056250
0 0.668125 0.313750 0.108750 0.107500
0 0.542500 0.695625 0.065000 0.063750
0 0.727500 0.460000 0.070000 0.070000
0 0.853125 0.819375 0.078750 0.078750
0 0.678750 0.833750 0.037500 0.045000
0 0.526875 0.390625 0.056250 0.056250
0 0.950000 0.760000 0.052500 0.052500
0 0.282500 0.378750 0.082500 0.080000
0 0.413125 0.581875 0.076250 0.073750
0 0.940000 0.558125 0.032500 0.031250
0 0.150000 0.765000 0.102500 0.102500
0 0.525625 0.854375 0.108750 0.123750
0 0.410625 0.785625 0.061250 0.061250
0 0.793750 0.893750 0.047500 0.047500
0 0.694375 0.909375 0.056250 0.056250
0 0.630000 0.198750 0.107500 0.107500
0 0.848125 0.645000 0.088750 0.082500
0 0.105000 0.106250 0.052500 0.052500
0 0.108125 0.405625 0.041250 0.041250
0 0.633125 0.628125 0.093750 0.093750
0 0.228750 0.160000 0.045000 0.045000
0 0.953125 0.392500 0.031250 0.030000
0 0.647500 0.082500 0.110000 0.107500
0 0.169375 0.480000 0.061250 0.060000
0 0.095000 0.353125 0.042500 0.041250
0 0.178125 0.636250 0.053750 0.052500
0 0.883125 0.074375 0.106250 0.103750
0 0.161250 0.288750 0.070000 0.067500
0 0.271250 0.876250 0.075000 0.077500
0 0.801875 0.955000 0.028750 0.030000
0 0.085625 0.647500 0.048750 0.050000
0 0.058125 0.302500 0.026250 0.027500
0 0.235000 0.067500 0.057500 0.052500
0 0.613750 0.941250 0.032500 0.037500
0 0.258750 0.639375 0.092500 0.106250
0 0.351250 0.165625 0.080000 0.091250
0 0.764375 0.069375 0.053750 0.061250
0 0.792500 0.210000 0.065000 0.065000
0 0.405000 0.062500 0.085000 0.085000
0 0.733125 0.536875 0.033750 0.033750
0 0.458750 0.266250 0.087500 0.087500
0 0.495000 0.042500 0.042500 0.042500
0 0.119375 0.156875 0.028750 0.028750
0 0.363750 0.920000 0.037500 0.037500
0 0.455000 0.643750 0.035000 0.035000
0 0.273125 0.484375 0.088750 0.088750
0 0.248750 0.261875 0.077500 0.068750
0 0.290625 0.773125 0.068750 0.063750
0 0.921875 0.456250 0.078750 0.077500
0 0.687500 0.743750 0.107500 0.107500
0 0.356875 0.341875 0.036250 0.036250
0 0.041875 0.481875 0.051250 0.051250
0 0.907500 0.199375 0.112500 0.103750
0 0.278125 0.561250 0.031250 0.025000
0 0.637500 0.418125 0.045000 0.036250
0 0.513125 0.515625 0.063750 0.063750
0 0.210625 0.389375 0.038750 0.038750
0 0.078750 0.941250 0.047500 0.047500
0 0.416250 0.477500 0.057500 0.057500
0 0.533125 0.574375 0.026250 0.026250
0 0.332500 0.632500 0.040000 0.040000
0 0.556250 0.051250 0.027500 0.027500
0 0.820000 0.461250 0.100000 0.065000
0 0.656250 0.537500 0.065000 0.042500
0 0.466250 0.181250 0.077500 0.050000
0 0.050000 0.028750 0.032500 0.032500
0 0.875625 0.543125 0.063750 0.063750
0 0.326250 0.240625 0.042500 0.041250
0 0.753125 0.624375 0.058750 0.058750
0 0.359375 0.703125 0.043750 0.043750
0 0.035625 0.575625 0.046250 0.046250
0 0.871875 0.923750 0.091250 0.097500
0 0.794375 0.365000 0.088750 0.100000
0 0.724375 0.210000 0.043750 0.052500
0 0.929375 0.671250 0.053750 0.060000
0 0.063125 0.856875 0.043750 0.043750
0 0.489375 0.114375 0.066250 0.066250
0 0.083750 0.255000 0.042500 0.042500
0 0.619375 0.488750 0.041250 0.032500
0 0.543125 0.618125 0.036250 0.028750
0 0.928125 0.828125 0.046250 0.066250
0 0.214375 0.948750 0.031250 0.045000
0 0.775625 0.134375 0.063750 0.051250