0 0.678125 0.388125 0.101250 0.101250
0 0.104375 0.420625 0.061250 0.061250
0 0.089375 0.286875 0.068750 0.068750
0 0.741875 0.593125 0.098750 0.098750
0 0.074375 0.916875 0.056250 0.056250
0 0.158125 0.061875 0.051250 0.058750
0 0.353750 0.227500 0.035000 0.040000
0 0.095625 0.099375 0.033750 0.033750
0 0.287500 0.818750 0.107500 0.107500
0 0.486875 0.096250 0.068750 0.077500
0 0.570625 0.329375 0.058750 0.058750
0 0.196250 0.451250 0.077500 0.075000
0 0.358125 0.494375 0.098750 0.096250
0 0.445625 0.221250 0.033750 0.032500
0 0.858125 0.215625 0.103750 0.126250
0 0.266875 0.092500 0.086250 0.070000
0 0.563125 0.520625 0.053750 0.043750
0 0.850625 0.761875 0.038750 0.036250
0 0.131875 0.581875 0.108750 0.101250
0 0.740625 0.205625 0.081250 0.076250
0 0.947500 0.396250 0.037500 0.035000
0 0.665000 0.281875 0.040000 0.048750
0 0.402500 0.106875 0.032500 0.038750
0 0.063750 0.786250 0.027500 0.035000
0 0.041250 0.078125 0.030000 0.038750
0 0.764375 0.782500 0.041250 0.052500
0 0.390625 0.299375 0.053750 0.053750
0 0.611875 0.768125 0.038750 0.038750
0 0.152500 0.871250 0.070000 0.070000
0 0.631875 0.884375 0.108750 0.118750
0 0.944375 0.126250 0.043750 0.047500
0 0.313750 0.665000 0.100000 0.110000
0 0.791875 0.441250 0.096250 0.105000
0 0.870000 0.568750 0.077500 0.077500
0 0.152500 0.751250 0.072500 0.072500
0 0.917500 0.788750 0.025000 0.025000
0 0.416250 0.652500 0.027500 0.027500
0 0.203750 0.663750 0.047500 0.047500
0 0.409375 0.792500 0.093750 0.087500
0 0.746250 0.085625 0.092500 0.086250
0 0.587500 0.100000 0.105000 0.105000
0 0.489375 0.889375 0.076250 0.076250
0 0.640000 0.528750 0.085000 0.085000
0 0.558125 0.644375 0.078750 0.078750
0 0.159375 0.246875 0.038750 0.038750
0 0.362500 0.143750 0.027500 0.027500
0 0.486250 0.703750 0.040000 0.040000
0 0.270000 0.282500 0.112500 0.112500
0 0.835000 0.361875 0.025000 0.023750
0 0.851250 0.838750 0.082500 0.080000
0 0.476250 0.535000 0.090000 0.087500
0 0.194375 0.954375 0.036250 0.036250
0 0.549375 0.415625 0.088750 0.088750
0 0.743750 0.915625 0.082500 0.108750
0 0.675625 0.749375 0.053750 0.053750
0 0.586250 0.228750 0.085000 0.085000
0 0.906250 0.456250 0.045000 0.045000
0 0.643125 0.643750 0.046250 0.052500
0 0.056875 0.186875 0.078750 0.088750
0 0.487500 0.303125 0.085000 0.096250
0 0.865625 0.683125 0.078750 0.088750
0 0.545000 0.783750 0.062500 0.062500
0 0.311250 0.922500 0.085000 0.085000
0 0.327500 0.031250 0.025000 0.025000
0 0.368125 0.398125 0.066250 0.066250
0 0.230625 0.520625 0.041250 0.041250