0 0.919375 0.795000 0.098750 0.097500
0 0.102500 0.521875 0.097500 0.096250
0 0.496250 0.807500 0.107500 0.107500
0 0.110625 0.800625 0.101250 0.101250
0 0.577500 0.450000 0.070000 0.065000
0 0.433750 0.641250 0.102500 0.095000
0 0.275625 0.716875 0.111250 0.103750
0 0.631250 0.204375 0.075000 0.068750
0 0.718125 0.623125 0.106250 0.106250
0 0.680000 0.491250 0.057500 0.067500
0 0.338750 0.437500 0.092500 0.110000
0 0.586875 0.606250 0.038750 0.045000
0 0.244375 0.081875 0.038750 0.038750
0 0.259375 0.845625 0.071250 0.071250
0 0.326875 0.070000 0.088750 0.087500
0 0.783750 0.395000 0.060000 0.052500
0 0.168750 0.338125 0.025000 0.021250
0 0.803750 0.874375 0.100000 0.088750
0 0.090000 0.395000 0.102500 0.102500
0 0.924375 0.409375 0.048750 0.048750
0 0.551250 0.355000 0.060000 0.060000
0 0.465000 0.723750 0.035000 0.035000
0 0.637500 0.066250 0.102500 0.102500
0 0.553750 0.110000 0.037500 0.045000
0 0.581875 0.522500 0.033750 0.040000
0 0.550000 0.220625 0.057500 0.068750
0 0.606875 0.810000 0.093750 0.087500
0 0.857500 0.551250 0.105000 0.097500
0 0.176875 0.083750 0.041250 0.045000
0 0.225000 0.408750 0.097500 0.097500
0 0.726250 0.221875 0.052500 0.051250
0 0.608750 0.937500 0.075000 0.075000
0 0.130625 0.218125 0.103750 0.103750
0 0.346875 0.915625 0.083750 0.083750
0 0.430000 0.543750 0.060000 0.060000
0 0.461875 0.354375 0.038750 0.038750
0 0.843750 0.251250 0.085000 0.085000
0 0.276250 0.272500 0.085000 0.085000
0 0.379375 0.309375 0.088750 0.088750
0 0.763125 0.133125 0.076250 0.076250
0 0.861875 0.689375 0.058750 0.058750
0 0.449375 0.211875 0.058750 0.058750
0 0.740625 0.743125 0.078750 0.078750
0 0.475625 0.445625 0.078750 0.078750
0 0.451250 0.095000 0.072500 0.072500
0 0.783125 0.066875 0.033750 0.033750
0 0.918750 0.112500 0.095000 0.095000
0 0.488750 0.527500 0.032500 0.032500
0 0.343750 0.615000 0.042500 0.042500
0 0.211875 0.525625 0.096250 0.096250
0 0.091250 0.654375 0.097500 0.078750
0 0.710000 0.310000 0.080000 0.102500
0 0.634375 0.305625 0.053750 0.068750
0 0.621250 0.670000 0.067500 0.067500
0 0.540000 0.709375 0.070000 0.071250
0 0.886875 0.464375 0.036250 0.036250
0 0.927500 0.031250 0.037500 0.037500
0 0.641250 0.589375 0.030000 0.028750
0 0.946875 0.298125 0.078750 0.081250
0 0.345625 0.183750 0.078750 0.075000
0 0.443750 0.945625 0.032500 0.038750
0 0.188125 0.610000 0.046250 0.055000
0 0.358750 0.552500 0.037500 0.045000
0 0.071250 0.916250 0.110000 0.110000
0 0.165625 0.914375 0.063750 0.063750
0 0.795000 0.343750 0.030000 0.030000
0 0.781875 0.961250 0.031250 0.022500
0 0.760000 0.503750 0.030000 0.030000
0 0.535000 0.530625 0.042500 0.051250