0 0.882500 0.340625 0.042500 0.033750
0 0.163125 0.063125 0.046250 0.046250
0 0.492500 0.173750 0.097500 0.097500
0 0.066875 0.175625 0.056250 0.056250
0 0.813125 0.056875 0.091250 0.078750
0 0.840000 0.453750 0.090000 0.077500
0 0.812500 0.639375 0.027500 0.023750
0 0.805625 0.814375 0.068750 0.058750
0 0.702500 0.194375 0.070000 0.066250
0 0.168125 0.884375 0.111250 0.106250
0 0.210000 0.696875 0.057500 0.053750
0 0.339375 0.104375 0.036250 0.033750
0 0.848750 0.555000 0.082500 0.082500
0 0.623750 0.082500 0.032500 0.032500
0 0.508125 0.494375 0.101250 0.101250
0 0.622500 0.363750 0.100000 0.100000
0 0.378750 0.480000 0.072500 0.072500
0 0.906250 0.086250 0.077500 0.047500
0 0.693125 0.515625 0.046250 0.046250
0 0.268125 0.452500 0.031250 0.030000
0 0.186875 0.303125 0.028750 0.028750
0 0.275000 0.511250 0.050000 0.050000
0 0.614375 0.496875 0.091250 0.091250
0 0.123750 0.427500 0.100000 0.100000
0 0.370625 0.805625 0.098750 0.098750
0 0.694375 0.820625 0.026250 0.026250
0 0.967500 0.600625 0.040000 0.041250
0 0.096250 0.262500 0.027500 0.027500
0 0.901250 0.675000 0.042500 0.042500
0 0.084375 0.694375 0.081250 0.081250
0 0.500625 0.774375 0.106250 0.106250
0 0.871250 0.268750 0.075000 0.075000
0 0.563750 0.885000 0.047500 0.047500
0 0.768750 0.931250 0.075000 0.075000
0 0.316875 0.659375 0.111250 0.111250
0 0.893125 0.781875 0.078750 0.078750
0 0.926875 0.400625 0.061250 0.061250
0 0.271875 0.304375 0.101250 0.098750
0 0.796250 0.311250 0.057500 0.060000
0 0.725000 0.691875 0.037500 0.038750
0 0.273125 0.042500 0.081250 0.055000
0 0.805000 0.732500 0.065000 0.085000
0 0.060000 0.887500 0.085000 0.070000
0 0.783750 0.575000 0.027500 0.022500
0 0.380625 0.237500 0.096250 0.080000
0 0.366250 0.947500 0.060000 0.050000
0 0.810000 0.381250 0.032500 0.032500
0 0.101875 0.523750 0.048750 0.047500
0 0.647500 0.948125 0.042500 0.041250
0 0.646250 0.700000 0.090000 0.095000
0 0.461250 0.331250 0.090000 0.090000
0 0.521875 0.644375 0.041250 0.041250
0 0.227500 0.153750 0.042500 0.042500
0 0.383750 0.338750 0.050000 0.050000
0 0.898125 0.899375 0.056250 0.056250
0 0.732500 0.428750 0.055000 0.062500
0 0.600000 0.183125 0.080000 0.091250
0 0.146250 0.182500 0.072500 0.077500
0 0.110000 0.774375 0.032500 0.033750
0 0.447500 0.918750 0.067500 0.072500
0 0.208750 0.623750 0.040000 0.032500
0 0.667500 0.594375 0.100000 0.081250
0 0.633750 0.888750 0.062500 0.050000
0 0.478750 0.056875 0.100000 0.081250
0 0.268750 0.807500 0.065000 0.095000