0 0.599375 0.829375 0.103750 0.091250
0 0.182500 0.500000 0.090000 0.080000
0 0.933125 0.736875 0.058750 0.058750
0 0.708125 0.154375 0.091250 0.091250
0 0.403750 0.437500 0.055000 0.055000
0 0.198750 0.721250 0.105000 0.105000
0 0.942500 0.481250 0.062500 0.062500
0 0.496875 0.661875 0.031250 0.031250
0 0.610000 0.672500 0.052500 0.052500
0 0.762500 0.472500 0.037500 0.037500
0 0.447500 0.220000 0.087500 0.087500
0 0.199375 0.115625 0.066250 0.066250
0 0.240000 0.931875 0.072500 0.068750
0 0.275000 0.266875 0.082500 0.078750
0 0.400625 0.559375 0.048750 0.048750
0 0.400625 0.785000 0.088750 0.085000
0 0.100000 0.865000 0.100000 0.092500
0 0.525625 0.295625 0.031250 0.028750
0 0.595625 0.371250 0.043750 0.040000
0 0.090000 0.767500 0.067500 0.062500
0 0.922500 0.030000 0.027500 0.027500
0 0.205625 0.629375 0.051250 0.051250
0 0.521875 0.119375 0.071250 0.071250
0 0.851250 0.815000 0.027500 0.027500
0 0.486250 0.717500 0.037500 0.037500
0 0.871875 0.626875 0.068750 0.056250
0 0.420625 0.933750 0.028750 0.020000
0 0.582500 0.041875 0.027500 0.018750
0 0.218125 0.413125 0.041250 0.028750
0 0.645000 0.955000 0.025000 0.025000
0 0.699375 0.619375 0.043750 0.043750
0 0.690000 0.342500 0.110000 0.110000
0 0.839375 0.910625 0.026250 0.026250
0 0.881875 0.228125 0.086250 0.086250
0 0.183750 0.273125 0.065000 0.046250
0 0.766250 0.676875 0.067500 0.048750
0 0.427500 0.357500 0.062500 0.045000
0 0.522500 0.890000 0.025000 0.017500
0 0.880625 0.432500 0.033750 0.032500
0 0.828125 0.370000 0.103750 0.032500
0 0.065000 0.271250 0.047500 0.047500
0 0.726875 0.874375 0.106250 0.106250
0 0.508750 0.482500 0.060000 0.060000
0 0.321250 0.346250 0.055000 0.055000
0 0.923125 0.833125 0.083750 0.083750
0 0.366250 0.092500 0.092500 0.092500
0 0.300625 0.734375 0.076250 0.076250
0 0.113125 0.370625 0.056250 0.056250
0 0.096250 0.490000 0.060000 0.060000
0 0.620000 0.225000 0.050000 0.050000
0 0.398125 0.646875 0.091250 0.091250
0 0.722500 0.420625 0.030000 0.031250
0 0.595625 0.175000 0.026250 0.027500
0 0.058750 0.597500 0.087500 0.087500
0 0.853750 0.123750 0.075000 0.075000
0 0.598125 0.493125 0.061250 0.061250
0 0.577500 0.287500 0.047500 0.047500
0 0.249375 0.825625 0.078750 0.078750
0 0.932500 0.946250 0.035000 0.035000
0 0.341875 0.450000 0.048750 0.050000
0 0.139375 0.125000 0.033750 0.035000
0 0.813125 0.548750 0.081250 0.085000
0 0.734375 0.531875 0.051250 0.051250
0 0.740000 0.763750 0.045000 0.045000
0 0.558125 0.955000 0.028750 0.027500
0 0.869375 0.038750 0.048750 0.047500
0 0.710625 0.056250 0.053750 0.052500
0 0.416250 0.308125 0.077500 0.038750
0 0.441250 0.881875 0.112500 0.056250
0 0.700625 0.238125 0.078750 0.038750
0 0.291250 0.597500 0.102500 0.102500
0 0.053750 0.166250 0.057500 0.057500
0 0.913125 0.363125 0.046250 0.046250
0 0.785625 0.956875 0.026250 0.026250
0 0.675625 0.465000 0.026250 0.027500
0 0.938125 0.649375 0.043750 0.043750