0 0.281875 0.596250 0.088750 0.142500
0 0.245625 0.743125 0.041250 0.066250
0 0.125625 0.342500 0.101250 0.122500
0 0.103125 0.186875 0.086250 0.103750
0 0.546250 0.346875 0.112500 0.136250
0 0.528750 0.631875 0.110000 0.133750
0 0.671250 0.588750 0.060000 0.072500
0 0.401875 0.302500 0.043750 0.052500
0 0.044375 0.588750 0.056250 0.067500
0 0.906875 0.621875 0.048750 0.048750
0 0.067500 0.837500 0.030000 0.030000
0 0.336250 0.738750 0.082500 0.082500
0 0.488750 0.200000 0.100000 0.100000
0 0.110625 0.724375 0.108750 0.113750
0 0.903125 0.225625 0.111250 0.116250
0 0.763750 0.793125 0.092500 0.096250
0 0.926250 0.039375 0.050000 0.051250
0 0.218125 0.886875 0.076250 0.091250
0 0.800000 0.180625 0.067500 0.081250
0 0.898750 0.373750 0.097500 0.117500
0 0.335000 0.144375 0.112500 0.136250
0 0.456875 0.788125 0.073750 0.036250
0 0.274375 0.426875 0.088750 0.088750
0 0.770000 0.061875 0.027500 0.033750
0 0.224375 0.043125 0.058750 0.026250
0 0.650000 0.792500 0.100000 0.045000
0 0.821250 0.551250 0.062500 0.027500
0 0.779375 0.876250 0.086250 0.045000
0 0.605625 0.896250 0.071250 0.060000
0 0.459375 0.469375 0.036250 0.048750
0 0.774375 0.430625 0.093750 0.128750
0 0.531250 0.465000 0.052500 0.052500
0 0.915000 0.750000 0.112500 0.135000
0 0.745625 0.653750 0.058750 0.070000
0 0.662500 0.369375 0.095000 0.113750
0 0.905625 0.471250 0.031250 0.037500
0 0.338125 0.936875 0.066250 0.066250
0 0.649375 0.160625 0.048750 0.048750
0 0.675000 0.071250 0.075000 0.075000
0 0.541875 0.951875 0.038750 0.038750
0 0.398125 0.556250 0.108750 0.105000
0 0.347500 0.840000 0.082500 0.082500
0 0.575625 0.080625 0.043750 0.043750
0 0.374375 0.399375 0.078750 0.078750
0 0.752500 0.545000 0.060000 0.060000
0 0.163125 0.550625 0.071250 0.071250
0 0.113750 0.075000 0.027500 0.027500
0 0.788750 0.286875 0.067500 0.053750
0 0.910625 0.936875 0.068750 0.068750
0 0.155000 0.106250 0.025000 0.025000
0 0.455000 0.055000 0.087500 0.082500
0 0.466875 0.920625 0.051250 0.048750
0 0.834375 0.635000 0.066250 0.065000
0 0.067500 0.473750 0.077500 0.077500
0 0.906250 0.117500 0.082500 0.082500
0 0.657500 0.708750 0.080000 0.080000
0 0.532500 0.866875 0.055000 0.051250
0 0.200625 0.470625 0.043750 0.043750
0 0.548750 0.772500 0.085000 0.085000