0 0.413750 0.725000 0.040000 0.047500
0 0.822500 0.335625 0.035000 0.041250
0 0.588125 0.336875 0.061250 0.061250
0 0.956875 0.628125 0.058750 0.058750
0 0.480000 0.628750 0.065000 0.065000
0 0.690625 0.175625 0.096250 0.091250
0 0.927500 0.740625 0.080000 0.076250
0 0.392500 0.267500 0.035000 0.032500
0 0.209375 0.374375 0.056250 0.053750
0 0.435000 0.359375 0.027500 0.026250
0 0.801250 0.870625 0.030000 0.028750
0 0.134375 0.767500 0.051250 0.050000
0 0.886250 0.245625 0.037500 0.036250
0 0.205625 0.626250 0.071250 0.060000
0 0.792500 0.706875 0.052500 0.053750
0 0.388750 0.937500 0.050000 0.050000
0 0.942500 0.866250 0.072500 0.072500
0 0.356875 0.604375 0.041250 0.041250
0 0.918125 0.190625 0.046250 0.046250
0 0.575625 0.855625 0.043750 0.043750
0 0.452500 0.028750 0.025000 0.025000
0 0.760625 0.258125 0.048750 0.051250
0 0.740625 0.846875 0.048750 0.048750
0 0.263125 0.929375 0.088750 0.088750
0 0.399375 0.200000 0.063750 0.065000
0 0.041250 0.695000 0.055000 0.055000
0 0.345000 0.148750 0.030000 0.030000
0 0.259375 0.204375 0.081250 0.081250
0 0.596875 0.101875 0.066250 0.066250
0 0.123125 0.146875 0.026250 0.026250
0 0.065000 0.356250 0.072500 0.072500
0 0.695000 0.642500 0.077500 0.077500
0 0.088125 0.074375 0.053750 0.053750
0 0.724375 0.720625 0.036250 0.036250
0 0.638750 0.448750 0.112500 0.102500
0 0.574375 0.633125 0.038750 0.038750
0 0.911250 0.542500 0.055000 0.055000
0 0.353125 0.398125 0.078750 0.078750
0 0.481875 0.113125 0.086250 0.086250
0 0.070625 0.577500 0.111250 0.090000
0 0.517500 0.276250 0.062500 0.062500
0 0.405625 0.528125 0.083750 0.083750
0 0.133750 0.213750 0.060000 0.060000
0 0.382500 0.098750 0.035000 0.035000
0 0.555625 0.553125 0.068750 0.068750
0 0.816875 0.530625 0.106250 0.106250
0 0.486250 0.358750 0.050000 0.050000
0 0.482500 0.788750 0.072500 0.072500
0 0.135625 0.886875 0.096250 0.116250
0 0.704375 0.065625 0.083750 0.101250
0 0.911875 0.401875 0.108750 0.131250
0 0.776875 0.434375 0.068750 0.068750
0 0.268750 0.511250 0.095000 0.095000
0 0.234375 0.126875 0.036250 0.036250
0 0.302500 0.698125 0.095000 0.096250
0 0.471250 0.888125 0.065000 0.066250
0 0.675000 0.923125 0.085000 0.086250
0 0.275000 0.843750 0.080000 0.067500
0 0.650625 0.778750 0.073750 0.062500
0 0.845000 0.078750 0.065000 0.055000
0 0.519375 0.219375 0.031250 0.031250
0 0.028750 0.145000 0.032500 0.032500
0 0.655000 0.329375 0.052500 0.056250
0 0.506875 0.455625 0.101250 0.101250
0 0.787500 0.170000 0.067500 0.062500
0 0.064375 0.457500 0.083750 0.077500