0 0.679375 0.264375 0.098750 0.098750
0 0.596875 0.518125 0.058750 0.058750
0 0.337500 0.792500 0.105000 0.105000
0 0.670625 0.131875 0.096250 0.096250
0 0.102500 0.596250 0.102500 0.102500
0 0.368750 0.171250 0.087500 0.087500
0 0.937500 0.133750 0.042500 0.035000
0 0.815000 0.350625 0.050000 0.041250
0 0.470625 0.271250 0.078750 0.097500
0 0.182500 0.773125 0.057500 0.071250
0 0.366875 0.534375 0.056250 0.053750
0 0.924375 0.505000 0.036250 0.035000
0 0.079375 0.874375 0.076250 0.073750
0 0.673125 0.701875 0.083750 0.081250
0 0.895625 0.293125 0.043750 0.043750
0 0.774375 0.839375 0.111250 0.113750
0 0.784375 0.105625 0.036250 0.036250
0 0.150000 0.495000 0.062500 0.050000
0 0.511250 0.750000 0.057500 0.057500
0 0.451250 0.600000 0.082500 0.082500
0 0.535000 0.912500 0.052500 0.052500
0 0.550000 0.098750 0.037500 0.037500
0 0.895625 0.655625 0.081250 0.081250
0 0.803125 0.651875 0.088750 0.088750
0 0.666250 0.851250 0.055000 0.055000
0 0.238125 0.634375 0.053750 0.053750
0 0.264375 0.921875 0.076250 0.076250
0 0.861875 0.209375 0.073750 0.073750
0 0.572500 0.240000 0.025000 0.025000
0 0.053125 0.781875 0.053750 0.053750
0 0.817500 0.437500 0.102500 0.102500
0 0.918750 0.915000 0.067500 0.067500
0 0.427500 0.378750 0.100000 0.090000
0 0.934375 0.799375 0.046250 0.046250
0 0.663125 0.390625 0.026250 0.026250
0 0.849375 0.551875 0.078750 0.078750
0 0.146875 0.349375 0.096250 0.096250
0 0.241250 0.538750 0.090000 0.090000
0 0.938125 0.406875 0.098750 0.098750
0 0.211875 0.128125 0.048750 0.048750
0 0.280625 0.284375 0.046250 0.046250
0 0.069375 0.201875 0.091250 0.091250
0 0.419375 0.060625 0.053750 0.053750
0 0.725000 0.600000 0.047500 0.047500
0 0.070625 0.039375 0.033750 0.033750
0 0.371250 0.258750 0.025000 0.025000
0 0.379375 0.924375 0.098750 0.098750
0 0.248750 0.057500 0.042500 0.042500
0 0.531875 0.831875 0.061250 0.061250
0 0.708125 0.509375 0.066250 0.066250
0 0.440625 0.831875 0.053750 0.053750
0 0.335000 0.463750 0.047500 0.042500
0 0.165625 0.891250 0.038750 0.035000
0 0.243125 0.204375 0.056250 0.051250
0 0.251875 0.385000 0.053750 0.065000
0 0.466875 0.491875 0.106250 0.106250
0 0.774375 0.210625 0.036250 0.036250
0 0.589375 0.831875 0.028750 0.028750
0 0.648125 0.939375 0.036250 0.036250
0 0.596250 0.906250 0.052500 0.052500
0 0.623750 0.600625 0.075000 0.081250
0 0.470625 0.183125 0.063750 0.063750
0 0.440000 0.700000 0.067500 0.067500
0 0.349375 0.084375 0.063750 0.063750
0 0.783125 0.745000 0.036250 0.032500
0 0.056875 0.313750 0.038750 0.035000
0 0.585000 0.405000 0.107500 0.097500
0 0.560625 0.314375 0.083750 0.066250
0 0.645625 0.781875 0.071250 0.056250
0 0.327500 0.027500 0.030000 0.030000
0 0.875000 0.061250 0.112500 0.082500
0 0.359375 0.616875 0.058750 0.058750
0 0.320625 0.401875 0.063750 0.063750
0 0.085625 0.702500 0.031250 0.035000
0 0.549375 0.590000 0.053750 0.042500
0 0.507500 0.129375 0.030000 0.023750
0 0.596250 0.672500 0.047500 0.045000
0 0.145000 0.086250 0.047500 0.045000
0 0.249375 0.725625 0.051250 0.048750
0 0.833750 0.296250 0.045000 0.045000
0 0.088750 0.443750 0.030000 0.030000
0 0.054375 0.375625 0.066250 0.066250
0 0.217500 0.442500 0.032500 0.032500
0 0.938750 0.232500 0.057500 0.060000
0 0.958125 0.589375 0.028750 0.021250
0 0.620625 0.042500 0.046250 0.040000
0 0.531250 0.678750 0.025000 0.025000
0 0.860625 0.735625 0.043750 0.043750
0 0.765000 0.151250 0.057500 0.040000
0 0.571875 0.748750 0.028750 0.020000
0 0.063750 0.507500 0.085000 0.060000
0 0.750000 0.942500 0.045000 0.045000