0 0.486875 0.256250 0.078750 0.095000
0 0.275625 0.895625 0.036250 0.043750
0 0.112500 0.848750 0.092500 0.092500
0 0.109375 0.100625 0.098750 0.098750
0 0.636875 0.395625 0.043750 0.043750
0 0.558750 0.262500 0.032500 0.032500
0 0.483125 0.696875 0.111250 0.111250
0 0.290000 0.415000 0.082500 0.067500
0 0.543750 0.152500 0.077500 0.062500
0 0.897500 0.750000 0.027500 0.027500
0 0.368125 0.546250 0.091250 0.080000
0 0.230625 0.798750 0.101250 0.090000
0 0.126250 0.624375 0.057500 0.083750
0 0.614375 0.548750 0.068750 0.100000
0 0.723125 0.500000 0.106250 0.155000
0 0.485000 0.826875 0.072500 0.078750
0 0.766875 0.115625 0.058750 0.063750
0 0.364375 0.878750 0.093750 0.102500
0 0.043125 0.645625 0.051250 0.056250
0 0.356875 0.338125 0.061250 0.053750
0 0.366250 0.172500 0.107500 0.107500
0 0.427500 0.471250 0.055000 0.055000
0 0.593750 0.687500 0.045000 0.045000
0 0.916875 0.933125 0.073750 0.066250
0 0.315625 0.696875 0.098750 0.088750
0 0.549375 0.041875 0.048750 0.043750
0 0.875625 0.824375 0.098750 0.088750
0 0.562500 0.859375 0.060000 0.103750
0 0.828750 0.085625 0.040000 0.068750
0 0.836875 0.230625 0.071250 0.123750
0 0.134375 0.379375 0.101250 0.176250
0 0.227500 0.151250 0.112500 0.100000
0 0.231875 0.578125 0.041250 0.036250
0 0.785000 0.928125 0.072500 0.063750
0 0.663125 0.805625 0.093750 0.091250
0 0.495000 0.378125 0.040000 0.038750
0 0.914375 0.344375 0.078750 0.076250
0 0.713125 0.235000 0.038750 0.037500
0 0.759375 0.660625 0.096250 0.096250
0 0.936250 0.080000 0.095000 0.095000
0 0.642500 0.223750 0.075000 0.075000
0 0.765625 0.375000 0.053750 0.052500
0 0.605625 0.300625 0.038750 0.031250
0 0.498125 0.565625 0.111250 0.111250
0 0.286875 0.278750 0.056250 0.067500
0 0.120625 0.740625 0.086250 0.086250
0 0.051250 0.381250 0.035000 0.035000
0 0.223125 0.521875 0.068750 0.056250
0 0.291250 0.055625 0.087500 0.071250
0 0.048750 0.781875 0.030000 0.023750
0 0.879375 0.618125 0.103750 0.103750
0 0.190625 0.233125 0.041250 0.041250
0 0.545625 0.443125 0.076250 0.076250
0 0.468750 0.163750 0.042500 0.042500
0 0.469375 0.103125 0.031250 0.031250
0 0.753750 0.853750 0.067500 0.067500
0 0.929375 0.466875 0.091250 0.091250
0 0.059375 0.525625 0.083750 0.083750
0 0.084375 0.215625 0.093750 0.093750
0 0.772500 0.763750 0.060000 0.060000
0 0.846875 0.428750 0.041250 0.032500
0 0.651875 0.063125 0.083750 0.066250
0 0.670625 0.290625 0.043750 0.043750
0 0.934375 0.245625 0.058750 0.058750
0 0.765000 0.246250 0.027500 0.027500
0 0.699375 0.148125 0.046250 0.046250
0 0.396250 0.070625 0.072500 0.078750
0 0.490000 0.938125 0.050000 0.051250
0 0.643750 0.902500 0.050000 0.050000
0 0.139375 0.526875 0.051250 0.051250
0 0.656875 0.670625 0.058750 0.058750
0 0.223750 0.339375 0.025000 0.033750
0 0.557500 0.352500 0.025000 0.032500
0 0.378750 0.777500 0.027500 0.027500
0 0.316250 0.612500 0.027500 0.027500
0 0.073750 0.941250 0.067500 0.062500
0 0.051250 0.425000 0.035000 0.032500
0 0.484375 0.463125 0.028750 0.026250
0 0.643750 0.443750 0.037500 0.037500
0 0.748750 0.285625 0.040000 0.033750
0 0.185625 0.915625 0.026250 0.031250
0 0.226875 0.710625 0.061250 0.061250
0 0.368125 0.615000 0.048750 0.042500
0 0.814375 0.509375 0.061250 0.053750