0 0.360625 0.899375 0.028750 0.031250
0 0.031250 0.543750 0.030000 0.027500
0 0.708125 0.150625 0.108750 0.098750
0 0.451250 0.093750 0.095000 0.095000
0 0.542500 0.643750 0.047500 0.042500
0 0.832500 0.293750 0.070000 0.072500
0 0.900000 0.701875 0.092500 0.096250
0 0.274375 0.683750 0.096250 0.085000
0 0.350625 0.563750 0.078750 0.070000
0 0.628750 0.663750 0.042500 0.037500
0 0.838750 0.060625 0.047500 0.041250
0 0.870625 0.530625 0.086250 0.086250
0 0.106875 0.488125 0.088750 0.088750
0 0.154375 0.301875 0.078750 0.078750
0 0.663125 0.295625 0.028750 0.028750
0 0.918125 0.210625 0.061250 0.061250
0 0.510000 0.500000 0.067500 0.067500
0 0.511875 0.214375 0.053750 0.053750
0 0.110625 0.135625 0.111250 0.111250
0 0.132500 0.852500 0.092500 0.087500
0 0.395000 0.759375 0.102500 0.096250
0 0.269375 0.443750 0.068750 0.065000
0 0.093750 0.401250 0.095000 0.037500
0 0.345625 0.163750 0.096250 0.037500
0 0.153125 0.224375 0.078750 0.031250
0 0.311875 0.283750 0.038750 0.037500
0 0.161250 0.607500 0.102500 0.100000
0 0.360000 0.321875 0.027500 0.026250
0 0.498750 0.890000 0.075000 0.072500
0 0.727500 0.863750 0.080000 0.080000
0 0.769375 0.454375 0.083750 0.083750
0 0.369375 0.435625 0.103750 0.103750
0 0.656875 0.560000 0.096250 0.117500
0 0.688750 0.061875 0.052500 0.063750
0 0.891875 0.384375 0.031250 0.031250
0 0.248750 0.201250 0.077500 0.077500
0 0.584375 0.408125 0.066250 0.066250
0 0.696875 0.768750 0.068750 0.065000
0 0.375000 0.277500 0.032500 0.032500
0 0.935000 0.083750 0.105000 0.105000
0 0.539375 0.296875 0.071250 0.071250
0 0.832500 0.175000 0.080000 0.092500
0 0.274375 0.810625 0.083750 0.083750
0 0.291875 0.085625 0.103750 0.103750
0 0.575000 0.533750 0.032500 0.032500
0 0.265000 0.921250 0.037500 0.037500
0 0.099375 0.729375 0.093750 0.093750
0 0.060625 0.251875 0.073750 0.073750
0 0.906875 0.938125 0.056250 0.056250
0 0.762500 0.755000 0.027500 0.017500
0 0.599375 0.196875 0.088750 0.088750
0 0.875000 0.852500 0.090000 0.090000
0 0.384375 0.659375 0.078750 0.078750
0 0.790000 0.626250 0.087500 0.087500
0 0.563125 0.776875 0.111250 0.111250