0 0.045000 0.316250 0.035000 0.030000
0 0.647500 0.882500 0.087500 0.092500
0 0.406250 0.848750 0.100000 0.100000
0 0.606875 0.165625 0.081250 0.081250
0 0.790000 0.236250 0.030000 0.030000
0 0.843125 0.129375 0.098750 0.098750
0 0.078125 0.406875 0.098750 0.088750
0 0.743750 0.704375 0.035000 0.031250
0 0.223125 0.650000 0.076250 0.070000
0 0.385000 0.518125 0.070000 0.063750
0 0.799375 0.909375 0.051250 0.051250
0 0.514375 0.669375 0.083750 0.083750
0 0.365000 0.113750 0.052500 0.052500
0 0.504375 0.134375 0.066250 0.066250
0 0.266875 0.116875 0.033750 0.033750
0 0.095000 0.726250 0.100000 0.100000
0 0.390000 0.656250 0.075000 0.075000
0 0.391875 0.298125 0.103750 0.103750
0 0.082500 0.598750 0.052500 0.052500
0 0.909375 0.567500 0.073750 0.080000
0 0.266875 0.233125 0.056250 0.061250
0 0.768750 0.363125 0.092500 0.101250
0 0.218125 0.859375 0.091250 0.091250
0 0.265625 0.462500 0.091250 0.102500
0 0.641875 0.643125 0.101250 0.101250
0 0.811875 0.720625 0.078750 0.078750
0 0.718125 0.063125 0.078750 0.078750
0 0.520625 0.255625 0.026250 0.026250
0 0.956250 0.085000 0.060000 0.060000
0 0.639375 0.538125 0.086250 0.086250
0 0.424375 0.444375 0.053750 0.053750
0 0.756250 0.538750 0.080000 0.112500
0 0.633125 0.370000 0.093750 0.132500
0 0.375000 0.208125 0.040000 0.056250
0 0.059375 0.165000 0.073750 0.090000
0 0.057500 0.061250 0.067500 0.067500
0 0.145000 0.198750 0.045000 0.045000
0 0.283750 0.551250 0.027500 0.027500
0 0.491875 0.463125 0.051250 0.051250
0 0.905625 0.309375 0.096250 0.096250
0 0.206875 0.341875 0.056250 0.056250
0 0.133750 0.102500 0.037500 0.037500
0 0.885625 0.876875 0.106250 0.106250
0 0.740625 0.174375 0.063750 0.063750
0 0.507500 0.402500 0.055000 0.055000
0 0.880000 0.711250 0.027500 0.027500
0 0.550000 0.921250 0.082500 0.082500
0 0.501875 0.535625 0.071250 0.071250
0 0.202500 0.068750 0.072500 0.075000
0 0.526250 0.206250 0.045000 0.045000
0 0.185625 0.570625 0.061250 0.061250
0 0.183125 0.471250 0.041250 0.040000
0 0.523750 0.766875 0.090000 0.088750
0 0.800625 0.042500 0.036250 0.035000
0 0.112500 0.926250 0.060000 0.060000
0 0.936875 0.706875 0.041250 0.041250
0 0.710000 0.775000 0.075000 0.075000
0 0.191250 0.175000 0.030000 0.030000
0 0.741250 0.867500 0.047500 0.045000
0 0.198125 0.251875 0.053750 0.036250
0 0.828125 0.510000 0.048750 0.037500
0 0.231250 0.748750 0.062500 0.047500
0 0.496875 0.336875 0.048750 0.048750
0 0.590000 0.256250 0.025000 0.032500
0 0.935000 0.410000 0.080000 0.080000
0 0.856875 0.443125 0.061250 0.061250
0 0.914375 0.774375 0.071250 0.071250
0 0.958125 0.175000 0.056250 0.055000
0 0.439375 0.760625 0.026250 0.026250
0 0.970000 0.913750 0.025000 0.025000
0 0.113125 0.260625 0.043750 0.043750
0 0.884375 0.038125 0.046250 0.046250
0 0.300000 0.591250 0.037500 0.037500
0 0.183125 0.950625 0.038750 0.038750
0 0.794375 0.638750 0.033750 0.022500
0 0.349375 0.935000 0.083750 0.055000
0 0.768750 0.442500 0.037500 0.035000
0 0.066875 0.263125 0.033750 0.033750
0 0.631250 0.790000 0.065000 0.065000
0 0.451875 0.219375 0.038750 0.038750
0 0.540000 0.061250 0.065000 0.065000
0 0.095625 0.520625 0.043750 0.043750
0 0.425625 0.045625 0.063750 0.063750
0 0.078125 0.824375 0.053750 0.053750
0 0.324375 0.700625 0.036250 0.036250
0 0.673750 0.245625 0.037500 0.038750
0 0.466250 0.941250 0.040000 0.040000