0 0.345625 0.740000 0.056250 0.060000
0 0.897500 0.192500 0.042500 0.045000
0 0.673125 0.470625 0.036250 0.038750
0 0.415625 0.274375 0.048750 0.048750
0 0.565000 0.778750 0.032500 0.032500
0 0.289375 0.874375 0.093750 0.093750
0 0.653125 0.289375 0.108750 0.108750
0 0.811250 0.237500 0.060000 0.060000
0 0.912500 0.460000 0.047500 0.047500
0 0.890625 0.795625 0.051250 0.051250
0 0.908750 0.102500 0.057500 0.022500
0 0.365000 0.443750 0.060000 0.060000
0 0.104375 0.925625 0.083750 0.068750
0 0.701875 0.711875 0.038750 0.038750
0 0.405625 0.651875 0.038750 0.038750
0 0.890625 0.313125 0.031250 0.021250
0 0.928750 0.671250 0.085000 0.060000
0 0.543750 0.847500 0.065000 0.045000
0 0.633750 0.692500 0.075000 0.075000
0 0.285000 0.617500 0.045000 0.045000
0 0.289375 0.166250 0.078750 0.077500
0 0.120625 0.176250 0.111250 0.135000
0 0.100000 0.633750 0.102500 0.125000
0 0.638125 0.905000 0.028750 0.035000
0 0.817500 0.558750 0.080000 0.097500
0 0.311250 0.346250 0.062500 0.062500
0 0.736875 0.131875 0.108750 0.108750
0 0.446250 0.515000 0.082500 0.082500
0 0.122500 0.311250 0.047500 0.047500
0 0.613750 0.435000 0.047500 0.047500
0 0.646875 0.786875 0.058750 0.071250
0 0.849375 0.306875 0.026250 0.031250
0 0.818125 0.888750 0.098750 0.120000
0 0.770625 0.053125 0.033750 0.033750
0 0.140625 0.396875 0.101250 0.101250
0 0.208750 0.561250 0.082500 0.082500
0 0.571250 0.153750 0.110000 0.110000
0 0.454375 0.853125 0.043750 0.043750
0 0.243125 0.689375 0.078750 0.078750
0 0.161250 0.785000 0.027500 0.027500
0 0.660625 0.542500 0.046250 0.032500
0 0.201875 0.058125 0.068750 0.048750
0 0.084375 0.780000 0.088750 0.062500
0 0.785000 0.675000 0.092500 0.065000
0 0.550625 0.928125 0.086250 0.086250
0 0.430000 0.723750 0.067500 0.067500
0 0.395625 0.158125 0.096250 0.096250
0 0.797500 0.435000 0.110000 0.110000
0 0.676250 0.401250 0.027500 0.027500
0 0.556250 0.680000 0.045000 0.045000
0 0.504375 0.329375 0.111250 0.116250
0 0.706250 0.886875 0.087500 0.091250
0 0.745000 0.767500 0.057500 0.057500
0 0.500000 0.601250 0.042500 0.042500
0 0.772500 0.340000 0.060000 0.060000
0 0.922500 0.890000 0.092500 0.092500
0 0.830000 0.141250 0.060000 0.060000
0 0.742500 0.592500 0.045000 0.045000
0 0.085000 0.497500 0.072500 0.072500
0 0.247500 0.447500 0.082500 0.082500
0 0.118750 0.053750 0.072500 0.072500
0 0.050000 0.343750 0.062500 0.062500
0 0.495625 0.058750 0.076250 0.065000
0 0.330625 0.261875 0.086250 0.073750
0 0.216875 0.212500 0.043750 0.055000
0 0.941250 0.262500 0.052500 0.065000
0 0.580625 0.555625 0.098750 0.123750
0 0.399375 0.902500 0.031250 0.030000
0 0.222500 0.306250 0.055000 0.052500