0 0.823750 0.796875 0.037500 0.031250
0 0.652500 0.708750 0.062500 0.052500
0 0.112500 0.612500 0.070000 0.070000
0 0.434375 0.888125 0.026250 0.026250
0 0.573750 0.624375 0.035000 0.031250
0 0.939375 0.920625 0.028750 0.028750
0 0.847500 0.377500 0.052500 0.052500
0 0.477500 0.543125 0.050000 0.058750
0 0.388125 0.946250 0.036250 0.042500
0 0.268125 0.752500 0.041250 0.047500
0 0.664375 0.082500 0.036250 0.042500
0 0.087500 0.072500 0.095000 0.095000
0 0.722500 0.811250 0.060000 0.060000
0 0.105000 0.448750 0.095000 0.075000
0 0.317500 0.173750 0.055000 0.055000
0 0.405625 0.570000 0.061250 0.062500
0 0.759375 0.388750 0.068750 0.042500
0 0.692500 0.585000 0.072500 0.045000
0 0.872500 0.291250 0.077500 0.077500
0 0.760000 0.747500 0.052500 0.052500
0 0.430625 0.319375 0.106250 0.106250
0 0.056875 0.786875 0.068750 0.068750
0 0.671250 0.923750 0.072500 0.072500
0 0.529375 0.810000 0.091250 0.102500
0 0.928750 0.071250 0.067500 0.075000
0 0.077500 0.318750 0.097500 0.110000
0 0.841250 0.562500 0.045000 0.050000
0 0.357500 0.694375 0.042500 0.041250
0 0.568750 0.358125 0.027500 0.026250
0 0.623125 0.636250 0.028750 0.027500
0 0.577500 0.419375 0.057500 0.056250
0 0.793750 0.075625 0.110000 0.126250
0 0.679375 0.159375 0.051250 0.058750
0 0.246875 0.221250 0.048750 0.047500
0 0.395625 0.121250 0.056250 0.055000
0 0.156250 0.912500 0.102500 0.102500
0 0.846250 0.886250 0.075000 0.075000
0 0.218125 0.069375 0.103750 0.103750
0 0.280000 0.481250 0.112500 0.112500
0 0.492500 0.721250 0.037500 0.035000
0 0.731875 0.300625 0.086250 0.081250
0 0.431250 0.431250 0.102500 0.097500
0 0.233750 0.595625 0.047500 0.038750
0 0.264375 0.941250 0.056250 0.067500
0 0.231250 0.303750 0.072500 0.087500
0 0.331875 0.045000 0.041250 0.050000
0 0.645625 0.496250 0.043750 0.052500
0 0.676875 0.415000 0.073750 0.070000
0 0.653125 0.838125 0.041250 0.041250
0 0.933125 0.464375 0.096250 0.096250
0 0.805625 0.459375 0.048750 0.048750
0 0.508125 0.270625 0.033750 0.033750
0 0.626875 0.264375 0.063750 0.063750
0 0.123125 0.663125 0.028750 0.016250
0 0.844375 0.160000 0.031250 0.027500
0 0.321250 0.831250 0.080000 0.070000
0 0.495625 0.625625 0.081250 0.071250
0 0.088750 0.528125 0.085000 0.033750
0 0.918125 0.748125 0.098750 0.038750
0 0.043750 0.698125 0.042500 0.016250
0 0.111250 0.231875 0.097500 0.038750
0 0.108750 0.156875 0.030000 0.036250
0 0.310000 0.697500 0.027500 0.015000
0 0.578750 0.715000 0.027500 0.015000
0 0.599375 0.173750 0.033750 0.030000
0 0.506250 0.111875 0.092500 0.081250
0 0.925625 0.624375 0.083750 0.083750
0 0.776250 0.526250 0.070000 0.070000
0 0.416250 0.839375 0.050000 0.046250
0 0.206250 0.683125 0.100000 0.071250
0 0.796875 0.653750 0.108750 0.077500
0 0.493750 0.896250 0.077500 0.055000
0 0.323125 0.115625 0.033750 0.033750
0 0.211875 0.375000 0.028750 0.022500
0 0.143125 0.825000 0.073750 0.052500
0 0.940625 0.185625 0.068750 0.056250
0 0.311875 0.291875 0.046250 0.046250
0 0.747500 0.462500 0.040000 0.027500
0 0.925625 0.848750 0.056250 0.040000
0 0.185000 0.751250 0.047500 0.047500
0 0.838125 0.210625 0.041250 0.041250
0 0.475625 0.218125 0.066250 0.056250
0 0.950625 0.290625 0.058750 0.053750