0 0.109375 0.884375 0.033750 0.033750
0 0.891250 0.600000 0.035000 0.030000
0 0.453750 0.449375 0.030000 0.028750
0 0.049375 0.725625 0.061250 0.066250
0 0.080000 0.548125 0.067500 0.073750
0 0.957500 0.877500 0.052500 0.057500
0 0.856250 0.496875 0.072500 0.078750
0 0.684375 0.193125 0.111250 0.111250
0 0.205000 0.448750 0.045000 0.045000
0 0.776875 0.853125 0.098750 0.098750
0 0.146875 0.199375 0.106250 0.101250
0 0.330000 0.781250 0.040000 0.037500
0 0.213750 0.046250 0.047500 0.045000
0 0.513750 0.185000 0.105000 0.100000
0 0.347500 0.696250 0.087500 0.097500
0 0.757500 0.755000 0.075000 0.075000
0 0.513125 0.464375 0.061250 0.061250
0 0.467500 0.632500 0.040000 0.040000
0 0.385000 0.355000 0.077500 0.077500
0 0.166875 0.756250 0.076250 0.072500
0 0.532500 0.329375 0.075000 0.071250
0 0.181250 0.892500 0.042500 0.040000
0 0.394375 0.199375 0.046250 0.043750
0 0.105625 0.388125 0.096250 0.096250
0 0.953125 0.184375 0.038750 0.031250
0 0.306250 0.927500 0.092500 0.075000
0 0.626875 0.420000 0.071250 0.057500
0 0.463125 0.039375 0.041250 0.041250
0 0.706250 0.325000 0.102500 0.102500
0 0.907500 0.391250 0.035000 0.035000
0 0.240000 0.633750 0.110000 0.110000
0 0.700000 0.591250 0.107500 0.107500
0 0.233125 0.538125 0.038750 0.041250
0 0.803125 0.111250 0.086250 0.092500
0 0.567500 0.890625 0.082500 0.088750
0 0.910000 0.751250 0.097500 0.105000
0 0.926250 0.263750 0.045000 0.045000
0 0.456875 0.798125 0.038750 0.038750
0 0.271250 0.338750 0.055000 0.055000
0 0.049375 0.124375 0.051250 0.051250
0 0.466250 0.576250 0.050000 0.050000
0 0.032500 0.230000 0.027500 0.027500
0 0.190000 0.340000 0.050000 0.050000
0 0.308750 0.487500 0.035000 0.035000
0 0.566250 0.711250 0.065000 0.065000
0 0.573125 0.788125 0.073750 0.073750
0 0.376250 0.068750 0.052500 0.052500
0 0.267500 0.248750 0.055000 0.055000
0 0.710625 0.054375 0.081250 0.081250
0 0.269375 0.421250 0.046250 0.050000
0 0.515000 0.803750 0.027500 0.030000
0 0.576250 0.609375 0.095000 0.103750
0 0.816875 0.334375 0.046250 0.046250
0 0.411875 0.910625 0.091250 0.091250
0 0.269375 0.136875 0.103750 0.103750
0 0.694375 0.505625 0.033750 0.033750
0 0.835000 0.394375 0.037500 0.036250
0 0.554375 0.083125 0.058750 0.058750
0 0.365625 0.581875 0.106250 0.106250
0 0.823750 0.230000 0.077500 0.077500
0 0.892500 0.181875 0.045000 0.046250
0 0.097500 0.639375 0.052500 0.053750
0 0.816875 0.652500 0.043750 0.045000
0 0.914375 0.335000 0.038750 0.040000
0 0.760625 0.425625 0.063750 0.063750
0 0.491250 0.902500 0.037500 0.035000
0 0.665000 0.929375 0.077500 0.073750
0 0.888750 0.911875 0.067500 0.048750
0 0.666250 0.825625 0.075000 0.081250
0 0.093750 0.045000 0.062500 0.062500
0 0.366875 0.265625 0.063750 0.063750
0 0.046875 0.851875 0.031250 0.031250
0 0.951250 0.519375 0.032500 0.053750
0 0.245000 0.768125 0.060000 0.056250
0 0.155625 0.826875 0.051250 0.051250
0 0.104375 0.729375 0.026250 0.026250
0 0.323125 0.864375 0.028750 0.028750
0 0.879375 0.039375 0.036250 0.036250
0 0.128125 0.117500 0.086250 0.045000
0 0.824375 0.951875 0.031250 0.031250
0 0.658125 0.705625 0.066250 0.066250
0 0.755625 0.491250 0.051250 0.022500
0 0.899375 0.553750 0.038750 0.017500