0 0.577500 0.550000 0.082500 0.075000
0 0.196250 0.923750 0.085000 0.077500
0 0.550625 0.679375 0.063750 0.058750
0 0.303750 0.155000 0.075000 0.085000
0 0.719375 0.115000 0.078750 0.090000
0 0.789375 0.886875 0.058750 0.058750
0 0.484375 0.671875 0.026250 0.026250
0 0.923750 0.783750 0.100000 0.112500
0 0.848750 0.272500 0.042500 0.047500
0 0.855625 0.156875 0.061250 0.068750
0 0.118125 0.576875 0.081250 0.091250
0 0.787500 0.740000 0.102500 0.135000
0 0.441875 0.498750 0.098750 0.130000
0 0.085000 0.498125 0.037500 0.048750
0 0.784375 0.605625 0.088750 0.116250
0 0.349375 0.580000 0.033750 0.020000
0 0.920000 0.443750 0.072500 0.042500
0 0.270000 0.515000 0.085000 0.085000
0 0.542500 0.900000 0.092500 0.092500
0 0.166250 0.289375 0.050000 0.038750
0 0.648125 0.651875 0.078750 0.056250
0 0.268125 0.419375 0.053750 0.053750
0 0.687500 0.340000 0.105000 0.105000
0 0.063750 0.108750 0.040000 0.040000
0 0.046875 0.243125 0.031250 0.031250
0 0.075625 0.767500 0.078750 0.045000
0 0.578750 0.241250 0.095000 0.055000
0 0.351875 0.850000 0.091250 0.052500
0 0.391250 0.643750 0.097500 0.082500
0 0.303125 0.288125 0.081250 0.081250
0 0.823125 0.070000 0.033750 0.040000
0 0.565625 0.114375 0.088750 0.088750
0 0.548750 0.458125 0.095000 0.083750
0 0.906875 0.353750 0.076250 0.067500
0 0.429375 0.225625 0.066250 0.046250
0 0.199375 0.128125 0.041250 0.028750
0 0.903125 0.655000 0.096250 0.067500
0 0.071250 0.881250 0.102500 0.102500
0 0.535000 0.377500 0.030000 0.030000
0 0.685000 0.553750 0.055000 0.050000
0 0.085625 0.415625 0.088750 0.088750
0 0.908750 0.548750 0.077500 0.077500
0 0.233750 0.748750 0.112500 0.112500
0 0.670625 0.811875 0.106250 0.106250
0 0.431875 0.129375 0.106250 0.106250
0 0.900000 0.057500 0.090000 0.090000
0 0.171875 0.049375 0.083750 0.061250
0 0.454375 0.860000 0.031250 0.045000
0 0.541875 0.751875 0.061250 0.061250
0 0.439375 0.361875 0.098750 0.098750
0 0.805625 0.440625 0.026250 0.026250
0 0.215625 0.215000 0.073750 0.080000
0 0.430625 0.755625 0.086250 0.093750
0 0.083750 0.300000 0.027500 0.027500
0 0.286250 0.628750 0.075000 0.075000
0 0.339375 0.786875 0.026250 0.026250
0 0.720000 0.450000 0.095000 0.095000
0 0.113750 0.681250 0.100000 0.100000
0 0.733125 0.209375 0.078750 0.078750
0 0.920625 0.231875 0.061250 0.061250
0 0.876250 0.921875 0.077500 0.106250
0 0.268125 0.889375 0.041250 0.056250
0 0.070625 0.193125 0.056250 0.043750
0 0.339375 0.933125 0.081250 0.063750
0 0.600000 0.329375 0.037500 0.028750
0 0.191250 0.470000 0.057500 0.055000
0 0.256250 0.831875 0.040000 0.038750
0 0.645625 0.918125 0.028750 0.028750
0 0.051875 0.048125 0.031250 0.031250
0 0.704375 0.921875 0.053750 0.053750
0 0.946875 0.895625 0.046250 0.053750
0 0.175625 0.845625 0.041250 0.041250
0 0.343750 0.457500 0.047500 0.047500