0 0.561250 0.515000 0.050000 0.050000
0 0.813750 0.385000 0.040000 0.040000
0 0.737500 0.371875 0.065000 0.071250
0 0.744375 0.453125 0.026250 0.028750
0 0.955625 0.874375 0.051250 0.056250
0 0.831875 0.923750 0.066250 0.072500
0 0.467500 0.576250 0.037500 0.037500
0 0.657500 0.940000 0.045000 0.045000
0 0.136250 0.543750 0.080000 0.080000
0 0.775000 0.263750 0.035000 0.035000
0 0.875625 0.540625 0.036250 0.036250
0 0.296875 0.699375 0.033750 0.033750
0 0.183125 0.630625 0.073750 0.073750
0 0.742500 0.669375 0.097500 0.098750
0 0.628125 0.875625 0.028750 0.028750
0 0.263750 0.105000 0.107500 0.110000
0 0.498125 0.165625 0.043750 0.043750
0 0.443125 0.443750 0.096250 0.105000
0 0.918125 0.460625 0.041250 0.041250
0 0.318750 0.360625 0.050000 0.046250
0 0.462500 0.265000 0.070000 0.070000
0 0.056875 0.247500 0.056250 0.057500
0 0.714375 0.840625 0.081250 0.081250
0 0.076875 0.439375 0.111250 0.111250
0 0.843125 0.721875 0.088750 0.088750
0 0.610625 0.191250 0.041250 0.037500
0 0.270000 0.233750 0.102500 0.095000
0 0.390625 0.098125 0.036250 0.033750
0 0.525000 0.579375 0.030000 0.023750
0 0.391250 0.642500 0.100000 0.080000
0 0.110000 0.930625 0.102500 0.081250
0 0.118750 0.156250 0.100000 0.080000
0 0.476875 0.920625 0.083750 0.083750
0 0.333750 0.778750 0.065000 0.065000
0 0.583125 0.375625 0.058750 0.058750
0 0.702500 0.565000 0.065000 0.065000
0 0.563750 0.131250 0.062500 0.062500
0 0.335000 0.535000 0.037500 0.037500
0 0.687500 0.251250 0.027500 0.027500
0 0.845625 0.245625 0.056250 0.056250
0 0.120000 0.778750 0.057500 0.105000
0 0.598125 0.699375 0.108750 0.198750
0 0.853125 0.072500 0.081250 0.115000
0 0.273750 0.883750 0.072500 0.072500
0 0.248750 0.798750 0.030000 0.030000
0 0.243125 0.530625 0.106250 0.106250
0 0.070000 0.660000 0.110000 0.110000
0 0.448750 0.747500 0.085000 0.085000
0 0.735625 0.139375 0.061250 0.058750
0 0.746875 0.050625 0.073750 0.071250
0 0.176250 0.088125 0.037500 0.036250
0 0.456250 0.045625 0.067500 0.061250
0 0.333750 0.948750 0.030000 0.027500
0 0.035000 0.832500 0.027500 0.025000
0 0.869375 0.808750 0.068750 0.062500
0 0.193750 0.358125 0.072500 0.058750
0 0.943125 0.281875 0.086250 0.086250
0 0.378125 0.246875 0.048750 0.048750
0 0.158750 0.265000 0.065000 0.065000
0 0.860000 0.620000 0.097500 0.097500
0 0.800625 0.835625 0.046250 0.046250
0 0.708125 0.285625 0.026250 0.026250
0 0.056875 0.318125 0.058750 0.058750
0 0.607500 0.269375 0.082500 0.063750
0 0.839375 0.161250 0.038750 0.047500
0 0.573125 0.883750 0.026250 0.015000
0 0.945000 0.377500 0.047500 0.027500
0 0.664375 0.489375 0.033750 0.018750
0 0.458750 0.363750 0.032500 0.032500
0 0.929375 0.178125 0.053750 0.053750
0 0.419375 0.540625 0.033750 0.033750
0 0.191875 0.830625 0.053750 0.053750
0 0.495625 0.640625 0.058750 0.058750
0 0.063750 0.080000 0.035000 0.035000
0 0.603750 0.941250 0.047500 0.047500
0 0.924375 0.956250 0.031250 0.030000