0 0.655000 0.196250 0.050000 0.050000
0 0.347500 0.281250 0.027500 0.027500
0 0.802500 0.815000 0.030000 0.030000
0 0.256875 0.173125 0.078750 0.078750
0 0.406875 0.928125 0.048750 0.048750
0 0.442500 0.540000 0.050000 0.050000
0 0.653125 0.570625 0.091250 0.091250
0 0.123750 0.616250 0.070000 0.070000
0 0.641875 0.348125 0.028750 0.028750
0 0.226250 0.516250 0.080000 0.080000
0 0.881875 0.070625 0.051250 0.061250
0 0.138750 0.727500 0.042500 0.042500
0 0.492500 0.136250 0.030000 0.030000
0 0.531250 0.441250 0.085000 0.085000
0 0.544375 0.876875 0.103750 0.103750
0 0.831875 0.590625 0.058750 0.058750
0 0.354375 0.450625 0.031250 0.031250
0 0.704375 0.900625 0.046250 0.046250
0 0.071875 0.051250 0.081250 0.062500
0 0.053125 0.126875 0.051250 0.051250
0 0.307500 0.835625 0.087500 0.088750
0 0.270625 0.618750 0.076250 0.077500
0 0.791250 0.211250 0.080000 0.080000
0 0.400000 0.308750 0.060000 0.060000
0 0.266250 0.307500 0.110000 0.110000
0 0.611875 0.734375 0.033750 0.031250
0 0.914375 0.898125 0.076250 0.071250
0 0.860625 0.306250 0.051250 0.047500
0 0.200000 0.826250 0.087500 0.087500
0 0.481250 0.620625 0.060000 0.056250
0 0.081875 0.841875 0.083750 0.073750
0 0.596250 0.667500 0.060000 0.060000
0 0.780625 0.108750 0.106250 0.107500
0 0.685000 0.276875 0.077500 0.073750
0 0.203750 0.676250 0.032500 0.030000
0 0.788750 0.462500 0.077500 0.077500
0 0.898125 0.356875 0.036250 0.036250
0 0.401250 0.406250 0.037500 0.037500
0 0.341875 0.060625 0.056250 0.056250
0 0.812500 0.712500 0.072500 0.072500
0 0.549375 0.239375 0.101250 0.101250
0 0.916250 0.546250 0.085000 0.085000
0 0.875625 0.429375 0.043750 0.038750
0 0.081250 0.751875 0.030000 0.026250
0 0.578750 0.083750 0.047500 0.042500
0 0.898750 0.744375 0.080000 0.081250
0 0.313125 0.522500 0.066250 0.075000
0 0.518125 0.705000 0.081250 0.092500
0 0.056250 0.437500 0.075000 0.085000
0 0.699375 0.758125 0.068750 0.078750
0 0.353750 0.653750 0.055000 0.055000
0 0.102500 0.295000 0.112500 0.112500
0 0.929375 0.286875 0.063750 0.063750
0 0.153750 0.156250 0.107500 0.107500
0 0.893125 0.198125 0.028750 0.028750
0 0.377500 0.190000 0.057500 0.057500
0 0.551875 0.540625 0.043750 0.043750
0 0.410000 0.803125 0.095000 0.148750
0 0.928125 0.150000 0.031250 0.035000
0 0.887500 0.823750 0.077500 0.057500
0 0.138125 0.550625 0.043750 0.043750
0 0.138750 0.399375 0.072500 0.071250
0 0.313125 0.726875 0.068750 0.068750
0 0.939375 0.643125 0.088750 0.088750
0 0.672500 0.422500 0.100000 0.100000
0 0.213750 0.948750 0.045000 0.045000
0 0.246250 0.423750 0.087500 0.087500
0 0.237500 0.080000 0.032500 0.032500
0 0.108750 0.925000 0.055000 0.055000
0 0.636250 0.881875 0.055000 0.058750
0 0.445000 0.122500 0.032500 0.035000
0 0.335000 0.581875 0.027500 0.028750
0 0.671875 0.095625 0.096250 0.073750
0 0.685000 0.661250 0.087500 0.067500
0 0.805625 0.919375 0.048750 0.048750
0 0.706250 0.345000 0.040000 0.040000
0 0.953750 0.408750 0.050000 0.050000
0 0.744375 0.565625 0.053750 0.053750
0 0.440625 0.475625 0.058750 0.061250
0 0.778125 0.309375 0.083750 0.083750
0 0.956250 0.226250 0.035000 0.035000
0 0.513125 0.346250 0.091250 0.080000
0 0.034375 0.631875 0.041250 0.041250
0 0.168750 0.048750 0.065000 0.065000
0 0.398125 0.050000 0.028750 0.035000
0 0.373125 0.596250 0.031250 0.037500
0 0.588125 0.159375 0.036250 0.043750