0 0.404375 0.310625 0.071250 0.071250
0 0.560625 0.474375 0.048750 0.048750
0 0.100625 0.340625 0.073750 0.073750
0 0.233750 0.323750 0.067500 0.052500
0 0.885625 0.290000 0.103750 0.080000
0 0.927500 0.806250 0.107500 0.082500
0 0.312500 0.777500 0.112500 0.087500
0 0.588750 0.398750 0.040000 0.040000
0 0.555000 0.775000 0.057500 0.057500
0 0.765625 0.690625 0.078750 0.078750
0 0.780625 0.789375 0.046250 0.058750
0 0.594375 0.066250 0.098750 0.097500
0 0.707500 0.053125 0.037500 0.036250
0 0.382500 0.931875 0.070000 0.071250
0 0.631250 0.901250 0.112500 0.115000
0 0.810625 0.562500 0.058750 0.060000
0 0.388125 0.489375 0.108750 0.108750
0 0.468750 0.071250 0.072500 0.072500
0 0.335000 0.086250 0.095000 0.097500
0 0.288750 0.223750 0.092500 0.095000
0 0.627500 0.754375 0.042500 0.043750
0 0.473750 0.852500 0.040000 0.040000
0 0.211250 0.465000 0.102500 0.102500
0 0.700000 0.271250 0.077500 0.077500
0 0.093750 0.555000 0.055000 0.055000
0 0.824375 0.909375 0.108750 0.108750
0 0.121875 0.732500 0.081250 0.072500
0 0.628125 0.198125 0.041250 0.041250
0 0.755625 0.028125 0.028750 0.028750
0 0.695000 0.581250 0.052500 0.052500
0 0.590000 0.286250 0.112500 0.112500
0 0.767500 0.375000 0.030000 0.030000
0 0.502500 0.639375 0.087500 0.096250
0 0.256875 0.601250 0.096250 0.105000
0 0.151875 0.886875 0.103750 0.113750
0 0.783750 0.160625 0.062500 0.068750
0 0.524375 0.383125 0.048750 0.026250
0 0.928750 0.043125 0.075000 0.041250
0 0.417500 0.376875 0.080000 0.043750
0 0.186875 0.776875 0.026250 0.026250
0 0.100625 0.264375 0.056250 0.056250
0 0.822500 0.041250 0.047500 0.047500
0 0.486875 0.909375 0.053750 0.053750
0 0.880625 0.649375 0.083750 0.083750
0 0.908125 0.181875 0.086250 0.086250
0 0.712500 0.472500 0.085000 0.085000
0 0.073125 0.134375 0.108750 0.113750
0 0.217500 0.051250 0.072500 0.075000
0 0.502500 0.157500 0.067500 0.070000
0 0.260000 0.910625 0.090000 0.093750
0 0.781875 0.300625 0.063750 0.063750
0 0.590000 0.545000 0.072500 0.072500
0 0.174375 0.550625 0.038750 0.038750
0 0.387500 0.608750 0.070000 0.070000
0 0.058125 0.438125 0.088750 0.088750
0 0.815625 0.451875 0.098750 0.098750
0 0.061250 0.635000 0.090000 0.090000
0 0.443750 0.775000 0.025000 0.025000
0 0.692500 0.357500 0.035000 0.035000
0 0.901250 0.425000 0.050000 0.050000
0 0.606250 0.802500 0.027500 0.027500
0 0.179375 0.155625 0.088750 0.088750
0 0.683750 0.721250 0.042500 0.042500
0 0.315625 0.339375 0.073750 0.073750
0 0.730625 0.900625 0.063750 0.063750
0 0.940625 0.891875 0.066250 0.066250
0 0.608125 0.686875 0.063750 0.063750
0 0.488125 0.260625 0.071250 0.071250
0 0.032500 0.860000 0.037500 0.045000
0 0.708125 0.191875 0.066250 0.066250
0 0.483125 0.335000 0.028750 0.032500
0 0.391875 0.194375 0.068750 0.068750
0 0.964375 0.108125 0.046250 0.046250
0 0.916250 0.501250 0.070000 0.070000
0 0.040625 0.726875 0.048750 0.051250
0 0.678750 0.646250 0.050000 0.050000
0 0.201250 0.252500 0.065000 0.065000
0 0.041250 0.937500 0.052500 0.055000
0 0.949375 0.366875 0.051250 0.051250
0 0.403125 0.693125 0.058750 0.058750