0 0.692500 0.917500 0.050000 0.050000
0 0.095000 0.856250 0.105000 0.105000
0 0.068750 0.436250 0.070000 0.070000
0 0.628750 0.820000 0.037500 0.030000
0 0.884375 0.793125 0.073750 0.073750
0 0.328125 0.193125 0.103750 0.103750
0 0.048125 0.058125 0.061250 0.073750
0 0.628125 0.520000 0.041250 0.040000
0 0.623125 0.133125 0.043750 0.041250
0 0.612500 0.740625 0.107500 0.086250
0 0.833750 0.368750 0.062500 0.050000
0 0.345000 0.539375 0.040000 0.031250
0 0.077500 0.545000 0.060000 0.055000
0 0.788750 0.258750 0.067500 0.062500
0 0.482500 0.407500 0.112500 0.112500
0 0.461250 0.708750 0.065000 0.065000
0 0.434375 0.194375 0.043750 0.043750
0 0.385000 0.911250 0.080000 0.080000
0 0.048125 0.701875 0.063750 0.063750
0 0.424375 0.810625 0.086250 0.086250
0 0.373125 0.358750 0.028750 0.025000
0 0.435625 0.271875 0.036250 0.031250
0 0.679375 0.388750 0.071250 0.062500
0 0.780625 0.796875 0.111250 0.098750
0 0.556875 0.298125 0.083750 0.083750
0 0.701875 0.043125 0.041250 0.041250
0 0.803750 0.615000 0.037500 0.037500
0 0.199375 0.669375 0.106250 0.106250
0 0.318750 0.666250 0.112500 0.112500
0 0.203750 0.167500 0.040000 0.045000
0 0.730625 0.688750 0.063750 0.072500
0 0.951875 0.318750 0.041250 0.047500
0 0.558125 0.869375 0.086250 0.086250
0 0.325000 0.416250 0.067500 0.067500
0 0.369375 0.033125 0.036250 0.036250
0 0.886875 0.484375 0.086250 0.086250
0 0.885000 0.207500 0.050000 0.050000
0 0.857500 0.110000 0.107500 0.107500
0 0.220625 0.363125 0.048750 0.048750
0 0.646875 0.215000 0.061250 0.062500
0 0.160000 0.449375 0.067500 0.068750
0 0.280000 0.930625 0.042500 0.043750
0 0.173125 0.090625 0.091250 0.091250
0 0.538750 0.108750 0.102500 0.102500
0 0.750000 0.137500 0.090000 0.090000
0 0.793125 0.426875 0.031250 0.031250
0 0.712500 0.306250 0.037500 0.037500
0 0.760000 0.886250 0.062500 0.060000
0 0.152500 0.247500 0.075000 0.072500
0 0.428125 0.130625 0.066250 0.063750
0 0.719375 0.573125 0.111250 0.111250
0 0.265000 0.793750 0.067500 0.067500
0 0.105625 0.163125 0.028750 0.028750
0 0.602500 0.636250 0.085000 0.085000
0 0.215000 0.903750 0.072500 0.072500
0 0.504375 0.955625 0.031250 0.031250
0 0.513125 0.194375 0.043750 0.043750
0 0.160000 0.538750 0.030000 0.030000
0 0.244375 0.543125 0.111250 0.083750
0 0.243125 0.286875 0.063750 0.063750
0 0.931875 0.674375 0.088750 0.088750
0 0.483750 0.583750 0.082500 0.082500
0 0.827500 0.701875 0.077500 0.073750
0 0.077500 0.265000 0.045000 0.045000
0 0.939375 0.865000 0.056250 0.052500
0 0.146875 0.338125 0.081250 0.076250
0 0.521250 0.502500 0.057500 0.057500
0 0.572500 0.401250 0.050000 0.050000
0 0.635000 0.065000 0.047500 0.047500
0 0.390000 0.546250 0.027500 0.030000
0 0.034375 0.126875 0.033750 0.036250
0 0.951250 0.232500 0.057500 0.057500
0 0.311250 0.095625 0.052500 0.051250
0 0.098125 0.949375 0.043750 0.043750
0 0.523750 0.753750 0.035000 0.035000
0 0.944375 0.946875 0.043750 0.043750
0 0.686250 0.464375 0.062500 0.056250
0 0.145625 0.175000 0.036250 0.032500
0 0.466250 0.919375 0.027500 0.023750