0 0.748750 0.101250 0.080000 0.132500
0 0.431875 0.070000 0.051250 0.085000
0 0.587500 0.622500 0.095000 0.157500
0 0.205625 0.468125 0.086250 0.086250
0 0.749375 0.883125 0.106250 0.106250
0 0.321875 0.914375 0.076250 0.076250
0 0.622500 0.913750 0.090000 0.090000
0 0.961250 0.442500 0.030000 0.030000
0 0.667500 0.381250 0.057500 0.057500
0 0.125000 0.812500 0.065000 0.065000
0 0.326875 0.633125 0.111250 0.111250
0 0.417500 0.326250 0.112500 0.112500
0 0.105000 0.382500 0.095000 0.095000
0 0.418750 0.662500 0.052500 0.052500
0 0.476250 0.746250 0.027500 0.020000
0 0.128125 0.225000 0.098750 0.075000
0 0.668750 0.307500 0.070000 0.052500
0 0.786250 0.455625 0.025000 0.018750
0 0.686875 0.498125 0.048750 0.048750
0 0.635000 0.796250 0.075000 0.075000
0 0.378125 0.429375 0.038750 0.038750
0 0.505000 0.822500 0.085000 0.085000
0 0.919375 0.728125 0.111250 0.111250
0 0.383750 0.218750 0.067500 0.067500
0 0.213750 0.622500 0.072500 0.065000
0 0.181875 0.060000 0.086250 0.077500
0 0.888750 0.546875 0.055000 0.048750
0 0.592500 0.165000 0.067500 0.067500
0 0.086875 0.576875 0.068750 0.068750
0 0.073750 0.121250 0.100000 0.100000
0 0.541250 0.451250 0.092500 0.092500
0 0.944375 0.324375 0.033750 0.033750
0 0.953750 0.269375 0.050000 0.046250
0 0.245625 0.285625 0.028750 0.033750
0 0.263750 0.106250 0.047500 0.055000
0 0.856250 0.130000 0.112500 0.132500
0 0.161250 0.683750 0.035000 0.030000
0 0.543125 0.345625 0.046250 0.046250
0 0.252500 0.216250 0.070000 0.062500
0 0.205625 0.935625 0.088750 0.078750
0 0.743125 0.761875 0.103750 0.096250
0 0.868125 0.411875 0.108750 0.108750
0 0.476250 0.178750 0.052500 0.032500
0 0.575625 0.515625 0.026250 0.016250
0 0.028750 0.896875 0.032500 0.031250
0 0.843750 0.300625 0.077500 0.096250
0 0.258750 0.795000 0.092500 0.092500
0 0.941875 0.914375 0.031250 0.021250
0 0.755000 0.616250 0.105000 0.105000
0 0.417500 0.815000 0.047500 0.047500
0 0.355625 0.109375 0.086250 0.098750
0 0.250625 0.377500 0.041250 0.047500
0 0.821875 0.708125 0.038750 0.043750
0 0.468750 0.580000 0.040000 0.045000
0 0.068750 0.682500 0.105000 0.120000
0 0.867500 0.633750 0.040000 0.045000
0 0.393125 0.513125 0.083750 0.083750
0 0.949375 0.600625 0.026250 0.026250
0 0.918750 0.846250 0.092500 0.092500
0 0.639375 0.054375 0.038750 0.046250
0 0.678125 0.452500 0.031250 0.027500
0 0.088125 0.918750 0.066250 0.060000
0 0.837500 0.555000 0.025000 0.025000
0 0.287500 0.472500 0.042500 0.042500
0 0.113125 0.301875 0.028750 0.028750
0 0.057500 0.838750 0.035000 0.035000
0 0.045000 0.305000 0.025000 0.025000
0 0.517500 0.900625 0.052500 0.051250
0 0.123125 0.521250 0.026250 0.025000
0 0.416250 0.931875 0.055000 0.058750
0 0.760000 0.326875 0.062500 0.076250
0 0.494375 0.045625 0.036250 0.036250
0 0.948750 0.555000 0.040000 0.040000
0 0.679375 0.136875 0.036250 0.026250
0 0.398750 0.867500 0.035000 0.035000
0 0.673125 0.241875 0.036250 0.036250
0 0.760000 0.247500 0.062500 0.062500
0 0.358750 0.735000 0.052500 0.052500
0 0.272500 0.045000 0.045000 0.045000
0 0.578125 0.249375 0.083750 0.066250
0 0.568125 0.096875 0.068750 0.053750
0 0.740000 0.440000 0.035000 0.045000