0 0.579375 0.343125 0.058750 0.058750
0 0.645000 0.705000 0.095000 0.095000
0 0.252500 0.708750 0.065000 0.065000
0 0.117500 0.615000 0.025000 0.025000
0 0.592500 0.086875 0.090000 0.088750
0 0.288750 0.479375 0.065000 0.056250
0 0.419375 0.628125 0.088750 0.076250
0 0.730625 0.730625 0.058750 0.051250
0 0.537500 0.704375 0.087500 0.098750
0 0.065000 0.150000 0.087500 0.057500
0 0.171250 0.235000 0.062500 0.062500
0 0.567500 0.470000 0.055000 0.055000
0 0.431250 0.753750 0.085000 0.085000
0 0.736250 0.315000 0.065000 0.065000
0 0.054375 0.422500 0.041250 0.047500
0 0.834375 0.588125 0.081250 0.093750
0 0.909375 0.238125 0.083750 0.083750
0 0.800000 0.888750 0.032500 0.032500
0 0.416875 0.873125 0.096250 0.096250
0 0.677500 0.408750 0.085000 0.085000
0 0.388750 0.087500 0.027500 0.032500
0 0.386250 0.199375 0.085000 0.103750
0 0.488125 0.570625 0.028750 0.023750
0 0.558125 0.803125 0.066250 0.066250
0 0.935625 0.773125 0.063750 0.063750
0 0.776250 0.192500 0.042500 0.042500
0 0.653125 0.298125 0.073750 0.073750
0 0.821250 0.800000 0.097500 0.097500
0 0.194375 0.786875 0.036250 0.036250
0 0.639375 0.191875 0.048750 0.048750
0 0.274375 0.851875 0.081250 0.081250
0 0.828750 0.315625 0.027500 0.021250
0 0.256875 0.584375 0.038750 0.038750
0 0.950625 0.925625 0.061250 0.071250
0 0.961875 0.428125 0.048750 0.048750
0 0.798125 0.408125 0.081250 0.081250
0 0.735000 0.807500 0.027500 0.027500
0 0.431250 0.476250 0.067500 0.067500
0 0.316250 0.375000 0.082500 0.082500
0 0.094375 0.490625 0.028750 0.028750
0 0.696250 0.896250 0.040000 0.040000
0 0.823750 0.146250 0.057500 0.035000
0 0.820625 0.506250 0.028750 0.017500
0 0.695000 0.091250 0.030000 0.017500
0 0.616875 0.911875 0.076250 0.076250
0 0.150000 0.042500 0.035000 0.035000
0 0.160000 0.697500 0.100000 0.100000
0 0.184375 0.401875 0.076250 0.076250
0 0.161250 0.897500 0.095000 0.095000
0 0.729375 0.508750 0.076250 0.072500
0 0.489375 0.101250 0.101250 0.097500
0 0.732500 0.633750 0.052500 0.050000
0 0.086250 0.238125 0.087500 0.083750
0 0.918750 0.081250 0.095000 0.130000
0 0.274375 0.115625 0.068750 0.093750
0 0.823750 0.671250 0.042500 0.057500
0 0.488125 0.318125 0.091250 0.091250
0 0.624375 0.588125 0.101250 0.101250
0 0.170625 0.114375 0.068750 0.068750
0 0.338125 0.756875 0.048750 0.068750
0 0.030000 0.748125 0.027500 0.038750
0 0.051875 0.881250 0.028750 0.040000
0 0.036250 0.630000 0.027500 0.025000
0 0.070625 0.330625 0.053750 0.048750
0 0.820000 0.253125 0.062500 0.056250
0 0.949375 0.589375 0.076250 0.076250
0 0.951250 0.348750 0.042500 0.042500
0 0.687500 0.193750 0.027500 0.027500
0 0.773750 0.060625 0.095000 0.076250
0 0.880625 0.382500 0.043750 0.035000
0 0.764375 0.935625 0.048750 0.036250
0 0.235625 0.213125 0.036250 0.026250