0 0.840000 0.418125 0.087500 0.086250
0 0.182500 0.865625 0.070000 0.068750
0 0.408750 0.117500 0.110000 0.120000
0 0.380000 0.682500 0.062500 0.067500
0 0.626250 0.441250 0.040000 0.040000
0 0.141250 0.388750 0.025000 0.025000
0 0.943750 0.551250 0.062500 0.062500
0 0.155000 0.576250 0.080000 0.080000
0 0.553750 0.555000 0.080000 0.080000
0 0.147500 0.310000 0.057500 0.057500
0 0.848125 0.266875 0.068750 0.068750
0 0.090000 0.134375 0.085000 0.128750
0 0.393750 0.841875 0.095000 0.143750
0 0.917500 0.160625 0.080000 0.121250
0 0.706250 0.488750 0.030000 0.045000
0 0.745000 0.688750 0.050000 0.050000
0 0.266875 0.873750 0.026250 0.030000
0 0.198750 0.088750 0.107500 0.107500
0 0.576250 0.733750 0.027500 0.027500
0 0.631250 0.933750 0.025000 0.025000
0 0.289375 0.221875 0.063750 0.066250
0 0.441250 0.445000 0.077500 0.077500
0 0.935625 0.689375 0.038750 0.038750
0 0.226250 0.763750 0.040000 0.042500
0 0.918750 0.393750 0.035000 0.037500
0 0.211875 0.422500 0.026250 0.027500
0 0.548750 0.146250 0.042500 0.045000
0 0.588750 0.818750 0.090000 0.090000
0 0.074375 0.676875 0.026250 0.026250
0 0.314375 0.701875 0.031250 0.031250
0 0.846250 0.536250 0.092500 0.092500
0 0.863750 0.336250 0.045000 0.045000
0 0.403125 0.307500 0.111250 0.132500
0 0.516250 0.638125 0.025000 0.033750
0 0.232500 0.684375 0.030000 0.033750
0 0.960000 0.351250 0.032500 0.037500
0 0.653750 0.697500 0.105000 0.105000
0 0.495625 0.733125 0.071250 0.071250
0 0.696875 0.118125 0.093750 0.093750
0 0.292500 0.073750 0.030000 0.030000
0 0.413125 0.560000 0.111250 0.110000
0 0.847500 0.751250 0.102500 0.102500
0 0.754375 0.247500 0.103750 0.087500
0 0.100625 0.846875 0.038750 0.036250
0 0.548750 0.360625 0.097500 0.091250
0 0.730625 0.360000 0.098750 0.092500
0 0.065000 0.352500 0.087500 0.082500
0 0.844375 0.850625 0.078750 0.078750
0 0.636875 0.301250 0.061250 0.097500
0 0.847500 0.947500 0.030000 0.030000
0 0.575625 0.213125 0.063750 0.063750
0 0.154375 0.764375 0.083750 0.083750
0 0.290000 0.476250 0.085000 0.085000
0 0.712500 0.818750 0.107500 0.100000
0 0.079375 0.448125 0.056250 0.051250
0 0.276250 0.564375 0.082500 0.076250
0 0.946250 0.862500 0.065000 0.060000
0 0.801250 0.118750 0.100000 0.100000
0 0.664375 0.194375 0.041250 0.041250
0 0.748125 0.919375 0.036250 0.051250
0 0.049375 0.893125 0.048750 0.043750
0 0.554375 0.459375 0.068750 0.061250
0 0.937500 0.043125 0.032500 0.028750
0 0.210625 0.279375 0.043750 0.043750
0 0.316250 0.291250 0.045000 0.045000
0 0.680625 0.546250 0.043750 0.032500
0 0.125625 0.694375 0.033750 0.031250