0 0.861875 0.603125 0.028750 0.038750
0 0.413125 0.770000 0.086250 0.117500
0 0.936875 0.516250 0.091250 0.125000
0 0.258125 0.846875 0.033750 0.033750
0 0.440000 0.316875 0.095000 0.113750
0 0.136250 0.518125 0.057500 0.061250
0 0.161250 0.330000 0.045000 0.055000
0 0.929375 0.260625 0.046250 0.056250
0 0.149375 0.679375 0.038750 0.038750
0 0.428125 0.609375 0.026250 0.026250
0 0.354375 0.464375 0.111250 0.111250
0 0.111875 0.918125 0.086250 0.086250
0 0.779375 0.641875 0.041250 0.041250
0 0.516875 0.113750 0.058750 0.047500
0 0.310625 0.268750 0.086250 0.077500
0 0.673750 0.699375 0.082500 0.073750
0 0.521875 0.710625 0.106250 0.096250
0 0.634375 0.358125 0.071250 0.071250
0 0.688750 0.100000 0.095000 0.095000
0 0.742500 0.233750 0.107500 0.107500
0 0.112500 0.435000 0.062500 0.055000
0 0.453125 0.064375 0.036250 0.036250
0 0.941250 0.669375 0.032500 0.038750
0 0.810000 0.380000 0.097500 0.117500
0 0.293750 0.601875 0.077500 0.093750
0 0.137500 0.175625 0.065000 0.078750
0 0.915625 0.749375 0.101250 0.101250
0 0.850625 0.115625 0.086250 0.086250
0 0.210000 0.912500 0.080000 0.080000
0 0.926250 0.846875 0.060000 0.063750
0 0.532500 0.570000 0.072500 0.072500
0 0.758750 0.507500 0.070000 0.070000
0 0.331250 0.123750 0.032500 0.032500
0 0.337500 0.677500 0.040000 0.040000
0 0.580625 0.853125 0.106250 0.106250
0 0.833750 0.870000 0.102500 0.115000
0 0.116875 0.275625 0.036250 0.036250
0 0.240000 0.738750 0.090000 0.090000
0 0.240625 0.138125 0.108750 0.101250
0 0.782500 0.756250 0.065000 0.060000
0 0.376250 0.888125 0.057500 0.053750
0 0.427500 0.210000 0.062500 0.062500
0 0.072500 0.347500 0.090000 0.065000
0 0.956250 0.615000 0.042500 0.030000
0 0.648125 0.203125 0.026250 0.018750
0 0.579375 0.248125 0.091250 0.091250
0 0.471250 0.936250 0.067500 0.067500
0 0.689375 0.917500 0.096250 0.097500
0 0.626875 0.555000 0.076250 0.077500
0 0.075000 0.688750 0.085000 0.085000
0 0.153750 0.610000 0.050000 0.050000
0 0.464375 0.424375 0.046250 0.046250
0 0.601875 0.118125 0.033750 0.033750
0 0.581875 0.449375 0.081250 0.081250
0 0.573125 0.079375 0.026250 0.026250
0 0.342500 0.056250 0.080000 0.080000
0 0.061875 0.264375 0.043750 0.043750
0 0.156250 0.763750 0.057500 0.057500
0 0.062500 0.170000 0.037500 0.037500
0 0.231250 0.300000 0.027500 0.027500
0 0.157500 0.050000 0.027500 0.032500
0 0.865625 0.035625 0.038750 0.046250
0 0.911875 0.386875 0.091250 0.066250
0 0.058125 0.558125 0.061250 0.061250
0 0.242500 0.452500 0.075000 0.102500
0 0.069375 0.061875 0.088750 0.083750
0 0.939375 0.185000 0.063750 0.077500
0 0.877500 0.203750 0.037500 0.037500
0 0.974375 0.094375 0.026250 0.026250