0 0.328125 0.488125 0.093750 0.093750
0 0.768750 0.657500 0.110000 0.110000
0 0.632500 0.090625 0.037500 0.038750
0 0.726875 0.794375 0.063750 0.063750
0 0.924375 0.929375 0.081250 0.081250
0 0.371875 0.320625 0.033750 0.033750
0 0.719375 0.221250 0.088750 0.125000
0 0.748750 0.501875 0.047500 0.031250
0 0.179375 0.470625 0.101250 0.101250
0 0.336875 0.936875 0.031250 0.031250
0 0.149375 0.056875 0.066250 0.066250
0 0.081250 0.821250 0.035000 0.035000
0 0.577500 0.556250 0.037500 0.037500
0 0.590000 0.263750 0.027500 0.027500
0 0.821875 0.360625 0.103750 0.103750
0 0.935000 0.427500 0.082500 0.082500
0 0.585000 0.740000 0.080000 0.080000
0 0.186250 0.336250 0.085000 0.085000
0 0.657500 0.548750 0.087500 0.087500
0 0.651250 0.290625 0.032500 0.033750
0 0.088750 0.673750 0.105000 0.110000
0 0.351875 0.819375 0.058750 0.058750
0 0.207500 0.758750 0.092500 0.092500
0 0.943125 0.583125 0.068750 0.068750
0 0.611875 0.668125 0.041250 0.041250
0 0.155000 0.231250 0.027500 0.020000
0 0.160000 0.127500 0.052500 0.052500
0 0.056250 0.217500 0.030000 0.030000
0 0.835000 0.543750 0.095000 0.095000
0 0.430625 0.096875 0.111250 0.111250
0 0.472500 0.235000 0.110000 0.110000
0 0.491875 0.825625 0.068750 0.068750
0 0.893125 0.074375 0.088750 0.088750
0 0.116250 0.900000 0.082500 0.072500
0 0.278750 0.135000 0.090000 0.090000
0 0.267500 0.279375 0.052500 0.056250
0 0.928125 0.823125 0.088750 0.088750
0 0.459375 0.394375 0.106250 0.106250
0 0.460625 0.660625 0.036250 0.036250
0 0.635000 0.893750 0.070000 0.070000
0 0.480000 0.583125 0.032500 0.041250
0 0.398125 0.593125 0.081250 0.081250
0 0.071250 0.547500 0.065000 0.060000
0 0.829375 0.903125 0.061250 0.056250
0 0.201250 0.621250 0.100000 0.092500
0 0.727500 0.862500 0.062500 0.057500
0 0.937500 0.697500 0.077500 0.077500
0 0.390000 0.670000 0.045000 0.045000
0 0.863125 0.176875 0.076250 0.076250
0 0.818750 0.260000 0.070000 0.070000
0 0.778750 0.060000 0.092500 0.090000
0 0.930625 0.313125 0.096250 0.108750
0 0.819375 0.758125 0.056250 0.056250
0 0.103125 0.404375 0.036250 0.036250
0 0.216250 0.842500 0.055000 0.055000
0 0.590625 0.221875 0.033750 0.033750
0 0.343125 0.243125 0.066250 0.066250
0 0.563750 0.057500 0.077500 0.077500
0 0.107500 0.197500 0.027500 0.027500
0 0.634375 0.378125 0.081250 0.081250
0 0.053125 0.313125 0.076250 0.076250
0 0.463125 0.739375 0.033750 0.033750
0 0.532500 0.912500 0.067500 0.067500
0 0.692500 0.060000 0.042500 0.042500