0 0.386875 0.275625 0.053750 0.053750
0 0.823750 0.190000 0.070000 0.070000
0 0.884375 0.073125 0.096250 0.096250
0 0.811875 0.570625 0.108750 0.108750
0 0.785000 0.455625 0.095000 0.083750
0 0.887500 0.319375 0.095000 0.083750
0 0.545000 0.464375 0.032500 0.028750
0 0.891250 0.701875 0.055000 0.048750
0 0.418125 0.663125 0.081250 0.063750
0 0.747500 0.733750 0.070000 0.055000
0 0.668750 0.320000 0.097500 0.077500
0 0.322500 0.883750 0.105000 0.105000
0 0.144375 0.102500 0.081250 0.125000
0 0.640625 0.539375 0.101250 0.101250
0 0.516250 0.858750 0.055000 0.055000
0 0.225625 0.881875 0.056250 0.068750
0 0.216875 0.486875 0.073750 0.073750
0 0.327500 0.442500 0.075000 0.075000
0 0.097500 0.943750 0.035000 0.035000
0 0.654375 0.696875 0.098750 0.098750
0 0.105625 0.606875 0.111250 0.111250
0 0.798125 0.094375 0.036250 0.036250
0 0.401875 0.083125 0.098750 0.091250
0 0.185000 0.292500 0.057500 0.057500
0 0.630000 0.091250 0.112500 0.112500
0 0.925625 0.819375 0.096250 0.096250
0 0.320000 0.576250 0.090000 0.090000
0 0.303125 0.237500 0.096250 0.105000
0 0.153125 0.723750 0.091250 0.100000
0 0.433750 0.441250 0.082500 0.090000
0 0.613125 0.914375 0.083750 0.076250
0 0.273750 0.758125 0.060000 0.053750
0 0.512500 0.923125 0.062500 0.056250
0 0.866250 0.392500 0.047500 0.042500
0 0.482500 0.250000 0.092500 0.092500
0 0.560000 0.393125 0.075000 0.046250
0 0.070625 0.774375 0.058750 0.036250
0 0.463750 0.790625 0.102500 0.063750
0 0.546875 0.643125 0.093750 0.091250
0 0.929375 0.466875 0.076250 0.073750
0 0.045625 0.861875 0.058750 0.058750
0 0.921875 0.176875 0.086250 0.086250
0 0.426875 0.538125 0.083750 0.081250
0 0.287500 0.135000 0.072500 0.072500
0 0.643125 0.816875 0.101250 0.101250
0 0.788750 0.883750 0.095000 0.095000
0 0.678750 0.406250 0.062500 0.062500
0 0.073750 0.344375 0.107500 0.108750
0 0.515000 0.133750 0.100000 0.100000
0 0.356250 0.773750 0.050000 0.050000
0 0.085625 0.464375 0.111250 0.111250
0 0.121250 0.843750 0.077500 0.077500
0 0.208750 0.388750 0.097500 0.097500
0 0.114375 0.221875 0.063750 0.063750
0 0.725625 0.132500 0.053750 0.065000
0 0.062500 0.099375 0.055000 0.048750
0 0.187500 0.584375 0.027500 0.023750
0 0.078750 0.723125 0.032500 0.041250
0 0.751875 0.251875 0.043750 0.043750
0 0.265000 0.690000 0.040000 0.040000
0 0.929375 0.620625 0.066250 0.066250