0 0.116875 0.124375 0.103750 0.103750
0 0.065625 0.341875 0.058750 0.058750
0 0.668750 0.671250 0.105000 0.105000
0 0.541250 0.303750 0.075000 0.075000
0 0.225000 0.850000 0.080000 0.080000
0 0.634375 0.133125 0.093750 0.093750
0 0.173750 0.418750 0.025000 0.025000
0 0.083750 0.837500 0.107500 0.107500
0 0.395000 0.783750 0.105000 0.105000
0 0.923125 0.383125 0.103750 0.103750
0 0.068750 0.226875 0.100000 0.071250
0 0.881875 0.208750 0.076250 0.055000
0 0.838125 0.111875 0.103750 0.073750
0 0.288125 0.535625 0.086250 0.053750
0 0.847500 0.786250 0.080000 0.050000
0 0.961250 0.801875 0.042500 0.026250
0 0.736875 0.390625 0.101250 0.101250
0 0.954375 0.276875 0.056250 0.056250
0 0.621875 0.584375 0.053750 0.053750
0 0.246875 0.151875 0.096250 0.096250
0 0.388750 0.271250 0.102500 0.102500
0 0.128750 0.335000 0.042500 0.042500
0 0.785625 0.281875 0.078750 0.078750
0 0.780000 0.642500 0.077500 0.077500
0 0.630625 0.886250 0.083750 0.087500
0 0.893125 0.519375 0.096250 0.096250
0 0.726250 0.088750 0.075000 0.075000
0 0.099375 0.040625 0.038750 0.038750
0 0.709375 0.548125 0.081250 0.081250
0 0.176875 0.939375 0.063750 0.063750
0 0.471875 0.611250 0.098750 0.107500
0 0.838750 0.845000 0.100000 0.035000
0 0.141875 0.511875 0.106250 0.098750
0 0.902500 0.671250 0.035000 0.030000
0 0.395625 0.168125 0.083750 0.068750
0 0.289375 0.288750 0.076250 0.062500
0 0.341250 0.382500 0.102500 0.102500
0 0.449375 0.380625 0.081250 0.081250
0 0.503750 0.110000 0.107500 0.107500
0 0.564375 0.653125 0.058750 0.058750
0 0.615625 0.808125 0.066250 0.048750
0 0.739375 0.770000 0.063750 0.047500
0 0.269375 0.645000 0.093750 0.105000
0 0.161875 0.686250 0.093750 0.080000
0 0.795000 0.927500 0.110000 0.085000
0 0.376250 0.615625 0.075000 0.118750
0 0.190625 0.331250 0.053750 0.085000
0 0.674375 0.295625 0.036250 0.036250
0 0.463750 0.496250 0.092500 0.105000
0 0.240625 0.469375 0.038750 0.063750
0 0.585625 0.442500 0.081250 0.135000
0 0.397500 0.062500 0.057500 0.057500
0 0.956250 0.615000 0.060000 0.067500
0 0.373125 0.922500 0.058750 0.065000
0 0.230625 0.051875 0.078750 0.078750