0 0.926250 0.673750 0.027500 0.022500
0 0.458125 0.611250 0.036250 0.037500
0 0.414375 0.336250 0.106250 0.110000
0 0.277500 0.606250 0.067500 0.070000
0 0.191875 0.521875 0.056250 0.063750
0 0.221875 0.775625 0.076250 0.071250
0 0.648750 0.199375 0.095000 0.088750
0 0.504375 0.823750 0.106250 0.100000
0 0.141875 0.403125 0.031250 0.031250
0 0.283750 0.261875 0.110000 0.151250
0 0.488750 0.158125 0.072500 0.096250
0 0.912500 0.838125 0.072500 0.096250
0 0.749375 0.728750 0.088750 0.117500
0 0.511875 0.698125 0.048750 0.063750
0 0.373125 0.703750 0.036250 0.052500
0 0.636875 0.572500 0.093750 0.137500
0 0.705000 0.061250 0.040000 0.057500
0 0.135000 0.087500 0.110000 0.110000
0 0.893125 0.049375 0.068750 0.071250
0 0.500000 0.425000 0.030000 0.030000
0 0.349375 0.076250 0.076250 0.092500
0 0.971875 0.296875 0.028750 0.033750
0 0.126875 0.669375 0.083750 0.101250
0 0.841875 0.236250 0.101250 0.122500
0 0.946875 0.951875 0.031250 0.031250
0 0.317500 0.519375 0.100000 0.088750
0 0.268750 0.690000 0.057500 0.050000
0 0.100625 0.238750 0.093750 0.082500
0 0.783750 0.544375 0.112500 0.113750
0 0.624375 0.815625 0.108750 0.108750
0 0.394375 0.799375 0.086250 0.086250
0 0.816875 0.860625 0.096250 0.096250
0 0.556250 0.406250 0.030000 0.030000
0 0.615625 0.065000 0.093750 0.075000
0 0.720625 0.326875 0.073750 0.058750
0 0.100625 0.497500 0.098750 0.080000
0 0.532500 0.520000 0.097500 0.097500
0 0.158750 0.320625 0.060000 0.046250
0 0.533125 0.342500 0.091250 0.070000
0 0.893750 0.618750 0.087500 0.067500
0 0.278125 0.931875 0.076250 0.076250
0 0.925625 0.447500 0.098750 0.120000
0 0.375625 0.165000 0.053750 0.065000
0 0.677500 0.450000 0.057500 0.057500
0 0.070000 0.866250 0.077500 0.092500
0 0.606250 0.917500 0.095000 0.062500
0 0.843750 0.942500 0.035000 0.022500
0 0.498750 0.939375 0.025000 0.016250
0 0.622500 0.700000 0.092500 0.060000
0 0.178125 0.856875 0.093750 0.073750
0 0.261250 0.388750 0.065000 0.065000
0 0.943125 0.136875 0.068750 0.053750
0 0.790000 0.105000 0.055000 0.055000
0 0.198125 0.375625 0.028750 0.028750
0 0.809375 0.395625 0.081250 0.081250
0 0.445625 0.055000 0.031250 0.037500
0 0.189375 0.213125 0.038750 0.046250
0 0.371250 0.621250 0.080000 0.097500
0 0.620625 0.280625 0.033750 0.033750
0 0.388125 0.923125 0.103750 0.103750
0 0.699375 0.932500 0.066250 0.062500
0 0.438125 0.479375 0.061250 0.061250
0 0.562500 0.595625 0.027500 0.021250
0 0.172500 0.268750 0.025000 0.027500
0 0.067500 0.349375 0.090000 0.098750
0 0.203125 0.924375 0.033750 0.033750
0 0.033125 0.633125 0.036250 0.036250
0 0.123750 0.779375 0.060000 0.038750
0 0.350625 0.418750 0.046250 0.030000
0 0.701250 0.855000 0.025000 0.025000
0 0.746250 0.633125 0.025000 0.026250
0 0.065000 0.949375 0.047500 0.051250
0 0.856250 0.717500 0.075000 0.075000
0 0.303750 0.830000 0.065000 0.065000
0 0.518125 0.264375 0.066250 0.066250
0 0.246875 0.123125 0.086250 0.086250
0 0.083750 0.575000 0.052500 0.052500
0 0.748125 0.161875 0.041250 0.041250
0 0.973125 0.881875 0.026250 0.026250
0 0.034375 0.059375 0.036250 0.036250
0 0.513125 0.071875 0.043750 0.046250