0 0.273125 0.118750 0.051250 0.095000
0 0.788125 0.103125 0.043750 0.043750
0 0.355625 0.300625 0.061250 0.061250
0 0.096875 0.549375 0.108750 0.108750
0 0.876875 0.638125 0.103750 0.103750
0 0.886875 0.243750 0.031250 0.040000
0 0.461250 0.867500 0.057500 0.057500
0 0.356250 0.427500 0.107500 0.107500
0 0.270000 0.757500 0.050000 0.050000
0 0.302500 0.823750 0.065000 0.065000
0 0.638125 0.212500 0.078750 0.115000
0 0.863750 0.866250 0.080000 0.080000
0 0.441250 0.036250 0.027500 0.027500
0 0.619375 0.390625 0.043750 0.043750
0 0.620625 0.503750 0.078750 0.060000
0 0.605000 0.786875 0.025000 0.018750
0 0.153125 0.257500 0.083750 0.065000
0 0.608750 0.091250 0.077500 0.077500
0 0.145000 0.327500 0.030000 0.030000
0 0.216250 0.470000 0.105000 0.105000
0 0.783125 0.378125 0.101250 0.101250
0 0.513750 0.644375 0.090000 0.123750
0 0.697500 0.732500 0.102500 0.140000
0 0.472500 0.542500 0.035000 0.047500
0 0.930000 0.333125 0.085000 0.116250
0 0.699375 0.865625 0.066250 0.066250
0 0.356875 0.084375 0.101250 0.101250
0 0.535625 0.221875 0.088750 0.088750
0 0.525000 0.786250 0.040000 0.040000
0 0.118125 0.894375 0.033750 0.033750
0 0.561875 0.301875 0.056250 0.056250
0 0.888750 0.495000 0.102500 0.102500
0 0.755625 0.251875 0.111250 0.111250
0 0.063125 0.064375 0.088750 0.088750
0 0.368750 0.566875 0.080000 0.063750
0 0.260000 0.242500 0.107500 0.107500
0 0.103750 0.337500 0.035000 0.035000
0 0.422500 0.925000 0.037500 0.037500
0 0.746250 0.496250 0.090000 0.090000
0 0.127500 0.426250 0.030000 0.030000
0 0.940625 0.053125 0.041250 0.041250
0 0.384375 0.645625 0.028750 0.028750
0 0.778750 0.898750 0.062500 0.062500
0 0.450625 0.334375 0.026250 0.026250
0 0.570625 0.943750 0.066250 0.057500
0 0.605000 0.673750 0.027500 0.037500
0 0.182500 0.809375 0.030000 0.041250
0 0.468750 0.439375 0.070000 0.096250
0 0.077500 0.715000 0.105000 0.105000
0 0.741250 0.610000 0.090000 0.090000
0 0.040000 0.841250 0.030000 0.030000
0 0.243750 0.637500 0.112500 0.112500
0 0.831875 0.756875 0.073750 0.073750
0 0.438750 0.188750 0.062500 0.062500
0 0.072500 0.185625 0.060000 0.046250
0 0.210625 0.373125 0.028750 0.021250
0 0.059375 0.638750 0.038750 0.030000
0 0.388125 0.776875 0.083750 0.083750
0 0.277500 0.551250 0.037500 0.037500
0 0.162500 0.932500 0.027500 0.022500
0 0.180000 0.141250 0.085000 0.070000
0 0.726250 0.075000 0.057500 0.075000
0 0.531875 0.125625 0.061250 0.058750
0 0.641250 0.875625 0.032500 0.028750
0 0.578750 0.845625 0.057500 0.051250
0 0.895000 0.163750 0.052500 0.045000
0 0.480625 0.033125 0.031250 0.026250
0 0.114375 0.826250 0.083750 0.072500
0 0.570625 0.361875 0.038750 0.046250
0 0.837500 0.037500 0.050000 0.050000
0 0.909375 0.767500 0.061250 0.055000
0 0.335000 0.925000 0.082500 0.082500
0 0.412500 0.296250 0.025000 0.025000
0 0.213750 0.881250 0.065000 0.065000
0 0.637500 0.960625 0.030000 0.026250
0 0.837500 0.167500 0.042500 0.042500
0 0.595000 0.591250 0.052500 0.052500
0 0.665625 0.584375 0.031250 0.031250
0 0.056875 0.274375 0.061250 0.056250
0 0.465625 0.760625 0.036250 0.036250
0 0.606875 0.741875 0.038750 0.038750
0 0.646250 0.318750 0.057500 0.057500
0 0.167500 0.071250 0.052500 0.052500
0 0.420000 0.696875 0.055000 0.051250
0 0.040625 0.895625 0.036250 0.036250
0 0.857500 0.363750 0.030000 0.030000
0 0.498125 0.953125 0.041250 0.041250
0 0.044375 0.346875 0.056250 0.068750
0 0.467500 0.127500 0.050000 0.035000
0 0.956875 0.916875 0.046250 0.046250
0 0.216875 0.950625 0.038750 0.038750
0 0.560625 0.445625 0.043750 0.033750
0 0.260625 0.380625 0.056250 0.043750
0 0.838125 0.232500 0.038750 0.030000