0 0.080625 0.720625 0.091250 0.091250
0 0.888750 0.870625 0.092500 0.096250
0 0.710000 0.873125 0.037500 0.038750
0 0.356875 0.090625 0.068750 0.068750
0 0.273125 0.884375 0.081250 0.076250
0 0.309375 0.775000 0.096250 0.090000
0 0.398750 0.905000 0.030000 0.027500
0 0.926875 0.683750 0.111250 0.105000
0 0.380625 0.314375 0.058750 0.058750
0 0.080000 0.098125 0.035000 0.026250
0 0.312500 0.200000 0.107500 0.082500
0 0.590000 0.627500 0.077500 0.060000
0 0.636250 0.102500 0.107500 0.082500
0 0.134375 0.853125 0.071250 0.071250
0 0.126875 0.211875 0.061250 0.061250
0 0.730000 0.189375 0.047500 0.043750
0 0.881250 0.229375 0.045000 0.041250
0 0.688750 0.485625 0.045000 0.041250
0 0.405625 0.555000 0.108750 0.100000
0 0.669375 0.425625 0.056250 0.056250
0 0.283750 0.460000 0.072500 0.072500
0 0.598125 0.244375 0.098750 0.081250
0 0.729375 0.324375 0.036250 0.036250
0 0.048125 0.151875 0.061250 0.061250
0 0.265000 0.331250 0.052500 0.052500
0 0.436250 0.226250 0.070000 0.070000
0 0.040625 0.795625 0.038750 0.038750
0 0.188750 0.665000 0.070000 0.070000
0 0.417500 0.850000 0.052500 0.052500
0 0.583125 0.408125 0.096250 0.096250
0 0.141875 0.515625 0.103750 0.103750
0 0.614375 0.720625 0.063750 0.063750
0 0.843750 0.402500 0.040000 0.040000
0 0.771250 0.688750 0.032500 0.032500
0 0.275000 0.646250 0.085000 0.085000
0 0.958750 0.360000 0.052500 0.052500
0 0.564375 0.516875 0.073750 0.068750
0 0.445000 0.139375 0.057500 0.053750
0 0.653750 0.829375 0.055000 0.051250
0 0.731250 0.805000 0.082500 0.077500
0 0.060000 0.859375 0.027500 0.018750
0 0.473125 0.401875 0.031250 0.021250
0 0.828750 0.551250 0.095000 0.095000
0 0.625000 0.927500 0.070000 0.070000
0 0.071875 0.920625 0.036250 0.036250
0 0.170625 0.081875 0.088750 0.088750
0 0.156250 0.348750 0.097500 0.097500
0 0.755000 0.897500 0.037500 0.037500
0 0.118125 0.641250 0.053750 0.047500
0 0.468125 0.745625 0.078750 0.078750
0 0.721250 0.135000 0.032500 0.032500
0 0.523125 0.861250 0.096250 0.085000
0 0.640625 0.180000 0.031250 0.025000
0 0.753750 0.048125 0.030000 0.033750
0 0.283750 0.081250 0.060000 0.060000
0 0.348125 0.934375 0.048750 0.048750
0 0.393125 0.428125 0.038750 0.038750
0 0.853125 0.160625 0.063750 0.063750
0 0.906875 0.068750 0.081250 0.057500
0 0.746250 0.398750 0.062500 0.062500
0 0.679375 0.649375 0.058750 0.058750
0 0.586875 0.029375 0.028750 0.028750
0 0.734375 0.551250 0.068750 0.050000
0 0.946250 0.250000 0.060000 0.060000
0 0.831250 0.043750 0.045000 0.045000
0 0.930625 0.586875 0.051250 0.051250
0 0.799375 0.334375 0.036250 0.043750
0 0.200625 0.858125 0.046250 0.056250
0 0.894375 0.453750 0.031250 0.037500
0 0.527500 0.146250 0.045000 0.045000
0 0.316875 0.539375 0.041250 0.041250
0 0.495000 0.094375 0.027500 0.028750
0 0.223750 0.223125 0.030000 0.031250
0 0.934375 0.165625 0.051250 0.051250
0 0.859375 0.943750 0.033750 0.030000