0 0.836250 0.267500 0.102500 0.102500
0 0.160625 0.431875 0.038750 0.038750
0 0.171875 0.763125 0.053750 0.053750
0 0.415000 0.342500 0.105000 0.105000
0 0.692500 0.297500 0.042500 0.042500
0 0.064375 0.553125 0.041250 0.041250
0 0.868125 0.901875 0.096250 0.096250
0 0.867500 0.681250 0.102500 0.102500
0 0.421875 0.719375 0.076250 0.073750
0 0.391875 0.075625 0.098750 0.071250
0 0.100625 0.737500 0.041250 0.030000
0 0.326250 0.674375 0.087500 0.063750
0 0.058750 0.050000 0.060000 0.060000
0 0.497500 0.638125 0.055000 0.058750
0 0.135000 0.931250 0.072500 0.072500
0 0.502500 0.503750 0.100000 0.100000
0 0.800000 0.491250 0.092500 0.092500
0 0.588125 0.799375 0.048750 0.046250
0 0.616250 0.221875 0.052500 0.043750
0 0.106875 0.638125 0.081250 0.068750
0 0.665625 0.506875 0.088750 0.098750
0 0.297500 0.155000 0.090000 0.065000
0 0.790000 0.966250 0.025000 0.017500
0 0.520625 0.793750 0.048750 0.035000
0 0.527500 0.883750 0.090000 0.090000
0 0.908125 0.465625 0.101250 0.101250
0 0.381250 0.555000 0.082500 0.082500
0 0.875625 0.161875 0.083750 0.083750
0 0.041250 0.281250 0.052500 0.047500
0 0.234375 0.912500 0.066250 0.060000
0 0.239375 0.543125 0.048750 0.043750
0 0.774375 0.116250 0.073750 0.067500
0 0.130625 0.219375 0.111250 0.113750
0 0.256250 0.263125 0.060000 0.061250
0 0.475000 0.229375 0.095000 0.096250
0 0.642500 0.370000 0.060000 0.060000
0 0.260000 0.413750 0.105000 0.105000
0 0.733750 0.903125 0.032500 0.026250
0 0.120000 0.350625 0.072500 0.058750
0 0.928750 0.779375 0.047500 0.038750
0 0.584375 0.523125 0.026250 0.026250
0 0.947500 0.210000 0.035000 0.035000
0 0.576250 0.026250 0.025000 0.025000
0 0.763750 0.595625 0.080000 0.083750
0 0.519375 0.361250 0.088750 0.092500
0 0.570000 0.140000 0.065000 0.067500
0 0.670625 0.829375 0.058750 0.061250
0 0.369375 0.859375 0.098750 0.098750
0 0.767500 0.043750 0.050000 0.050000
0 0.660625 0.921875 0.056250 0.056250
0 0.245625 0.733125 0.031250 0.031250
0 0.257500 0.598750 0.072500 0.045000
0 0.077500 0.810000 0.057500 0.057500
0 0.793125 0.393750 0.073750 0.065000
0 0.789375 0.832500 0.031250 0.027500
0 0.576250 0.616250 0.085000 0.085000
0 0.746875 0.723125 0.076250 0.076250
0 0.325000 0.782500 0.035000 0.035000
0 0.141250 0.073750 0.067500 0.067500
0 0.501250 0.065000 0.067500 0.067500
0 0.279375 0.083125 0.083750 0.061250
0 0.685000 0.595000 0.045000 0.045000