0 0.301875 0.545625 0.051250 0.048750
0 0.663750 0.378750 0.107500 0.102500
0 0.640000 0.218750 0.105000 0.100000
0 0.736250 0.748750 0.047500 0.045000
0 0.610625 0.940625 0.053750 0.053750
0 0.656250 0.633750 0.090000 0.090000
0 0.265000 0.645000 0.085000 0.085000
0 0.374375 0.444375 0.031250 0.031250
0 0.357500 0.690000 0.030000 0.030000
0 0.652500 0.810000 0.087500 0.087500
0 0.916250 0.077500 0.110000 0.107500
0 0.491250 0.076250 0.065000 0.065000
0 0.460625 0.279375 0.036250 0.036250
0 0.383750 0.933750 0.097500 0.070000
0 0.388125 0.586875 0.078750 0.056250
0 0.398750 0.083125 0.092500 0.066250
0 0.380000 0.241875 0.100000 0.071250
0 0.203125 0.291875 0.036250 0.036250
0 0.852500 0.789375 0.042500 0.043750
0 0.780000 0.454375 0.100000 0.093750
0 0.100625 0.521875 0.101250 0.106250
0 0.801875 0.318750 0.098750 0.120000
0 0.958750 0.271875 0.055000 0.066250
0 0.368750 0.777500 0.052500 0.052500
0 0.907500 0.710000 0.060000 0.060000
0 0.043125 0.744375 0.061250 0.061250
0 0.431875 0.360625 0.066250 0.066250
0 0.297500 0.135000 0.062500 0.062500
0 0.502500 0.768750 0.110000 0.110000
0 0.601250 0.121250 0.095000 0.075000
0 0.156875 0.756250 0.046250 0.050000
0 0.090000 0.933125 0.092500 0.068750
0 0.506875 0.205000 0.091250 0.067500
0 0.671250 0.536250 0.025000 0.025000
0 0.161250 0.035000 0.030000 0.030000
0 0.768750 0.855000 0.050000 0.050000
0 0.557500 0.620000 0.090000 0.090000
0 0.170000 0.212500 0.087500 0.087500
0 0.216875 0.430625 0.058750 0.046250
0 0.436250 0.458750 0.075000 0.060000
0 0.858750 0.582500 0.072500 0.072500
0 0.288125 0.725625 0.036250 0.036250
0 0.211250 0.558750 0.057500 0.057500
0 0.845625 0.933125 0.066250 0.066250
0 0.223125 0.906875 0.101250 0.101250
0 0.332500 0.381250 0.080000 0.080000
0 0.785625 0.103125 0.098750 0.098750
0 0.185625 0.110625 0.081250 0.081250
0 0.217500 0.751250 0.035000 0.027500
0 0.080000 0.418125 0.072500 0.058750
0 0.264375 0.211875 0.061250 0.076250
0 0.421875 0.680000 0.038750 0.047500
0 0.893125 0.462500 0.106250 0.132500
0 0.123125 0.640000 0.081250 0.105000
0 0.516250 0.528125 0.030000 0.038750
0 0.070625 0.323125 0.106250 0.106250
0 0.087500 0.815000 0.040000 0.040000
0 0.815625 0.675625 0.071250 0.071250
0 0.941875 0.806875 0.073750 0.073750
0 0.478750 0.877500 0.075000 0.075000
0 0.497500 0.381250 0.042500 0.042500
0 0.547500 0.480000 0.040000 0.040000
0 0.684375 0.481875 0.048750 0.048750
0 0.068750 0.198750 0.045000 0.045000
0 0.404375 0.154375 0.058750 0.058750
0 0.309375 0.903125 0.033750 0.033750
0 0.786250 0.559375 0.050000 0.048750
0 0.205625 0.338125 0.033750 0.033750
0 0.276875 0.284375 0.033750 0.026250
0 0.480000 0.628750 0.047500 0.037500
0 0.571250 0.386250 0.062500 0.062500
0 0.916875 0.921875 0.051250 0.051250
0 0.703750 0.071250 0.050000 0.050000
0 0.298750 0.035000 0.027500 0.027500
0 0.860000 0.847500 0.040000 0.040000