0 0.763750 0.538125 0.060000 0.061250
0 0.611250 0.346250 0.032500 0.032500
0 0.220625 0.213750 0.056250 0.057500
0 0.510000 0.332500 0.045000 0.045000
0 0.783125 0.220000 0.073750 0.075000
0 0.316875 0.741875 0.071250 0.083750
0 0.667500 0.356250 0.045000 0.052500
0 0.351875 0.865625 0.111250 0.131250
0 0.851875 0.388125 0.036250 0.036250
0 0.391875 0.063125 0.036250 0.036250
0 0.080000 0.080000 0.037500 0.037500
0 0.615625 0.414375 0.048750 0.046250
0 0.393750 0.347500 0.062500 0.062500
0 0.061250 0.281250 0.040000 0.040000
0 0.558750 0.162500 0.105000 0.062500
0 0.869375 0.694375 0.056250 0.033750
0 0.850625 0.636250 0.101250 0.060000
0 0.516875 0.494375 0.091250 0.053750
0 0.625000 0.774375 0.037500 0.026250
0 0.688750 0.834375 0.047500 0.033750
0 0.395000 0.685000 0.057500 0.057500
0 0.736875 0.814375 0.026250 0.026250
0 0.903125 0.809375 0.091250 0.091250
0 0.158750 0.490000 0.112500 0.112500
0 0.410000 0.607500 0.057500 0.057500
0 0.740000 0.615000 0.032500 0.032500
0 0.349375 0.456875 0.068750 0.068750
0 0.569375 0.654375 0.073750 0.073750
0 0.415625 0.270625 0.076250 0.061250
0 0.906250 0.062500 0.060000 0.092500
0 0.213125 0.866875 0.068750 0.106250
0 0.149375 0.268125 0.063750 0.098750
0 0.165625 0.069375 0.068750 0.106250
0 0.799375 0.722500 0.041250 0.030000
0 0.765000 0.902500 0.037500 0.027500
0 0.073750 0.855000 0.030000 0.022500
0 0.528125 0.865000 0.096250 0.072500
0 0.810625 0.325625 0.048750 0.043750
0 0.053125 0.370000 0.036250 0.032500
0 0.496875 0.766875 0.078750 0.078750
0 0.303750 0.593750 0.107500 0.107500
0 0.521250 0.073750 0.100000 0.100000
0 0.867500 0.517500 0.067500 0.067500
0 0.926875 0.168750 0.091250 0.105000
0 0.308750 0.081250 0.070000 0.082500
0 0.832500 0.907500 0.042500 0.050000
0 0.624375 0.543125 0.036250 0.036250
0 0.286250 0.336250 0.092500 0.092500
0 0.798125 0.135625 0.063750 0.063750
0 0.160000 0.621250 0.060000 0.060000
0 0.501875 0.394375 0.048750 0.046250
0 0.138125 0.740000 0.093750 0.107500
0 0.352500 0.276875 0.025000 0.026250
0 0.719375 0.446250 0.106250 0.090000
0 0.703750 0.890000 0.050000 0.042500
0 0.282500 0.228750 0.030000 0.030000
0 0.716250 0.732500 0.087500 0.087500
0 0.745000 0.321250 0.045000 0.045000
0 0.058125 0.436250 0.068750 0.070000
0 0.289375 0.158750 0.043750 0.045000
0 0.580625 0.295000 0.036250 0.037500
0 0.673125 0.097500 0.086250 0.090000
0 0.415625 0.143125 0.083750 0.091250
0 0.951250 0.680000 0.052500 0.057500
0 0.412500 0.764375 0.050000 0.053750
0 0.155000 0.375000 0.092500 0.092500
0 0.066875 0.629375 0.063750 0.063750
0 0.503750 0.261250 0.082500 0.082500
0 0.140625 0.933125 0.061250 0.061250
0 0.936250 0.292500 0.082500 0.082500
0 0.683125 0.241875 0.073750 0.073750
0 0.921875 0.915625 0.096250 0.096250
0 0.618750 0.592500 0.035000 0.035000
0 0.251250 0.943750 0.032500 0.032500
0 0.432500 0.440000 0.040000 0.040000
0 0.628125 0.304375 0.036250 0.036250
0 0.110000 0.157500 0.045000 0.055000
0 0.435625 0.502500 0.048750 0.055000
0 0.274375 0.493125 0.058750 0.066250
0 0.060000 0.790000 0.042500 0.042500
0 0.910625 0.385625 0.048750 0.061250
0 0.940000 0.585000 0.052500 0.065000
0 0.801875 0.051250 0.061250 0.070000
0 0.803750 0.798125 0.045000 0.063750
0 0.050625 0.714375 0.053750 0.053750
0 0.075000 0.208750 0.025000 0.025000