0 0.413750 0.256250 0.067500 0.070000
0 0.397500 0.783125 0.097500 0.056250
0 0.626250 0.580625 0.065000 0.051250
0 0.761250 0.112500 0.085000 0.067500
0 0.257500 0.299375 0.052500 0.041250
0 0.223125 0.530625 0.053750 0.053750
0 0.083125 0.280625 0.081250 0.081250
0 0.671250 0.918750 0.070000 0.070000
0 0.413750 0.410000 0.095000 0.095000
0 0.106875 0.919375 0.053750 0.056250
0 0.548125 0.160000 0.088750 0.087500
0 0.091250 0.695625 0.102500 0.101250
0 0.178750 0.290000 0.090000 0.090000
0 0.512500 0.310000 0.075000 0.075000
0 0.135000 0.196250 0.052500 0.052500
0 0.098125 0.779375 0.048750 0.048750
0 0.791875 0.319375 0.026250 0.026250
0 0.563750 0.684375 0.085000 0.086250
0 0.647500 0.400000 0.040000 0.040000
0 0.291250 0.175625 0.057500 0.058750
0 0.913750 0.508125 0.065000 0.066250
0 0.513125 0.540625 0.073750 0.073750
0 0.416250 0.923750 0.070000 0.070000
0 0.842500 0.217500 0.037500 0.037500
0 0.613750 0.472500 0.077500 0.077500
0 0.410000 0.697500 0.077500 0.077500
0 0.155625 0.095625 0.078750 0.078750
0 0.112500 0.558750 0.082500 0.082500
0 0.202500 0.893750 0.102500 0.060000
0 0.686250 0.581250 0.037500 0.062500
0 0.753125 0.573125 0.038750 0.038750
0 0.228125 0.403125 0.111250 0.111250
0 0.070000 0.055625 0.062500 0.048750
0 0.692500 0.277500 0.095000 0.075000
0 0.200000 0.773750 0.082500 0.065000
0 0.779375 0.836250 0.066250 0.052500
0 0.790625 0.706875 0.068750 0.066250
0 0.363750 0.084375 0.040000 0.038750
0 0.471250 0.032500 0.032500 0.032500
0 0.229375 0.663125 0.081250 0.081250
0 0.758125 0.486875 0.086250 0.086250
0 0.912500 0.198750 0.062500 0.062500
0 0.334375 0.708125 0.026250 0.021250
0 0.388750 0.163125 0.092500 0.078750
0 0.527500 0.826875 0.112500 0.096250
0 0.636250 0.080000 0.032500 0.027500
0 0.913750 0.867500 0.080000 0.090000
0 0.345625 0.531250 0.103750 0.112500
0 0.944375 0.055000 0.046250 0.050000
0 0.889375 0.716875 0.096250 0.076250
0 0.365625 0.852500 0.041250 0.032500
0 0.663125 0.163750 0.041250 0.032500
0 0.551875 0.933750 0.093750 0.075000
0 0.045625 0.386875 0.058750 0.051250
0 0.886875 0.327500 0.073750 0.067500
0 0.759375 0.941250 0.066250 0.060000
0 0.301875 0.901875 0.058750 0.053750
0 0.697500 0.029375 0.035000 0.031250
0 0.821875 0.597500 0.071250 0.065000
0 0.037500 0.951250 0.047500 0.047500
0 0.277500 0.088750 0.072500 0.072500
0 0.093750 0.463750 0.085000 0.085000
0 0.503750 0.381250 0.042500 0.042500
0 0.911875 0.579375 0.066250 0.056250
0 0.689375 0.753750 0.081250 0.070000
0 0.328750 0.249375 0.075000 0.063750
0 0.866250 0.451250 0.032500 0.032500
0 0.861875 0.395625 0.051250 0.051250
0 0.693750 0.678750 0.062500 0.062500
0 0.853750 0.073750 0.080000 0.070000
0 0.301250 0.788750 0.077500 0.075000
0 0.523125 0.471250 0.053750 0.042500
0 0.633125 0.846875 0.026250 0.021250
0 0.911250 0.136250 0.037500 0.037500
0 0.443125 0.545625 0.041250 0.041250