0 0.512500 0.752500 0.107500 0.107500
0 0.913125 0.725625 0.081250 0.081250
0 0.741875 0.278125 0.073750 0.073750
0 0.719375 0.769375 0.026250 0.026250
0 0.680000 0.902500 0.110000 0.110000
0 0.082500 0.662500 0.075000 0.075000
0 0.123750 0.146250 0.085000 0.085000
0 0.612500 0.060000 0.050000 0.050000
0 0.926250 0.868125 0.077500 0.063750
0 0.454375 0.252500 0.088750 0.072500
0 0.068125 0.769375 0.098750 0.081250
0 0.439375 0.493125 0.091250 0.086250
0 0.075000 0.286250 0.032500 0.032500
0 0.190000 0.661875 0.087500 0.113750
0 0.412500 0.642500 0.057500 0.075000
0 0.421875 0.906250 0.103750 0.135000
0 0.141250 0.541250 0.067500 0.082500
0 0.272500 0.190625 0.097500 0.133750
0 0.526875 0.271875 0.041250 0.041250
0 0.319375 0.398125 0.096250 0.096250
0 0.936875 0.429375 0.093750 0.093750
0 0.654375 0.576875 0.108750 0.108750
0 0.200625 0.816875 0.101250 0.101250
0 0.570625 0.406875 0.071250 0.071250
0 0.953125 0.219375 0.028750 0.036250
0 0.794375 0.753125 0.078750 0.101250
0 0.481875 0.395625 0.071250 0.091250
0 0.752500 0.070000 0.112500 0.112500
0 0.193750 0.960000 0.027500 0.027500
0 0.527500 0.483750 0.067500 0.067500
0 0.099375 0.068125 0.028750 0.028750
0 0.636875 0.194375 0.108750 0.108750
0 0.628125 0.778750 0.071250 0.050000
0 0.178750 0.355000 0.107500 0.107500
0 0.091250 0.467500 0.047500 0.047500
0 0.391875 0.183750 0.041250 0.035000
0 0.466250 0.141875 0.070000 0.071250
0 0.245000 0.918750 0.035000 0.035000
0 0.803125 0.413750 0.101250 0.102500
0 0.523125 0.043750 0.058750 0.060000
0 0.824375 0.640000 0.078750 0.090000
0 0.691875 0.393125 0.083750 0.076250
0 0.071250 0.909375 0.052500 0.038750
0 0.320625 0.696250 0.083750 0.062500
0 0.890000 0.210625 0.062500 0.046250
0 0.793125 0.208125 0.043750 0.048750
0 0.948750 0.610625 0.030000 0.033750
0 0.680625 0.672500 0.038750 0.042500
0 0.922500 0.326875 0.057500 0.066250
0 0.326875 0.858125 0.048750 0.048750
0 0.300625 0.580625 0.098750 0.071250
0 0.395625 0.781875 0.053750 0.038750
0 0.878125 0.072500 0.086250 0.062500
0 0.821250 0.871250 0.110000 0.110000
0 0.505625 0.625625 0.048750 0.048750
0 0.343750 0.798750 0.035000 0.035000
0 0.721875 0.815625 0.048750 0.048750
0 0.559375 0.111875 0.026250 0.026250
0 0.221875 0.071875 0.081250 0.081250
0 0.830625 0.958125 0.028750 0.028750
0 0.165000 0.233750 0.062500 0.062500
0 0.764375 0.533125 0.088750 0.088750
0 0.862500 0.554375 0.075000 0.066250