0 0.558750 0.613125 0.080000 0.078750
0 0.149375 0.305000 0.088750 0.087500
0 0.260000 0.810625 0.060000 0.043750
0 0.953125 0.261250 0.028750 0.020000
0 0.927500 0.922500 0.032500 0.032500
0 0.720625 0.324375 0.043750 0.043750
0 0.319375 0.926875 0.063750 0.063750
0 0.203125 0.651875 0.048750 0.048750
0 0.480625 0.761875 0.108750 0.108750
0 0.682500 0.891250 0.100000 0.100000
0 0.373125 0.366875 0.093750 0.113750
0 0.783750 0.500625 0.032500 0.038750
0 0.481250 0.601250 0.027500 0.027500
0 0.633750 0.725000 0.047500 0.047500
0 0.672500 0.517500 0.095000 0.095000
0 0.494375 0.434375 0.083750 0.083750
0 0.227500 0.406250 0.035000 0.035000
0 0.823750 0.710625 0.067500 0.066250
0 0.850000 0.124375 0.080000 0.078750
0 0.216875 0.537500 0.093750 0.092500
0 0.433750 0.107500 0.085000 0.085000
0 0.900000 0.807500 0.110000 0.110000
0 0.110000 0.133750 0.102500 0.102500
0 0.722500 0.763750 0.097500 0.097500
0 0.344375 0.655625 0.036250 0.036250
0 0.740000 0.152500 0.097500 0.097500
0 0.851250 0.262500 0.065000 0.065000
0 0.273125 0.671875 0.063750 0.063750
0 0.204375 0.936875 0.026250 0.026250
0 0.875000 0.605000 0.052500 0.052500
0 0.287500 0.248125 0.090000 0.073750
0 0.101875 0.487500 0.096250 0.117500
0 0.100000 0.947500 0.042500 0.042500
0 0.334375 0.604375 0.038750 0.038750
0 0.573125 0.191875 0.078750 0.078750
0 0.354375 0.765625 0.088750 0.088750
0 0.787500 0.608750 0.087500 0.087500
0 0.861875 0.504375 0.078750 0.078750
0 0.113125 0.226875 0.026250 0.031250
0 0.505000 0.891250 0.102500 0.122500
0 0.490625 0.330625 0.028750 0.033750
0 0.799375 0.876250 0.058750 0.070000
0 0.580625 0.305625 0.053750 0.053750
0 0.377500 0.917500 0.032500 0.032500
0 0.382500 0.240625 0.062500 0.063750
0 0.053125 0.249375 0.028750 0.028750
0 0.478750 0.230000 0.075000 0.077500
0 0.414375 0.568125 0.068750 0.068750
0 0.226875 0.878125 0.058750 0.058750
0 0.108125 0.711875 0.086250 0.086250
0 0.340625 0.029375 0.026250 0.026250
0 0.931875 0.683125 0.088750 0.088750
0 0.322500 0.121875 0.087500 0.068750
0 0.097500 0.606875 0.085000 0.066250
0 0.571250 0.395000 0.050000 0.050000
0 0.877500 0.360000 0.097500 0.097500
0 0.751875 0.411875 0.028750 0.028750
0 0.659375 0.647500 0.103750 0.075000
0 0.938125 0.553750 0.046250 0.065000
0 0.350000 0.542500 0.037500 0.052500
0 0.611250 0.069375 0.065000 0.091250
0 0.685625 0.400000 0.041250 0.042500
0 0.936250 0.211250 0.032500 0.032500
0 0.426875 0.873750 0.038750 0.040000
0 0.206875 0.136250 0.046250 0.047500