0 0.778125 0.433125 0.101250 0.101250
0 0.468125 0.235625 0.041250 0.041250
0 0.404375 0.594375 0.103750 0.103750
0 0.766875 0.565625 0.073750 0.073750
0 0.320000 0.376250 0.060000 0.060000
0 0.898125 0.510625 0.068750 0.068750
0 0.063750 0.463750 0.100000 0.100000
0 0.757500 0.663750 0.080000 0.080000
0 0.342500 0.440000 0.037500 0.037500
0 0.696250 0.867500 0.095000 0.095000
0 0.071250 0.728750 0.030000 0.030000
0 0.699375 0.171875 0.081250 0.081250
0 0.772500 0.085625 0.037500 0.041250
0 0.814375 0.190000 0.066250 0.072500
0 0.465625 0.369375 0.061250 0.066250
0 0.570000 0.060000 0.045000 0.045000
0 0.621250 0.692500 0.080000 0.080000
0 0.101250 0.320000 0.087500 0.087500
0 0.405000 0.400000 0.035000 0.035000
0 0.870625 0.354375 0.068750 0.068750
0 0.580000 0.197500 0.027500 0.030000
0 0.165000 0.045000 0.065000 0.065000
0 0.170625 0.565625 0.088750 0.088750
0 0.676250 0.066250 0.095000 0.095000
0 0.140000 0.235000 0.060000 0.065000
0 0.676250 0.258750 0.060000 0.065000
0 0.152500 0.915000 0.025000 0.030000
0 0.685000 0.385000 0.045000 0.035000
0 0.121875 0.744375 0.048750 0.048750
0 0.237500 0.666875 0.067500 0.053750
0 0.108750 0.851875 0.077500 0.061250
0 0.450000 0.131250 0.050000 0.050000
0 0.308750 0.505000 0.062500 0.062500
0 0.479375 0.793125 0.108750 0.108750
0 0.511250 0.907500 0.032500 0.032500
0 0.225000 0.791250 0.077500 0.077500
0 0.913750 0.218750 0.072500 0.072500
0 0.417500 0.060000 0.060000 0.060000
0 0.067500 0.061250 0.057500 0.057500
0 0.560000 0.365000 0.112500 0.112500
0 0.875625 0.072500 0.041250 0.042500
0 0.772500 0.754375 0.070000 0.068750
0 0.129375 0.155000 0.058750 0.032500
0 0.317500 0.240000 0.112500 0.112500
0 0.946250 0.840000 0.077500 0.077500
0 0.323750 0.063125 0.042500 0.041250
0 0.615625 0.486250 0.111250 0.107500
0 0.264375 0.906875 0.081250 0.078750
0 0.389375 0.763125 0.038750 0.038750
0 0.828750 0.883750 0.102500 0.102500
0 0.500000 0.675000 0.057500 0.057500
0 0.212500 0.453750 0.102500 0.102500
0 0.884375 0.615625 0.106250 0.106250
0 0.470625 0.282500 0.028750 0.022500
0 0.825000 0.056250 0.040000 0.032500
0 0.215000 0.149375 0.075000 0.068750
0 0.934375 0.310000 0.033750 0.030000
0 0.306875 0.586250 0.071250 0.065000
0 0.481875 0.473125 0.048750 0.063750
0 0.583125 0.135625 0.053750 0.053750
0 0.214375 0.353125 0.073750 0.073750
0 0.873750 0.736250 0.085000 0.082500
0 0.605000 0.271875 0.052500 0.051250
0 0.298125 0.134375 0.068750 0.066250