0 0.313750 0.320000 0.035000 0.040000
0 0.884375 0.232500 0.111250 0.135000
0 0.386875 0.904375 0.026250 0.031250
0 0.151250 0.105000 0.037500 0.045000
0 0.720625 0.289375 0.058750 0.058750
0 0.328750 0.640000 0.095000 0.095000
0 0.246250 0.230000 0.052500 0.052500
0 0.604375 0.800625 0.026250 0.026250
0 0.708750 0.172500 0.095000 0.095000
0 0.876875 0.784375 0.076250 0.076250
0 0.856250 0.457500 0.032500 0.032500
0 0.445625 0.214375 0.046250 0.046250
0 0.571250 0.090000 0.062500 0.062500
0 0.090000 0.216250 0.100000 0.087500
0 0.179375 0.051875 0.036250 0.031250
0 0.224375 0.589375 0.043750 0.038750
0 0.625625 0.908125 0.081250 0.071250
0 0.600625 0.568125 0.038750 0.038750
0 0.666875 0.674375 0.108750 0.108750
0 0.630625 0.284375 0.028750 0.028750
0 0.483750 0.118750 0.047500 0.047500
0 0.554375 0.445625 0.063750 0.056250
0 0.444375 0.378750 0.093750 0.082500
0 0.747500 0.793750 0.087500 0.075000
0 0.259375 0.825000 0.076250 0.065000
0 0.194375 0.718125 0.041250 0.036250
0 0.563125 0.681875 0.036250 0.031250
0 0.060625 0.746875 0.036250 0.036250
0 0.368750 0.799375 0.067500 0.063750
0 0.874375 0.887500 0.106250 0.100000
0 0.048125 0.653750 0.048750 0.045000
0 0.338750 0.213750 0.032500 0.030000
0 0.428750 0.045625 0.062500 0.058750
0 0.370625 0.531875 0.111250 0.088750
0 0.856250 0.365000 0.110000 0.087500
0 0.195000 0.635000 0.035000 0.027500
0 0.073125 0.471875 0.063750 0.063750
0 0.756250 0.480000 0.045000 0.045000
0 0.203125 0.466875 0.071250 0.071250
0 0.932500 0.353750 0.025000 0.025000
0 0.169375 0.326875 0.071250 0.071250
0 0.486250 0.613125 0.092500 0.093750
0 0.962500 0.705000 0.025000 0.025000
0 0.286250 0.952500 0.040000 0.040000
0 0.348125 0.108125 0.046250 0.046250
0 0.904375 0.063125 0.068750 0.068750
0 0.676250 0.373750 0.040000 0.040000
0 0.932500 0.545625 0.100000 0.088750
0 0.713750 0.053750 0.065000 0.057500
0 0.424375 0.290000 0.073750 0.065000
0 0.866875 0.665625 0.111250 0.111250
0 0.668750 0.523750 0.060000 0.062500
0 0.154375 0.559375 0.068750 0.068750
0 0.526875 0.375000 0.031250 0.030000
0 0.260625 0.751875 0.056250 0.056250
0 0.078125 0.846875 0.101250 0.091250
0 0.731875 0.913125 0.053750 0.053750
0 0.275000 0.088750 0.072500 0.072500
0 0.520000 0.916250 0.100000 0.087500
0 0.119375 0.679375 0.056250 0.058750
0 0.788125 0.878750 0.041250 0.047500
0 0.789375 0.546250 0.036250 0.042500
0 0.068125 0.118125 0.058750 0.058750
0 0.314375 0.414375 0.041250 0.041250
0 0.500000 0.516250 0.060000 0.060000
0 0.230000 0.160000 0.040000 0.040000
0 0.055625 0.570625 0.081250 0.081250
0 0.555625 0.828125 0.038750 0.038750
0 0.485625 0.803125 0.058750 0.058750
0 0.803125 0.128125 0.051250 0.051250
0 0.429375 0.861875 0.036250 0.036250
0 0.174375 0.871875 0.056250 0.056250
0 0.585625 0.260625 0.043750 0.043750
0 0.580625 0.175625 0.083750 0.083750
0 0.498750 0.708750 0.037500 0.055000