0 0.755625 0.541875 0.093750 0.093750
0 0.052500 0.498125 0.047500 0.048750
0 0.694375 0.213750 0.038750 0.040000
0 0.107500 0.904375 0.095000 0.098750
0 0.311250 0.740625 0.102500 0.106250
0 0.710625 0.831250 0.028750 0.032500
0 0.708125 0.433750 0.081250 0.092500
0 0.501250 0.364375 0.067500 0.076250
0 0.081250 0.631875 0.090000 0.141250
0 0.184375 0.777500 0.046250 0.072500
0 0.918125 0.763750 0.038750 0.060000
0 0.423125 0.371250 0.058750 0.057500
0 0.965625 0.255000 0.041250 0.040000
0 0.776250 0.284375 0.040000 0.038750
0 0.234375 0.335000 0.091250 0.090000
0 0.468750 0.128750 0.060000 0.065000
0 0.586875 0.664375 0.106250 0.128750
0 0.418125 0.917500 0.076250 0.092500
0 0.908125 0.130625 0.048750 0.058750
0 0.566875 0.502500 0.111250 0.135000
0 0.815625 0.188125 0.083750 0.083750
0 0.312500 0.556250 0.097500 0.097500
0 0.833750 0.883750 0.112500 0.112500
0 0.456875 0.650625 0.028750 0.028750
0 0.347500 0.265000 0.075000 0.097500
0 0.965625 0.440625 0.041250 0.053750
0 0.093125 0.202500 0.093750 0.122500
0 0.167500 0.446875 0.042500 0.033750
0 0.351875 0.066875 0.041250 0.036250
0 0.257500 0.893125 0.070000 0.061250
0 0.895000 0.301875 0.025000 0.021250
0 0.321250 0.152500 0.085000 0.067500
0 0.841250 0.703750 0.077500 0.062500
0 0.650000 0.053750 0.077500 0.062500
0 0.528125 0.893125 0.098750 0.078750
0 0.418125 0.430625 0.043750 0.043750
0 0.915000 0.578750 0.082500 0.060000
0 0.943125 0.831875 0.056250 0.056250
0 0.694375 0.731875 0.048750 0.048750
0 0.670625 0.305625 0.086250 0.086250
0 0.545000 0.231250 0.100000 0.100000
0 0.481250 0.048750 0.050000 0.047500
0 0.858125 0.380000 0.111250 0.107500
0 0.946250 0.193750 0.050000 0.047500
0 0.098750 0.413125 0.032500 0.031250
0 0.108750 0.327500 0.112500 0.095000
0 0.641875 0.843125 0.063750 0.053750
0 0.204375 0.563750 0.098750 0.112500
0 0.538125 0.068125 0.033750 0.033750
0 0.240000 0.156250 0.055000 0.055000
0 0.431250 0.767500 0.100000 0.100000
0 0.728750 0.087500 0.047500 0.047500
0 0.807500 0.081875 0.067500 0.058750
0 0.945625 0.917500 0.068750 0.065000
0 0.223125 0.236250 0.081250 0.085000
0 0.123125 0.816250 0.051250 0.052500
0 0.514375 0.755000 0.033750 0.035000
0 0.060625 0.733750 0.046250 0.045000
0 0.583750 0.353125 0.055000 0.041250
0 0.467500 0.576250 0.072500 0.072500
0 0.841875 0.613125 0.046250 0.046250
0 0.622500 0.773750 0.052500 0.052500
0 0.606250 0.948750 0.030000 0.030000
0 0.888125 0.473750 0.076250 0.062500