0 0.786875 0.812500 0.038750 0.040000
0 0.221250 0.066250 0.047500 0.057500
0 0.128750 0.448125 0.062500 0.076250
0 0.175000 0.926250 0.092500 0.090000
0 0.923125 0.541875 0.066250 0.063750
0 0.586250 0.875625 0.037500 0.036250
0 0.101875 0.128750 0.106250 0.112500
0 0.921875 0.883125 0.093750 0.093750
0 0.311250 0.576250 0.052500 0.065000
0 0.383125 0.855000 0.103750 0.130000
0 0.339375 0.198750 0.076250 0.095000
0 0.050625 0.881875 0.028750 0.028750
0 0.822500 0.645000 0.092500 0.092500
0 0.228750 0.248750 0.102500 0.102500
0 0.245000 0.365000 0.107500 0.107500
0 0.889375 0.204375 0.076250 0.076250
0 0.255625 0.735625 0.108750 0.108750
0 0.155625 0.603125 0.033750 0.031250
0 0.641875 0.075625 0.051250 0.051250
0 0.793750 0.118125 0.097500 0.101250
0 0.724375 0.618125 0.068750 0.078750
0 0.625625 0.373750 0.036250 0.037500
0 0.870625 0.330000 0.071250 0.072500
0 0.621875 0.300625 0.056250 0.061250
0 0.059375 0.774375 0.038750 0.038750
0 0.446875 0.172500 0.046250 0.040000
0 0.319375 0.651250 0.026250 0.015000
0 0.624375 0.168125 0.081250 0.081250
0 0.388750 0.362500 0.112500 0.112500
0 0.791250 0.436875 0.072500 0.063750
0 0.653750 0.715000 0.110000 0.097500
0 0.415000 0.710625 0.090000 0.078750
0 0.530000 0.643750 0.105000 0.135000
0 0.093750 0.351250 0.102500 0.102500
0 0.144375 0.715000 0.091250 0.075000
0 0.486875 0.930000 0.061250 0.070000
0 0.374375 0.478750 0.056250 0.065000
0 0.805000 0.548750 0.052500 0.060000
0 0.218125 0.507500 0.078750 0.090000
0 0.679375 0.924375 0.101250 0.101250
0 0.691250 0.454375 0.077500 0.078750
0 0.930000 0.743125 0.107500 0.108750
0 0.761875 0.351875 0.053750 0.053750
0 0.286250 0.910000 0.025000 0.025000
0 0.131250 0.820000 0.070000 0.070000
0 0.326875 0.048125 0.033750 0.033750
0 0.523125 0.078125 0.063750 0.063750
0 0.489375 0.481250 0.066250 0.080000
0 0.918125 0.651875 0.066250 0.058750
0 0.940625 0.448750 0.078750 0.070000
0 0.075625 0.615000 0.098750 0.087500
0 0.908125 0.091875 0.098750 0.031250
0 0.075625 0.942500 0.071250 0.057500
0 0.499375 0.371875 0.036250 0.028750
0 0.805625 0.731250 0.031250 0.025000
0 0.722500 0.261875 0.035000 0.046250
0 0.793125 0.267500 0.056250 0.057500
0 0.539375 0.801875 0.026250 0.026250
0 0.556875 0.398125 0.036250 0.036250
0 0.430000 0.240000 0.042500 0.042500
0 0.631250 0.813750 0.052500 0.052500
0 0.093750 0.225000 0.062500 0.062500
0 0.548125 0.321875 0.036250 0.036250
0 0.215000 0.147500 0.087500 0.067500
0 0.516250 0.247500 0.090000 0.090000
0 0.351875 0.119375 0.038750 0.038750
0 0.638125 0.595625 0.038750 0.038750
0 0.693750 0.791875 0.027500 0.026250
0 0.960000 0.165625 0.025000 0.018750
0 0.775625 0.891250 0.068750 0.052500
0 0.035000 0.484375 0.027500 0.021250
0 0.246250 0.595000 0.060000 0.070000
0 0.584375 0.466875 0.068750 0.061250
0 0.288750 0.481250 0.040000 0.035000