0 0.756875 0.280625 0.076250 0.076250
0 0.547500 0.272500 0.112500 0.112500
0 0.404375 0.484375 0.061250 0.061250
0 0.278125 0.063125 0.031250 0.031250
0 0.526875 0.498125 0.026250 0.026250
0 0.108750 0.571875 0.082500 0.066250
0 0.172500 0.393750 0.082500 0.082500
0 0.492500 0.813750 0.110000 0.110000
0 0.740000 0.890000 0.040000 0.040000
0 0.340000 0.195000 0.097500 0.097500
0 0.685625 0.139375 0.101250 0.101250
0 0.294375 0.779375 0.076250 0.076250
0 0.581250 0.843750 0.047500 0.047500
0 0.476250 0.141250 0.045000 0.045000
0 0.097500 0.143125 0.082500 0.086250
0 0.596250 0.941875 0.032500 0.033750
0 0.877500 0.103750 0.042500 0.042500
0 0.693750 0.772500 0.105000 0.105000
0 0.088750 0.762500 0.082500 0.082500
0 0.253125 0.555625 0.086250 0.086250
0 0.886875 0.683125 0.048750 0.048750
0 0.621875 0.505625 0.091250 0.111250
0 0.176875 0.838125 0.058750 0.058750
0 0.098125 0.316875 0.051250 0.051250
0 0.887500 0.913750 0.035000 0.035000
0 0.553125 0.691875 0.111250 0.078750
0 0.960625 0.466250 0.031250 0.057500
0 0.428125 0.039375 0.028750 0.028750
0 0.385625 0.631875 0.026250 0.026250
0 0.266250 0.656250 0.092500 0.092500
0 0.349375 0.886875 0.111250 0.111250
0 0.751250 0.548750 0.027500 0.027500
0 0.288750 0.437500 0.057500 0.057500
0 0.211875 0.054375 0.086250 0.081250
0 0.922500 0.596875 0.070000 0.066250
0 0.935625 0.792500 0.071250 0.067500
0 0.643125 0.226250 0.026250 0.025000
0 0.675625 0.313125 0.041250 0.041250
0 0.500000 0.408750 0.087500 0.087500
0 0.888125 0.228125 0.106250 0.106250
0 0.324375 0.063125 0.046250 0.046250
0 0.401875 0.693750 0.096250 0.075000
0 0.365625 0.558750 0.036250 0.027500
0 0.045625 0.667500 0.041250 0.032500
0 0.921250 0.334375 0.075000 0.058750
0 0.090625 0.495625 0.051250 0.051250
0 0.783750 0.117500 0.052500 0.065000
0 0.225625 0.153125 0.043750 0.048750
0 0.388750 0.390000 0.057500 0.057500
0 0.588125 0.353125 0.026250 0.026250
0 0.808750 0.460000 0.110000 0.110000
0 0.721875 0.429375 0.036250 0.043750
0 0.827500 0.858750 0.057500 0.052500
0 0.225625 0.254375 0.076250 0.076250