0 0.111250 0.850000 0.102500 0.170000
0 0.153750 0.418750 0.102500 0.102500
0 0.576250 0.369375 0.070000 0.096250
0 0.205625 0.710000 0.031250 0.042500
0 0.433750 0.438750 0.107500 0.107500
0 0.255000 0.402500 0.050000 0.050000
0 0.254375 0.595625 0.078750 0.078750
0 0.728125 0.370625 0.111250 0.111250
0 0.199375 0.151875 0.103750 0.126250
0 0.835625 0.684375 0.036250 0.036250
0 0.473125 0.324375 0.071250 0.071250
0 0.520000 0.102500 0.100000 0.100000
0 0.382500 0.567500 0.045000 0.045000
0 0.307500 0.837500 0.110000 0.110000
0 0.650000 0.745000 0.052500 0.065000
0 0.539375 0.888750 0.083750 0.105000
0 0.605000 0.047500 0.042500 0.052500
0 0.851250 0.266875 0.105000 0.131250
0 0.666875 0.903125 0.061250 0.061250
0 0.331875 0.723125 0.053750 0.053750
0 0.935000 0.785000 0.070000 0.070000
0 0.175000 0.327500 0.050000 0.050000
0 0.883750 0.611250 0.042500 0.042500
0 0.329375 0.478125 0.051250 0.051250
0 0.353125 0.386875 0.026250 0.026250
0 0.673750 0.521250 0.092500 0.092500
0 0.199375 0.056250 0.053750 0.050000
0 0.610625 0.624375 0.066250 0.061250
0 0.455000 0.707500 0.080000 0.070000
0 0.662500 0.202500 0.102500 0.127500
0 0.815000 0.125000 0.082500 0.080000
0 0.925000 0.390000 0.080000 0.077500
0 0.746250 0.703750 0.110000 0.107500
0 0.751875 0.851875 0.061250 0.058750
0 0.239375 0.944375 0.046250 0.046250
0 0.373750 0.068125 0.062500 0.091250
0 0.160625 0.542500 0.056250 0.082500
0 0.570625 0.523125 0.068750 0.068750
0 0.413750 0.167500 0.027500 0.027500
0 0.067500 0.246250 0.085000 0.155000
0 0.288750 0.123750 0.042500 0.042500
0 0.325625 0.333125 0.051250 0.051250
0 0.793125 0.596875 0.061250 0.061250
0 0.069375 0.580625 0.098750 0.098750
0 0.892500 0.498750 0.082500 0.090000
0 0.920625 0.683125 0.051250 0.056250
0 0.783750 0.504375 0.065000 0.071250
0 0.396875 0.884375 0.033750 0.033750
0 0.876250 0.901250 0.112500 0.112500
0 0.297500 0.945000 0.055000 0.055000
0 0.429375 0.608125 0.033750 0.033750
0 0.107500 0.692500 0.105000 0.105000
0 0.490625 0.230625 0.086250 0.086250
0 0.326250 0.583750 0.042500 0.042500
0 0.326250 0.208750 0.090000 0.092500
0 0.178125 0.261875 0.031250 0.031250
0 0.563125 0.761250 0.068750 0.075000
0 0.068750 0.066250 0.062500 0.067500
0 0.866875 0.765625 0.051250 0.051250
0 0.830000 0.392500 0.032500 0.032500
0 0.946875 0.595625 0.053750 0.053750
0 0.938750 0.089375 0.095000 0.086250
0 0.504375 0.624375 0.083750 0.078750
0 0.043125 0.393750 0.028750 0.030000
0 0.793125 0.790625 0.041250 0.033750
0 0.456250 0.895000 0.065000 0.072500
0 0.680625 0.837500 0.041250 0.045000
0 0.261250 0.754375 0.045000 0.038750
0 0.685625 0.087500 0.071250 0.062500
0 0.168750 0.619375 0.025000 0.021250
0 0.734375 0.139375 0.026250 0.026250
0 0.315000 0.637500 0.025000 0.025000
0 0.231250 0.333750 0.035000 0.027500
0 0.288125 0.277500 0.031250 0.030000
0 0.234375 0.486250 0.043750 0.045000
0 0.491250 0.543750 0.062500 0.062500
0 0.443125 0.791875 0.046250 0.046250