0 0.265000 0.643750 0.050000 0.050000
0 0.547500 0.177500 0.035000 0.035000
0 0.947500 0.467500 0.050000 0.050000
0 0.516250 0.898750 0.050000 0.050000
0 0.303125 0.243125 0.096250 0.096250
0 0.466875 0.391875 0.046250 0.046250
0 0.855000 0.460000 0.092500 0.092500
0 0.716250 0.816250 0.072500 0.072500
0 0.585000 0.363750 0.040000 0.040000
0 0.655625 0.073750 0.091250 0.090000
0 0.354375 0.712500 0.026250 0.025000
0 0.625000 0.910000 0.082500 0.110000
0 0.640000 0.715000 0.090000 0.087500
0 0.487500 0.210000 0.067500 0.065000
0 0.291250 0.901250 0.070000 0.067500
0 0.603750 0.815625 0.025000 0.023750
0 0.735000 0.312500 0.065000 0.065000
0 0.814375 0.061875 0.041250 0.041250
0 0.906875 0.618750 0.073750 0.075000
0 0.483750 0.111875 0.080000 0.081250
0 0.263750 0.376875 0.055000 0.056250
0 0.240625 0.490625 0.108750 0.111250
0 0.093125 0.203750 0.096250 0.097500
0 0.875625 0.321250 0.101250 0.102500
0 0.386875 0.798125 0.108750 0.111250
0 0.328750 0.400000 0.050000 0.065000
0 0.625625 0.633750 0.046250 0.060000
0 0.072500 0.535000 0.082500 0.107500
0 0.200625 0.764375 0.071250 0.071250
0 0.379375 0.634375 0.051250 0.051250
0 0.048750 0.897500 0.060000 0.060000
0 0.695000 0.592500 0.060000 0.060000
0 0.819375 0.169375 0.098750 0.098750
0 0.657500 0.323125 0.075000 0.073750
0 0.925625 0.843750 0.026250 0.020000
0 0.443125 0.560000 0.056250 0.045000
0 0.946250 0.167500 0.072500 0.057500
0 0.113125 0.045000 0.051250 0.050000
0 0.194375 0.647500 0.033750 0.032500
0 0.733125 0.934375 0.066250 0.066250
0 0.151875 0.371875 0.051250 0.051250
0 0.797500 0.600000 0.065000 0.065000
0 0.840625 0.815625 0.111250 0.111250
0 0.713750 0.501250 0.102500 0.102500
0 0.068750 0.681250 0.107500 0.107500
0 0.280000 0.111250 0.102500 0.102500
0 0.799375 0.685625 0.053750 0.053750
0 0.563125 0.444375 0.093750 0.093750
0 0.180000 0.103750 0.057500 0.057500
0 0.467500 0.305000 0.027500 0.027500
0 0.510625 0.800000 0.108750 0.112500
0 0.148750 0.297500 0.075000 0.075000
0 0.647500 0.210625 0.042500 0.041250
0 0.127500 0.803125 0.055000 0.048750
0 0.970625 0.750000 0.031250 0.027500
0 0.913750 0.921250 0.092500 0.082500
0 0.405000 0.420000 0.040000 0.035000
0 0.046250 0.075000 0.027500 0.027500
0 0.170625 0.920625 0.083750 0.083750
0 0.881250 0.696875 0.047500 0.051250
0 0.963125 0.070000 0.036250 0.040000
0 0.820625 0.910625 0.026250 0.026250
0 0.739375 0.080625 0.058750 0.058750
0 0.056250 0.425000 0.075000 0.075000
0 0.323750 0.483750 0.040000 0.040000
0 0.369375 0.903750 0.051250 0.060000
0 0.531875 0.576875 0.088750 0.088750
0 0.053125 0.305625 0.068750 0.068750
0 0.533125 0.682500 0.066250 0.057500
0 0.441875 0.632500 0.046250 0.045000
0 0.403125 0.344375 0.063750 0.063750
0 0.226875 0.585625 0.046250 0.046250
0 0.383125 0.084375 0.086250 0.086250
0 0.292500 0.842500 0.025000 0.025000