0 0.935000 0.655000 0.080000 0.080000
0 0.076250 0.083750 0.107500 0.107500
0 0.195625 0.328125 0.098750 0.098750
0 0.311250 0.258125 0.072500 0.081250
0 0.572500 0.804375 0.107500 0.121250
0 0.593750 0.260000 0.047500 0.055000
0 0.845000 0.848750 0.105000 0.122500
0 0.785625 0.624375 0.033750 0.038750
0 0.890000 0.057500 0.072500 0.072500
0 0.286250 0.735000 0.090000 0.085000
0 0.295000 0.861250 0.060000 0.052500
0 0.318125 0.599375 0.043750 0.051250
0 0.196250 0.213750 0.055000 0.055000
0 0.858750 0.436250 0.087500 0.087500
0 0.651250 0.641250 0.085000 0.085000
0 0.163125 0.470000 0.026250 0.040000
0 0.628750 0.511250 0.032500 0.050000
0 0.428750 0.693125 0.095000 0.146250
0 0.875000 0.253125 0.062500 0.096250
0 0.459375 0.890625 0.033750 0.033750
0 0.686875 0.789375 0.026250 0.023750
0 0.523125 0.545625 0.073750 0.061250
0 0.587500 0.349375 0.097500 0.106250
0 0.496250 0.152500 0.102500 0.112500
0 0.695000 0.143750 0.110000 0.120000
0 0.771875 0.711875 0.111250 0.121250
0 0.098125 0.833125 0.108750 0.141250
0 0.421875 0.526250 0.098750 0.102500
0 0.389375 0.418750 0.093750 0.097500
0 0.218750 0.535000 0.070000 0.072500
0 0.704375 0.486250 0.053750 0.052500
0 0.216875 0.945625 0.031250 0.031250
0 0.269375 0.331875 0.031250 0.031250
0 0.375625 0.135625 0.046250 0.046250
0 0.204375 0.069375 0.083750 0.083750
0 0.579375 0.447500 0.043750 0.035000
0 0.853125 0.564375 0.076250 0.061250
0 0.686875 0.404375 0.063750 0.051250
0 0.696875 0.291875 0.103750 0.106250
0 0.156250 0.673750 0.032500 0.032500
0 0.086875 0.571875 0.086250 0.086250
0 0.062500 0.396875 0.087500 0.071250
0 0.301875 0.086875 0.066250 0.066250
0 0.541250 0.636250 0.075000 0.075000
0 0.392500 0.886250 0.077500 0.077500
0 0.074375 0.650625 0.048750 0.018750
0 0.083750 0.471875 0.035000 0.041250
0 0.450000 0.273125 0.085000 0.101250
0 0.253125 0.443750 0.071250 0.085000
0 0.079375 0.301875 0.076250 0.076250
0 0.492500 0.431250 0.062500 0.062500
0 0.076250 0.939375 0.070000 0.056250
0 0.771250 0.115625 0.027500 0.023750
0 0.930000 0.150000 0.067500 0.060000
0 0.270000 0.920000 0.057500 0.050000
0 0.071875 0.212500 0.098750 0.087500
0 0.691875 0.893750 0.051250 0.052500
0 0.831875 0.160625 0.053750 0.056250
0 0.938750 0.296875 0.027500 0.028750
0 0.427500 0.803750 0.055000 0.057500
0 0.583125 0.929375 0.081250 0.081250
0 0.685000 0.036250 0.047500 0.047500
0 0.276875 0.660625 0.033750 0.033750
0 0.945000 0.908750 0.072500 0.072500
0 0.388750 0.030000 0.032500 0.032500
0 0.201250 0.735000 0.065000 0.065000
0 0.474375 0.039375 0.051250 0.051250
0 0.205000 0.146250 0.052500 0.052500
0 0.764375 0.945000 0.056250 0.055000
0 0.876875 0.727500 0.026250 0.025000
0 0.209375 0.847500 0.068750 0.067500
0 0.750625 0.409375 0.028750 0.028750
0 0.937500 0.442500 0.052500 0.052500
0 0.294375 0.529375 0.061250 0.061250
0 0.961875 0.239375 0.038750 0.038750
0 0.825000 0.355000 0.097500 0.060000
0 0.034375 0.709375 0.031250 0.031250
0 0.302500 0.153750 0.045000 0.045000
0 0.953750 0.560000 0.057500 0.055000