0 0.373750 0.851250 0.077500 0.070000
0 0.418125 0.633125 0.101250 0.091250
0 0.407500 0.935625 0.040000 0.036250
0 0.684375 0.115625 0.111250 0.111250
0 0.871875 0.205625 0.088750 0.088750
0 0.101250 0.297500 0.040000 0.045000
0 0.293125 0.273125 0.073750 0.073750
0 0.741875 0.511250 0.081250 0.085000
0 0.906250 0.514375 0.045000 0.046250
0 0.214375 0.611875 0.091250 0.091250
0 0.723125 0.246875 0.048750 0.048750
0 0.515000 0.807500 0.110000 0.110000
0 0.605625 0.235625 0.041250 0.041250
0 0.780000 0.090000 0.057500 0.057500
0 0.061250 0.790000 0.087500 0.087500
0 0.447500 0.185000 0.057500 0.057500
0 0.125000 0.486250 0.067500 0.067500
0 0.255000 0.411250 0.067500 0.067500
0 0.205625 0.196875 0.046250 0.046250
0 0.225000 0.816250 0.080000 0.097500
0 0.929375 0.900000 0.111250 0.135000
0 0.740625 0.921250 0.071250 0.055000
0 0.153125 0.135625 0.041250 0.031250
0 0.757500 0.718750 0.077500 0.060000
0 0.298125 0.619375 0.041250 0.031250
0 0.584375 0.115000 0.038750 0.035000
0 0.610625 0.662500 0.076250 0.070000
0 0.213125 0.495000 0.053750 0.050000
0 0.363750 0.105625 0.087500 0.081250
0 0.100000 0.568750 0.050000 0.050000
0 0.883750 0.312500 0.077500 0.077500
0 0.106875 0.393125 0.046250 0.046250
0 0.428125 0.398125 0.048750 0.048750
0 0.775000 0.345000 0.087500 0.087500
0 0.652500 0.381250 0.105000 0.102500
0 0.859375 0.625625 0.088750 0.088750
0 0.576875 0.475625 0.071250 0.051250
0 0.526250 0.333750 0.095000 0.067500
0 0.078750 0.875000 0.087500 0.062500
0 0.391875 0.748750 0.081250 0.057500
0 0.435625 0.326875 0.058750 0.058750
0 0.402500 0.477500 0.047500 0.047500
0 0.891250 0.788750 0.057500 0.057500
0 0.088125 0.678125 0.081250 0.081250
0 0.888125 0.093750 0.101250 0.082500
0 0.369375 0.540625 0.063750 0.051250
0 0.963125 0.168125 0.036250 0.036250
0 0.220000 0.102500 0.030000 0.030000
0 0.188750 0.708750 0.082500 0.082500
0 0.287500 0.913750 0.075000 0.075000
0 0.527500 0.211250 0.055000 0.052500
0 0.511875 0.469375 0.031250 0.028750
0 0.546250 0.583750 0.067500 0.067500
0 0.763125 0.174375 0.026250 0.026250
0 0.470000 0.911250 0.065000 0.052500
0 0.568125 0.909375 0.048750 0.038750
0 0.070625 0.067500 0.111250 0.090000
0 0.098750 0.217500 0.080000 0.080000
0 0.641250 0.851250 0.082500 0.082500
0 0.278125 0.134375 0.048750 0.048750
0 0.470625 0.059375 0.076250 0.076250
0 0.823750 0.782500 0.042500 0.042500
0 0.190625 0.935625 0.046250 0.031250
0 0.940000 0.402500 0.082500 0.082500
0 0.530000 0.654375 0.027500 0.026250