0 0.860625 0.816250 0.103750 0.075000
0 0.223750 0.915000 0.100000 0.072500
0 0.936250 0.837500 0.030000 0.030000
0 0.696875 0.109375 0.098750 0.098750
0 0.938125 0.255625 0.091250 0.091250
0 0.941250 0.698750 0.082500 0.082500
0 0.105625 0.555625 0.026250 0.026250
0 0.367500 0.676250 0.072500 0.072500
0 0.772500 0.148750 0.030000 0.030000
0 0.925000 0.535000 0.085000 0.085000
0 0.211250 0.476250 0.100000 0.100000
0 0.483750 0.492500 0.065000 0.065000
0 0.438125 0.625625 0.028750 0.028750
0 0.121250 0.137500 0.107500 0.107500
0 0.180625 0.305625 0.076250 0.076250
0 0.270625 0.188125 0.068750 0.068750
0 0.375000 0.899375 0.075000 0.098750
0 0.728750 0.517500 0.087500 0.115000
0 0.345625 0.481875 0.078750 0.078750
0 0.889375 0.161875 0.083750 0.068750
0 0.453125 0.113125 0.106250 0.106250
0 0.727500 0.233750 0.047500 0.047500
0 0.065000 0.358750 0.087500 0.087500
0 0.593125 0.353750 0.076250 0.077500
0 0.565000 0.101250 0.097500 0.100000
0 0.599375 0.906875 0.103750 0.106250
0 0.478125 0.930625 0.086250 0.088750
0 0.483750 0.791875 0.067500 0.096250
0 0.506875 0.660625 0.081250 0.076250
0 0.828750 0.913750 0.070000 0.065000
0 0.044375 0.604375 0.028750 0.026250
0 0.827500 0.517500 0.030000 0.025000
0 0.790625 0.321875 0.083750 0.068750
0 0.530625 0.265000 0.086250 0.070000
0 0.381250 0.277500 0.055000 0.052500
0 0.238125 0.669375 0.111250 0.111250
0 0.222500 0.066250 0.045000 0.045000
0 0.695000 0.937500 0.065000 0.065000
0 0.827500 0.627500 0.095000 0.095000
0 0.144375 0.700625 0.048750 0.048750
0 0.652500 0.704375 0.090000 0.093750
0 0.888750 0.090000 0.057500 0.060000
0 0.178125 0.780625 0.091250 0.096250
0 0.771875 0.417500 0.031250 0.032500
0 0.113125 0.251875 0.028750 0.033750
0 0.627500 0.441875 0.035000 0.041250
0 0.068125 0.450625 0.068750 0.068750
0 0.438750 0.385000 0.055000 0.055000
0 0.936250 0.353750 0.102500 0.075000
0 0.795625 0.061250 0.036250 0.030000
0 0.846875 0.425000 0.056250 0.047500
0 0.613125 0.543750 0.088750 0.075000
0 0.703125 0.335625 0.073750 0.071250
0 0.052500 0.723125 0.062500 0.056250
0 0.327500 0.123125 0.040000 0.036250
0 0.540000 0.599375 0.032500 0.028750
0 0.333750 0.360000 0.052500 0.052500
0 0.584375 0.805625 0.081250 0.081250
0 0.068125 0.243125 0.033750 0.023750
0 0.270000 0.375000 0.042500 0.050000
0 0.128125 0.878125 0.051250 0.051250
0 0.386875 0.785625 0.096250 0.096250
0 0.340000 0.187500 0.035000 0.035000
0 0.744375 0.768125 0.066250 0.066250
0 0.301875 0.288125 0.038750 0.038750
0 0.245625 0.131875 0.028750 0.028750
0 0.047500 0.530000 0.065000 0.065000
0 0.951875 0.046875 0.026250 0.026250
0 0.162500 0.576250 0.057500 0.057500
0 0.036875 0.866250 0.046250 0.052500
0 0.920625 0.900625 0.073750 0.076250
0 0.571875 0.475000 0.043750 0.045000
0 0.351250 0.036875 0.032500 0.033750
0 0.824375 0.723125 0.031250 0.023750
0 0.509375 0.388125 0.051250 0.038750