0 0.846875 0.295625 0.041250 0.041250
0 0.672500 0.306250 0.080000 0.080000
0 0.111250 0.596250 0.075000 0.075000
0 0.466875 0.579375 0.063750 0.061250
0 0.695000 0.147500 0.082500 0.080000
0 0.235625 0.630625 0.071250 0.071250
0 0.590000 0.132500 0.110000 0.090000
0 0.110625 0.210000 0.043750 0.042500
0 0.225000 0.385000 0.107500 0.107500
0 0.261250 0.085000 0.095000 0.095000
0 0.655000 0.890000 0.065000 0.065000
0 0.855625 0.095625 0.033750 0.033750
0 0.523125 0.281875 0.068750 0.068750
0 0.630000 0.415000 0.062500 0.062500
0 0.613125 0.623125 0.091250 0.091250
0 0.971250 0.190625 0.032500 0.031250
0 0.899375 0.593125 0.083750 0.071250
0 0.653125 0.045000 0.033750 0.027500
0 0.836875 0.490625 0.083750 0.083750
0 0.592500 0.304375 0.035000 0.028750
0 0.295625 0.833750 0.076250 0.062500
0 0.643750 0.733750 0.052500 0.042500
0 0.946250 0.098750 0.082500 0.067500
0 0.348125 0.505625 0.036250 0.031250
0 0.510625 0.461875 0.048750 0.048750
0 0.540625 0.766875 0.051250 0.051250
0 0.549375 0.863125 0.038750 0.051250
0 0.726250 0.583125 0.060000 0.078750
0 0.349375 0.056250 0.058750 0.077500
0 0.487500 0.351875 0.035000 0.046250
0 0.482500 0.832500 0.052500 0.052500
0 0.786875 0.159375 0.048750 0.048750
0 0.920625 0.733125 0.096250 0.096250
0 0.471875 0.146875 0.058750 0.058750
0 0.716250 0.456250 0.095000 0.095000
0 0.726875 0.751875 0.051250 0.051250
0 0.844375 0.243750 0.066250 0.040000
0 0.503125 0.049375 0.078750 0.048750
0 0.256250 0.507500 0.057500 0.060000
0 0.040000 0.156875 0.025000 0.023750
0 0.948750 0.425000 0.072500 0.072500
0 0.870625 0.893125 0.098750 0.118750
0 0.355000 0.293750 0.100000 0.100000
0 0.346250 0.432500 0.087500 0.087500
0 0.073125 0.415625 0.101250 0.101250
0 0.074375 0.838125 0.106250 0.106250
0 0.154375 0.084375 0.043750 0.043750
0 0.651250 0.228750 0.027500 0.027500
0 0.334375 0.557500 0.031250 0.037500
0 0.433750 0.709375 0.110000 0.098750
0 0.823125 0.722500 0.076250 0.067500
0 0.286875 0.729375 0.098750 0.088750
0 0.798750 0.066250 0.052500 0.052500
0 0.103125 0.718750 0.083750 0.085000
0 0.821250 0.595000 0.055000 0.055000
0 0.437500 0.456250 0.032500 0.032500
0 0.253125 0.281875 0.083750 0.058750
0 0.621250 0.466875 0.035000 0.023750
0 0.075000 0.046250 0.077500 0.055000
0 0.473750 0.946875 0.047500 0.033750
0 0.076875 0.295625 0.051250 0.051250
0 0.843125 0.188125 0.038750 0.038750
0 0.119375 0.944375 0.041250 0.041250
0 0.752500 0.920000 0.085000 0.080000
0 0.531250 0.216250 0.042500 0.042500
0 0.905625 0.162500 0.046250 0.042500
0 0.366250 0.921250 0.070000 0.065000
0 0.198750 0.893750 0.095000 0.087500
0 0.846250 0.388125 0.107500 0.091250
0 0.547500 0.367500 0.062500 0.062500
0 0.171875 0.773125 0.028750 0.028750
0 0.920625 0.258125 0.051250 0.051250
0 0.380625 0.839375 0.073750 0.073750
0 0.787500 0.840000 0.037500 0.037500