0 0.950625 0.600000 0.036250 0.037500
0 0.138750 0.515000 0.042500 0.042500
0 0.613125 0.650625 0.108750 0.108750
0 0.351250 0.905000 0.035000 0.035000
0 0.624375 0.214375 0.096250 0.096250
0 0.413750 0.782500 0.067500 0.067500
0 0.780625 0.200625 0.086250 0.086250
0 0.703750 0.671250 0.057500 0.057500
0 0.806250 0.438750 0.037500 0.037500
0 0.123750 0.215000 0.030000 0.032500
0 0.519375 0.781250 0.093750 0.102500
0 0.071875 0.679375 0.058750 0.063750
0 0.749375 0.306875 0.096250 0.096250
0 0.665000 0.811250 0.040000 0.040000
0 0.634375 0.523125 0.056250 0.056250
0 0.355625 0.515625 0.101250 0.101250
0 0.913125 0.254375 0.028750 0.028750
0 0.504375 0.286250 0.088750 0.090000
0 0.570000 0.086250 0.040000 0.040000
0 0.463750 0.370625 0.060000 0.061250
0 0.760000 0.098750 0.027500 0.027500
0 0.585625 0.873125 0.048750 0.048750
0 0.833750 0.903125 0.102500 0.103750
0 0.925625 0.396875 0.096250 0.096250
0 0.073125 0.604375 0.068750 0.068750
0 0.259375 0.620625 0.078750 0.078750
0 0.215625 0.395625 0.071250 0.071250
0 0.478125 0.601875 0.093750 0.093750
0 0.089375 0.283125 0.053750 0.053750
0 0.935000 0.525000 0.030000 0.030000
0 0.065000 0.181250 0.045000 0.045000
0 0.190000 0.773750 0.107500 0.067500
0 0.350625 0.600625 0.038750 0.023750
0 0.423125 0.050625 0.061250 0.038750
0 0.098750 0.336250 0.032500 0.020000
0 0.279375 0.752500 0.053750 0.042500
0 0.810625 0.683125 0.101250 0.098750
0 0.631875 0.061250 0.033750 0.032500
0 0.108125 0.459375 0.041250 0.036250
0 0.718750 0.046875 0.060000 0.053750
0 0.696875 0.874375 0.056250 0.056250
0 0.193125 0.053125 0.036250 0.036250
0 0.802500 0.531250 0.090000 0.090000
0 0.953750 0.810000 0.030000 0.030000
0 0.341250 0.325000 0.085000 0.072500
0 0.364375 0.653125 0.063750 0.053750
0 0.909375 0.656875 0.066250 0.056250
0 0.343125 0.179375 0.111250 0.111250
0 0.140000 0.917500 0.112500 0.112500
0 0.220625 0.273125 0.063750 0.063750
0 0.868125 0.089375 0.106250 0.106250
0 0.916875 0.760625 0.033750 0.033750
0 0.650000 0.407500 0.087500 0.087500
0 0.275000 0.862500 0.092500 0.092500
0 0.078750 0.060000 0.067500 0.067500
0 0.460000 0.895000 0.110000 0.110000
0 0.537500 0.498750 0.095000 0.095000
0 0.896250 0.312500 0.057500 0.057500
0 0.340625 0.716875 0.031250 0.031250
0 0.460000 0.154375 0.102500 0.103750
0 0.240625 0.503750 0.068750 0.060000
0 0.070000 0.803125 0.070000 0.061250
0 0.236875 0.108750 0.063750 0.045000
0 0.235625 0.170000 0.058750 0.055000
0 0.956250 0.310000 0.045000 0.045000
0 0.731250 0.548750 0.035000 0.035000
0 0.517500 0.678750 0.052500 0.042500
0 0.130625 0.131250 0.071250 0.057500
0 0.303750 0.076875 0.032500 0.026250
0 0.871875 0.191250 0.043750 0.035000
0 0.833125 0.823750 0.031250 0.040000
0 0.123750 0.401250 0.037500 0.037500
0 0.330000 0.425000 0.032500 0.032500
0 0.145625 0.605625 0.051250 0.051250
0 0.151250 0.675000 0.042500 0.042500
0 0.033125 0.458125 0.033750 0.041250
0 0.689375 0.118125 0.066250 0.066250
0 0.964375 0.099375 0.046250 0.046250