0 0.813750 0.260000 0.030000 0.030000
0 0.490000 0.766875 0.062500 0.063750
0 0.653125 0.153125 0.101250 0.101250
0 0.444375 0.863125 0.063750 0.063750
0 0.939375 0.451875 0.046250 0.046250
0 0.545000 0.686250 0.065000 0.067500
0 0.920000 0.085000 0.062500 0.062500
0 0.233125 0.296875 0.058750 0.058750
0 0.083125 0.831875 0.043750 0.043750
0 0.339375 0.460625 0.071250 0.071250
0 0.363750 0.731875 0.057500 0.066250
0 0.185000 0.060000 0.080000 0.092500
0 0.080625 0.666250 0.078750 0.090000
0 0.666875 0.331875 0.048750 0.056250
0 0.825625 0.591875 0.048750 0.058750
0 0.593125 0.868750 0.076250 0.092500
0 0.791875 0.832500 0.103750 0.125000
0 0.333125 0.605625 0.061250 0.073750
0 0.786875 0.156250 0.051250 0.047500
0 0.923125 0.609375 0.071250 0.066250
0 0.406250 0.535625 0.065000 0.061250
0 0.906875 0.931250 0.063750 0.060000
0 0.277500 0.066250 0.037500 0.037500
0 0.308750 0.835000 0.070000 0.070000
0 0.434375 0.380625 0.091250 0.091250
0 0.238125 0.519375 0.093750 0.093750
0 0.578125 0.411875 0.108750 0.108750
0 0.412500 0.133750 0.067500 0.067500
0 0.690000 0.697500 0.095000 0.095000
0 0.706875 0.059375 0.056250 0.056250
0 0.229375 0.690625 0.111250 0.111250
0 0.084375 0.915625 0.098750 0.098750
0 0.923125 0.808125 0.108750 0.108750
0 0.792500 0.481250 0.072500 0.072500
0 0.581250 0.285000 0.105000 0.105000
0 0.202500 0.188750 0.090000 0.090000
0 0.081875 0.156250 0.108750 0.097500
0 0.104375 0.536875 0.066250 0.066250
0 0.544375 0.046250 0.073750 0.062500
0 0.108125 0.381250 0.096250 0.095000
0 0.846875 0.041875 0.036250 0.033750
0 0.578750 0.544375 0.032500 0.033750
0 0.910000 0.328125 0.095000 0.098750
0 0.371250 0.253750 0.112500 0.117500
0 0.665625 0.436875 0.041250 0.053750
0 0.516250 0.893125 0.045000 0.058750
0 0.866250 0.228750 0.060000 0.077500
0 0.533750 0.171875 0.077500 0.078750
0 0.690625 0.874375 0.056250 0.056250
0 0.938750 0.202500 0.052500 0.052500
0 0.763125 0.379375 0.086250 0.086250
0 0.231250 0.905000 0.062500 0.062500
0 0.479375 0.601875 0.056250 0.056250
0 0.696250 0.567500 0.105000 0.105000
0 0.678125 0.238125 0.046250 0.028750
0 0.228125 0.411875 0.091250 0.056250
0 0.283750 0.158750 0.050000 0.030000
0 0.546875 0.491250 0.048750 0.030000
0 0.868750 0.690000 0.077500 0.077500
0 0.125625 0.273750 0.061250 0.062500
0 0.345625 0.938125 0.053750 0.053750
0 0.173750 0.802500 0.092500 0.092500
0 0.797500 0.685000 0.050000 0.095000
0 0.085625 0.035625 0.033750 0.033750
0 0.886250 0.508750 0.040000 0.040000
0 0.347500 0.372500 0.060000 0.060000
0 0.730000 0.952500 0.042500 0.042500
0 0.735000 0.207500 0.040000 0.040000
0 0.826875 0.313125 0.031250 0.031250
0 0.348125 0.054375 0.053750 0.053750
0 0.422500 0.035000 0.030000 0.030000
0 0.100625 0.474375 0.033750 0.033750
0 0.605000 0.716250 0.027500 0.022500