0 0.581875 0.246875 0.076250 0.046250
0 0.416875 0.644375 0.066250 0.066250
0 0.729375 0.820625 0.078750 0.063750
0 0.367500 0.070000 0.025000 0.020000
0 0.295000 0.323125 0.062500 0.051250
0 0.431250 0.877500 0.070000 0.057500
0 0.108125 0.181875 0.046250 0.043750
0 0.160000 0.474375 0.087500 0.083750
0 0.667500 0.063125 0.092500 0.088750
0 0.627500 0.366250 0.042500 0.042500
0 0.340625 0.535625 0.108750 0.108750
0 0.425625 0.313125 0.058750 0.058750
0 0.862500 0.923750 0.035000 0.035000
0 0.175000 0.265000 0.097500 0.095000
0 0.688750 0.551250 0.067500 0.067500
0 0.767500 0.417500 0.087500 0.085000
0 0.798750 0.126250 0.087500 0.082500
0 0.570625 0.071250 0.046250 0.042500
0 0.156250 0.568750 0.030000 0.027500
0 0.295625 0.793125 0.028750 0.026250
0 0.287500 0.891250 0.110000 0.110000
0 0.062500 0.241250 0.055000 0.055000
0 0.261250 0.477500 0.025000 0.025000
0 0.592500 0.522500 0.057500 0.057500
0 0.834375 0.611875 0.033750 0.033750
0 0.563750 0.620000 0.062500 0.062500
0 0.333125 0.725625 0.071250 0.071250
0 0.576250 0.126250 0.027500 0.027500
0 0.709375 0.942500 0.078750 0.055000
0 0.685000 0.169375 0.090000 0.063750
0 0.851250 0.497500 0.072500 0.060000
0 0.920000 0.263750 0.025000 0.025000
0 0.636875 0.435625 0.051250 0.051250
0 0.938125 0.454375 0.068750 0.068750
0 0.916250 0.343750 0.052500 0.052500
0 0.073750 0.060000 0.062500 0.062500
0 0.890625 0.695625 0.041250 0.041250
0 0.180000 0.741250 0.110000 0.110000
0 0.535625 0.760625 0.108750 0.108750
0 0.091250 0.638750 0.072500 0.072500
0 0.090000 0.880000 0.080000 0.150000
0 0.276250 0.181250 0.077500 0.077500
0 0.815625 0.246875 0.076250 0.076250
0 0.339375 0.391875 0.066250 0.066250
0 0.688125 0.380625 0.033750 0.033750
0 0.066875 0.359375 0.086250 0.086250
0 0.751875 0.745000 0.066250 0.062500
0 0.446875 0.199375 0.096250 0.091250
0 0.909375 0.068125 0.061250 0.061250
0 0.933750 0.601250 0.077500 0.077500
0 0.916875 0.174375 0.076250 0.076250
0 0.079375 0.490625 0.048750 0.048750
0 0.510000 0.913750 0.070000 0.070000
0 0.513750 0.418750 0.095000 0.095000
0 0.871875 0.763125 0.038750 0.038750
0 0.755000 0.668750 0.035000 0.035000
0 0.906875 0.844375 0.101250 0.101250
0 0.500000 0.312500 0.060000 0.060000
0 0.446875 0.093125 0.083750 0.083750