0 0.081875 0.851875 0.091250 0.091250
0 0.474375 0.681875 0.098750 0.098750
0 0.745000 0.748750 0.110000 0.110000
0 0.495000 0.476250 0.087500 0.087500
0 0.529375 0.151875 0.103750 0.103750
0 0.900625 0.515625 0.053750 0.053750
0 0.894375 0.686875 0.068750 0.068750
0 0.781875 0.358125 0.066250 0.066250
0 0.211875 0.500625 0.068750 0.068750
0 0.153750 0.688750 0.110000 0.110000
0 0.107500 0.307500 0.070000 0.070000
0 0.575000 0.886875 0.052500 0.051250
0 0.426250 0.828750 0.080000 0.080000
0 0.097500 0.142500 0.070000 0.057500
0 0.079375 0.233750 0.051250 0.042500
0 0.478125 0.287500 0.061250 0.050000
0 0.620000 0.669375 0.035000 0.028750
0 0.911250 0.290000 0.080000 0.080000
0 0.843125 0.074375 0.053750 0.066250
0 0.171250 0.220625 0.037500 0.046250
0 0.931250 0.093750 0.085000 0.085000
0 0.736875 0.133125 0.078750 0.078750
0 0.346250 0.305000 0.107500 0.107500
0 0.167500 0.933750 0.057500 0.057500
0 0.425625 0.083125 0.083750 0.083750
0 0.093125 0.564375 0.093750 0.093750
0 0.751250 0.881250 0.032500 0.032500
0 0.871875 0.380625 0.056250 0.056250
0 0.273125 0.712500 0.103750 0.032500
0 0.921250 0.954375 0.100000 0.031250
0 0.600000 0.251875 0.082500 0.026250
0 0.251250 0.801250 0.057500 0.057500
0 0.196250 0.420000 0.070000 0.070000
0 0.727500 0.502500 0.112500 0.112500
0 0.781250 0.258750 0.112500 0.112500
0 0.612500 0.761875 0.107500 0.101250
0 0.377500 0.716250 0.080000 0.097500
0 0.623125 0.581875 0.071250 0.086250
0 0.590625 0.371250 0.088750 0.107500
0 0.896875 0.803125 0.091250 0.091250
0 0.055000 0.482500 0.050000 0.050000
0 0.586875 0.474375 0.073750 0.073750
0 0.344375 0.463125 0.031250 0.031250
0 0.960000 0.479375 0.042500 0.033750
0 0.780000 0.621250 0.097500 0.097500
0 0.360000 0.600000 0.097500 0.097500
0 0.238125 0.078125 0.053750 0.053750
0 0.302500 0.172500 0.095000 0.092500
0 0.254375 0.921250 0.096250 0.107500
0 0.171875 0.794375 0.063750 0.063750
0 0.170000 0.578750 0.040000 0.040000
0 0.430625 0.375625 0.046250 0.046250
0 0.117500 0.393750 0.057500 0.057500
0 0.317500 0.070000 0.072500 0.072500
0 0.932500 0.891250 0.095000 0.047500
0 0.672500 0.881250 0.092500 0.092500
0 0.490625 0.901250 0.028750 0.035000
0 0.677500 0.193750 0.025000 0.030000
0 0.106250 0.056250 0.075000 0.075000
0 0.217500 0.342500 0.055000 0.055000
0 0.931250 0.193750 0.095000 0.095000