0 0.264375 0.048125 0.066250 0.063750
0 0.273125 0.870625 0.078750 0.076250
0 0.260625 0.530625 0.033750 0.033750
0 0.763125 0.894375 0.028750 0.028750
0 0.572500 0.375625 0.107500 0.123750
0 0.585000 0.886250 0.085000 0.097500
0 0.295625 0.736250 0.076250 0.087500
0 0.452500 0.416875 0.030000 0.033750
0 0.161250 0.141875 0.105000 0.123750
0 0.737500 0.801250 0.050000 0.050000
0 0.606250 0.151250 0.062500 0.062500
0 0.323125 0.236875 0.048750 0.048750
0 0.447500 0.957500 0.030000 0.030000
0 0.853750 0.578750 0.095000 0.095000
0 0.940000 0.467500 0.042500 0.042500
0 0.158750 0.478750 0.112500 0.115000
0 0.380000 0.458750 0.042500 0.042500
0 0.695625 0.283125 0.073750 0.073750
0 0.143125 0.358125 0.073750 0.073750
0 0.938750 0.232500 0.092500 0.092500
0 0.895000 0.390000 0.085000 0.075000
0 0.741875 0.149375 0.083750 0.083750
0 0.514375 0.669375 0.088750 0.088750
0 0.625625 0.584375 0.053750 0.053750
0 0.551250 0.776250 0.090000 0.090000
0 0.149375 0.735625 0.061250 0.061250
0 0.491875 0.202500 0.106250 0.152500
0 0.379375 0.554375 0.073750 0.106250
0 0.281875 0.435625 0.098750 0.098750
0 0.776875 0.718125 0.101250 0.101250
0 0.935625 0.744375 0.056250 0.056250
0 0.491875 0.546250 0.076250 0.070000
0 0.294375 0.148125 0.111250 0.111250
0 0.885625 0.928125 0.086250 0.086250
0 0.147500 0.260000 0.075000 0.075000
0 0.741875 0.449375 0.103750 0.103750
0 0.604375 0.234375 0.081250 0.081250
0 0.426250 0.865000 0.092500 0.092500
0 0.626250 0.065000 0.090000 0.090000
0 0.066250 0.651875 0.087500 0.046250
0 0.358750 0.389375 0.032500 0.016250
0 0.039375 0.947500 0.051250 0.052500
0 0.453750 0.333125 0.037500 0.038750
0 0.508125 0.080625 0.058750 0.061250
0 0.907500 0.089375 0.087500 0.091250
0 0.412500 0.643750 0.035000 0.035000
0 0.261875 0.654375 0.046250 0.046250
0 0.404375 0.743125 0.098750 0.098750
0 0.812500 0.313750 0.065000 0.065000
0 0.743125 0.555625 0.091250 0.091250
0 0.830000 0.051250 0.030000 0.030000
0 0.864375 0.831250 0.078750 0.090000
0 0.053750 0.332500 0.052500 0.060000
0 0.055625 0.568125 0.071250 0.071250
0 0.203750 0.823750 0.032500 0.032500
0 0.690625 0.660625 0.033750 0.033750
0 0.102500 0.852500 0.057500 0.057500
0 0.069375 0.795625 0.036250 0.036250
0 0.915000 0.313750 0.045000 0.045000
0 0.693750 0.906875 0.090000 0.088750
0 0.661250 0.793750 0.060000 0.060000
0 0.346250 0.641250 0.035000 0.035000
0 0.625625 0.645625 0.033750 0.033750
0 0.063125 0.093125 0.061250 0.061250
0 0.628125 0.504375 0.046250 0.046250
0 0.103750 0.942500 0.055000 0.065000
0 0.242500 0.283750 0.075000 0.090000
0 0.790625 0.226875 0.038750 0.038750
0 0.946875 0.847500 0.041250 0.030000
0 0.178750 0.895625 0.047500 0.068750
0 0.709375 0.054375 0.061250 0.061250
0 0.181250 0.608750 0.100000 0.100000
0 0.055625 0.230625 0.083750 0.083750
0 0.395625 0.084375 0.068750 0.073750
0 0.826250 0.176250 0.067500 0.047500
0 0.868750 0.490625 0.082500 0.058750
0 0.948750 0.570000 0.050000 0.050000
0 0.403750 0.223750 0.045000 0.045000
0 0.057500 0.416250 0.067500 0.067500
0 0.343125 0.346875 0.046250 0.043750