0 0.063125 0.653750 0.078750 0.070000
0 0.450000 0.695625 0.062500 0.056250
0 0.482500 0.291250 0.045000 0.040000
0 0.173125 0.493125 0.111250 0.111250
0 0.679375 0.653125 0.106250 0.106250
0 0.446875 0.779375 0.086250 0.083750
0 0.800625 0.431875 0.088750 0.086250
0 0.297500 0.156875 0.047500 0.046250
0 0.870000 0.675000 0.065000 0.065000
0 0.701875 0.558125 0.066250 0.066250
0 0.387500 0.711875 0.047500 0.033750
0 0.084375 0.268750 0.078750 0.057500
0 0.938750 0.398750 0.090000 0.090000
0 0.468125 0.150625 0.103750 0.103750
0 0.893125 0.574375 0.103750 0.103750
0 0.702500 0.061250 0.060000 0.060000
0 0.934375 0.153125 0.106250 0.106250
0 0.588750 0.858750 0.105000 0.105000
0 0.321875 0.528125 0.101250 0.101250
0 0.765625 0.833125 0.076250 0.076250
0 0.590625 0.288125 0.093750 0.093750
0 0.636250 0.511250 0.035000 0.035000
0 0.740000 0.189375 0.095000 0.093750
0 0.036875 0.451875 0.038750 0.038750
0 0.338125 0.849375 0.086250 0.083750
0 0.239375 0.888125 0.081250 0.078750
0 0.686250 0.868125 0.052500 0.051250
0 0.304375 0.290625 0.073750 0.073750
0 0.214375 0.336875 0.033750 0.033750
0 0.530625 0.398125 0.096250 0.096250
0 0.428750 0.613125 0.032500 0.038750
0 0.115000 0.840625 0.030000 0.036250
0 0.186875 0.634375 0.081250 0.098750
0 0.191875 0.102500 0.063750 0.077500
0 0.570000 0.722500 0.072500 0.065000
0 0.136250 0.750625 0.097500 0.088750
0 0.108125 0.181250 0.088750 0.080000
0 0.552500 0.045625 0.037500 0.033750
0 0.140625 0.381875 0.041250 0.068750
0 0.625625 0.425000 0.058750 0.097500
0 0.095000 0.072500 0.107500 0.105000
0 0.861875 0.281250 0.076250 0.087500
0 0.795625 0.755625 0.053750 0.061250
0 0.466875 0.848125 0.036250 0.036250
0 0.908125 0.780000 0.081250 0.082500
0 0.888750 0.894375 0.090000 0.091250
0 0.547500 0.506250 0.035000 0.035000
0 0.565625 0.638750 0.056250 0.057500
0 0.380000 0.198750 0.027500 0.027500
0 0.723125 0.326875 0.106250 0.106250
0 0.650625 0.746875 0.048750 0.048750
0 0.351875 0.394375 0.096250 0.096250
0 0.398750 0.940000 0.065000 0.065000
0 0.790000 0.642500 0.065000 0.067500
0 0.646875 0.153750 0.071250 0.097500
0 0.051875 0.526875 0.048750 0.048750
0 0.084375 0.910625 0.078750 0.078750
0 0.540000 0.560000 0.052500 0.050000
0 0.763125 0.954375 0.043750 0.041250
0 0.270625 0.443125 0.046250 0.046250
0 0.898125 0.048125 0.033750 0.033750
0 0.578750 0.161250 0.035000 0.035000
0 0.405000 0.267500 0.075000 0.075000
0 0.045625 0.338125 0.026250 0.026250
0 0.791250 0.537500 0.065000 0.065000
0 0.465625 0.496875 0.061250 0.061250
0 0.160625 0.925000 0.053750 0.065000
0 0.310000 0.065625 0.055000 0.066250
0 0.325625 0.688750 0.056250 0.067500
0 0.194375 0.243125 0.028750 0.028750
0 0.030000 0.217500 0.030000 0.030000
0 0.727500 0.751250 0.060000 0.060000
0 0.327500 0.948750 0.045000 0.042500
0 0.781250 0.081250 0.065000 0.065000
0 0.711250 0.463750 0.057500 0.067500
0 0.826250 0.153750 0.027500 0.032500
0 0.950000 0.288750 0.072500 0.085000
0 0.035625 0.819375 0.033750 0.033750
0 0.956875 0.693125 0.056250 0.056250
0 0.215625 0.398125 0.038750 0.038750
0 0.471250 0.936250 0.055000 0.072500
0 0.218750 0.722500 0.050000 0.050000
0 0.051875 0.395000 0.066250 0.057500
0 0.562500 0.212500 0.047500 0.042500