0 0.313125 0.554375 0.068750 0.068750
0 0.848750 0.350000 0.037500 0.037500
0 0.093750 0.277500 0.112500 0.165000
0 0.701250 0.128125 0.050000 0.046250
0 0.153750 0.103125 0.092500 0.086250
0 0.869375 0.497500 0.053750 0.050000
0 0.228750 0.740625 0.055000 0.043750
0 0.739375 0.398750 0.061250 0.050000
0 0.450625 0.321250 0.068750 0.055000
0 0.854375 0.409375 0.078750 0.063750
0 0.698750 0.820000 0.107500 0.115000
0 0.669375 0.228750 0.108750 0.105000
0 0.170625 0.819375 0.091250 0.091250
0 0.415000 0.472500 0.095000 0.095000
0 0.524375 0.941875 0.031250 0.031250
0 0.391250 0.788750 0.080000 0.112500
0 0.490625 0.681875 0.091250 0.091250
0 0.269375 0.111875 0.051250 0.051250
0 0.343750 0.247500 0.080000 0.080000
0 0.568125 0.364375 0.093750 0.093750
0 0.036250 0.802500 0.032500 0.032500
0 0.561875 0.201875 0.053750 0.053750
0 0.805625 0.889375 0.053750 0.053750
0 0.931875 0.626875 0.048750 0.048750
0 0.236250 0.385000 0.057500 0.057500
0 0.110625 0.704375 0.066250 0.066250
0 0.211875 0.250625 0.081250 0.081250
0 0.631250 0.488750 0.090000 0.090000
0 0.258750 0.930000 0.075000 0.075000
0 0.816250 0.766875 0.090000 0.088750
0 0.911250 0.234375 0.095000 0.093750
0 0.715000 0.626875 0.077500 0.076250
0 0.414375 0.873125 0.038750 0.038750
0 0.916875 0.116250 0.098750 0.120000
0 0.887500 0.904375 0.080000 0.071250
0 0.048125 0.150625 0.068750 0.061250
0 0.136875 0.427500 0.106250 0.095000
0 0.391250 0.148125 0.077500 0.078750
0 0.380625 0.699375 0.048750 0.048750
0 0.130000 0.566875 0.077500 0.078750
0 0.924375 0.698125 0.051250 0.051250
0 0.554375 0.861875 0.103750 0.091250
0 0.548750 0.092500 0.105000 0.092500
0 0.254375 0.322500 0.053750 0.047500
0 0.616250 0.616875 0.067500 0.053750
0 0.437500 0.561250 0.072500 0.067500
0 0.768750 0.096250 0.027500 0.027500
0 0.749375 0.494375 0.031250 0.031250
0 0.949375 0.404375 0.071250 0.068750
0 0.839375 0.600625 0.111250 0.108750
0 0.533750 0.558750 0.060000 0.060000
0 0.779375 0.314375 0.043750 0.043750
0 0.614375 0.703750 0.028750 0.022500
0 0.236875 0.509375 0.053750 0.053750
0 0.313750 0.453750 0.075000 0.075000
0 0.215000 0.685000 0.055000 0.052500
0 0.353750 0.345000 0.060000 0.057500
0 0.789375 0.237500 0.071250 0.067500
0 0.937500 0.780000 0.075000 0.075000
0 0.340000 0.643125 0.055000 0.043750
0 0.724375 0.925000 0.088750 0.070000
0 0.065625 0.905625 0.078750 0.078750
0 0.480625 0.185625 0.071250 0.068750
0 0.281250 0.683125 0.047500 0.033750
0 0.820625 0.052500 0.061250 0.065000
0 0.221875 0.458125 0.031250 0.028750
0 0.698750 0.717500 0.025000 0.025000
0 0.053750 0.598750 0.055000 0.055000
0 0.290625 0.765625 0.051250 0.051250
0 0.290000 0.618750 0.025000 0.025000