0 0.521250 0.247500 0.102500 0.102500
0 0.701875 0.610000 0.078750 0.070000
0 0.649375 0.272500 0.033750 0.030000
0 0.909375 0.066875 0.086250 0.086250
0 0.226875 0.838125 0.068750 0.068750
0 0.308125 0.715625 0.061250 0.061250
0 0.283750 0.310000 0.047500 0.047500
0 0.768125 0.385000 0.086250 0.080000
0 0.802500 0.722500 0.102500 0.102500
0 0.480000 0.738750 0.090000 0.090000
0 0.658750 0.333750 0.045000 0.045000
0 0.073750 0.597500 0.107500 0.107500
0 0.363125 0.293750 0.051250 0.045000
0 0.633750 0.849375 0.067500 0.058750
0 0.349375 0.632500 0.091250 0.080000
0 0.643750 0.198750 0.065000 0.065000
0 0.503750 0.581250 0.025000 0.025000
0 0.091250 0.890000 0.052500 0.052500
0 0.674375 0.440625 0.066250 0.066250
0 0.105625 0.729375 0.041250 0.048750
0 0.189375 0.660625 0.103750 0.103750
0 0.231875 0.210625 0.081250 0.081250
0 0.703750 0.039375 0.040000 0.041250
0 0.900625 0.423125 0.078750 0.081250
0 0.555625 0.865000 0.061250 0.032500
0 0.354375 0.396875 0.068750 0.088750
0 0.347500 0.202500 0.107500 0.107500
0 0.245000 0.750000 0.040000 0.040000
0 0.234375 0.398125 0.096250 0.096250
0 0.126250 0.235000 0.050000 0.050000
0 0.867500 0.621875 0.077500 0.073750
0 0.293750 0.511250 0.075000 0.075000
0 0.890000 0.313750 0.102500 0.102500
0 0.526875 0.378125 0.073750 0.073750
0 0.828750 0.146875 0.040000 0.031250
0 0.450625 0.876875 0.051250 0.051250
0 0.887500 0.946250 0.055000 0.055000
0 0.738750 0.203125 0.080000 0.068750
0 0.099375 0.124375 0.063750 0.058750
0 0.909375 0.516875 0.061250 0.061250
0 0.901250 0.158750 0.080000 0.080000
0 0.686250 0.706250 0.102500 0.102500
0 0.660625 0.101875 0.053750 0.053750
0 0.155000 0.791250 0.047500 0.047500
0 0.078750 0.406250 0.112500 0.112500
0 0.635000 0.932500 0.040000 0.040000
0 0.515625 0.063125 0.091250 0.091250
0 0.946875 0.826250 0.066250 0.052500
0 0.772500 0.912500 0.055000 0.055000
0 0.817500 0.820625 0.027500 0.026250
0 0.580000 0.757500 0.092500 0.092500
0 0.250625 0.915000 0.086250 0.070000
0 0.583750 0.646250 0.047500 0.037500
0 0.704375 0.799375 0.056250 0.056250
0 0.142500 0.312500 0.072500 0.060000
0 0.278750 0.096250 0.105000 0.087500
0 0.525625 0.646875 0.026250 0.021250
0 0.186875 0.900625 0.026250 0.021250
0 0.763750 0.303750 0.067500 0.067500
0 0.399375 0.031875 0.038750 0.038750
0 0.321875 0.823750 0.096250 0.097500
0 0.823750 0.526875 0.077500 0.078750
0 0.501250 0.523125 0.085000 0.076250
0 0.436250 0.411250 0.050000 0.050000
0 0.174375 0.104375 0.043750 0.043750
0 0.623750 0.026250 0.027500 0.027500
0 0.403750 0.470000 0.037500 0.037500
0 0.440625 0.081250 0.031250 0.027500
0 0.430625 0.195000 0.036250 0.037500
0 0.933750 0.732500 0.055000 0.017500
0 0.750625 0.128750 0.081250 0.025000
0 0.922500 0.695000 0.112500 0.035000
0 0.071250 0.814375 0.082500 0.026250
0 0.365000 0.937500 0.075000 0.075000