0 0.058750 0.866250 0.027500 0.035000
0 0.830000 0.413750 0.037500 0.037500
0 0.315000 0.262500 0.112500 0.112500
0 0.855000 0.845000 0.050000 0.050000
0 0.543750 0.218750 0.102500 0.102500
0 0.396250 0.632500 0.090000 0.090000
0 0.835625 0.233125 0.101250 0.101250
0 0.575000 0.618750 0.055000 0.062500
0 0.591875 0.708750 0.076250 0.087500
0 0.645000 0.520000 0.102500 0.117500
0 0.204375 0.520625 0.093750 0.093750
0 0.365000 0.490000 0.027500 0.027500
0 0.941250 0.911250 0.092500 0.092500
0 0.101250 0.613125 0.032500 0.046250
0 0.655000 0.925000 0.047500 0.075000
0 0.142500 0.334375 0.027500 0.043750
0 0.494375 0.848750 0.061250 0.065000
0 0.798750 0.645000 0.110000 0.117500
0 0.160000 0.873125 0.092500 0.098750
0 0.764375 0.080625 0.111250 0.118750
0 0.746875 0.760625 0.048750 0.041250
0 0.201250 0.704375 0.052500 0.043750
0 0.355000 0.733750 0.075000 0.090000
0 0.139375 0.105625 0.101250 0.121250
0 0.430000 0.035000 0.035000 0.035000
0 0.801875 0.935625 0.086250 0.076250
0 0.310625 0.069375 0.111250 0.111250
0 0.905000 0.675000 0.077500 0.077500
0 0.433750 0.190000 0.085000 0.085000
0 0.385625 0.375625 0.056250 0.056250
0 0.631250 0.792500 0.080000 0.057500
0 0.080000 0.231250 0.075000 0.075000
0 0.911875 0.067500 0.096250 0.105000
0 0.953125 0.223750 0.038750 0.042500
0 0.638750 0.153125 0.070000 0.076250
0 0.906250 0.550000 0.090000 0.090000
0 0.523125 0.398125 0.088750 0.088750
0 0.390625 0.916875 0.081250 0.081250
0 0.267500 0.165000 0.047500 0.047500
0 0.303125 0.378750 0.048750 0.045000
0 0.720000 0.209375 0.050000 0.048750
0 0.480625 0.758125 0.041250 0.041250
0 0.641875 0.345000 0.046250 0.045000
0 0.192500 0.436875 0.057500 0.056250
0 0.753750 0.466875 0.087500 0.086250
0 0.720000 0.268125 0.075000 0.053750
0 0.282500 0.864375 0.102500 0.116250
0 0.110000 0.427500 0.075000 0.075000
0 0.506875 0.578125 0.061250 0.061250
0 0.935625 0.386875 0.088750 0.088750
0 0.282500 0.756250 0.032500 0.032500
0 0.491250 0.071250 0.070000 0.070000
0 0.080000 0.518750 0.080000 0.080000
0 0.750000 0.830000 0.047500 0.047500
0 0.683125 0.635625 0.058750 0.058750
0 0.062500 0.757500 0.092500 0.092500
0 0.194375 0.306875 0.036250 0.036250
0 0.197500 0.233750 0.025000 0.025000
0 0.948125 0.813125 0.038750 0.038750
0 0.896250 0.755000 0.057500 0.057500
0 0.638125 0.236875 0.038750 0.038750
0 0.088125 0.336875 0.033750 0.033750
0 0.698125 0.713125 0.028750 0.028750
0 0.493750 0.327500 0.045000 0.035000
0 0.495000 0.648125 0.077500 0.061250
0 0.809375 0.343125 0.098750 0.078750
0 0.044375 0.053125 0.051250 0.053750
0 0.441875 0.390625 0.038750 0.038750
0 0.649375 0.405625 0.041250 0.041250
0 0.580625 0.930000 0.068750 0.055000
0 0.293750 0.600625 0.045000 0.036250
0 0.438750 0.266250 0.050000 0.050000
0 0.571250 0.108750 0.037500 0.037500
0 0.393125 0.829375 0.061250 0.061250
0 0.857500 0.143750 0.027500 0.027500
0 0.616875 0.054375 0.051250 0.051250
0 0.433125 0.451875 0.058750 0.058750
0 0.416875 0.554375 0.048750 0.048750
0 0.951875 0.744375 0.038750 0.038750
0 0.501250 0.488750 0.060000 0.060000
0 0.211875 0.956875 0.036250 0.033750
0 0.154375 0.622500 0.058750 0.055000
0 0.485000 0.921250 0.067500 0.065000
0 0.713125 0.390625 0.028750 0.028750
0 0.536875 0.781875 0.028750 0.028750
0 0.056875 0.681875 0.033750 0.033750
0 0.073750 0.918750 0.047500 0.047500