0 0.202500 0.456250 0.057500 0.057500
0 0.510625 0.861875 0.033750 0.033750
0 0.817500 0.348750 0.090000 0.090000
0 0.771875 0.089375 0.088750 0.138750
0 0.280625 0.811250 0.081250 0.127500
0 0.098750 0.227500 0.040000 0.040000
0 0.771875 0.646875 0.066250 0.058750
0 0.457500 0.213125 0.035000 0.031250
0 0.583750 0.740625 0.047500 0.031250
0 0.516875 0.185625 0.066250 0.066250
0 0.955625 0.498125 0.031250 0.031250
0 0.573750 0.072500 0.057500 0.057500
0 0.451250 0.677500 0.100000 0.100000
0 0.088125 0.499375 0.063750 0.063750
0 0.399375 0.095625 0.083750 0.083750
0 0.858750 0.544375 0.057500 0.031250
0 0.913125 0.388125 0.068750 0.068750
0 0.258750 0.707500 0.040000 0.040000
0 0.169375 0.134375 0.031250 0.026250
0 0.802500 0.732500 0.032500 0.027500
0 0.572500 0.255000 0.065000 0.055000
0 0.355625 0.574375 0.071250 0.061250
0 0.272500 0.177500 0.077500 0.075000
0 0.923750 0.735625 0.052500 0.038750
0 0.885000 0.268750 0.057500 0.042500
0 0.493125 0.365625 0.108750 0.108750
0 0.653125 0.351875 0.073750 0.073750
0 0.733125 0.515625 0.036250 0.036250
0 0.111875 0.753125 0.093750 0.093750
0 0.665000 0.900000 0.080000 0.080000
0 0.299375 0.407500 0.098750 0.100000
0 0.215000 0.294375 0.095000 0.098750
0 0.953750 0.856250 0.052500 0.052500
0 0.261250 0.056250 0.047500 0.040000
0 0.660625 0.665625 0.093750 0.093750
0 0.118750 0.328750 0.082500 0.082500
0 0.171250 0.853750 0.050000 0.050000
0 0.575000 0.875000 0.067500 0.067500
0 0.804375 0.943125 0.031250 0.031250
0 0.707500 0.217500 0.065000 0.065000
0 0.838750 0.865000 0.075000 0.075000
0 0.880625 0.948125 0.041250 0.041250
0 0.234375 0.598125 0.111250 0.111250
0 0.098750 0.593750 0.057500 0.057500
0 0.083750 0.130000 0.070000 0.070000
0 0.453125 0.566875 0.056250 0.056250
0 0.085625 0.910625 0.096250 0.096250
0 0.747500 0.910000 0.040000 0.040000
0 0.879375 0.613125 0.036250 0.036250
0 0.809375 0.433125 0.041250 0.041250
0 0.603125 0.469375 0.033750 0.033750
0 0.468125 0.478125 0.081250 0.081250
0 0.926875 0.193125 0.033750 0.033750
0 0.782500 0.590000 0.035000 0.035000
0 0.888125 0.085625 0.106250 0.096250
0 0.600000 0.178125 0.062500 0.056250
0 0.456250 0.893125 0.032500 0.028750
0 0.508125 0.763125 0.043750 0.031250
0 0.376250 0.239375 0.085000 0.141250
0 0.559375 0.646875 0.071250 0.071250
0 0.586875 0.546875 0.106250 0.106250