0 0.948750 0.861250 0.035000 0.035000
0 0.236875 0.891875 0.071250 0.078750
0 0.351875 0.666875 0.026250 0.028750
0 0.790625 0.476875 0.051250 0.056250
0 0.401250 0.367500 0.070000 0.077500
0 0.220000 0.076875 0.102500 0.091250
0 0.451875 0.106250 0.101250 0.090000
0 0.221250 0.496875 0.027500 0.023750
0 0.635625 0.346875 0.063750 0.063750
0 0.495000 0.236250 0.067500 0.067500
0 0.895000 0.718750 0.097500 0.097500
0 0.061875 0.794375 0.081250 0.081250
0 0.085000 0.323750 0.075000 0.075000
0 0.712500 0.798750 0.042500 0.042500
0 0.805000 0.931250 0.065000 0.047500
0 0.667500 0.121250 0.045000 0.045000
0 0.251875 0.707500 0.108750 0.125000
0 0.860625 0.255000 0.073750 0.085000
0 0.681875 0.703125 0.033750 0.033750
0 0.955000 0.437500 0.027500 0.027500
0 0.615000 0.835000 0.112500 0.112500
0 0.168750 0.159375 0.037500 0.048750
0 0.783125 0.714375 0.096250 0.096250
0 0.059375 0.198125 0.056250 0.056250
0 0.085625 0.092500 0.076250 0.062500
0 0.690625 0.203750 0.081250 0.067500
0 0.401875 0.898125 0.106250 0.096250
0 0.083125 0.498125 0.108750 0.108750
0 0.891875 0.509375 0.068750 0.106250
0 0.926875 0.620000 0.048750 0.075000
0 0.623750 0.501250 0.082500 0.127500
0 0.258750 0.255000 0.072500 0.112500
0 0.781250 0.071875 0.057500 0.043750
0 0.796250 0.594375 0.092500 0.098750
0 0.137500 0.906250 0.060000 0.060000
0 0.928750 0.105625 0.095000 0.086250
0 0.203750 0.557500 0.092500 0.067500
0 0.816875 0.810625 0.028750 0.031250
0 0.779375 0.248125 0.051250 0.051250
0 0.581250 0.717500 0.055000 0.055000
0 0.305000 0.542500 0.042500 0.042500
0 0.506875 0.433125 0.098750 0.078750
0 0.938750 0.372500 0.050000 0.050000
0 0.570000 0.086250 0.105000 0.105000
0 0.050625 0.409375 0.048750 0.048750
0 0.491250 0.776250 0.110000 0.107500
0 0.242500 0.449375 0.032500 0.041250