0 0.671250 0.650000 0.100000 0.100000
0 0.679375 0.379375 0.043750 0.043750
0 0.679375 0.741875 0.043750 0.043750
0 0.663750 0.452500 0.032500 0.032500
0 0.570625 0.172500 0.088750 0.087500
0 0.312500 0.221875 0.087500 0.086250
0 0.867500 0.073125 0.095000 0.093750
0 0.109375 0.812500 0.056250 0.055000
0 0.904375 0.221250 0.028750 0.030000
0 0.753125 0.162500 0.088750 0.097500
0 0.641250 0.177500 0.030000 0.032500
0 0.795000 0.719375 0.072500 0.078750
0 0.410625 0.073125 0.066250 0.066250
0 0.778125 0.616875 0.043750 0.043750
0 0.147500 0.465000 0.082500 0.082500
0 0.244375 0.610625 0.091250 0.091250
0 0.574375 0.320625 0.051250 0.051250
0 0.551250 0.692500 0.067500 0.067500
0 0.190000 0.706250 0.062500 0.062500
0 0.206875 0.921875 0.036250 0.036250
0 0.649375 0.838125 0.063750 0.063750
0 0.546875 0.856875 0.058750 0.058750
0 0.079375 0.209375 0.031250 0.031250
0 0.038125 0.590625 0.028750 0.028750
0 0.298750 0.058750 0.062500 0.062500
0 0.533125 0.555625 0.063750 0.058750
0 0.446250 0.436250 0.087500 0.120000
0 0.081875 0.315625 0.086250 0.086250
0 0.326250 0.506250 0.042500 0.042500
0 0.334375 0.634375 0.058750 0.058750
0 0.942500 0.937500 0.075000 0.067500
0 0.471250 0.202500 0.085000 0.085000
0 0.196250 0.861250 0.060000 0.060000
0 0.830000 0.783750 0.025000 0.025000
0 0.245000 0.180000 0.027500 0.010000
0 0.143750 0.881875 0.030000 0.033750
0 0.770625 0.463125 0.058750 0.058750
0 0.779375 0.901875 0.108750 0.108750
0 0.325625 0.700625 0.058750 0.058750
0 0.860000 0.536250 0.032500 0.032500
0 0.905625 0.778750 0.106250 0.107500
0 0.953125 0.076250 0.056250 0.050000
0 0.860000 0.588750 0.040000 0.035000
0 0.260000 0.344375 0.055000 0.066250
0 0.115000 0.048750 0.057500 0.070000
0 0.890625 0.394375 0.108750 0.131250
0 0.606875 0.533125 0.061250 0.073750
0 0.411250 0.842500 0.075000 0.075000
0 0.061250 0.477500 0.057500 0.055000
0 0.676250 0.329375 0.032500 0.031250
0 0.642500 0.058125 0.075000 0.071250
0 0.320000 0.436250 0.062500 0.060000
0 0.495625 0.299375 0.071250 0.071250
0 0.503125 0.035625 0.028750 0.028750
0 0.289375 0.794375 0.111250 0.111250
0 0.913125 0.663125 0.098750 0.098750
0 0.817500 0.278750 0.060000 0.062500
0 0.569375 0.420000 0.091250 0.095000
0 0.845625 0.159375 0.058750 0.061250
0 0.165625 0.174375 0.088750 0.088750
0 0.440625 0.685000 0.093750 0.107500
0 0.636250 0.917500 0.070000 0.080000
0 0.520625 0.623750 0.046250 0.052500
0 0.138125 0.576250 0.086250 0.062500
0 0.700625 0.270000 0.066250 0.047500
0 0.318125 0.933125 0.111250 0.081250
0 0.891250 0.295000 0.062500 0.045000
0 0.967500 0.581250 0.027500 0.027500
0 0.735000 0.801250 0.045000 0.045000
0 0.075000 0.686250 0.060000 0.060000
0 0.243750 0.471250 0.067500 0.067500
0 0.447500 0.583125 0.025000 0.018750
0 0.144375 0.941875 0.056250 0.041250
0 0.723125 0.083125 0.046250 0.046250
0 0.713125 0.528125 0.056250 0.056250
0 0.365000 0.141250 0.055000 0.055000
0 0.363750 0.341250 0.060000 0.060000
0 0.789375 0.531875 0.051250 0.051250
0 0.568125 0.951875 0.043750 0.043750