0 0.400625 0.896250 0.103750 0.112500
0 0.244375 0.871875 0.048750 0.048750
0 0.931875 0.229375 0.043750 0.043750
0 0.947500 0.792500 0.055000 0.052500
0 0.088125 0.668125 0.036250 0.033750
0 0.421250 0.758125 0.025000 0.023750
0 0.573125 0.580000 0.081250 0.095000
0 0.184375 0.348750 0.063750 0.075000
0 0.690000 0.420000 0.042500 0.050000
0 0.606250 0.825000 0.025000 0.025000
0 0.936875 0.584375 0.086250 0.086250
0 0.529375 0.193125 0.071250 0.071250
0 0.141875 0.811875 0.106250 0.106250
0 0.721250 0.777500 0.105000 0.105000
0 0.613125 0.700625 0.061250 0.076250
0 0.839375 0.261875 0.053750 0.053750
0 0.313125 0.875625 0.031250 0.031250
0 0.721250 0.630000 0.070000 0.067500
0 0.715625 0.526875 0.071250 0.071250
0 0.476875 0.531875 0.086250 0.086250
0 0.902500 0.117500 0.062500 0.062500
0 0.297500 0.495000 0.062500 0.075000
0 0.851875 0.788125 0.091250 0.091250
0 0.341875 0.141875 0.073750 0.073750
0 0.240625 0.174375 0.103750 0.113750
0 0.661875 0.137500 0.076250 0.097500
0 0.103125 0.563750 0.048750 0.042500
0 0.171250 0.916875 0.032500 0.028750
0 0.264375 0.385000 0.048750 0.042500
0 0.190625 0.431250 0.051250 0.045000
0 0.839375 0.351250 0.103750 0.105000
0 0.433750 0.096875 0.087500 0.088750
0 0.815625 0.482500 0.093750 0.095000
0 0.627500 0.287500 0.072500 0.095000
0 0.813125 0.586875 0.063750 0.083750
0 0.595625 0.444375 0.111250 0.146250
0 0.759375 0.134375 0.093750 0.123750
0 0.469375 0.771875 0.038750 0.038750
0 0.397500 0.341875 0.042500 0.041250
0 0.403125 0.422500 0.103750 0.092500
0 0.079375 0.303750 0.103750 0.117500
0 0.811250 0.915000 0.087500 0.087500
0 0.426250 0.678750 0.070000 0.047500
0 0.485000 0.951250 0.047500 0.032500
0 0.106250 0.153125 0.107500 0.116250
0 0.266250 0.661875 0.112500 0.121250
0 0.321250 0.778750 0.062500 0.062500
0 0.070000 0.397500 0.030000 0.030000
0 0.471250 0.303750 0.042500 0.042500
0 0.310000 0.281875 0.040000 0.038750
0 0.243750 0.785000 0.055000 0.055000
0 0.547500 0.065000 0.067500 0.067500
0 0.774375 0.248125 0.061250 0.061250
0 0.926875 0.364375 0.048750 0.048750
0 0.677500 0.907500 0.082500 0.082500
0 0.035625 0.719375 0.026250 0.026250
0 0.418750 0.191875 0.047500 0.048750
0 0.128750 0.487500 0.050000 0.040000
0 0.928125 0.725000 0.031250 0.025000