0 0.938750 0.192500 0.032500 0.032500
0 0.861875 0.833125 0.083750 0.083750
0 0.107500 0.888125 0.080000 0.103750
0 0.283125 0.336875 0.098750 0.128750
0 0.180000 0.885000 0.050000 0.065000
0 0.492500 0.509375 0.047500 0.061250
0 0.506875 0.259375 0.038750 0.038750
0 0.468125 0.413125 0.078750 0.078750
0 0.107500 0.656250 0.027500 0.027500
0 0.610625 0.593125 0.081250 0.081250
0 0.331250 0.631250 0.112500 0.112500
0 0.766250 0.673750 0.077500 0.077500
0 0.848750 0.277500 0.110000 0.110000
0 0.647500 0.445000 0.107500 0.107500
0 0.103750 0.296250 0.055000 0.055000
0 0.588125 0.795625 0.058750 0.058750
0 0.710625 0.289375 0.038750 0.038750
0 0.456875 0.640000 0.108750 0.110000
0 0.639375 0.715625 0.038750 0.046250
0 0.415625 0.146875 0.091250 0.111250
0 0.742500 0.815625 0.065000 0.093750
0 0.221250 0.136250 0.062500 0.090000
0 0.639375 0.335625 0.041250 0.058750
0 0.080625 0.146250 0.071250 0.102500
0 0.928750 0.431250 0.110000 0.137500
0 0.191875 0.640625 0.063750 0.063750
0 0.298750 0.842500 0.075000 0.075000
0 0.941875 0.041875 0.061250 0.053750
0 0.597500 0.104375 0.092500 0.081250
0 0.745000 0.206250 0.042500 0.037500
0 0.517500 0.197500 0.070000 0.070000
0 0.419375 0.289375 0.111250 0.111250
0 0.091875 0.395625 0.073750 0.073750
0 0.897500 0.730000 0.042500 0.042500
0 0.173750 0.756250 0.060000 0.060000
0 0.889375 0.913125 0.046250 0.046250
0 0.491250 0.853750 0.110000 0.087500
0 0.785625 0.583750 0.081250 0.065000
0 0.663125 0.836875 0.033750 0.026250
0 0.198750 0.291250 0.025000 0.020000
0 0.806250 0.104375 0.107500 0.103750
0 0.765000 0.390000 0.097500 0.095000
0 0.104375 0.533125 0.106250 0.106250
0 0.390625 0.940625 0.046250 0.046250
0 0.306250 0.506250 0.085000 0.085000
0 0.593750 0.201250 0.065000 0.065000
0 0.316875 0.155625 0.086250 0.086250
0 0.886875 0.586875 0.101250 0.101250
0 0.683750 0.912500 0.070000 0.070000
0 0.055000 0.764375 0.085000 0.068750
0 0.938125 0.823750 0.048750 0.047500
0 0.496875 0.736875 0.068750 0.068750
0 0.106875 0.050625 0.033750 0.033750
0 0.284375 0.044375 0.088750 0.058750
0 0.378750 0.833750 0.057500 0.057500
0 0.694375 0.064375 0.078750 0.078750
0 0.391250 0.487500 0.047500 0.047500
0 0.066875 0.696875 0.031250 0.031250
0 0.416875 0.046250 0.071250 0.065000
0 0.586875 0.920000 0.063750 0.060000
0 0.356250 0.762500 0.065000 0.057500
0 0.180000 0.350000 0.080000 0.070000
0 0.552500 0.443125 0.055000 0.048750
0 0.820625 0.935000 0.043750 0.040000
0 0.615000 0.037500 0.032500 0.032500
0 0.923750 0.128750 0.075000 0.075000
0 0.671250 0.181250 0.037500 0.037500
0 0.313125 0.963750 0.031250 0.020000
0 0.576250 0.320000 0.060000 0.057500
0 0.234375 0.235000 0.046250 0.045000
0 0.041250 0.258750 0.052500 0.052500
0 0.222500 0.533750 0.055000 0.055000