0 0.530000 0.610625 0.112500 0.073750
0 0.278750 0.347500 0.100000 0.097500
0 0.116875 0.638125 0.078750 0.076250
0 0.821875 0.281250 0.071250 0.070000
0 0.441875 0.202500 0.088750 0.072500
0 0.388125 0.600000 0.058750 0.047500
0 0.093125 0.505000 0.028750 0.022500
0 0.778750 0.383750 0.060000 0.060000
0 0.762500 0.652500 0.092500 0.092500
0 0.906250 0.793750 0.107500 0.107500
0 0.388125 0.266875 0.031250 0.031250
0 0.873750 0.156250 0.037500 0.037500
0 0.215625 0.106875 0.051250 0.051250
0 0.601250 0.151250 0.027500 0.027500
0 0.580625 0.691875 0.041250 0.041250
0 0.885000 0.093750 0.037500 0.037500
0 0.887500 0.391250 0.052500 0.052500
0 0.545625 0.254375 0.068750 0.068750
0 0.110000 0.130000 0.042500 0.042500
0 0.339375 0.713125 0.043750 0.056250
0 0.558125 0.449375 0.081250 0.106250
0 0.701250 0.240000 0.025000 0.032500
0 0.658125 0.830625 0.068750 0.068750
0 0.076875 0.806875 0.106250 0.106250
0 0.414375 0.779375 0.063750 0.063750
0 0.330625 0.885625 0.078750 0.078750
0 0.195000 0.183750 0.050000 0.050000
0 0.243750 0.901250 0.032500 0.032500
0 0.422500 0.082500 0.112500 0.112500
0 0.898125 0.618125 0.038750 0.038750
0 0.233750 0.246250 0.045000 0.045000
0 0.668750 0.318750 0.107500 0.102500
0 0.578125 0.781875 0.036250 0.043750
0 0.805625 0.505000 0.041250 0.050000
0 0.703750 0.124375 0.057500 0.068750
0 0.200625 0.770625 0.101250 0.101250
0 0.448750 0.486250 0.072500 0.072500
0 0.235625 0.508125 0.081250 0.081250
0 0.698750 0.502500 0.042500 0.042500
0 0.583750 0.933750 0.072500 0.072500
0 0.830000 0.915000 0.112500 0.112500
0 0.245000 0.635625 0.110000 0.133750
0 0.453125 0.901875 0.106250 0.128750
0 0.426875 0.395000 0.073750 0.090000
0 0.123125 0.357500 0.096250 0.117500
0 0.110625 0.224375 0.091250 0.091250
0 0.034375 0.469375 0.026250 0.026250
0 0.661875 0.603125 0.093750 0.093750
0 0.754375 0.760625 0.106250 0.106250
0 0.313750 0.063125 0.065000 0.088750
0 0.804375 0.143125 0.041250 0.056250
0 0.547500 0.091875 0.055000 0.061250
0 0.680000 0.926250 0.037500 0.037500
0 0.296250 0.787500 0.072500 0.072500
0 0.075000 0.897500 0.060000 0.060000
0 0.285000 0.190000 0.047500 0.047500
0 0.910000 0.537500 0.107500 0.107500
0 0.931250 0.095000 0.040000 0.040000
0 0.497500 0.710000 0.075000 0.075000
0 0.641875 0.221875 0.051250 0.051250
0 0.784375 0.064375 0.076250 0.076250
0 0.657500 0.038750 0.085000 0.052500
0 0.670625 0.740000 0.043750 0.030000
0 0.349375 0.500000 0.096250 0.095000
0 0.868750 0.208750 0.027500 0.027500
0 0.520000 0.033750 0.037500 0.037500
0 0.933125 0.931875 0.078750 0.078750
0 0.865625 0.684375 0.061250 0.061250
0 0.404375 0.675625 0.026250 0.026250
0 0.568125 0.858125 0.063750 0.063750
0 0.041875 0.336875 0.038750 0.038750
0 0.094375 0.053125 0.068750 0.068750
0 0.916250 0.298750 0.092500 0.092500