0 0.368750 0.102500 0.080000 0.085000
0 0.301250 0.419375 0.025000 0.026250
0 0.601875 0.346875 0.028750 0.028750
0 0.355625 0.928125 0.041250 0.041250
0 0.931250 0.123750 0.057500 0.057500
0 0.743125 0.886875 0.071250 0.088750
0 0.225625 0.166250 0.096250 0.120000
0 0.792500 0.261250 0.052500 0.065000
0 0.526875 0.140625 0.031250 0.031250
0 0.464375 0.665625 0.033750 0.033750
0 0.418750 0.373750 0.080000 0.080000
0 0.635625 0.836875 0.101250 0.101250
0 0.465625 0.779375 0.108750 0.108750
0 0.115000 0.436250 0.062500 0.062500
0 0.119375 0.109375 0.071250 0.071250
0 0.774375 0.181875 0.036250 0.036250
0 0.727500 0.625000 0.105000 0.097500
0 0.375625 0.238125 0.108750 0.096250
0 0.787500 0.395000 0.082500 0.072500
0 0.150625 0.617500 0.076250 0.067500
0 0.581875 0.413125 0.061250 0.053750
0 0.678750 0.736250 0.057500 0.057500
0 0.951250 0.575000 0.062500 0.062500
0 0.338125 0.665625 0.078750 0.078750
0 0.383125 0.491250 0.101250 0.060000
0 0.260000 0.583125 0.107500 0.063750
0 0.169375 0.816250 0.108750 0.065000
0 0.897500 0.356250 0.092500 0.092500
0 0.912500 0.712500 0.035000 0.035000
0 0.210000 0.432500 0.062500 0.062500
0 0.663125 0.436875 0.076250 0.076250
0 0.656875 0.257500 0.103750 0.110000
0 0.792500 0.781250 0.072500 0.072500
0 0.540625 0.536875 0.111250 0.111250
0 0.204375 0.290625 0.106250 0.106250
0 0.195000 0.886250 0.055000 0.055000
0 0.521250 0.666250 0.030000 0.030000
0 0.886250 0.236250 0.112500 0.112500
0 0.042500 0.562500 0.030000 0.030000
0 0.596875 0.116875 0.091250 0.151250
0 0.043125 0.417500 0.028750 0.047500
0 0.921875 0.841875 0.091250 0.151250
0 0.050000 0.858750 0.050000 0.082500
0 0.493125 0.285000 0.041250 0.037500
0 0.824375 0.550000 0.043750 0.040000
0 0.438125 0.923750 0.083750 0.077500
0 0.321875 0.770000 0.096250 0.095000
0 0.501250 0.908750 0.027500 0.027500
0 0.063750 0.748750 0.025000 0.027500
0 0.686875 0.044375 0.033750 0.033750