0 0.880000 0.191250 0.040000 0.040000
0 0.501250 0.873750 0.060000 0.060000
0 0.808125 0.634375 0.108750 0.108750
0 0.223750 0.674375 0.072500 0.086250
0 0.171250 0.453125 0.097500 0.116250
0 0.829375 0.753125 0.111250 0.113750
0 0.794375 0.880000 0.096250 0.097500
0 0.243125 0.083750 0.081250 0.082500
0 0.559375 0.756250 0.056250 0.057500
0 0.097500 0.791250 0.110000 0.110000
0 0.818125 0.223125 0.046250 0.046250
0 0.468125 0.204375 0.098750 0.098750
0 0.695000 0.520625 0.092500 0.083750
0 0.406875 0.668125 0.103750 0.093750
0 0.949375 0.412500 0.031250 0.027500
0 0.380000 0.433125 0.112500 0.101250
0 0.503125 0.071875 0.078750 0.078750
0 0.801875 0.154375 0.043750 0.043750
0 0.771250 0.395000 0.067500 0.067500
0 0.191250 0.792500 0.047500 0.047500
0 0.829375 0.058750 0.098750 0.080000
0 0.127500 0.679375 0.095000 0.076250
0 0.880625 0.891875 0.051250 0.041250
0 0.355000 0.933750 0.100000 0.080000
0 0.540625 0.664375 0.048750 0.048750
0 0.916250 0.308125 0.035000 0.033750
0 0.300625 0.264375 0.098750 0.188750
0 0.944375 0.726875 0.063750 0.121250
0 0.250000 0.890625 0.065000 0.123750
0 0.661875 0.652500 0.076250 0.145000
0 0.083750 0.570000 0.090000 0.090000
0 0.650000 0.820000 0.075000 0.075000
0 0.064375 0.061875 0.026250 0.026250
0 0.623125 0.056875 0.063750 0.063750
0 0.046250 0.208125 0.050000 0.048750
0 0.088125 0.333125 0.098750 0.098750
0 0.283125 0.548125 0.091250 0.091250
0 0.624375 0.221875 0.106250 0.106250
0 0.536875 0.316875 0.061250 0.061250
0 0.381250 0.068750 0.107500 0.107500
0 0.415000 0.571250 0.027500 0.027500
0 0.141875 0.110625 0.036250 0.036250
0 0.470000 0.370000 0.050000 0.050000
0 0.048750 0.423125 0.060000 0.056250
0 0.685625 0.757500 0.026250 0.025000
0 0.041250 0.135000 0.040000 0.037500
0 0.568750 0.420625 0.090000 0.088750
0 0.090000 0.911875 0.067500 0.041250
0 0.748125 0.231250 0.028750 0.017500
0 0.185625 0.575625 0.031250 0.031250
0 0.910000 0.261250 0.032500 0.032500
0 0.879375 0.501875 0.101250 0.101250
0 0.566250 0.550000 0.050000 0.050000
0 0.675000 0.901250 0.072500 0.072500
0 0.729375 0.311875 0.078750 0.078750
0 0.274375 0.465625 0.048750 0.048750
0 0.298750 0.751875 0.060000 0.048750
0 0.426875 0.306875 0.031250 0.031250
0 0.194375 0.315625 0.083750 0.083750
0 0.932500 0.613750 0.060000 0.060000
0 0.414375 0.521875 0.053750 0.053750
0 0.956875 0.840625 0.031250 0.031250
0 0.419375 0.815625 0.048750 0.048750
0 0.857500 0.378750 0.042500 0.042500
0 0.690625 0.448125 0.028750 0.033750
0 0.175000 0.213125 0.087500 0.106250
0 0.948750 0.948750 0.032500 0.037500
0 0.386250 0.282500 0.025000 0.025000