0 0.412500 0.460625 0.085000 0.098750
0 0.452500 0.737500 0.110000 0.127500
0 0.236875 0.553125 0.098750 0.098750
0 0.706250 0.497500 0.040000 0.047500
0 0.716250 0.158750 0.055000 0.055000
0 0.052500 0.555000 0.050000 0.050000
0 0.902500 0.775000 0.042500 0.042500
0 0.731250 0.889375 0.037500 0.038750
0 0.401250 0.908750 0.072500 0.075000
0 0.526250 0.093125 0.087500 0.083750
0 0.808750 0.576875 0.080000 0.076250
0 0.460625 0.584375 0.038750 0.051250
0 0.127500 0.272500 0.102500 0.135000
0 0.812500 0.810625 0.097500 0.128750
0 0.911875 0.635000 0.091250 0.100000
0 0.910000 0.900000 0.082500 0.090000
0 0.077500 0.901250 0.097500 0.107500
0 0.492500 0.897500 0.070000 0.070000
0 0.341875 0.715000 0.073750 0.067500
0 0.553125 0.483125 0.091250 0.111250
0 0.198125 0.863125 0.093750 0.113750
0 0.117500 0.656875 0.030000 0.036250
0 0.681250 0.744375 0.090000 0.108750
0 0.428750 0.253750 0.032500 0.032500
0 0.179375 0.064375 0.076250 0.076250
0 0.715625 0.580625 0.083750 0.083750
0 0.624375 0.180625 0.088750 0.088750
0 0.296875 0.045625 0.038750 0.038750
0 0.343750 0.831250 0.040000 0.040000
0 0.663750 0.336250 0.112500 0.112500
0 0.841875 0.254375 0.036250 0.036250
0 0.964375 0.548125 0.043750 0.043750
0 0.103125 0.733125 0.063750 0.063750
0 0.726250 0.943750 0.042500 0.042500
0 0.288750 0.301250 0.105000 0.105000
0 0.167500 0.447500 0.085000 0.085000
0 0.858125 0.135625 0.061250 0.061250
0 0.195625 0.715625 0.053750 0.053750
0 0.060625 0.656875 0.031250 0.031250
0 0.276250 0.165625 0.095000 0.096250
0 0.818125 0.359375 0.088750 0.083750
0 0.106875 0.102500 0.051250 0.047500
0 0.430000 0.126250 0.090000 0.085000
0 0.806250 0.457500 0.085000 0.080000
0 0.429375 0.340625 0.098750 0.098750
0 0.041250 0.116250 0.032500 0.032500
0 0.801250 0.662500 0.045000 0.045000
0 0.357500 0.573750 0.112500 0.112500
0 0.287500 0.408750 0.090000 0.090000
0 0.903750 0.323750 0.050000 0.050000
0 0.517500 0.375625 0.035000 0.041250
0 0.558125 0.608125 0.086250 0.103750
0 0.304375 0.906250 0.043750 0.052500
0 0.048125 0.388750 0.058750 0.070000
0 0.692500 0.037500 0.040000 0.040000
0 0.928125 0.439375 0.091250 0.151250
0 0.940000 0.197500 0.057500 0.095000
0 0.376875 0.655625 0.026250 0.026250
0 0.283125 0.818125 0.051250 0.051250
0 0.205625 0.631875 0.051250 0.043750
0 0.503125 0.225000 0.086250 0.075000
0 0.636250 0.878750 0.092500 0.092500
0 0.168750 0.166250 0.052500 0.052500
0 0.780000 0.235000 0.067500 0.067500
0 0.665000 0.085625 0.025000 0.023750
0 0.561875 0.735625 0.073750 0.051250
0 0.794375 0.108750 0.048750 0.030000
0 0.566250 0.402500 0.025000 0.025000
0 0.901250 0.058750 0.045000 0.037500
0 0.645000 0.483750 0.065000 0.055000
0 0.266875 0.656250 0.053750 0.065000
0 0.385625 0.255625 0.036250 0.036250
0 0.354375 0.041875 0.058750 0.058750