0 0.869375 0.154375 0.061250 0.061250
0 0.933750 0.331250 0.025000 0.025000
0 0.725000 0.162500 0.105000 0.105000
0 0.263125 0.928125 0.066250 0.066250
0 0.821875 0.576875 0.076250 0.076250
0 0.640625 0.334375 0.076250 0.068750
0 0.158750 0.859375 0.065000 0.071250
0 0.908125 0.521875 0.078750 0.086250
0 0.152500 0.297500 0.080000 0.087500
0 0.510625 0.764375 0.041250 0.041250
0 0.700625 0.711250 0.061250 0.047500
0 0.304375 0.119375 0.031250 0.031250
0 0.160625 0.146875 0.066250 0.066250
0 0.180000 0.575000 0.105000 0.105000
0 0.181875 0.763125 0.046250 0.041250
0 0.467500 0.262500 0.067500 0.067500
0 0.848750 0.718750 0.092500 0.092500
0 0.500625 0.545000 0.106250 0.107500
0 0.316250 0.480000 0.037500 0.037500
0 0.586250 0.798750 0.047500 0.047500
0 0.483750 0.672500 0.110000 0.100000
0 0.431875 0.405625 0.081250 0.073750
0 0.560000 0.041250 0.052500 0.047500
0 0.626875 0.439375 0.058750 0.053750
0 0.369375 0.761875 0.093750 0.093750
0 0.735000 0.806250 0.097500 0.097500
0 0.060000 0.682500 0.052500 0.052500
0 0.101875 0.434375 0.086250 0.093750
0 0.423750 0.086875 0.087500 0.096250
0 0.680625 0.628750 0.091250 0.100000
0 0.336875 0.294375 0.061250 0.061250
0 0.826875 0.810625 0.058750 0.058750
0 0.524375 0.901875 0.068750 0.068750
0 0.558125 0.303125 0.038750 0.038750
0 0.838125 0.349375 0.108750 0.098750
0 0.356250 0.879375 0.060000 0.053750
0 0.383750 0.558125 0.112500 0.101250
0 0.860625 0.908125 0.078750 0.071250
0 0.295625 0.193125 0.093750 0.093750
0 0.931250 0.438750 0.092500 0.060000
0 0.716250 0.510000 0.110000 0.072500
0 0.971875 0.373125 0.028750 0.018750
0 0.566250 0.233750 0.072500 0.047500
0 0.762500 0.930000 0.090000 0.090000
0 0.250625 0.384375 0.096250 0.136250
0 0.728750 0.339375 0.075000 0.106250
0 0.073750 0.905000 0.077500 0.110000
0 0.431250 0.903125 0.042500 0.041250
0 0.153750 0.057500 0.072500 0.070000
0 0.515000 0.135000 0.072500 0.070000
0 0.037500 0.809375 0.035000 0.033750
0 0.068125 0.060000 0.058750 0.050000
0 0.918125 0.630625 0.043750 0.043750
0 0.948750 0.053750 0.072500 0.072500
0 0.191875 0.688125 0.078750 0.078750
0 0.626250 0.872500 0.070000 0.070000
0 0.050000 0.262500 0.060000 0.060000
0 0.518750 0.825000 0.027500 0.027500
0 0.870000 0.255000 0.070000 0.070000
0 0.815000 0.485625 0.042500 0.026250
0 0.630000 0.546875 0.042500 0.026250
0 0.656250 0.798125 0.040000 0.026250
0 0.343750 0.345000 0.032500 0.025000
0 0.943750 0.701250 0.032500 0.025000
0 0.383125 0.193125 0.048750 0.038750
0 0.675625 0.068125 0.051250 0.051250
0 0.037500 0.733750 0.025000 0.025000
0 0.256250 0.106250 0.030000 0.030000
0 0.526875 0.400625 0.088750 0.088750
0 0.116250 0.797500 0.035000 0.027500
0 0.317500 0.666250 0.052500 0.052500
0 0.805625 0.078125 0.043750 0.041250
0 0.393750 0.631250 0.030000 0.030000
0 0.252500 0.781250 0.065000 0.065000
0 0.063125 0.571875 0.083750 0.083750
0 0.458125 0.753750 0.041250 0.042500
0 0.946875 0.234375 0.066250 0.066250
0 0.605625 0.138125 0.061250 0.061250
0 0.578125 0.729375 0.061250 0.061250
0 0.339375 0.408125 0.056250 0.051250
0 0.946250 0.143750 0.040000 0.047500
0 0.066875 0.186875 0.063750 0.058750
0 0.584375 0.659375 0.028750 0.028750
0 0.156250 0.936875 0.050000 0.051250
0 0.623750 0.077500 0.035000 0.035000
0 0.685625 0.928125 0.028750 0.028750