0 0.838125 0.828125 0.103750 0.091250
0 0.621250 0.927500 0.082500 0.072500
0 0.061250 0.276250 0.092500 0.092500
0 0.283750 0.937500 0.030000 0.030000
0 0.347500 0.113750 0.030000 0.030000
0 0.403750 0.271250 0.100000 0.100000
0 0.252500 0.643750 0.035000 0.027500
0 0.128125 0.948125 0.038750 0.031250
0 0.879375 0.923750 0.046250 0.037500
0 0.769375 0.365625 0.038750 0.038750
0 0.781250 0.142500 0.045000 0.045000
0 0.223750 0.438750 0.107500 0.107500
0 0.870000 0.348125 0.095000 0.076250
0 0.613125 0.090000 0.093750 0.082500
0 0.753125 0.208750 0.033750 0.032500
0 0.175000 0.760000 0.037500 0.037500
0 0.661250 0.436250 0.032500 0.032500
0 0.920625 0.646250 0.086250 0.080000
0 0.740000 0.705000 0.095000 0.087500
0 0.225625 0.318125 0.106250 0.098750
0 0.648125 0.207500 0.046250 0.042500
0 0.571250 0.716250 0.112500 0.112500
0 0.062500 0.917500 0.025000 0.025000
0 0.505625 0.510625 0.063750 0.063750
0 0.856875 0.089375 0.043750 0.043750
0 0.430625 0.603750 0.078750 0.070000
0 0.900000 0.518750 0.110000 0.110000
0 0.908750 0.211250 0.062500 0.062500
0 0.515000 0.257500 0.027500 0.027500
0 0.565000 0.321250 0.035000 0.035000
0 0.811250 0.910000 0.042500 0.042500
0 0.947500 0.883125 0.055000 0.056250
0 0.098125 0.495000 0.111250 0.095000
0 0.455000 0.745000 0.060000 0.060000
0 0.450625 0.048750 0.081250 0.065000
0 0.208125 0.878125 0.071250 0.071250
0 0.347500 0.423750 0.105000 0.105000
0 0.075000 0.775000 0.030000 0.030000
0 0.180625 0.190625 0.076250 0.081250
0 0.657500 0.579375 0.090000 0.096250
0 0.291875 0.817500 0.063750 0.067500
0 0.726250 0.251250 0.030000 0.030000
0 0.715625 0.825625 0.083750 0.083750
0 0.205625 0.063125 0.101250 0.101250
0 0.140000 0.331250 0.025000 0.025000
0 0.335000 0.675625 0.080000 0.096250
0 0.620625 0.258750 0.033750 0.040000
0 0.775625 0.573750 0.081250 0.097500
0 0.490625 0.823125 0.061250 0.073750
0 0.163125 0.615625 0.106250 0.128750
0 0.036250 0.114375 0.027500 0.028750
0 0.385625 0.859375 0.091250 0.091250
0 0.498750 0.147500 0.107500 0.107500
0 0.466875 0.405000 0.101250 0.097500
0 0.780000 0.048750 0.050000 0.047500
0 0.089375 0.171250 0.056250 0.087500
0 0.941250 0.297500 0.032500 0.032500
0 0.286875 0.194375 0.111250 0.111250
0 0.669375 0.369375 0.081250 0.081250
0 0.330000 0.566875 0.087500 0.081250
0 0.723750 0.123750 0.040000 0.040000
0 0.700000 0.953750 0.030000 0.030000
0 0.923125 0.734375 0.078750 0.078750
0 0.615000 0.837500 0.092500 0.092500
0 0.567500 0.376250 0.047500 0.047500
0 0.035000 0.723750 0.025000 0.025000
0 0.386250 0.139375 0.030000 0.026250
0 0.033750 0.039375 0.032500 0.026250
0 0.910000 0.040000 0.035000 0.027500
0 0.493750 0.918125 0.107500 0.086250