0 0.916875 0.812500 0.048750 0.055000
0 0.176875 0.909375 0.041250 0.046250
0 0.810625 0.265625 0.083750 0.093750
0 0.771875 0.833125 0.098750 0.111250
0 0.113125 0.811250 0.071250 0.050000
0 0.902500 0.125000 0.062500 0.062500
0 0.389375 0.159375 0.071250 0.071250
0 0.666875 0.375625 0.111250 0.111250
0 0.798750 0.063750 0.057500 0.057500
0 0.309375 0.137500 0.048750 0.040000
0 0.360625 0.459375 0.056250 0.046250
0 0.308750 0.921875 0.112500 0.093750
0 0.252500 0.273125 0.092500 0.126250
0 0.542500 0.421250 0.052500 0.052500
0 0.840000 0.435000 0.092500 0.092500
0 0.093125 0.080625 0.096250 0.096250
0 0.706250 0.620000 0.075000 0.075000
0 0.581875 0.096875 0.096250 0.096250
0 0.595625 0.724375 0.091250 0.091250
0 0.458125 0.723125 0.041250 0.041250
0 0.236250 0.587500 0.067500 0.067500
0 0.108750 0.295625 0.037500 0.041250
0 0.468750 0.334375 0.042500 0.046250
0 0.129375 0.219375 0.081250 0.088750
0 0.654375 0.227500 0.081250 0.065000
0 0.321250 0.672500 0.075000 0.060000
0 0.707500 0.100000 0.090000 0.072500
0 0.391875 0.696250 0.031250 0.037500
0 0.417500 0.559375 0.065000 0.078750
0 0.069375 0.486875 0.071250 0.086250
0 0.816250 0.616875 0.100000 0.121250
0 0.572500 0.825000 0.087500 0.087500
0 0.390000 0.288750 0.030000 0.030000
0 0.580000 0.537500 0.062500 0.062500
0 0.924375 0.587500 0.093750 0.095000
0 0.082500 0.612500 0.102500 0.102500
0 0.211875 0.805625 0.073750 0.073750
0 0.914375 0.206875 0.073750 0.076250
0 0.128750 0.361875 0.037500 0.038750
0 0.688125 0.721250 0.063750 0.062500
0 0.903125 0.360000 0.028750 0.027500
0 0.240000 0.468750 0.100000 0.100000
0 0.464375 0.268750 0.028750 0.025000
0 0.433125 0.438750 0.068750 0.060000
0 0.351875 0.081250 0.053750 0.047500
0 0.536250 0.208125 0.100000 0.091250
0 0.742500 0.500000 0.025000 0.022500
0 0.442500 0.826875 0.075000 0.068750
0 0.505000 0.634375 0.075000 0.068750
0 0.338125 0.811875 0.066250 0.066250
0 0.900000 0.676250 0.035000 0.035000
0 0.212500 0.111250 0.107500 0.107500
0 0.273750 0.730000 0.040000 0.040000
0 0.882500 0.910000 0.077500 0.077500
0 0.800625 0.146875 0.076250 0.076250
0 0.080625 0.893750 0.058750 0.042500
0 0.928125 0.055625 0.053750 0.053750
0 0.656875 0.498750 0.076250 0.065000
0 0.181875 0.675625 0.068750 0.068750
0 0.390625 0.346875 0.068750 0.068750
0 0.441875 0.673125 0.036250 0.043750
0 0.411250 0.920625 0.060000 0.071250
0 0.439375 0.058125 0.086250 0.086250
0 0.955625 0.431875 0.031250 0.031250
0 0.883750 0.288750 0.037500 0.037500
0 0.626875 0.920625 0.086250 0.086250
0 0.718750 0.923750 0.040000 0.040000
0 0.876250 0.062500 0.035000 0.035000