0 0.141875 0.630625 0.098750 0.098750
0 0.286250 0.060625 0.087500 0.086250
0 0.421250 0.203750 0.097500 0.110000
0 0.590625 0.456250 0.103750 0.117500
0 0.282500 0.655000 0.110000 0.110000
0 0.446875 0.450625 0.108750 0.108750
0 0.221250 0.898750 0.060000 0.060000
0 0.755625 0.770625 0.068750 0.058750
0 0.499375 0.674375 0.103750 0.103750
0 0.291875 0.431875 0.063750 0.063750
0 0.149375 0.468125 0.076250 0.076250
0 0.181875 0.759375 0.058750 0.058750
0 0.640000 0.757500 0.110000 0.110000
0 0.551875 0.110625 0.041250 0.041250
0 0.801250 0.215000 0.090000 0.090000
0 0.821875 0.613125 0.041250 0.041250
0 0.422500 0.923750 0.052500 0.052500
0 0.063750 0.703750 0.025000 0.025000
0 0.202500 0.351250 0.080000 0.102500
0 0.926250 0.553125 0.067500 0.086250
0 0.853750 0.440000 0.075000 0.042500
0 0.854375 0.786875 0.051250 0.051250
0 0.801250 0.308750 0.077500 0.077500
0 0.933125 0.698125 0.043750 0.043750
0 0.515000 0.808125 0.097500 0.086250
0 0.038125 0.800000 0.048750 0.042500
0 0.728125 0.581875 0.061250 0.053750
0 0.646250 0.338750 0.112500 0.100000
0 0.736875 0.661875 0.048750 0.046250
0 0.850000 0.513125 0.057500 0.061250
0 0.628125 0.645625 0.081250 0.086250
0 0.228125 0.466875 0.043750 0.043750
0 0.890000 0.102500 0.105000 0.105000
0 0.110000 0.287500 0.077500 0.077500
0 0.228750 0.163750 0.040000 0.035000
0 0.066875 0.143125 0.086250 0.086250
0 0.338125 0.350000 0.026250 0.025000
0 0.812500 0.662500 0.037500 0.035000
0 0.897500 0.316250 0.085000 0.085000
0 0.753125 0.129375 0.056250 0.056250
0 0.542500 0.282500 0.045000 0.045000
0 0.841875 0.894375 0.061250 0.061250
0 0.383750 0.691250 0.037500 0.035000
0 0.914375 0.932500 0.053750 0.050000
0 0.513750 0.940000 0.055000 0.055000
0 0.940000 0.771250 0.072500 0.072500
0 0.626250 0.173125 0.077500 0.141250
0 0.753125 0.882500 0.091250 0.107500
0 0.352500 0.916250 0.030000 0.030000
0 0.295000 0.508750 0.037500 0.070000
0 0.305000 0.177500 0.092500 0.112500
0 0.950625 0.458125 0.071250 0.071250
0 0.391875 0.813125 0.111250 0.111250
0 0.173125 0.075000 0.061250 0.057500
0 0.658125 0.896875 0.073750 0.058750
0 0.647500 0.053750 0.062500 0.062500
0 0.428125 0.054375 0.046250 0.046250
0 0.712500 0.477500 0.082500 0.107500
0 0.140625 0.159375 0.036250 0.046250
0 0.057500 0.903750 0.060000 0.077500
0 0.390000 0.300000 0.062500 0.062500
0 0.118750 0.538750 0.032500 0.032500
0 0.058750 0.492500 0.062500 0.062500
0 0.423125 0.539375 0.046250 0.046250
0 0.963125 0.229375 0.036250 0.036250
0 0.268125 0.333125 0.036250 0.036250
0 0.140000 0.910000 0.085000 0.085000
0 0.401875 0.109375 0.041250 0.041250
0 0.530000 0.210000 0.085000 0.085000
0 0.264375 0.815625 0.053750 0.061250
0 0.068125 0.400625 0.036250 0.036250