0 0.934375 0.689375 0.056250 0.056250
0 0.952500 0.355000 0.052500 0.052500
0 0.649375 0.704375 0.068750 0.068750
0 0.335625 0.611875 0.026250 0.026250
0 0.439375 0.295625 0.056250 0.056250
0 0.888125 0.778125 0.093750 0.093750
0 0.729375 0.415000 0.076250 0.092500
0 0.615000 0.891875 0.035000 0.033750
0 0.857500 0.275625 0.100000 0.098750
0 0.593750 0.423125 0.042500 0.041250
0 0.592500 0.830000 0.030000 0.020000
0 0.286250 0.673125 0.060000 0.063750
0 0.757500 0.773125 0.110000 0.106250
0 0.381250 0.685625 0.025000 0.023750
0 0.226875 0.772500 0.108750 0.105000
0 0.580000 0.336875 0.032500 0.031250
0 0.062500 0.115000 0.057500 0.057500
0 0.070625 0.914375 0.026250 0.026250
0 0.496875 0.235000 0.058750 0.017500
0 0.788125 0.884375 0.076250 0.076250
0 0.229375 0.873125 0.078750 0.078750
0 0.469375 0.560625 0.086250 0.086250
0 0.328750 0.221875 0.095000 0.093750
0 0.448125 0.456250 0.076250 0.075000
0 0.385000 0.744375 0.067500 0.066250
0 0.062500 0.211875 0.100000 0.121250
0 0.926250 0.939375 0.055000 0.066250
0 0.749375 0.251875 0.081250 0.098750
0 0.193125 0.340000 0.051250 0.060000
0 0.765000 0.030000 0.030000 0.035000
0 0.335625 0.858750 0.081250 0.095000
0 0.205000 0.668750 0.087500 0.087500
0 0.163125 0.461875 0.066250 0.071250
0 0.741875 0.101875 0.073750 0.071250
0 0.521875 0.444375 0.026250 0.026250
0 0.048125 0.548125 0.048750 0.048750
0 0.829375 0.471875 0.101250 0.101250
0 0.488750 0.771250 0.102500 0.102500
0 0.621875 0.530625 0.066250 0.066250
0 0.181875 0.121875 0.043750 0.043750
0 0.848125 0.058125 0.066250 0.063750
0 0.609375 0.220625 0.048750 0.048750
0 0.549375 0.659375 0.083750 0.083750
0 0.253125 0.541875 0.061250 0.061250
0 0.481250 0.085000 0.027500 0.027500
0 0.857500 0.580000 0.082500 0.082500
0 0.303125 0.059375 0.036250 0.028750
0 0.078125 0.656250 0.048750 0.040000
0 0.148125 0.571875 0.058750 0.033750
0 0.554375 0.133750 0.081250 0.047500
0 0.831250 0.391875 0.062500 0.036250
0 0.695625 0.889375 0.071250 0.041250
0 0.325000 0.336875 0.092500 0.096250
0 0.968750 0.455625 0.037500 0.038750