0 0.178125 0.514375 0.071250 0.071250
0 0.576250 0.735000 0.085000 0.085000
0 0.357500 0.837500 0.075000 0.077500
0 0.256250 0.077500 0.087500 0.087500
0 0.328125 0.708125 0.031250 0.031250
0 0.424375 0.383125 0.093750 0.093750
0 0.886250 0.128750 0.050000 0.050000
0 0.667500 0.130000 0.052500 0.052500
0 0.586250 0.371875 0.112500 0.113750
0 0.211250 0.823750 0.025000 0.025000
0 0.276875 0.818125 0.048750 0.048750
0 0.795625 0.862500 0.066250 0.062500
0 0.736875 0.200625 0.053750 0.053750
0 0.616250 0.456875 0.032500 0.031250
0 0.572500 0.186250 0.107500 0.092500
0 0.890625 0.415625 0.053750 0.046250
0 0.082500 0.143750 0.075000 0.075000
0 0.391250 0.304375 0.050000 0.048750
0 0.742500 0.125625 0.065000 0.063750
0 0.701250 0.823125 0.097500 0.096250
0 0.637500 0.515000 0.057500 0.057500
0 0.876875 0.705625 0.093750 0.093750
0 0.927500 0.488750 0.027500 0.035000
0 0.482500 0.890000 0.090000 0.090000
0 0.733750 0.572500 0.085000 0.085000
0 0.387500 0.545000 0.035000 0.035000
0 0.236875 0.218750 0.051250 0.050000
0 0.044375 0.039375 0.051250 0.036250
0 0.850625 0.356875 0.041250 0.041250
0 0.136250 0.302500 0.085000 0.085000
0 0.431875 0.713125 0.051250 0.051250
0 0.143750 0.706250 0.082500 0.072500
0 0.768125 0.689375 0.081250 0.071250
0 0.284375 0.626875 0.038750 0.033750
0 0.103125 0.035000 0.031250 0.027500
0 0.613750 0.848125 0.037500 0.033750
0 0.552500 0.082500 0.100000 0.100000
0 0.541250 0.510000 0.072500 0.072500
0 0.756875 0.324375 0.078750 0.078750
0 0.296875 0.424375 0.088750 0.086250
0 0.603750 0.646250 0.052500 0.052500
0 0.364375 0.061875 0.093750 0.093750
0 0.246875 0.713125 0.093750 0.093750
0 0.074375 0.754375 0.031250 0.031250
0 0.130625 0.904375 0.068750 0.093750
0 0.059375 0.347500 0.051250 0.070000
0 0.688750 0.664375 0.045000 0.061250
0 0.106875 0.530000 0.046250 0.062500
0 0.247500 0.913125 0.085000 0.103750
0 0.931875 0.310000 0.096250 0.117500
0 0.840000 0.574375 0.100000 0.121250
0 0.721875 0.451250 0.046250 0.047500
0 0.273750 0.298750 0.080000 0.082500
0 0.918125 0.901250 0.093750 0.097500
0 0.953750 0.805000 0.060000 0.062500
0 0.616875 0.915625 0.078750 0.071250
0 0.458750 0.633750 0.072500 0.072500
0 0.028125 0.285625 0.028750 0.028750
0 0.436875 0.479375 0.056250 0.051250
0 0.803125 0.440000 0.088750 0.080000
0 0.377500 0.498750 0.027500 0.025000
0 0.195000 0.426250 0.100000 0.087500
0 0.275000 0.539375 0.032500 0.028750
0 0.156875 0.588750 0.043750 0.040000
0 0.950625 0.725000 0.038750 0.060000
0 0.420000 0.226250 0.070000 0.045000
0 0.341250 0.937500 0.077500 0.050000
0 0.445625 0.957500 0.038750 0.025000
0 0.575625 0.275000 0.096250 0.062500
0 0.075625 0.610000 0.068750 0.070000
0 0.390625 0.605625 0.041250 0.041250
0 0.061875 0.444375 0.073750 0.073750
0 0.938750 0.051250 0.060000 0.060000
0 0.436875 0.051875 0.031250 0.031250