0 0.886875 0.753125 0.076250 0.076250
0 0.255625 0.595625 0.078750 0.078750
0 0.240000 0.262500 0.087500 0.087500
0 0.827500 0.858750 0.067500 0.067500
0 0.725625 0.539375 0.091250 0.111250
0 0.466875 0.879375 0.083750 0.101250
0 0.048750 0.923750 0.047500 0.057500
0 0.770000 0.413750 0.067500 0.067500
0 0.311250 0.391250 0.027500 0.027500
0 0.264375 0.729375 0.076250 0.076250
0 0.904375 0.099375 0.053750 0.053750
0 0.066875 0.555625 0.091250 0.083750
0 0.223750 0.878125 0.080000 0.073750
0 0.075625 0.688750 0.073750 0.067500
0 0.741875 0.118125 0.028750 0.026250
0 0.344375 0.942500 0.053750 0.050000
0 0.067500 0.763750 0.030000 0.030000
0 0.503750 0.176250 0.032500 0.027500
0 0.671250 0.268125 0.062500 0.076250
0 0.328125 0.337500 0.036250 0.040000
0 0.420625 0.468750 0.111250 0.125000
0 0.573125 0.884375 0.046250 0.051250
0 0.071875 0.186875 0.108750 0.121250
0 0.618125 0.499375 0.071250 0.071250
0 0.877500 0.226250 0.025000 0.025000
0 0.787500 0.774375 0.032500 0.016250
0 0.126250 0.866250 0.032500 0.032500
0 0.515625 0.222500 0.036250 0.030000
0 0.407500 0.605625 0.102500 0.101250
0 0.572500 0.756875 0.047500 0.046250
0 0.088750 0.399375 0.047500 0.046250
0 0.223750 0.388125 0.087500 0.086250
0 0.600625 0.283125 0.046250 0.046250
0 0.138125 0.042500 0.063750 0.047500
0 0.046875 0.493125 0.036250 0.026250
0 0.842500 0.648125 0.092500 0.068750
0 0.646875 0.404375 0.103750 0.103750
0 0.673750 0.870625 0.087500 0.148750
0 0.351875 0.138750 0.096250 0.162500
0 0.172500 0.563125 0.052500 0.088750
0 0.446250 0.720000 0.077500 0.080000
0 0.865625 0.403750 0.046250 0.042500
0 0.549375 0.651875 0.036250 0.036250
0 0.443125 0.141250 0.066250 0.080000
0 0.676250 0.118750 0.057500 0.057500
0 0.108750 0.298750 0.050000 0.050000
0 0.545000 0.473750 0.045000 0.045000
0 0.820625 0.296875 0.061250 0.061250
0 0.858125 0.549375 0.078750 0.078750
0 0.286250 0.498750 0.100000 0.100000
0 0.184375 0.131875 0.086250 0.086250
0 0.939375 0.175625 0.063750 0.063750
0 0.929375 0.876875 0.073750 0.066250
0 0.671250 0.048750 0.075000 0.067500
0 0.343750 0.723750 0.047500 0.047500
0 0.947500 0.515000 0.040000 0.040000
0 0.824375 0.101875 0.081250 0.081250
0 0.481250 0.310000 0.097500 0.097500
0 0.639375 0.735625 0.058750 0.058750
0 0.048750 0.052500 0.065000 0.065000
0 0.815000 0.176250 0.052500 0.052500
0 0.962500 0.391875 0.047500 0.043750
0 0.166875 0.662500 0.046250 0.042500
0 0.730000 0.645625 0.067500 0.061250
0 0.945000 0.292500 0.057500 0.052500
0 0.327500 0.870000 0.087500 0.057500
0 0.222500 0.665625 0.047500 0.031250
0 0.158125 0.774375 0.088750 0.088750
0 0.467500 0.048750 0.072500 0.072500
0 0.553125 0.118125 0.053750 0.053750
0 0.128125 0.932500 0.076250 0.080000
0 0.737500 0.726250 0.062500 0.060000
0 0.887500 0.347500 0.037500 0.035000
0 0.753750 0.920000 0.057500 0.070000
0 0.691875 0.192500 0.048750 0.045000
0 0.592500 0.211250 0.070000 0.070000
0 0.259375 0.145000 0.041250 0.032500
0 0.631875 0.626250 0.073750 0.060000
0 0.729375 0.297500 0.033750 0.040000