0 0.645625 0.370625 0.078750 0.098750
0 0.821250 0.376875 0.030000 0.023750
0 0.380625 0.763125 0.038750 0.038750
0 0.047500 0.640000 0.047500 0.047500
0 0.464375 0.228125 0.043750 0.043750
0 0.953125 0.913125 0.063750 0.063750
0 0.159375 0.188125 0.061250 0.061250
0 0.680000 0.881250 0.042500 0.042500
0 0.898125 0.670625 0.048750 0.048750
0 0.348750 0.852500 0.025000 0.025000
0 0.457500 0.098750 0.067500 0.072500
0 0.505000 0.169375 0.050000 0.053750
0 0.443750 0.454375 0.072500 0.078750
0 0.740625 0.276875 0.056250 0.061250
0 0.171250 0.530000 0.107500 0.107500
0 0.460625 0.704375 0.068750 0.068750
0 0.304375 0.505625 0.108750 0.108750
0 0.176250 0.787500 0.025000 0.025000
0 0.874375 0.820625 0.088750 0.096250
0 0.790000 0.661875 0.075000 0.081250
0 0.564375 0.676875 0.033750 0.033750
0 0.896250 0.340000 0.072500 0.072500
0 0.233750 0.645000 0.107500 0.107500
0 0.849375 0.660625 0.028750 0.028750
0 0.334375 0.266875 0.053750 0.053750
0 0.841875 0.464375 0.108750 0.108750
0 0.617500 0.768750 0.110000 0.110000
0 0.232500 0.229375 0.027500 0.028750
0 0.615000 0.536250 0.092500 0.100000
0 0.227500 0.926250 0.097500 0.097500
0 0.163750 0.363750 0.097500 0.097500
0 0.910625 0.065625 0.043750 0.043750
0 0.731250 0.437500 0.065000 0.065000
0 0.578125 0.908750 0.026250 0.030000
0 0.559375 0.270000 0.068750 0.085000
0 0.470625 0.834375 0.111250 0.111250
0 0.810625 0.128125 0.066250 0.066250
0 0.265000 0.747500 0.062500 0.062500
0 0.315625 0.105000 0.101250 0.110000
0 0.621875 0.161250 0.083750 0.087500
0 0.098750 0.850000 0.060000 0.060000
0 0.248125 0.813125 0.031250 0.031250
0 0.391250 0.361875 0.067500 0.053750
0 0.878125 0.917500 0.056250 0.045000
0 0.059375 0.457500 0.083750 0.082500
0 0.841250 0.223125 0.060000 0.058750
0 0.516250 0.398125 0.057500 0.071250
0 0.722500 0.079375 0.045000 0.056250
0 0.353125 0.693750 0.028750 0.022500
0 0.949375 0.181250 0.026250 0.020000
0 0.071875 0.221250 0.036250 0.027500
0 0.230625 0.099375 0.041250 0.043750
0 0.166875 0.730000 0.026250 0.027500
0 0.170000 0.050000 0.065000 0.065000
0 0.668750 0.667500 0.030000 0.030000
0 0.093750 0.935000 0.080000 0.080000
0 0.069375 0.283125 0.076250 0.076250
0 0.265625 0.360625 0.058750 0.058750
0 0.472500 0.564375 0.090000 0.083750
0 0.709375 0.610625 0.051250 0.051250
0 0.067500 0.062500 0.092500 0.092500
0 0.703125 0.723125 0.038750 0.038750
0 0.459375 0.930625 0.038750 0.061250
0 0.883125 0.149375 0.053750 0.053750
0 0.083125 0.733750 0.101250 0.095000
0 0.777500 0.811875 0.082500 0.086250