0 0.523750 0.864375 0.092500 0.126250
0 0.470000 0.308125 0.107500 0.123750
0 0.234375 0.708125 0.071250 0.081250
0 0.421250 0.593750 0.035000 0.040000
0 0.638750 0.147500 0.100000 0.115000
0 0.771250 0.140000 0.100000 0.095000
0 0.181250 0.135625 0.067500 0.063750
0 0.322500 0.360000 0.037500 0.035000
0 0.376875 0.822500 0.111250 0.147500
0 0.646250 0.047500 0.042500 0.042500
0 0.651250 0.631250 0.025000 0.025000
0 0.251875 0.790625 0.068750 0.068750
0 0.126250 0.723125 0.062500 0.063750
0 0.825625 0.304375 0.051250 0.051250
0 0.196875 0.934375 0.046250 0.046250
0 0.173750 0.251875 0.067500 0.068750
0 0.853750 0.553750 0.102500 0.102500
0 0.482500 0.148750 0.105000 0.105000
0 0.155625 0.536875 0.043750 0.048750
0 0.257500 0.563125 0.032500 0.036250
0 0.425625 0.683125 0.056250 0.063750
0 0.938125 0.232500 0.078750 0.080000
0 0.266250 0.866875 0.062500 0.063750
0 0.109375 0.900000 0.106250 0.107500
0 0.382500 0.494375 0.055000 0.056250
0 0.589375 0.441875 0.101250 0.101250
0 0.498750 0.527500 0.050000 0.050000
0 0.576250 0.305000 0.080000 0.080000
0 0.570625 0.561875 0.063750 0.063750
0 0.861250 0.917500 0.100000 0.100000
0 0.905625 0.319375 0.046250 0.046250
0 0.735625 0.801875 0.088750 0.088750
0 0.926250 0.433750 0.075000 0.065000
0 0.321250 0.165000 0.097500 0.085000
0 0.814375 0.414375 0.096250 0.083750
0 0.854375 0.807500 0.071250 0.077500
0 0.545000 0.676250 0.090000 0.080000
0 0.171875 0.814375 0.033750 0.033750
0 0.130625 0.425625 0.026250 0.026250
0 0.920000 0.679375 0.102500 0.103750
0 0.328750 0.571250 0.030000 0.030000
0 0.229375 0.424375 0.111250 0.113750
0 0.719375 0.269375 0.098750 0.096250
0 0.049375 0.050625 0.028750 0.026250
0 0.795000 0.648125 0.077500 0.071250
0 0.929375 0.133125 0.091250 0.083750
0 0.271875 0.058750 0.076250 0.087500
0 0.698750 0.516250 0.045000 0.037500
0 0.739375 0.575625 0.048750 0.041250
0 0.083125 0.121875 0.048750 0.041250
0 0.617500 0.856250 0.070000 0.070000
0 0.101250 0.612500 0.085000 0.085000
0 0.334375 0.266875 0.093750 0.093750
0 0.056875 0.510625 0.083750 0.083750
0 0.481250 0.416250 0.062500 0.062500
0 0.481875 0.046250 0.053750 0.035000
0 0.857500 0.255625 0.047500 0.031250
0 0.786250 0.732500 0.035000 0.035000
0 0.734375 0.055000 0.026250 0.035000
0 0.079375 0.308125 0.098750 0.098750
0 0.095625 0.048125 0.041250 0.041250
0 0.331250 0.688750 0.085000 0.085000