0 0.271875 0.171250 0.081250 0.080000
0 0.081250 0.479375 0.060000 0.058750
0 0.348125 0.144375 0.031250 0.031250
0 0.605625 0.791875 0.033750 0.033750
0 0.683750 0.330000 0.050000 0.050000
0 0.033125 0.425625 0.026250 0.026250
0 0.135000 0.632500 0.060000 0.062500
0 0.938750 0.798125 0.037500 0.038750
0 0.461875 0.349375 0.111250 0.111250
0 0.357500 0.866875 0.032500 0.033750
0 0.915625 0.447500 0.106250 0.105000
0 0.807500 0.667500 0.092500 0.085000
0 0.531875 0.798750 0.041250 0.037500
0 0.667500 0.741250 0.067500 0.062500
0 0.721250 0.448125 0.075000 0.068750
0 0.500625 0.506875 0.096250 0.096250
0 0.928750 0.855000 0.035000 0.035000
0 0.606875 0.895625 0.093750 0.093750
0 0.669375 0.621875 0.051250 0.051250
0 0.309375 0.527500 0.098750 0.110000
0 0.866250 0.296250 0.090000 0.102500
0 0.493125 0.126250 0.031250 0.035000
0 0.219375 0.700000 0.076250 0.092500
0 0.124375 0.780000 0.076250 0.070000
0 0.741875 0.150625 0.031250 0.033750
0 0.213125 0.316875 0.071250 0.086250
0 0.388750 0.052500 0.057500 0.070000
0 0.069375 0.148750 0.031250 0.037500
0 0.704375 0.864375 0.086250 0.086250
0 0.438750 0.723750 0.105000 0.200000
0 0.584375 0.321875 0.033750 0.031250
0 0.302500 0.381875 0.025000 0.023750
0 0.146250 0.110000 0.092500 0.087500
0 0.890000 0.180625 0.075000 0.071250
0 0.649375 0.173125 0.111250 0.106250
0 0.760625 0.218125 0.088750 0.083750
0 0.268125 0.821875 0.111250 0.106250
0 0.843125 0.820000 0.076250 0.120000
0 0.320625 0.444375 0.026250 0.041250
0 0.467500 0.908750 0.075000 0.117500
0 0.857500 0.076250 0.072500 0.072500
0 0.360625 0.261875 0.073750 0.073750
0 0.079375 0.349375 0.086250 0.086250
0 0.629375 0.555625 0.046250 0.046250
0 0.548750 0.435000 0.025000 0.025000
0 0.639375 0.436875 0.068750 0.068750
0 0.100000 0.248750 0.080000 0.080000
0 0.839375 0.560625 0.086250 0.086250
0 0.809375 0.410625 0.058750 0.058750
0 0.066250 0.764375 0.025000 0.023750
0 0.933750 0.086250 0.055000 0.055000
0 0.601875 0.063125 0.096250 0.096250
0 0.505000 0.186875 0.042500 0.051250
0 0.181875 0.546875 0.086250 0.083750
0 0.355000 0.918125 0.055000 0.053750
0 0.903125 0.926875 0.076250 0.073750
0 0.055000 0.925625 0.040000 0.046250
0 0.456250 0.246250 0.042500 0.042500
0 0.403750 0.462500 0.042500 0.042500
0 0.941250 0.240000 0.032500 0.032500
0 0.290000 0.050625 0.062500 0.058750
0 0.315000 0.643125 0.065000 0.081250
0 0.540625 0.689375 0.068750 0.086250
0 0.722500 0.522500 0.055000 0.055000
0 0.193750 0.917500 0.045000 0.045000
0 0.471875 0.075625 0.046250 0.046250
0 0.885000 0.700000 0.042500 0.042500
0 0.031250 0.855000 0.027500 0.027500
0 0.941250 0.727500 0.052500 0.052500
0 0.801875 0.936875 0.038750 0.038750
0 0.766875 0.322500 0.038750 0.047500
0 0.403125 0.533750 0.068750 0.085000
0 0.432500 0.155000 0.047500 0.065000
0 0.052500 0.625000 0.062500 0.085000
0 0.691875 0.959375 0.028750 0.028750
0 0.361250 0.360625 0.075000 0.073750
0 0.186250 0.435625 0.095000 0.098750
0 0.141250 0.866875 0.037500 0.038750
0 0.972500 0.282500 0.025000 0.025000
0 0.674375 0.271875 0.041250 0.041250
0 0.093750 0.711875 0.045000 0.038750
0 0.348750 0.195625 0.047500 0.041250
0 0.954375 0.632500 0.063750 0.055000
0 0.268750 0.910000 0.050000 0.050000
0 0.035000 0.035000 0.045000 0.045000
0 0.777500 0.065625 0.070000 0.068750