0 0.320000 0.485000 0.092500 0.087500
0 0.742500 0.861250 0.047500 0.045000
0 0.495625 0.210000 0.098750 0.092500
0 0.929375 0.641875 0.078750 0.078750
0 0.276875 0.677500 0.086250 0.067500
0 0.687500 0.920625 0.050000 0.038750
0 0.940000 0.220000 0.067500 0.052500
0 0.683750 0.113125 0.077500 0.061250
0 0.805000 0.420625 0.037500 0.031250
0 0.876250 0.894375 0.095000 0.078750
0 0.583125 0.498125 0.068750 0.113750
0 0.209375 0.563125 0.056250 0.093750
0 0.260625 0.806875 0.068750 0.068750
0 0.913750 0.307500 0.085000 0.085000
0 0.167500 0.203750 0.060000 0.060000
0 0.521250 0.072500 0.062500 0.062500
0 0.403750 0.580000 0.085000 0.082500
0 0.061875 0.665000 0.043750 0.042500
0 0.705000 0.190625 0.042500 0.041250
0 0.598750 0.938750 0.040000 0.040000
0 0.540000 0.390000 0.085000 0.085000
0 0.274375 0.325625 0.103750 0.103750
0 0.494375 0.823125 0.038750 0.038750
0 0.295000 0.128750 0.105000 0.100000
0 0.410625 0.798125 0.093750 0.093750
0 0.102500 0.156875 0.027500 0.028750
0 0.327500 0.744375 0.030000 0.031250
0 0.898750 0.460625 0.070000 0.066250
0 0.807500 0.607500 0.082500 0.072500
0 0.101250 0.941250 0.052500 0.052500
0 0.804375 0.285625 0.093750 0.093750
0 0.703750 0.596250 0.102500 0.102500
0 0.889375 0.143125 0.066250 0.066250
0 0.425000 0.903750 0.032500 0.032500
0 0.825000 0.497500 0.050000 0.040000
0 0.324375 0.810625 0.026250 0.026250
0 0.056250 0.440000 0.025000 0.025000
0 0.146875 0.778125 0.066250 0.066250
0 0.741250 0.763750 0.030000 0.030000
0 0.683125 0.784375 0.063750 0.063750
0 0.507500 0.748750 0.080000 0.080000
0 0.091875 0.346875 0.093750 0.093750
0 0.175000 0.453750 0.080000 0.080000
0 0.106875 0.054375 0.053750 0.053750
0 0.589375 0.799375 0.066250 0.066250
0 0.271875 0.904375 0.096250 0.096250
0 0.938750 0.750000 0.070000 0.070000
0 0.153750 0.602500 0.040000 0.040000
0 0.058125 0.585625 0.091250 0.091250
0 0.821250 0.186250 0.052500 0.052500
0 0.120000 0.850000 0.055000 0.055000
0 0.683125 0.854375 0.051250 0.051250
0 0.664375 0.370625 0.103750 0.098750
0 0.378750 0.311250 0.065000 0.065000
0 0.705000 0.472500 0.090000 0.090000
0 0.430000 0.057500 0.082500 0.082500
0 0.503125 0.909375 0.103750 0.103750
0 0.821875 0.786875 0.096250 0.096250
0 0.526875 0.615625 0.078750 0.078750
0 0.068125 0.764375 0.058750 0.058750
0 0.902500 0.542500 0.070000 0.070000
0 0.076250 0.271875 0.040000 0.038750