0 0.486250 0.266875 0.030000 0.028750
0 0.270625 0.681875 0.088750 0.088750
0 0.511875 0.578125 0.036250 0.036250
0 0.926875 0.578125 0.046250 0.046250
0 0.753750 0.292500 0.067500 0.067500
0 0.489375 0.168750 0.081250 0.097500
0 0.166250 0.348750 0.062500 0.075000
0 0.207500 0.080000 0.045000 0.045000
0 0.928750 0.870000 0.102500 0.102500
0 0.158125 0.211875 0.111250 0.111250
0 0.531250 0.887500 0.057500 0.057500
0 0.203125 0.929375 0.063750 0.063750
0 0.595000 0.756250 0.040000 0.040000
0 0.616250 0.592500 0.035000 0.035000
0 0.401875 0.535625 0.091250 0.091250
0 0.621250 0.150000 0.100000 0.100000
0 0.833750 0.466250 0.052500 0.052500
0 0.128750 0.937500 0.035000 0.035000
0 0.496250 0.431250 0.027500 0.027500
0 0.735625 0.428125 0.083750 0.083750
0 0.255625 0.466875 0.081250 0.071250
0 0.613750 0.399375 0.055000 0.053750
0 0.929375 0.347500 0.108750 0.107500
0 0.326250 0.056875 0.027500 0.028750
0 0.845000 0.098125 0.077500 0.083750
0 0.091875 0.588750 0.058750 0.060000
0 0.105625 0.426875 0.026250 0.026250
0 0.450625 0.764375 0.096250 0.096250
0 0.196875 0.851250 0.081250 0.050000
0 0.902500 0.267500 0.057500 0.035000
0 0.601875 0.469375 0.083750 0.051250
0 0.168125 0.616875 0.061250 0.061250
0 0.341875 0.296250 0.096250 0.090000
0 0.708125 0.821250 0.106250 0.100000
0 0.723750 0.160625 0.062500 0.058750
0 0.517500 0.329375 0.055000 0.051250
0 0.295625 0.848125 0.076250 0.078750
0 0.813125 0.593125 0.108750 0.113750
0 0.681875 0.670625 0.083750 0.083750
0 0.088750 0.837500 0.100000 0.100000
0 0.128125 0.716875 0.103750 0.103750
0 0.338750 0.198750 0.105000 0.087500
0 0.386875 0.922500 0.053750 0.045000
0 0.716875 0.096875 0.046250 0.038750
0 0.855625 0.199375 0.076250 0.063750
0 0.260625 0.570625 0.086250 0.086250
0 0.080000 0.338750 0.072500 0.060000
0 0.793125 0.915000 0.031250 0.025000
0 0.683125 0.926250 0.111250 0.092500
0 0.451875 0.092500 0.036250 0.030000
0 0.082500 0.085000 0.032500 0.032500
0 0.445000 0.652500 0.077500 0.077500
0 0.651875 0.339375 0.066250 0.046250
0 0.091250 0.486875 0.105000 0.073750
0 0.896250 0.743750 0.085000 0.060000
0 0.780625 0.719375 0.058750 0.068750
0 0.944375 0.436875 0.076250 0.053750
0 0.816875 0.816875 0.083750 0.058750
0 0.376250 0.425000 0.072500 0.072500
0 0.550625 0.268125 0.056250 0.053750
0 0.701875 0.536875 0.078750 0.078750
0 0.551250 0.667500 0.087500 0.087500
0 0.311250 0.115625 0.060000 0.058750
0 0.938125 0.505625 0.046250 0.046250
0 0.225000 0.396250 0.037500 0.037500
0 0.716875 0.736875 0.026250 0.026250
0 0.445625 0.401875 0.046250 0.046250
0 0.823125 0.399375 0.061250 0.061250
0 0.250625 0.181875 0.028750 0.028750
0 0.912500 0.652500 0.070000 0.070000