0 0.341875 0.100625 0.088750 0.086250
0 0.171875 0.576875 0.041250 0.041250
0 0.653750 0.617500 0.062500 0.062500
0 0.541250 0.483750 0.042500 0.042500
0 0.774375 0.865625 0.073750 0.073750
0 0.066250 0.085000 0.065000 0.055000
0 0.061250 0.680000 0.042500 0.042500
0 0.296875 0.369375 0.028750 0.028750
0 0.846250 0.263750 0.097500 0.097500
0 0.506250 0.248750 0.050000 0.050000
0 0.146250 0.858750 0.030000 0.030000
0 0.196250 0.780000 0.105000 0.105000
0 0.268125 0.626875 0.076250 0.076250
0 0.563750 0.836250 0.095000 0.095000
0 0.529375 0.151875 0.091250 0.091250
0 0.360000 0.856250 0.047500 0.047500
0 0.746250 0.493750 0.107500 0.107500
0 0.894375 0.050625 0.061250 0.048750
0 0.313750 0.277500 0.090000 0.072500
0 0.468125 0.933750 0.028750 0.022500
0 0.242500 0.431875 0.062500 0.051250
0 0.887500 0.855000 0.055000 0.055000
0 0.528750 0.608125 0.057500 0.046250
0 0.153125 0.350625 0.098750 0.113750
0 0.931250 0.413750 0.107500 0.097500
0 0.855625 0.516875 0.088750 0.088750
0 0.955625 0.791875 0.036250 0.036250
0 0.470000 0.720000 0.082500 0.082500
0 0.366875 0.481875 0.053750 0.053750
0 0.816250 0.081250 0.072500 0.072500
0 0.820625 0.369375 0.081250 0.081250
0 0.215625 0.073125 0.078750 0.078750
0 0.681250 0.344375 0.112500 0.081250
0 0.704375 0.703125 0.108750 0.078750
0 0.369375 0.560000 0.058750 0.042500
0 0.263750 0.694375 0.047500 0.033750
0 0.686250 0.938750 0.062500 0.055000
0 0.173125 0.501875 0.053750 0.053750
0 0.695000 0.153750 0.095000 0.095000
0 0.550625 0.741875 0.031250 0.021250
0 0.353750 0.199375 0.047500 0.033750
0 0.420000 0.037500 0.032500 0.022500
0 0.047500 0.263750 0.070000 0.075000
0 0.923750 0.136250 0.085000 0.082500
0 0.091250 0.542500 0.082500 0.080000
0 0.886250 0.938750 0.070000 0.057500
0 0.230000 0.926875 0.102500 0.083750
0 0.648125 0.415625 0.061250 0.036250
0 0.566875 0.369375 0.081250 0.081250
0 0.451250 0.411250 0.092500 0.092500
0 0.818750 0.661250 0.095000 0.095000
0 0.398750 0.736250 0.040000 0.040000
0 0.400000 0.938750 0.062500 0.062500
0 0.961250 0.231250 0.030000 0.030000
0 0.125625 0.153125 0.066250 0.066250
0 0.793125 0.749375 0.041250 0.041250
0 0.086875 0.776875 0.081250 0.081250
0 0.590625 0.928125 0.063750 0.063750
0 0.920625 0.254375 0.026250 0.026250
0 0.919375 0.696875 0.088750 0.088750
0 0.520625 0.930625 0.061250 0.061250
0 0.326875 0.779375 0.088750 0.088750
0 0.626875 0.493750 0.111250 0.100000
0 0.701875 0.250625 0.083750 0.083750
0 0.241875 0.196875 0.068750 0.061250
0 0.662500 0.776250 0.062500 0.050000
0 0.448750 0.817500 0.067500 0.092500
0 0.581250 0.054375 0.052500 0.071250
0 0.088125 0.930625 0.073750 0.073750
0 0.725625 0.051250 0.091250 0.075000
0 0.803750 0.943125 0.047500 0.046250
0 0.946250 0.613750 0.025000 0.025000
0 0.476875 0.329375 0.033750 0.033750
0 0.419375 0.295625 0.038750 0.031250
0 0.680000 0.872500 0.072500 0.057500
0 0.560625 0.674375 0.036250 0.028750
0 0.239375 0.515000 0.061250 0.057500
0 0.953750 0.323750 0.065000 0.065000
0 0.477500 0.523125 0.027500 0.038750
0 0.447500 0.141250 0.055000 0.077500
0 0.848125 0.793750 0.028750 0.022500
0 0.148125 0.655625 0.073750 0.073750
0 0.942500 0.540000 0.057500 0.057500
0 0.386250 0.627500 0.050000 0.050000
0 0.968125 0.844375 0.026250 0.031250