0 0.947500 0.259375 0.070000 0.066250
0 0.282500 0.518125 0.025000 0.023750
0 0.143125 0.263125 0.108750 0.108750
0 0.673125 0.918125 0.111250 0.111250
0 0.526250 0.193750 0.112500 0.122500
0 0.914375 0.429375 0.108750 0.108750
0 0.341875 0.383125 0.086250 0.086250
0 0.805625 0.143125 0.056250 0.056250
0 0.248125 0.076875 0.096250 0.096250
0 0.868125 0.255000 0.046250 0.042500
0 0.876875 0.593125 0.108750 0.101250
0 0.681250 0.444375 0.052500 0.048750
0 0.375000 0.665000 0.027500 0.025000
0 0.471250 0.806250 0.035000 0.035000
0 0.080625 0.926875 0.081250 0.081250
0 0.605000 0.496250 0.045000 0.045000
0 0.407500 0.771250 0.062500 0.062500
0 0.826875 0.846250 0.083750 0.107500
0 0.589375 0.685625 0.106250 0.106250
0 0.358750 0.866250 0.110000 0.110000
0 0.546250 0.321250 0.097500 0.097500
0 0.082500 0.593750 0.040000 0.040000
0 0.821250 0.447500 0.052500 0.052500
0 0.196875 0.688125 0.091250 0.113750
0 0.180625 0.518125 0.106250 0.106250
0 0.078125 0.478125 0.026250 0.026250
0 0.380625 0.274375 0.063750 0.063750
0 0.894375 0.710625 0.058750 0.058750
0 0.441250 0.216250 0.030000 0.027500
0 0.625625 0.817500 0.078750 0.072500
0 0.720625 0.500625 0.036250 0.033750
0 0.114375 0.376250 0.093750 0.087500
0 0.748750 0.696250 0.095000 0.122500
0 0.664375 0.151250 0.108750 0.140000
0 0.240000 0.326250 0.062500 0.080000
0 0.475000 0.516875 0.075000 0.096250
0 0.082500 0.705625 0.100000 0.128750
0 0.216875 0.854375 0.106250 0.106250
0 0.608125 0.429375 0.038750 0.038750
0 0.905000 0.125000 0.105000 0.105000
0 0.494375 0.856875 0.043750 0.043750
0 0.313125 0.208125 0.033750 0.033750
0 0.039375 0.108125 0.026250 0.026250
0 0.148750 0.077500 0.052500 0.052500
0 0.722500 0.341875 0.110000 0.141250
0 0.589375 0.568750 0.038750 0.050000
0 0.378750 0.575000 0.095000 0.122500
0 0.335625 0.741250 0.041250 0.052500
0 0.471875 0.348125 0.033750 0.033750
0 0.471875 0.672500 0.071250 0.072500
0 0.340625 0.473750 0.063750 0.065000
0 0.512500 0.417500 0.030000 0.030000
0 0.936250 0.910000 0.100000 0.100000
0 0.373125 0.058125 0.053750 0.053750
0 0.490625 0.601250 0.031250 0.027500
0 0.396250 0.164375 0.052500 0.046250
0 0.039375 0.830000 0.043750 0.035000
0 0.762500 0.578125 0.097500 0.078750
0 0.144375 0.163750 0.093750 0.075000
0 0.288750 0.637500 0.057500 0.057500
0 0.465625 0.940625 0.063750 0.063750
0 0.793125 0.064375 0.071250 0.071250
0 0.727500 0.803750 0.050000 0.050000
0 0.505625 0.059375 0.061250 0.061250
0 0.811250 0.332500 0.052500 0.052500
0 0.052500 0.178750 0.057500 0.057500
0 0.952500 0.782500 0.070000 0.070000
0 0.631250 0.370000 0.045000 0.045000
0 0.247500 0.415000 0.062500 0.062500
0 0.286875 0.565625 0.038750 0.038750
0 0.793125 0.208750 0.058750 0.055000
0 0.915625 0.039375 0.038750 0.036250
0 0.120000 0.830000 0.067500 0.067500
0 0.617500 0.288750 0.025000 0.025000
0 0.763750 0.947500 0.035000 0.035000
0 0.039375 0.445625 0.026250 0.026250
0 0.653125 0.247500 0.033750 0.030000
0 0.236250 0.196250 0.027500 0.022500