0 0.163750 0.864375 0.067500 0.061250
0 0.933125 0.641875 0.041250 0.036250
0 0.384375 0.800625 0.061250 0.061250
0 0.205625 0.411875 0.031250 0.031250
0 0.431250 0.663750 0.090000 0.090000
0 0.791250 0.422500 0.037500 0.037500
0 0.680625 0.843125 0.068750 0.068750
0 0.274375 0.058125 0.046250 0.046250
0 0.590000 0.916875 0.087500 0.081250
0 0.586875 0.616875 0.073750 0.073750
0 0.736250 0.693125 0.080000 0.076250
0 0.240625 0.806875 0.053750 0.053750
0 0.846875 0.809375 0.048750 0.048750
0 0.439375 0.375625 0.106250 0.106250
0 0.265625 0.695625 0.036250 0.036250
0 0.826250 0.591250 0.045000 0.045000
0 0.590000 0.142500 0.045000 0.045000
0 0.928750 0.364375 0.032500 0.051250
0 0.197500 0.262500 0.107500 0.170000
0 0.450625 0.190000 0.026250 0.025000
0 0.776250 0.903125 0.077500 0.073750
0 0.163125 0.608750 0.108750 0.102500
0 0.270625 0.460625 0.038750 0.038750
0 0.506875 0.941875 0.038750 0.038750
0 0.566875 0.445000 0.108750 0.110000
0 0.848125 0.214375 0.058750 0.056250
0 0.718125 0.215625 0.093750 0.088750
0 0.056875 0.246250 0.088750 0.085000
0 0.679375 0.548750 0.086250 0.082500
0 0.125625 0.128125 0.043750 0.043750
0 0.348750 0.178750 0.060000 0.060000
0 0.682500 0.930000 0.052500 0.052500
0 0.867500 0.091250 0.052500 0.052500
0 0.724375 0.109375 0.053750 0.053750
0 0.133750 0.056250 0.070000 0.070000
0 0.559375 0.745625 0.088750 0.088750
0 0.538750 0.246250 0.080000 0.080000
0 0.654375 0.399375 0.026250 0.026250
0 0.310000 0.570000 0.092500 0.092500
0 0.770625 0.326875 0.098750 0.098750
0 0.119375 0.710625 0.041250 0.041250
0 0.403750 0.087500 0.090000 0.090000
0 0.847500 0.686250 0.047500 0.047500
0 0.928750 0.483750 0.032500 0.032500
0 0.926875 0.269375 0.056250 0.093750
0 0.714375 0.425625 0.046250 0.046250
0 0.383750 0.886250 0.085000 0.085000
0 0.930625 0.588125 0.056250 0.056250
0 0.260000 0.911250 0.107500 0.107500
0 0.056250 0.871250 0.085000 0.085000
0 0.095000 0.455000 0.085000 0.085000
0 0.290000 0.648750 0.035000 0.035000
0 0.873125 0.905000 0.071250 0.050000
0 0.059375 0.780000 0.066250 0.052500
0 0.586250 0.551875 0.040000 0.031250
0 0.331250 0.234375 0.042500 0.033750
0 0.934375 0.796875 0.093750 0.073750
0 0.859375 0.444375 0.033750 0.033750
0 0.330625 0.298125 0.063750 0.063750
0 0.870625 0.613125 0.028750 0.028750
0 0.778750 0.031250 0.035000 0.035000
0 0.777500 0.833125 0.060000 0.033750
0 0.613125 0.076250 0.076250 0.042500
0 0.961250 0.918750 0.050000 0.050000
0 0.500000 0.170000 0.050000 0.050000
0 0.838750 0.752500 0.035000 0.035000
0 0.517500 0.056250 0.040000 0.040000
0 0.443750 0.493125 0.102500 0.091250
0 0.043750 0.348750 0.027500 0.022500
0 0.665625 0.319375 0.063750 0.053750
0 0.308750 0.785000 0.035000 0.030000
0 0.334375 0.396250 0.078750 0.075000
0 0.071875 0.630625 0.043750 0.041250
0 0.906250 0.701250 0.037500 0.037500
0 0.350000 0.490000 0.045000 0.045000
0 0.173125 0.781875 0.061250 0.061250
0 0.944375 0.120000 0.058750 0.077500
0 0.047500 0.096250 0.050000 0.065000
0 0.733125 0.774375 0.043750 0.046250
0 0.038125 0.163125 0.038750 0.041250
0 0.210000 0.039375 0.052500 0.046250
0 0.214375 0.513750 0.061250 0.035000
0 0.335000 0.725000 0.062500 0.062500
0 0.626875 0.239375 0.063750 0.063750
0 0.579375 0.329375 0.058750 0.058750
0 0.221250 0.706250 0.037500 0.037500
0 0.776250 0.495000 0.077500 0.077500
0 0.524375 0.834375 0.063750 0.063750
0 0.436250 0.263750 0.037500 0.037500
0 0.241875 0.114375 0.031250 0.031250
0 0.716250 0.616250 0.045000 0.027500
0 0.416250 0.568750 0.050000 0.040000
0 0.513125 0.651875 0.056250 0.056250
0 0.650625 0.716875 0.071250 0.071250