0 0.340625 0.559375 0.061250 0.061250
0 0.933125 0.521875 0.093750 0.093750
0 0.800000 0.863125 0.067500 0.071250
0 0.134375 0.873125 0.038750 0.041250
0 0.300000 0.640625 0.032500 0.033750
0 0.379375 0.651875 0.088750 0.083750
0 0.815000 0.453750 0.032500 0.030000
0 0.165625 0.809375 0.056250 0.056250
0 0.678125 0.783125 0.038750 0.038750
0 0.258750 0.450000 0.067500 0.067500
0 0.490625 0.161875 0.081250 0.081250
0 0.139375 0.379375 0.026250 0.026250
0 0.689375 0.445625 0.096250 0.096250
0 0.916250 0.766250 0.092500 0.092500
0 0.283125 0.218750 0.066250 0.040000
0 0.663750 0.248750 0.112500 0.112500
0 0.875000 0.186250 0.102500 0.102500
0 0.375000 0.076875 0.080000 0.073750
0 0.346875 0.300625 0.111250 0.091250
0 0.147500 0.298125 0.035000 0.028750
0 0.766250 0.651250 0.055000 0.045000
0 0.356250 0.892500 0.085000 0.070000
0 0.092500 0.410000 0.025000 0.025000
0 0.596250 0.838750 0.107500 0.107500
0 0.097500 0.573750 0.062500 0.045000
0 0.358125 0.420625 0.081250 0.081250
0 0.215625 0.695625 0.111250 0.111250
0 0.863750 0.358750 0.087500 0.087500
0 0.496875 0.521875 0.096250 0.096250
0 0.887500 0.857500 0.035000 0.027500
0 0.766875 0.740625 0.076250 0.061250
0 0.793125 0.563750 0.058750 0.062500
0 0.890000 0.638750 0.047500 0.047500
0 0.096875 0.118125 0.058750 0.043750
0 0.584375 0.635625 0.063750 0.063750
0 0.570625 0.931250 0.051250 0.047500
0 0.180000 0.257500 0.035000 0.032500
0 0.116250 0.528750 0.027500 0.017500
0 0.420625 0.803750 0.091250 0.085000
0 0.265000 0.124375 0.057500 0.051250
0 0.715625 0.128750 0.096250 0.105000
0 0.703750 0.868750 0.035000 0.037500
0 0.951875 0.073750 0.066250 0.072500
0 0.957500 0.382500 0.052500 0.057500
0 0.695000 0.610000 0.042500 0.042500
0 0.590000 0.729375 0.067500 0.096250
0 0.096250 0.473125 0.090000 0.068750
0 0.707500 0.929375 0.077500 0.058750
0 0.733125 0.358125 0.038750 0.028750
0 0.456875 0.926250 0.068750 0.052500
0 0.098125 0.223750 0.073750 0.090000
0 0.064375 0.718125 0.086250 0.086250
0 0.541250 0.371250 0.085000 0.085000
0 0.557500 0.272500 0.077500 0.077500
0 0.258750 0.580000 0.080000 0.057500
0 0.957500 0.290625 0.050000 0.036250
0 0.904375 0.935625 0.063750 0.046250
0 0.866250 0.088750 0.075000 0.075000
0 0.404375 0.531875 0.048750 0.048750
0 0.588750 0.451250 0.055000 0.055000
0 0.442500 0.273125 0.040000 0.031250
0 0.463125 0.086875 0.033750 0.033750
0 0.086250 0.937500 0.060000 0.060000
0 0.946875 0.640625 0.048750 0.048750
0 0.704375 0.535000 0.066250 0.067500
0 0.189375 0.872500 0.053750 0.055000
0 0.592500 0.528750 0.047500 0.047500
0 0.327500 0.802500 0.065000 0.067500
0 0.556250 0.057500 0.062500 0.070000
0 0.160000 0.084375 0.032500 0.036250
0 0.267500 0.903750 0.060000 0.067500
0 0.495000 0.721250 0.060000 0.060000
0 0.218125 0.366875 0.058750 0.058750
0 0.441875 0.363125 0.036250 0.036250
0 0.468750 0.635000 0.070000 0.070000
0 0.633125 0.080625 0.048750 0.048750
0 0.453750 0.426875 0.072500 0.058750
0 0.091875 0.803125 0.056250 0.036250
0 0.961875 0.154375 0.046250 0.046250
0 0.170000 0.545000 0.025000 0.025000
0 0.403750 0.185000 0.050000 0.050000
0 0.168125 0.458125 0.038750 0.036250
0 0.711875 0.046875 0.038750 0.038750
0 0.565625 0.147500 0.038750 0.040000
0 0.651875 0.350625 0.068750 0.071250
0 0.773125 0.306250 0.033750 0.035000
0 0.099375 0.335625 0.033750 0.033750
0 0.055000 0.862500 0.065000 0.065000
0 0.076250 0.046875 0.067500 0.063750
0 0.476875 0.041875 0.041250 0.038750
0 0.682500 0.675625 0.067500 0.063750
0 0.189375 0.154375 0.033750 0.043750
0 0.030625 0.568125 0.033750 0.043750
0 0.777500 0.408750 0.045000 0.045000
0 0.768125 0.218750 0.061250 0.055000