0 0.620625 0.776875 0.111250 0.111250
0 0.626875 0.326875 0.056250 0.056250
0 0.544375 0.865625 0.038750 0.038750
0 0.261875 0.458125 0.043750 0.043750
0 0.563125 0.626875 0.083750 0.083750
0 0.888125 0.137500 0.026250 0.025000
0 0.728125 0.488125 0.061250 0.061250
0 0.918125 0.843125 0.063750 0.063750
0 0.832500 0.518750 0.070000 0.070000
0 0.923750 0.942500 0.057500 0.057500
0 0.883125 0.421250 0.083750 0.075000
0 0.407500 0.301875 0.112500 0.101250
0 0.475000 0.673750 0.075000 0.075000
0 0.686250 0.068125 0.072500 0.028750
0 0.591875 0.071250 0.031250 0.012500
0 0.140625 0.518750 0.106250 0.042500
0 0.788750 0.828750 0.045000 0.017500
0 0.314375 0.913125 0.078750 0.078750
0 0.490625 0.801875 0.076250 0.046250
0 0.449375 0.204375 0.038750 0.038750
0 0.541250 0.913750 0.040000 0.040000
0 0.248750 0.741250 0.060000 0.060000
0 0.224375 0.613125 0.058750 0.058750
0 0.061250 0.425000 0.067500 0.077500
0 0.181875 0.365625 0.091250 0.106250
0 0.856875 0.226875 0.091250 0.106250
0 0.338750 0.411875 0.052500 0.096250
0 0.516875 0.165625 0.033750 0.061250
0 0.308750 0.253125 0.067500 0.068750
0 0.171250 0.784375 0.075000 0.071250
0 0.896875 0.603125 0.068750 0.068750
0 0.393750 0.068750 0.087500 0.052500
0 0.259375 0.142500 0.036250 0.035000
0 0.321250 0.617500 0.070000 0.072500
0 0.526875 0.502500 0.043750 0.045000
0 0.413750 0.435625 0.050000 0.051250
0 0.740625 0.337500 0.088750 0.092500
0 0.841250 0.746250 0.100000 0.100000
0 0.100000 0.923750 0.092500 0.092500
0 0.480625 0.035625 0.031250 0.031250
0 0.540000 0.345000 0.062500 0.062500
0 0.858750 0.905000 0.030000 0.030000
0 0.346250 0.142500 0.057500 0.057500
0 0.746875 0.760625 0.068750 0.068750
0 0.695625 0.659375 0.076250 0.076250
0 0.786250 0.907500 0.080000 0.080000
0 0.375625 0.789375 0.078750 0.078750
0 0.937500 0.103750 0.057500 0.075000
0 0.211250 0.866875 0.060000 0.071250
0 0.133750 0.630625 0.095000 0.113750
0 0.471875 0.544375 0.041250 0.048750
0 0.068750 0.267500 0.112500 0.135000
0 0.060000 0.757500 0.060000 0.055000
0 0.054375 0.109375 0.043750 0.043750
0 0.718125 0.181875 0.111250 0.111250
0 0.944375 0.703125 0.073750 0.073750
0 0.606250 0.948750 0.047500 0.047500
0 0.650000 0.503750 0.047500 0.047500
0 0.149375 0.451875 0.036250 0.036250
0 0.148125 0.110625 0.093750 0.128750
0 0.840625 0.331875 0.076250 0.038750
0 0.911875 0.509375 0.031250 0.016250
0 0.466875 0.885000 0.091250 0.047500
0 0.679375 0.903750 0.033750 0.017500
0 0.612500 0.155625 0.052500 0.046250