0 0.111250 0.831250 0.105000 0.105000
0 0.846875 0.568125 0.068750 0.068750
0 0.628125 0.945625 0.038750 0.038750
0 0.609375 0.799375 0.041250 0.041250
0 0.496250 0.426875 0.055000 0.056250
0 0.146875 0.500000 0.071250 0.072500
0 0.464375 0.081875 0.063750 0.056250
0 0.723750 0.545000 0.105000 0.105000
0 0.715625 0.167500 0.066250 0.065000
0 0.480625 0.856875 0.111250 0.108750
0 0.425000 0.538750 0.035000 0.035000
0 0.088750 0.675000 0.097500 0.097500
0 0.515000 0.942500 0.027500 0.027500
0 0.634375 0.121875 0.038750 0.038750
0 0.143750 0.365000 0.107500 0.107500
0 0.324375 0.429375 0.076250 0.076250
0 0.683750 0.806250 0.032500 0.032500
0 0.935000 0.096250 0.102500 0.102500
0 0.801250 0.260000 0.080000 0.080000
0 0.265625 0.225625 0.096250 0.096250
0 0.168125 0.723125 0.028750 0.028750
0 0.955625 0.658750 0.041250 0.025000
0 0.360625 0.550625 0.051250 0.046250
0 0.204375 0.852500 0.058750 0.052500
0 0.491875 0.354375 0.071250 0.073750
0 0.747500 0.767500 0.065000 0.067500
0 0.083750 0.568750 0.040000 0.040000
0 0.269375 0.828125 0.041250 0.041250
0 0.885625 0.800625 0.086250 0.086250
0 0.283125 0.688125 0.111250 0.111250
0 0.266875 0.343125 0.101250 0.066250
0 0.926875 0.356875 0.036250 0.036250
0 0.248750 0.583750 0.042500 0.042500
0 0.086250 0.163750 0.035000 0.035000
0 0.367500 0.333750 0.082500 0.077500
0 0.245000 0.935000 0.085000 0.080000
0 0.852500 0.459375 0.082500 0.078750
0 0.768125 0.087500 0.078750 0.075000
0 0.155000 0.206250 0.032500 0.030000
0 0.531250 0.240000 0.067500 0.067500
0 0.618750 0.523125 0.077500 0.076250
0 0.591250 0.653125 0.085000 0.083750
0 0.403750 0.461875 0.027500 0.026250
0 0.945000 0.907500 0.067500 0.067500
0 0.237500 0.093750 0.105000 0.105000
0 0.739375 0.345625 0.036250 0.036250
0 0.690000 0.268750 0.040000 0.040000
0 0.126250 0.928750 0.055000 0.055000
0 0.641250 0.357500 0.087500 0.087500
0 0.331875 0.609375 0.026250 0.026250
0 0.696250 0.062500 0.037500 0.037500
0 0.504375 0.501875 0.071250 0.071250
0 0.305625 0.543125 0.043750 0.043750
0 0.494375 0.675625 0.076250 0.076250
0 0.358750 0.073750 0.085000 0.085000
0 0.748125 0.443125 0.063750 0.063750
0 0.791875 0.691875 0.068750 0.043750
0 0.677500 0.924375 0.030000 0.018750
0 0.602500 0.890625 0.057500 0.036250
0 0.353125 0.835000 0.111250 0.070000
0 0.770625 0.925000 0.068750 0.070000
0 0.386875 0.170000 0.063750 0.065000
0 0.040000 0.521250 0.030000 0.030000
0 0.083125 0.076875 0.058750 0.058750
0 0.901250 0.212500 0.095000 0.095000
0 0.395625 0.900625 0.033750 0.033750
0 0.962500 0.476250 0.032500 0.032500
0 0.730000 0.680000 0.040000 0.040000
0 0.084375 0.750625 0.033750 0.033750
0 0.573750 0.723125 0.037500 0.036250
0 0.543125 0.153125 0.031250 0.016250
0 0.056875 0.263125 0.081250 0.081250
0 0.241250 0.466250 0.070000 0.070000
0 0.796875 0.185625 0.036250 0.036250
0 0.580000 0.448750 0.055000 0.050000
0 0.134375 0.138125 0.046250 0.046250
0 0.031875 0.753125 0.036250 0.036250
0 0.427500 0.691250 0.035000 0.035000
0 0.584375 0.843125 0.028750 0.028750
0 0.860000 0.936875 0.082500 0.073750
0 0.458750 0.162500 0.060000 0.060000
0 0.161875 0.596875 0.046250 0.041250