0 0.720625 0.123125 0.056250 0.056250
0 0.811250 0.288750 0.072500 0.072500
0 0.787500 0.806250 0.027500 0.020000
0 0.701875 0.729375 0.066250 0.093750
0 0.270000 0.301250 0.062500 0.087500
0 0.113125 0.653750 0.083750 0.117500
0 0.617500 0.120000 0.042500 0.060000
0 0.468750 0.809375 0.095000 0.096250
0 0.175000 0.866875 0.037500 0.036250
0 0.748125 0.532500 0.083750 0.087500
0 0.233125 0.473750 0.108750 0.115000
0 0.887500 0.500000 0.097500 0.087500
0 0.071875 0.538125 0.043750 0.033750
0 0.436875 0.478125 0.101250 0.081250
0 0.924375 0.685000 0.086250 0.070000
0 0.210000 0.788125 0.040000 0.031250
0 0.121875 0.406250 0.081250 0.065000
0 0.845000 0.756250 0.050000 0.062500
0 0.654375 0.871250 0.066250 0.082500
0 0.600625 0.360625 0.051250 0.063750
0 0.710000 0.267500 0.040000 0.040000
0 0.868125 0.116250 0.098750 0.087500
0 0.904375 0.222500 0.093750 0.082500
0 0.586250 0.878125 0.055000 0.048750
0 0.379375 0.133125 0.103750 0.091250
0 0.652500 0.192500 0.067500 0.067500
0 0.405000 0.345000 0.082500 0.082500
0 0.278750 0.685000 0.090000 0.090000
0 0.807500 0.217500 0.040000 0.047500
0 0.646250 0.614375 0.077500 0.091250
0 0.661250 0.042500 0.065000 0.057500
0 0.522500 0.189375 0.107500 0.096250
0 0.185625 0.137500 0.108750 0.097500
0 0.073125 0.311250 0.111250 0.100000
0 0.416875 0.665625 0.036250 0.036250
0 0.062500 0.127500 0.095000 0.095000
0 0.495625 0.620625 0.106250 0.106250
0 0.031250 0.400000 0.032500 0.032500
0 0.682500 0.320000 0.040000 0.040000
0 0.844375 0.926875 0.036250 0.036250
0 0.331250 0.543125 0.067500 0.051250
0 0.751875 0.889375 0.046250 0.046250
0 0.516250 0.316250 0.100000 0.100000
0 0.297500 0.801875 0.097500 0.078750
0 0.516875 0.074375 0.061250 0.061250
0 0.216875 0.588125 0.026250 0.026250
0 0.943125 0.883125 0.058750 0.058750
0 0.897500 0.620625 0.025000 0.033750
0 0.422500 0.915625 0.087500 0.071250
0 0.608125 0.439375 0.041250 0.046250
0 0.314375 0.925625 0.078750 0.088750
0 0.445000 0.711875 0.035000 0.038750
0 0.618125 0.519375 0.053750 0.053750
0 0.221875 0.895625 0.038750 0.038750
0 0.087500 0.862500 0.110000 0.110000
0 0.973125 0.490625 0.028750 0.028750
0 0.903125 0.393125 0.091250 0.091250
0 0.701250 0.407500 0.067500 0.067500
0 0.369375 0.235625 0.093750 0.078750
0 0.111875 0.213125 0.036250 0.036250
0 0.831875 0.684375 0.046250 0.046250
0 0.073125 0.756250 0.061250 0.062500
0 0.600000 0.766250 0.087500 0.087500
0 0.201875 0.048125 0.066250 0.066250
0 0.858125 0.845625 0.078750 0.078750
0 0.206875 0.247500 0.036250 0.035000
0 0.778125 0.672500 0.033750 0.032500
0 0.718125 0.636875 0.051250 0.051250
0 0.780000 0.768125 0.040000 0.033750
0 0.542500 0.456250 0.060000 0.050000
0 0.503750 0.721875 0.027500 0.026250
0 0.416250 0.049375 0.027500 0.018750
0 0.917500 0.032500 0.050000 0.035000
0 0.039375 0.609375 0.041250 0.041250
0 0.722500 0.826250 0.045000 0.045000