0 0.731250 0.104375 0.050000 0.048750
0 0.101875 0.206250 0.046250 0.045000
0 0.509375 0.571875 0.041250 0.028750
0 0.752500 0.211250 0.067500 0.047500
0 0.102500 0.768750 0.050000 0.050000
0 0.781875 0.507500 0.053750 0.052500
0 0.338125 0.145000 0.066250 0.065000
0 0.511875 0.768750 0.043750 0.042500
0 0.200000 0.923125 0.045000 0.043750
0 0.720000 0.302500 0.030000 0.030000
0 0.910000 0.485000 0.090000 0.090000
0 0.341250 0.521250 0.110000 0.110000
0 0.558750 0.272500 0.035000 0.035000
0 0.288125 0.928125 0.088750 0.088750
0 0.928750 0.877500 0.087500 0.087500
0 0.956250 0.232500 0.052500 0.052500
0 0.482500 0.903750 0.080000 0.080000
0 0.501250 0.643750 0.065000 0.065000
0 0.850000 0.593750 0.085000 0.082500
0 0.441250 0.593125 0.030000 0.028750
0 0.040625 0.786875 0.036250 0.036250
0 0.440625 0.223125 0.096250 0.068750
0 0.785625 0.388750 0.111250 0.080000
0 0.873125 0.125625 0.033750 0.023750
0 0.543750 0.085625 0.047500 0.033750
0 0.183750 0.048750 0.030000 0.030000
0 0.896875 0.790625 0.043750 0.043750
0 0.363125 0.319375 0.056250 0.056250
0 0.309375 0.404375 0.076250 0.076250
0 0.178125 0.378125 0.043750 0.043750
0 0.127500 0.617500 0.102500 0.102500
0 0.740625 0.456250 0.033750 0.032500
0 0.203125 0.745625 0.051250 0.048750
0 0.242500 0.170000 0.082500 0.080000
0 0.447500 0.297500 0.055000 0.052500
0 0.634375 0.459375 0.031250 0.031250
0 0.192500 0.276250 0.057500 0.070000
0 0.661875 0.673125 0.108750 0.108750
0 0.173750 0.496875 0.035000 0.038750
0 0.250000 0.086875 0.032500 0.036250
0 0.411875 0.824375 0.051250 0.051250
0 0.633125 0.848750 0.081250 0.075000
0 0.908750 0.336250 0.067500 0.067500
0 0.804375 0.111875 0.078750 0.078750
0 0.355625 0.630625 0.063750 0.063750
0 0.087500 0.347500 0.082500 0.057500
0 0.555625 0.611875 0.028750 0.028750
0 0.548125 0.503125 0.086250 0.086250
0 0.045000 0.513750 0.037500 0.035000
0 0.801875 0.921875 0.111250 0.103750
0 0.580000 0.415000 0.057500 0.057500
0 0.461250 0.382500 0.062500 0.062500
0 0.805625 0.299375 0.048750 0.033750
0 0.630625 0.195625 0.108750 0.076250
0 0.318125 0.760625 0.096250 0.096250
0 0.761875 0.815625 0.073750 0.073750
0 0.451875 0.078125 0.106250 0.106250
0 0.681875 0.930625 0.073750 0.073750
0 0.658750 0.401250 0.047500 0.047500
0 0.682500 0.553750 0.105000 0.105000
0 0.265000 0.270000 0.045000 0.045000
0 0.090000 0.445625 0.062500 0.068750
0 0.051875 0.140625 0.061250 0.066250
0 0.162500 0.120625 0.042500 0.046250
0 0.129375 0.846875 0.068750 0.068750
0 0.813750 0.708750 0.077500 0.077500
0 0.102500 0.056250 0.057500 0.057500
0 0.963750 0.665000 0.035000 0.035000
0 0.243750 0.553750 0.067500 0.067500
0 0.543125 0.210625 0.046250 0.046250
0 0.616250 0.105000 0.072500 0.072500
0 0.592500 0.918125 0.075000 0.048750
0 0.458750 0.487500 0.072500 0.072500
0 0.901250 0.697500 0.050000 0.050000
0 0.374375 0.884375 0.053750 0.053750
0 0.317500 0.061250 0.072500 0.072500
0 0.669375 0.326875 0.056250 0.056250
0 0.870000 0.197500 0.060000 0.060000
0 0.608750 0.290000 0.030000 0.030000
0 0.259375 0.665625 0.071250 0.063750
0 0.697500 0.256875 0.047500 0.028750
0 0.953125 0.140625 0.068750 0.061250
0 0.326875 0.245625 0.028750 0.028750
0 0.540000 0.330000 0.055000 0.055000