0 0.666875 0.833125 0.068750 0.068750
0 0.345000 0.447500 0.057500 0.040000
0 0.331875 0.729375 0.098750 0.068750
0 0.079375 0.066250 0.046250 0.032500
0 0.624375 0.276875 0.038750 0.026250
0 0.446875 0.321875 0.041250 0.041250
0 0.952500 0.630000 0.045000 0.045000
0 0.875625 0.179375 0.068750 0.068750
0 0.221250 0.547500 0.112500 0.112500
0 0.760000 0.553750 0.055000 0.055000
0 0.141875 0.281875 0.111250 0.111250
0 0.923750 0.053750 0.070000 0.067500
0 0.654375 0.918750 0.091250 0.087500
0 0.821875 0.425625 0.043750 0.041250
0 0.854375 0.278750 0.031250 0.030000
0 0.539375 0.914375 0.048750 0.048750
0 0.743750 0.096250 0.070000 0.070000
0 0.378750 0.347500 0.030000 0.030000
0 0.946875 0.209375 0.051250 0.046250
0 0.650625 0.374375 0.108750 0.106250
0 0.885000 0.762500 0.060000 0.057500
0 0.114375 0.536875 0.086250 0.083750
0 0.332500 0.561250 0.082500 0.082500
0 0.340625 0.103125 0.028750 0.028750
0 0.341250 0.242500 0.067500 0.047500
0 0.170000 0.898125 0.102500 0.071250
0 0.683125 0.186250 0.028750 0.027500
0 0.765000 0.703125 0.025000 0.021250
0 0.536875 0.427500 0.088750 0.115000
0 0.450625 0.451250 0.046250 0.060000
0 0.443750 0.861250 0.112500 0.145000
0 0.116875 0.823125 0.063750 0.063750
0 0.065000 0.438750 0.060000 0.060000
0 0.230625 0.091875 0.103750 0.103750
0 0.282500 0.324375 0.092500 0.081250
0 0.760000 0.803125 0.070000 0.061250
0 0.423750 0.055000 0.085000 0.075000
0 0.530625 0.681250 0.093750 0.072500
0 0.055000 0.638750 0.045000 0.045000
0 0.495625 0.299375 0.036250 0.031250
0 0.409375 0.168125 0.088750 0.078750
0 0.085000 0.165000 0.040000 0.047500
0 0.571250 0.164375 0.057500 0.083750
0 0.481250 0.538125 0.042500 0.061250
0 0.890625 0.326250 0.026250 0.037500
0 0.288125 0.853125 0.081250 0.118750
0 0.837500 0.611250 0.030000 0.035000
0 0.639375 0.568750 0.058750 0.070000
0 0.886250 0.452500 0.052500 0.062500
0 0.895000 0.893125 0.087500 0.103750
0 0.582500 0.852500 0.035000 0.035000
0 0.551875 0.098125 0.033750 0.033750
0 0.613125 0.715625 0.046250 0.046250
0 0.791250 0.925000 0.092500 0.092500
0 0.686250 0.476250 0.035000 0.035000
0 0.149375 0.394375 0.083750 0.083750
0 0.688125 0.265625 0.053750 0.053750
0 0.751875 0.329375 0.058750 0.058750
0 0.048125 0.757500 0.058750 0.045000
0 0.451875 0.750625 0.043750 0.033750
0 0.870000 0.686875 0.057500 0.066250
0 0.216875 0.695625 0.101250 0.101250
0 0.625000 0.137500 0.030000 0.025000
0 0.440625 0.653125 0.063750 0.063750
0 0.819375 0.371875 0.051250 0.051250
0 0.945625 0.538125 0.071250 0.071250
0 0.892500 0.384375 0.042500 0.051250
0 0.036875 0.889375 0.046250 0.056250
0 0.495625 0.166875 0.061250 0.083750
0 0.261875 0.429375 0.066250 0.058750
0 0.759375 0.180000 0.078750 0.070000
0 0.343750 0.050000 0.060000 0.060000
0 0.314375 0.184375 0.036250 0.036250
0 0.549375 0.545000 0.053750 0.065000
0 0.783125 0.498750 0.048750 0.030000
0 0.826250 0.083750 0.080000 0.097500
0 0.120625 0.616875 0.033750 0.033750
0 0.116875 0.690625 0.041250 0.041250