0 0.266875 0.748750 0.111250 0.072500
0 0.393125 0.233125 0.066250 0.066250
0 0.738125 0.689375 0.036250 0.036250
0 0.815625 0.523125 0.026250 0.021250
0 0.456250 0.068125 0.052500 0.043750
0 0.342500 0.895000 0.100000 0.100000
0 0.166875 0.289375 0.051250 0.051250
0 0.684375 0.396875 0.028750 0.033750
0 0.325625 0.363750 0.081250 0.095000
0 0.146250 0.809375 0.090000 0.171250
0 0.208125 0.405625 0.038750 0.073750
0 0.321250 0.563125 0.085000 0.161250
0 0.614375 0.453750 0.043750 0.082500
0 0.568125 0.639375 0.076250 0.076250
0 0.590625 0.349375 0.091250 0.111250
0 0.041875 0.738125 0.048750 0.058750
0 0.650000 0.170000 0.050000 0.050000
0 0.120625 0.173125 0.096250 0.096250
0 0.848750 0.388125 0.045000 0.048750
0 0.643750 0.251250 0.042500 0.042500
0 0.656875 0.850625 0.068750 0.068750
0 0.285000 0.227500 0.070000 0.070000
0 0.705625 0.535625 0.041250 0.041250
0 0.081875 0.673125 0.028750 0.028750
0 0.485625 0.170625 0.081250 0.081250
0 0.030625 0.119375 0.033750 0.033750
0 0.951875 0.808750 0.043750 0.037500
0 0.470000 0.910000 0.097500 0.085000
0 0.814375 0.168750 0.106250 0.105000
0 0.031250 0.805000 0.032500 0.032500
0 0.129375 0.519375 0.096250 0.096250
0 0.870000 0.835000 0.082500 0.082500
0 0.440625 0.423125 0.076250 0.076250
0 0.768125 0.386875 0.101250 0.101250
0 0.470625 0.670000 0.076250 0.082500
0 0.326875 0.445625 0.058750 0.053750
0 0.259375 0.141875 0.083750 0.076250
0 0.766250 0.823750 0.087500 0.080000
0 0.474375 0.570625 0.028750 0.026250
0 0.615000 0.727500 0.077500 0.077500
0 0.160000 0.648750 0.112500 0.100000
0 0.938125 0.484375 0.098750 0.098750
0 0.828750 0.606250 0.100000 0.100000
0 0.417500 0.327500 0.042500 0.042500
0 0.941875 0.180625 0.088750 0.088750
0 0.078125 0.345000 0.078750 0.070000
0 0.097500 0.063750 0.072500 0.070000
0 0.771875 0.931875 0.081250 0.078750
0 0.530625 0.788750 0.031250 0.030000