0 0.718750 0.716875 0.030000 0.028750
0 0.086875 0.553750 0.076250 0.075000
0 0.273125 0.058125 0.048750 0.046250
0 0.129375 0.638750 0.041250 0.040000
0 0.231875 0.752500 0.028750 0.027500
0 0.410625 0.414375 0.103750 0.133750
0 0.583750 0.771250 0.065000 0.065000
0 0.188750 0.825000 0.042500 0.027500
0 0.936875 0.520625 0.056250 0.036250
0 0.591875 0.432500 0.101250 0.105000
0 0.868125 0.723125 0.106250 0.106250
0 0.291875 0.883750 0.046250 0.042500
0 0.195625 0.440625 0.083750 0.078750
0 0.926875 0.564375 0.028750 0.026250
0 0.342500 0.717500 0.107500 0.117500
0 0.136250 0.748750 0.030000 0.027500
0 0.587500 0.295625 0.057500 0.053750
0 0.783750 0.665000 0.042500 0.040000
0 0.711875 0.926875 0.096250 0.091250
0 0.883125 0.368750 0.026250 0.025000
0 0.080625 0.169375 0.088750 0.083750
0 0.287500 0.528750 0.055000 0.052500
0 0.263125 0.306250 0.026250 0.025000
0 0.156250 0.936250 0.075000 0.075000
0 0.440625 0.616875 0.028750 0.028750
0 0.558750 0.202500 0.090000 0.090000
0 0.752500 0.781875 0.040000 0.036250
0 0.761875 0.348750 0.051250 0.095000
0 0.202500 0.150000 0.040000 0.075000
0 0.446250 0.222500 0.112500 0.210000
0 0.841875 0.106250 0.098750 0.185000
0 0.407500 0.936250 0.072500 0.072500
0 0.706250 0.069375 0.052500 0.076250
0 0.403125 0.828125 0.048750 0.071250
0 0.760625 0.502500 0.083750 0.122500
0 0.487500 0.685000 0.060000 0.087500
0 0.167500 0.527500 0.060000 0.060000
0 0.649375 0.679375 0.071250 0.071250
0 0.601875 0.057500 0.083750 0.077500
0 0.701875 0.824375 0.041250 0.038750
0 0.092500 0.428125 0.105000 0.098750
0 0.567500 0.913750 0.090000 0.085000
0 0.906250 0.286250 0.110000 0.110000
0 0.866875 0.870625 0.088750 0.088750
0 0.497500 0.821250 0.052500 0.052500
0 0.200000 0.292500 0.057500 0.057500
0 0.486875 0.453125 0.026250 0.026250
0 0.135625 0.280625 0.033750 0.033750
0 0.873750 0.630000 0.062500 0.062500
0 0.760000 0.418750 0.025000 0.025000
0 0.556875 0.555625 0.098750 0.098750
0 0.291250 0.213750 0.110000 0.110000
0 0.950625 0.830625 0.061250 0.061250
0 0.081875 0.828125 0.088750 0.088750
0 0.953125 0.619375 0.036250 0.036250
0 0.698125 0.360625 0.053750 0.056250
0 0.066875 0.316875 0.041250 0.043750
0 0.043750 0.256250 0.032500 0.032500
0 0.223750 0.661250 0.067500 0.067500
0 0.184375 0.070625 0.061250 0.058750
0 0.928125 0.437500 0.081250 0.080000
0 0.058750 0.069375 0.070000 0.068750
0 0.121875 0.335000 0.028750 0.027500
0 0.946875 0.126250 0.063750 0.062500
0 0.693750 0.257500 0.052500 0.052500
0 0.435625 0.525625 0.073750 0.073750
0 0.362500 0.291250 0.035000 0.027500
0 0.070625 0.903750 0.053750 0.042500
0 0.687500 0.439375 0.025000 0.018750
0 0.485625 0.074375 0.083750 0.066250
0 0.064375 0.693125 0.063750 0.063750
0 0.650625 0.161250 0.073750 0.067500
0 0.733750 0.187500 0.052500 0.052500
0 0.203125 0.369375 0.026250 0.026250
0 0.867500 0.532500 0.052500 0.052500
0 0.480000 0.935000 0.055000 0.055000
0 0.650625 0.605625 0.048750 0.048750
0 0.280000 0.431250 0.070000 0.070000
0 0.203125 0.216875 0.051250 0.036250
0 0.943125 0.939375 0.043750 0.043750
0 0.680625 0.761875 0.041250 0.041250