0 0.103750 0.877500 0.047500 0.047500
0 0.161250 0.754375 0.067500 0.068750
0 0.574375 0.575625 0.078750 0.078750
0 0.710000 0.107500 0.085000 0.085000
0 0.513750 0.323125 0.112500 0.171250
0 0.315625 0.680000 0.066250 0.100000
0 0.766875 0.933750 0.081250 0.067500
0 0.325000 0.393750 0.080000 0.080000
0 0.076875 0.939375 0.041250 0.041250
0 0.884375 0.120625 0.111250 0.111250
0 0.126250 0.140000 0.112500 0.112500
0 0.492500 0.095625 0.035000 0.038750
0 0.335625 0.250625 0.038750 0.043750
0 0.709375 0.426875 0.093750 0.106250
0 0.304375 0.195625 0.026250 0.028750
0 0.710000 0.573125 0.107500 0.121250
0 0.243125 0.626250 0.031250 0.035000
0 0.138750 0.551250 0.037500 0.037500
0 0.090000 0.450000 0.102500 0.102500
0 0.855000 0.378750 0.027500 0.027500
0 0.463125 0.890625 0.028750 0.028750
0 0.914375 0.479375 0.088750 0.088750
0 0.676875 0.304375 0.078750 0.078750
0 0.229375 0.461875 0.053750 0.053750
0 0.745000 0.191250 0.042500 0.042500
0 0.894375 0.877500 0.078750 0.062500
0 0.493125 0.716875 0.083750 0.066250
0 0.173750 0.263125 0.025000 0.016250
0 0.722500 0.838125 0.042500 0.038750
0 0.239375 0.378750 0.051250 0.047500
0 0.705625 0.725000 0.043750 0.040000
0 0.636875 0.918125 0.103750 0.096250
0 0.061250 0.745000 0.090000 0.090000
0 0.427500 0.505000 0.100000 0.100000
0 0.210625 0.565625 0.071250 0.071250
0 0.061875 0.335625 0.033750 0.033750
0 0.061875 0.600625 0.051250 0.051250
0 0.422500 0.253125 0.035000 0.043750
0 0.308750 0.076250 0.080000 0.100000
0 0.675000 0.208125 0.050000 0.051250
0 0.887500 0.664375 0.095000 0.098750
0 0.463750 0.803125 0.082500 0.086250
0 0.318125 0.826250 0.081250 0.085000
0 0.553125 0.831875 0.033750 0.038750
0 0.313125 0.935625 0.041250 0.048750
0 0.533750 0.192500 0.060000 0.060000
0 0.403125 0.899375 0.063750 0.063750
0 0.503750 0.652500 0.035000 0.035000
0 0.068750 0.661250 0.050000 0.047500
0 0.259375 0.258125 0.068750 0.068750
0 0.443750 0.162500 0.077500 0.077500
0 0.926875 0.321875 0.051250 0.051250
0 0.195625 0.854375 0.086250 0.066250
0 0.637500 0.765625 0.072500 0.056250
0 0.333125 0.596250 0.061250 0.047500
0 0.818125 0.781250 0.106250 0.082500
0 0.231250 0.159375 0.042500 0.043750
0 0.571250 0.473750 0.050000 0.072500
0 0.796875 0.185000 0.046250 0.045000
0 0.921875 0.254375 0.046250 0.046250
0 0.322500 0.492500 0.092500 0.092500
0 0.821875 0.446875 0.056250 0.056250
0 0.135000 0.621250 0.042500 0.047500
0 0.590625 0.674375 0.088750 0.088750
0 0.826875 0.276250 0.071250 0.057500
0 0.412500 0.069375 0.072500 0.058750
0 0.176250 0.324375 0.047500 0.046250
0 0.530625 0.918125 0.073750 0.071250
0 0.558750 0.111250 0.070000 0.062500
0 0.408750 0.690625 0.042500 0.041250