0 0.866875 0.664375 0.033750 0.033750
0 0.636875 0.089375 0.043750 0.043750
0 0.811250 0.865000 0.057500 0.057500
0 0.261875 0.261250 0.051250 0.050000
0 0.590000 0.930000 0.062500 0.062500
0 0.488125 0.104375 0.058750 0.038750
0 0.796250 0.476250 0.105000 0.127500
0 0.340625 0.708125 0.033750 0.041250
0 0.136250 0.721875 0.107500 0.131250
0 0.552500 0.323750 0.092500 0.112500
0 0.566875 0.474375 0.098750 0.098750
0 0.394375 0.219375 0.081250 0.086250
0 0.690625 0.164375 0.048750 0.051250
0 0.417500 0.616250 0.072500 0.077500
0 0.048750 0.558125 0.057500 0.061250
0 0.773125 0.636875 0.101250 0.126250
0 0.610000 0.763125 0.037500 0.046250
0 0.564375 0.812500 0.028750 0.035000
0 0.591250 0.591875 0.087500 0.108750
0 0.219375 0.480625 0.081250 0.081250
0 0.265625 0.935000 0.066250 0.062500
0 0.606250 0.198750 0.090000 0.085000
0 0.830000 0.121250 0.090000 0.085000
0 0.363750 0.342500 0.082500 0.082500
0 0.711875 0.756875 0.036250 0.036250
0 0.258125 0.144375 0.043750 0.043750
0 0.487500 0.741250 0.075000 0.075000
0 0.505625 0.891875 0.068750 0.068750
0 0.145625 0.105625 0.111250 0.111250
0 0.271250 0.731875 0.055000 0.058750
0 0.350625 0.865625 0.033750 0.036250
0 0.748750 0.085625 0.047500 0.051250
0 0.098125 0.406250 0.051250 0.055000
0 0.386875 0.504375 0.091250 0.091250
0 0.260625 0.831875 0.111250 0.111250
0 0.796250 0.757500 0.030000 0.030000
0 0.946250 0.933750 0.052500 0.052500
0 0.945000 0.307500 0.082500 0.082500
0 0.468750 0.033750 0.025000 0.025000
0 0.918125 0.528125 0.091250 0.091250
0 0.959375 0.681875 0.056250 0.056250
0 0.875625 0.780000 0.081250 0.065000
0 0.264375 0.355000 0.043750 0.035000
0 0.671250 0.911250 0.070000 0.070000
0 0.212500 0.606250 0.042500 0.042500
0 0.082500 0.496250 0.030000 0.030000
0 0.081250 0.192500 0.032500 0.032500
0 0.814375 0.288750 0.073750 0.052500
0 0.185625 0.241875 0.081250 0.081250
0 0.696250 0.515000 0.077500 0.102500
0 0.661875 0.310625 0.096250 0.096250
0 0.099375 0.931875 0.086250 0.086250
0 0.280625 0.204375 0.048750 0.048750
0 0.822500 0.365000 0.050000 0.050000
0 0.900625 0.432500 0.081250 0.080000
0 0.923125 0.105625 0.078750 0.096250
0 0.452500 0.392500 0.080000 0.097500
0 0.238125 0.050625 0.046250 0.046250
0 0.683125 0.826875 0.081250 0.081250
0 0.383125 0.096875 0.086250 0.086250
0 0.290625 0.605625 0.076250 0.076250
0 0.846250 0.565000 0.025000 0.025000
0 0.191875 0.346875 0.048750 0.048750