0 0.870625 0.780625 0.046250 0.061250
0 0.625000 0.781250 0.050000 0.050000
0 0.177500 0.790000 0.045000 0.045000
0 0.466250 0.670000 0.090000 0.090000
0 0.808750 0.215000 0.030000 0.030000
0 0.220625 0.095625 0.068750 0.068750
0 0.631250 0.603125 0.050000 0.041250
0 0.185625 0.573125 0.071250 0.071250
0 0.253750 0.803750 0.085000 0.085000
0 0.460625 0.331875 0.063750 0.066250
0 0.768125 0.342500 0.098750 0.107500
0 0.635000 0.553750 0.025000 0.027500
0 0.093125 0.638750 0.093750 0.102500
0 0.906875 0.296250 0.043750 0.047500
0 0.175000 0.421250 0.087500 0.087500
0 0.301875 0.533750 0.108750 0.125000
0 0.782500 0.702500 0.035000 0.040000
0 0.823750 0.637500 0.035000 0.040000
0 0.438750 0.784375 0.080000 0.091250
0 0.568750 0.243750 0.105000 0.135000
0 0.423750 0.075000 0.090000 0.110000
0 0.090625 0.866875 0.071250 0.071250
0 0.886875 0.498750 0.071250 0.062500
0 0.075000 0.140000 0.045000 0.040000
0 0.710000 0.601250 0.092500 0.092500
0 0.606250 0.510000 0.045000 0.045000
0 0.601875 0.440625 0.076250 0.076250
0 0.301875 0.908125 0.061250 0.073750
0 0.833125 0.561875 0.038750 0.046250
0 0.779375 0.773750 0.066250 0.080000
0 0.273125 0.195625 0.071250 0.071250
0 0.257500 0.700000 0.105000 0.105000
0 0.391250 0.436250 0.045000 0.037500
0 0.630000 0.880000 0.072500 0.060000
0 0.724375 0.170000 0.081250 0.067500
0 0.847500 0.043750 0.070000 0.057500
0 0.356875 0.312500 0.093750 0.102500
0 0.083750 0.441875 0.075000 0.081250
0 0.790625 0.473750 0.101250 0.110000
0 0.907500 0.377500 0.080000 0.087500
0 0.943750 0.104375 0.037500 0.028750
0 0.310000 0.399375 0.047500 0.036250
0 0.956875 0.796250 0.043750 0.067500
0 0.503125 0.481875 0.086250 0.133750
0 0.130000 0.238750 0.055000 0.085000
0 0.056250 0.939375 0.070000 0.048750
0 0.395000 0.893750 0.030000 0.030000
0 0.113750 0.510625 0.025000 0.026250
0 0.959375 0.225625 0.043750 0.043750
0 0.753750 0.905000 0.075000 0.075000
0 0.426250 0.202500 0.067500 0.067500
0 0.766250 0.081875 0.062500 0.091250
0 0.903125 0.642500 0.083750 0.122500
0 0.543750 0.378750 0.025000 0.025000
0 0.041250 0.748750 0.037500 0.037500
0 0.941250 0.914375 0.087500 0.086250
0 0.538750 0.885000 0.092500 0.065000
0 0.883125 0.196875 0.041250 0.038750
0 0.561875 0.675625 0.071250 0.066250
0 0.590625 0.054375 0.058750 0.058750
0 0.453125 0.923125 0.046250 0.046250