0 0.906875 0.305625 0.093750 0.093750
0 0.627500 0.164375 0.027500 0.031250
0 0.563750 0.463750 0.097500 0.112500
0 0.744375 0.119375 0.101250 0.101250
0 0.724375 0.923125 0.086250 0.086250
0 0.431250 0.055000 0.052500 0.052500
0 0.360625 0.716875 0.078750 0.078750
0 0.125625 0.484375 0.061250 0.061250
0 0.331875 0.446875 0.066250 0.066250
0 0.426875 0.524375 0.093750 0.093750
0 0.044375 0.183125 0.028750 0.028750
0 0.850000 0.719375 0.055000 0.048750
0 0.783125 0.323750 0.086250 0.077500
0 0.438750 0.918750 0.105000 0.095000
0 0.241875 0.573125 0.068750 0.061250
0 0.656875 0.618125 0.098750 0.098750
0 0.541250 0.607500 0.030000 0.030000
0 0.753750 0.491250 0.040000 0.040000
0 0.261875 0.771875 0.063750 0.063750
0 0.863125 0.846875 0.028750 0.028750
0 0.148125 0.773125 0.096250 0.096250
0 0.093750 0.614375 0.090000 0.063750
0 0.740000 0.771250 0.035000 0.035000
0 0.568125 0.336875 0.103750 0.103750
0 0.183125 0.046875 0.046250 0.046250
0 0.934375 0.117500 0.053750 0.065000
0 0.852500 0.148750 0.092500 0.092500
0 0.578125 0.099375 0.031250 0.031250
0 0.827500 0.605000 0.047500 0.047500
0 0.311250 0.161250 0.092500 0.092500
0 0.456250 0.740000 0.062500 0.045000
0 0.846250 0.896250 0.050000 0.035000
0 0.447500 0.290625 0.040000 0.028750
0 0.181875 0.379375 0.056250 0.056250
0 0.563750 0.208750 0.060000 0.060000
0 0.186250 0.315000 0.025000 0.025000
0 0.064375 0.303125 0.093750 0.093750
0 0.687500 0.205000 0.032500 0.032500
0 0.839375 0.461875 0.111250 0.111250
0 0.467500 0.658125 0.047500 0.038750
0 0.243125 0.483750 0.048750 0.040000
0 0.954375 0.463125 0.038750 0.031250
0 0.521875 0.882500 0.043750 0.082500
0 0.194375 0.173125 0.088750 0.168750
0 0.171875 0.626875 0.046250 0.046250
0 0.321875 0.891875 0.098750 0.098750
0 0.586250 0.781250 0.060000 0.060000
0 0.086875 0.899375 0.103750 0.103750
0 0.314375 0.364375 0.028750 0.028750
0 0.440000 0.156250 0.092500 0.087500
0 0.488750 0.238750 0.037500 0.035000
0 0.805000 0.671875 0.025000 0.023750
0 0.211250 0.903125 0.025000 0.023750
0 0.444375 0.811250 0.088750 0.080000
0 0.688750 0.324375 0.085000 0.086250
0 0.662500 0.761250 0.025000 0.025000
0 0.632500 0.906250 0.035000 0.042500
0 0.459375 0.386250 0.073750 0.082500
0 0.852500 0.063125 0.032500 0.036250
0 0.378125 0.366250 0.036250 0.040000
0 0.748750 0.409375 0.025000 0.026250
0 0.105625 0.549375 0.036250 0.038750
0 0.818125 0.777500 0.043750 0.047500
0 0.296250 0.293750 0.067500 0.067500
0 0.051250 0.696250 0.070000 0.070000
0 0.945625 0.218125 0.058750 0.058750
0 0.038750 0.756250 0.035000 0.035000
0 0.563750 0.682500 0.060000 0.060000
0 0.388750 0.631250 0.082500 0.075000
0 0.750000 0.599375 0.067500 0.061250
0 0.350000 0.061875 0.095000 0.086250
0 0.905000 0.574375 0.082500 0.076250
0 0.530625 0.048125 0.053750 0.053750
0 0.041250 0.402500 0.040000 0.040000
0 0.085625 0.218125 0.036250 0.036250
0 0.313125 0.526875 0.056250 0.046250
0 0.961250 0.878750 0.052500 0.052500
0 0.353125 0.805625 0.046250 0.046250
0 0.947500 0.782500 0.075000 0.075000
0 0.920625 0.026875 0.026250 0.026250