0 0.150625 0.054375 0.028750 0.028750
0 0.672500 0.570000 0.052500 0.052500
0 0.516875 0.774375 0.068750 0.068750
0 0.668125 0.265000 0.068750 0.072500
0 0.215000 0.636875 0.087500 0.096250
0 0.288125 0.845625 0.028750 0.028750
0 0.252500 0.036250 0.035000 0.035000
0 0.920000 0.610625 0.045000 0.043750
0 0.231250 0.911250 0.080000 0.077500
0 0.220000 0.391875 0.027500 0.026250
0 0.076875 0.406875 0.078750 0.076250
0 0.775000 0.663750 0.060000 0.050000
0 0.601875 0.913750 0.061250 0.055000
0 0.735625 0.067500 0.031250 0.027500
0 0.060000 0.606875 0.055000 0.053750
0 0.866250 0.271875 0.045000 0.043750
0 0.613125 0.713125 0.066250 0.066250
0 0.386875 0.306875 0.083750 0.083750
0 0.423125 0.659375 0.093750 0.076250
0 0.818750 0.105000 0.082500 0.082500
0 0.070000 0.522500 0.025000 0.025000
0 0.615625 0.174375 0.038750 0.038750
0 0.763750 0.516250 0.035000 0.042500
0 0.400625 0.061875 0.081250 0.098750
0 0.494375 0.453750 0.088750 0.107500
0 0.260000 0.266875 0.100000 0.121250
0 0.053750 0.726875 0.082500 0.081250
0 0.809375 0.888750 0.041250 0.040000
0 0.353125 0.474375 0.063750 0.063750
0 0.085625 0.833125 0.073750 0.073750
0 0.721875 0.440625 0.028750 0.028750
0 0.781875 0.283125 0.093750 0.128750
0 0.472500 0.915625 0.095000 0.106250
0 0.100000 0.474375 0.030000 0.033750
0 0.770000 0.757500 0.080000 0.090000
0 0.528125 0.339375 0.086250 0.096250
0 0.246250 0.485000 0.082500 0.080000
0 0.515000 0.097500 0.097500 0.095000
0 0.886875 0.881875 0.081250 0.078750
0 0.675000 0.632500 0.057500 0.055000
0 0.706250 0.862500 0.055000 0.055000
0 0.393750 0.395000 0.077500 0.077500
0 0.108125 0.280625 0.081250 0.081250
0 0.290625 0.610625 0.041250 0.041250
0 0.646875 0.353125 0.026250 0.031250
0 0.873125 0.484375 0.103750 0.126250
0 0.388750 0.563750 0.032500 0.032500
0 0.926875 0.259375 0.026250 0.026250
0 0.184375 0.809375 0.091250 0.091250
0 0.064375 0.929375 0.066250 0.066250
0 0.349375 0.740000 0.061250 0.050000
0 0.675000 0.732500 0.027500 0.022500
0 0.798750 0.175625 0.045000 0.036250
0 0.649375 0.096875 0.098750 0.096250
0 0.281250 0.132500 0.097500 0.095000
0 0.431875 0.816250 0.068750 0.067500
0 0.943750 0.355625 0.052500 0.051250
0 0.935625 0.055625 0.076250 0.076250
0 0.140625 0.110625 0.038750 0.046250
0 0.656250 0.446250 0.032500 0.030000
0 0.158125 0.521250 0.071250 0.067500
0 0.309375 0.351875 0.033750 0.031250
0 0.464375 0.253125 0.046250 0.046250
0 0.365625 0.899375 0.041250 0.041250
0 0.142500 0.618750 0.030000 0.030000
0 0.603125 0.531875 0.061250 0.061250
0 0.768125 0.414375 0.028750 0.028750
0 0.393750 0.226250 0.030000 0.030000
0 0.568750 0.631250 0.075000 0.075000
0 0.141875 0.704375 0.033750 0.033750
0 0.892500 0.755000 0.112500 0.112500
0 0.588125 0.430625 0.053750 0.051250
0 0.965000 0.491250 0.042500 0.040000
0 0.073750 0.190625 0.080000 0.076250
0 0.888750 0.952500 0.035000 0.035000
0 0.873750 0.199375 0.055000 0.063750
0 0.810625 0.589375 0.066250 0.066250
0 0.961250 0.854375 0.025000 0.021250