0 0.176875 0.854375 0.098750 0.098750
0 0.825625 0.926875 0.076250 0.076250
0 0.338750 0.671250 0.047500 0.047500
0 0.236250 0.296250 0.042500 0.037500
0 0.361875 0.510625 0.081250 0.073750
0 0.868125 0.780000 0.088750 0.080000
0 0.940000 0.306250 0.052500 0.057500
0 0.591875 0.886250 0.068750 0.075000
0 0.216875 0.740625 0.083750 0.091250
0 0.198125 0.440625 0.078750 0.086250
0 0.330000 0.278750 0.112500 0.112500
0 0.868750 0.040000 0.047500 0.047500
0 0.366875 0.826875 0.081250 0.081250
0 0.760625 0.302500 0.111250 0.072500
0 0.431875 0.944375 0.026250 0.028750
0 0.462500 0.328750 0.055000 0.055000
0 0.433125 0.593125 0.046250 0.046250
0 0.143750 0.062500 0.090000 0.090000
0 0.671250 0.800000 0.057500 0.057500
0 0.900625 0.646875 0.078750 0.088750
0 0.670625 0.460625 0.058750 0.058750
0 0.539375 0.439375 0.081250 0.081250
0 0.572500 0.547500 0.052500 0.052500
0 0.791875 0.563750 0.108750 0.157500
0 0.855000 0.447500 0.030000 0.030000
0 0.826250 0.167500 0.095000 0.095000
0 0.214375 0.538125 0.063750 0.063750
0 0.347500 0.145000 0.107500 0.107500
0 0.671875 0.706875 0.091250 0.091250
0 0.634375 0.093125 0.071250 0.051250
0 0.563750 0.731875 0.107500 0.078750
0 0.100000 0.181250 0.050000 0.050000
0 0.256875 0.649375 0.028750 0.028750
0 0.098125 0.270625 0.061250 0.061250
0 0.076875 0.531875 0.111250 0.111250
0 0.944375 0.783125 0.028750 0.028750
0 0.896250 0.911250 0.037500 0.037500
0 0.363125 0.740625 0.056250 0.056250
0 0.427500 0.420000 0.082500 0.082500
0 0.941875 0.068125 0.066250 0.066250
0 0.231250 0.055000 0.037500 0.037500
0 0.520000 0.170000 0.110000 0.110000
0 0.476875 0.889375 0.048750 0.048750
0 0.221875 0.216875 0.053750 0.053750
0 0.068125 0.814375 0.046250 0.046250
0 0.675625 0.193125 0.108750 0.108750
0 0.049375 0.908125 0.056250 0.056250
0 0.116250 0.686250 0.077500 0.077500
0 0.456250 0.036250 0.025000 0.025000
0 0.094375 0.431875 0.041250 0.041250
0 0.790625 0.058750 0.088750 0.087500
0 0.182500 0.300000 0.040000 0.040000
0 0.754375 0.695625 0.053750 0.053750
0 0.613750 0.308750 0.070000 0.070000
0 0.720000 0.801250 0.025000 0.025000
0 0.777500 0.752500 0.035000 0.035000
0 0.725000 0.913750 0.107500 0.107500
0 0.299375 0.916875 0.071250 0.071250
0 0.538750 0.302500 0.057500 0.040000
0 0.671875 0.600000 0.091250 0.105000
0 0.935625 0.162500 0.046250 0.052500
0 0.030625 0.088125 0.033750 0.031250
0 0.775625 0.423125 0.048750 0.046250
0 0.323750 0.041250 0.045000 0.045000
0 0.462500 0.491250 0.045000 0.045000
0 0.930625 0.418125 0.041250 0.041250
0 0.921250 0.548750 0.080000 0.080000
0 0.160000 0.159375 0.052500 0.051250
0 0.422500 0.243125 0.050000 0.048750
0 0.550000 0.053750 0.050000 0.050000
0 0.535000 0.893750 0.027500 0.027500
0 0.109375 0.949375 0.046250 0.046250
0 0.429375 0.106875 0.031250 0.031250
0 0.295625 0.374375 0.073750 0.053750
0 0.446875 0.695625 0.058750 0.058750
0 0.940000 0.237500 0.050000 0.060000
0 0.378750 0.905625 0.040000 0.048750
0 0.204375 0.355625 0.053750 0.053750
0 0.522500 0.948750 0.052500 0.052500
0 0.550000 0.650000 0.047500 0.047500
0 0.030000 0.222500 0.035000 0.035000
0 0.115625 0.358125 0.048750 0.048750
0 0.416875 0.750625 0.033750 0.033750
0 0.370625 0.581875 0.053750 0.053750
0 0.043750 0.335000 0.052500 0.052500
0 0.491250 0.590000 0.055000 0.055000
0 0.034375 0.166875 0.026250 0.026250
0 0.215625 0.938125 0.053750 0.053750
0 0.578750 0.801250 0.027500 0.027500
0 0.295000 0.551250 0.035000 0.035000
0 0.904375 0.470625 0.048750 0.048750
0 0.268125 0.109375 0.033750 0.033750