0 0.536250 0.560000 0.112500 0.150000
0 0.831250 0.848750 0.060000 0.080000
0 0.591875 0.052500 0.028750 0.037500
0 0.116875 0.586875 0.056250 0.053750
0 0.394375 0.205625 0.068750 0.071250
0 0.593125 0.270625 0.091250 0.093750
0 0.646875 0.713750 0.051250 0.052500
0 0.767500 0.920625 0.037500 0.038750
0 0.234375 0.643125 0.046250 0.046250
0 0.541250 0.901250 0.102500 0.092500
0 0.823125 0.188750 0.101250 0.077500
0 0.816250 0.609375 0.025000 0.018750
0 0.673750 0.876250 0.097500 0.075000
0 0.893750 0.693125 0.080000 0.061250
0 0.437500 0.558750 0.025000 0.025000
0 0.805625 0.091250 0.091250 0.085000
0 0.542500 0.805000 0.052500 0.042500
0 0.411875 0.699375 0.088750 0.071250
0 0.246875 0.820625 0.101250 0.081250
0 0.805000 0.531250 0.100000 0.080000
0 0.081250 0.045625 0.047500 0.041250
0 0.333750 0.088750 0.085000 0.097500
0 0.158125 0.223750 0.093750 0.107500
0 0.424375 0.818125 0.088750 0.101250
0 0.886875 0.564375 0.048750 0.038750
0 0.696875 0.353750 0.051250 0.050000
0 0.703750 0.151250 0.072500 0.072500
0 0.216250 0.528750 0.112500 0.112500
0 0.264375 0.933125 0.051250 0.051250
0 0.280625 0.364375 0.026250 0.023750
0 0.332500 0.784375 0.055000 0.051250
0 0.107500 0.410625 0.082500 0.076250
0 0.065000 0.171875 0.030000 0.021250
0 0.406250 0.306250 0.067500 0.080000
0 0.099375 0.914375 0.088750 0.088750
0 0.743750 0.697500 0.047500 0.047500
0 0.948125 0.769375 0.066250 0.066250
0 0.051875 0.111250 0.031250 0.025000
0 0.114375 0.504375 0.061250 0.061250
0 0.517500 0.139375 0.102500 0.098750
0 0.860000 0.347500 0.055000 0.055000
0 0.603125 0.387500 0.101250 0.115000
0 0.116875 0.811875 0.058750 0.066250
0 0.487500 0.377500 0.055000 0.055000
0 0.401875 0.474375 0.063750 0.058750
0 0.067500 0.717500 0.097500 0.097500
0 0.653750 0.545000 0.082500 0.082500
0 0.827500 0.438750 0.085000 0.085000
0 0.336250 0.592500 0.110000 0.107500
0 0.931875 0.853125 0.071250 0.071250
0 0.318750 0.175625 0.052500 0.048750
0 0.643125 0.632500 0.083750 0.077500
0 0.244375 0.055625 0.061250 0.056250
0 0.070000 0.324375 0.085000 0.078750
0 0.715000 0.775000 0.067500 0.067500
0 0.337500 0.368125 0.030000 0.036250
0 0.288750 0.270000 0.112500 0.112500
0 0.769375 0.623750 0.053750 0.052500
0 0.928750 0.247500 0.095000 0.095000
0 0.180625 0.318125 0.046250 0.046250
0 0.166250 0.106250 0.057500 0.057500
0 0.903125 0.090625 0.058750 0.058750
0 0.563125 0.728125 0.091250 0.091250
0 0.778750 0.346250 0.080000 0.080000
0 0.673750 0.056875 0.057500 0.066250
0 0.195625 0.405625 0.063750 0.063750
0 0.397500 0.927500 0.085000 0.085000
0 0.924375 0.443750 0.076250 0.085000
0 0.722500 0.427500 0.050000 0.050000
0 0.322500 0.456250 0.065000 0.065000
0 0.620000 0.142500 0.047500 0.047500
0 0.696250 0.263125 0.050000 0.058750
0 0.871250 0.622500 0.055000 0.050000
0 0.785000 0.282500 0.027500 0.027500
0 0.490625 0.299375 0.028750 0.028750
0 0.845625 0.949375 0.038750 0.038750
0 0.940000 0.355000 0.030000 0.030000
0 0.488125 0.221250 0.048750 0.045000
0 0.453125 0.055625 0.041250 0.041250
0 0.843750 0.262500 0.050000 0.050000
0 0.080625 0.248125 0.038750 0.036250
0 0.195000 0.938125 0.062500 0.058750
0 0.245625 0.720625 0.051250 0.048750
0 0.911250 0.931250 0.062500 0.062500