0 0.168125 0.606875 0.106250 0.106250
0 0.588750 0.527500 0.087500 0.087500
0 0.638125 0.791875 0.096250 0.096250
0 0.156875 0.931875 0.058750 0.071250
0 0.465000 0.036250 0.045000 0.045000
0 0.696875 0.453125 0.111250 0.111250
0 0.167500 0.426250 0.060000 0.060000
0 0.640000 0.111875 0.107500 0.088750
0 0.260625 0.336875 0.043750 0.036250
0 0.380000 0.688125 0.077500 0.063750
0 0.301875 0.090000 0.043750 0.045000
0 0.813125 0.151875 0.056250 0.058750
0 0.522500 0.377500 0.107500 0.107500
0 0.137500 0.161250 0.107500 0.125000
0 0.924375 0.518750 0.068750 0.080000
0 0.256250 0.796875 0.057500 0.066250
0 0.401875 0.206875 0.076250 0.076250
0 0.628125 0.894375 0.026250 0.026250
0 0.319375 0.540625 0.056250 0.056250
0 0.878125 0.404375 0.096250 0.096250
0 0.089375 0.696250 0.056250 0.050000
0 0.519375 0.737500 0.098750 0.087500
0 0.071250 0.788750 0.110000 0.097500
0 0.823750 0.826250 0.080000 0.080000
0 0.691875 0.250625 0.106250 0.106250
0 0.695000 0.605000 0.030000 0.030000
0 0.750625 0.818125 0.028750 0.028750
0 0.424375 0.915625 0.093750 0.093750
0 0.177500 0.315000 0.080000 0.080000
0 0.892500 0.628750 0.090000 0.090000
0 0.716875 0.090625 0.026250 0.026250
0 0.276250 0.246250 0.092500 0.092500
0 0.413125 0.376875 0.088750 0.088750
0 0.785000 0.621250 0.080000 0.080000
0 0.543125 0.615000 0.028750 0.022500
0 0.420625 0.610625 0.053750 0.053750
0 0.865000 0.718750 0.030000 0.027500
0 0.488125 0.538125 0.033750 0.033750
0 0.816250 0.083750 0.050000 0.050000
0 0.231875 0.514375 0.036250 0.036250
0 0.917500 0.849375 0.085000 0.103750
0 0.343125 0.815625 0.071250 0.086250
0 0.073750 0.395000 0.082500 0.100000
0 0.375000 0.072500 0.062500 0.062500
0 0.355000 0.617500 0.042500 0.042500
0 0.823750 0.286250 0.105000 0.105000
0 0.700000 0.702500 0.040000 0.040000
0 0.480625 0.286875 0.043750 0.043750
0 0.408125 0.488125 0.051250 0.051250
0 0.916250 0.097500 0.105000 0.105000
0 0.502500 0.112500 0.092500 0.092500
0 0.791875 0.717500 0.088750 0.080000
0 0.506250 0.888750 0.030000 0.030000
0 0.068750 0.287500 0.067500 0.067500
0 0.291250 0.163750 0.045000 0.045000
0 0.608750 0.442500 0.035000 0.030000
0 0.571250 0.232500 0.037500 0.032500
0 0.678750 0.343750 0.040000 0.035000
0 0.128750 0.505625 0.090000 0.078750
0 0.310625 0.890625 0.036250 0.036250
0 0.305625 0.418125 0.043750 0.043750
0 0.794375 0.915625 0.068750 0.068750
0 0.079375 0.889375 0.056250 0.056250
0 0.339375 0.940625 0.046250 0.046250
0 0.629375 0.650625 0.086250 0.086250
0 0.543125 0.820625 0.043750 0.043750
0 0.188750 0.835000 0.055000 0.055000
0 0.330000 0.341250 0.060000 0.057500
0 0.281250 0.625625 0.045000 0.043750
0 0.168125 0.726875 0.063750 0.066250
0 0.920000 0.200000 0.060000 0.060000
0 0.873125 0.953125 0.028750 0.028750