0 0.315000 0.252500 0.102500 0.075000
0 0.148125 0.644375 0.051250 0.051250
0 0.060000 0.743750 0.065000 0.065000
0 0.674375 0.464375 0.063750 0.063750
0 0.932500 0.886250 0.085000 0.072500
0 0.100625 0.239375 0.066250 0.066250
0 0.898750 0.793750 0.045000 0.045000
0 0.523125 0.821875 0.073750 0.073750
0 0.966875 0.435625 0.031250 0.023750
0 0.443125 0.339375 0.091250 0.091250
0 0.657500 0.758750 0.087500 0.087500
0 0.683125 0.382500 0.063750 0.052500
0 0.812500 0.343125 0.092500 0.076250
0 0.358750 0.064375 0.065000 0.053750
0 0.450000 0.030000 0.025000 0.025000
0 0.496250 0.183750 0.057500 0.057500
0 0.367500 0.510000 0.037500 0.037500
0 0.179375 0.431875 0.111250 0.111250
0 0.584375 0.648125 0.048750 0.081250
0 0.273750 0.362500 0.052500 0.052500
0 0.853125 0.456250 0.096250 0.097500
0 0.717500 0.552500 0.027500 0.027500
0 0.764375 0.460625 0.046250 0.046250
0 0.213750 0.121250 0.105000 0.105000
0 0.921250 0.077500 0.050000 0.050000
0 0.278125 0.721250 0.066250 0.067500
0 0.759375 0.167500 0.106250 0.107500
0 0.744375 0.946875 0.048750 0.048750
0 0.533750 0.935000 0.075000 0.075000
0 0.472500 0.451250 0.107500 0.107500
0 0.380625 0.741875 0.106250 0.106250
0 0.266875 0.041875 0.038750 0.038750
0 0.076875 0.503125 0.068750 0.068750
0 0.770625 0.844375 0.098750 0.098750
0 0.055625 0.669375 0.026250 0.026250
0 0.586250 0.283750 0.082500 0.082500
0 0.053750 0.925000 0.032500 0.032500
0 0.524375 0.081875 0.096250 0.068750
0 0.142500 0.582500 0.050000 0.050000
0 0.617500 0.947500 0.052500 0.052500
0 0.200625 0.816875 0.091250 0.091250
0 0.592500 0.550000 0.060000 0.055000
0 0.870625 0.711875 0.093750 0.086250