0 0.954375 0.210625 0.026250 0.023750
0 0.480625 0.529375 0.038750 0.026250
0 0.333125 0.648125 0.106250 0.106250
0 0.240000 0.845000 0.085000 0.085000
0 0.516250 0.706250 0.082500 0.082500
0 0.682500 0.367500 0.070000 0.070000
0 0.920625 0.628125 0.091250 0.091250
0 0.188125 0.209375 0.098750 0.098750
0 0.271875 0.525625 0.111250 0.111250
0 0.746875 0.623750 0.088750 0.105000
0 0.761875 0.263125 0.111250 0.116250
0 0.488125 0.636875 0.038750 0.038750
0 0.841875 0.824375 0.103750 0.103750
0 0.285000 0.765000 0.050000 0.050000
0 0.385000 0.327500 0.035000 0.032500
0 0.622500 0.232500 0.072500 0.067500
0 0.637500 0.749375 0.090000 0.083750
0 0.134375 0.663125 0.078750 0.078750
0 0.087500 0.916250 0.097500 0.097500
0 0.410000 0.223750 0.032500 0.032500
0 0.168125 0.366875 0.093750 0.093750
0 0.913750 0.118750 0.057500 0.057500
0 0.522500 0.326250 0.102500 0.102500
0 0.825000 0.042500 0.055000 0.055000
0 0.051250 0.475000 0.077500 0.050000
0 0.135625 0.808750 0.103750 0.067500
0 0.102500 0.079375 0.025000 0.016250
0 0.681250 0.084375 0.052500 0.033750
0 0.512500 0.081250 0.055000 0.055000
0 0.517500 0.858750 0.045000 0.045000
0 0.913750 0.271875 0.080000 0.081250
0 0.061250 0.146250 0.045000 0.045000
0 0.806875 0.929375 0.026250 0.026250
0 0.630625 0.885625 0.103750 0.103750
0 0.576250 0.475000 0.102500 0.102500
0 0.220000 0.936250 0.057500 0.057500
0 0.416875 0.828125 0.066250 0.066250
0 0.798750 0.500000 0.110000 0.055000
0 0.491250 0.569375 0.027500 0.013750
0 0.333750 0.283125 0.072500 0.036250
0 0.396875 0.425625 0.103750 0.116250
0 0.060625 0.709375 0.048750 0.048750
0 0.415625 0.125625 0.086250 0.086250
0 0.797500 0.428750 0.042500 0.042500
0 0.893125 0.373750 0.108750 0.100000
0 0.482500 0.215625 0.042500 0.038750
0 0.826250 0.134375 0.052500 0.048750
0 0.181875 0.086875 0.108750 0.108750
0 0.062500 0.211250 0.070000 0.070000
0 0.284375 0.369375 0.038750 0.038750
0 0.348125 0.915625 0.081250 0.081250
0 0.660625 0.646250 0.051250 0.052500
0 0.356250 0.220000 0.055000 0.055000
0 0.681250 0.518750 0.057500 0.057500
0 0.348750 0.786250 0.052500 0.052500
0 0.584375 0.598125 0.078750 0.078750
0 0.390625 0.550625 0.046250 0.046250
0 0.722500 0.813750 0.047500 0.047500
0 0.298750 0.080625 0.077500 0.106250
0 0.783125 0.723125 0.061250 0.061250
0 0.103125 0.583125 0.066250 0.066250