0 0.807500 0.217500 0.072500 0.072500
0 0.066875 0.783125 0.043750 0.043750
0 0.696250 0.586250 0.097500 0.097500
0 0.184375 0.191875 0.056250 0.056250
0 0.147500 0.066250 0.032500 0.032500
0 0.416875 0.264375 0.066250 0.066250
0 0.140625 0.426875 0.076250 0.068750
0 0.386250 0.128750 0.032500 0.032500
0 0.892500 0.510000 0.055000 0.055000
0 0.713750 0.051250 0.027500 0.047500
0 0.430000 0.086875 0.030000 0.051250
0 0.483750 0.258750 0.037500 0.032500
0 0.281250 0.470625 0.047500 0.046250
0 0.569375 0.846875 0.048750 0.048750
0 0.287500 0.203750 0.075000 0.075000
0 0.651875 0.768125 0.096250 0.096250
0 0.215000 0.626250 0.105000 0.105000
0 0.100625 0.604375 0.068750 0.068750
0 0.213125 0.939375 0.036250 0.033750
0 0.731875 0.402500 0.048750 0.045000
0 0.905625 0.773750 0.056250 0.052500
0 0.793125 0.738750 0.048750 0.045000
0 0.093125 0.354375 0.028750 0.028750
0 0.277500 0.102500 0.090000 0.090000
0 0.177500 0.833750 0.070000 0.070000
0 0.783125 0.313750 0.081250 0.057500
0 0.161875 0.506250 0.063750 0.045000
0 0.528125 0.374375 0.031250 0.021250
0 0.480000 0.853125 0.097500 0.121250
0 0.918125 0.293125 0.051250 0.063750
0 0.615625 0.095625 0.056250 0.056250
0 0.512500 0.460000 0.085000 0.085000
0 0.413125 0.688125 0.106250 0.106250
0 0.343125 0.554375 0.091250 0.091250
0 0.570000 0.565000 0.055000 0.055000
0 0.873750 0.585000 0.080000 0.080000
0 0.598125 0.345625 0.081250 0.081250
0 0.268750 0.406250 0.082500 0.067500
0 0.760000 0.923125 0.112500 0.091250
0 0.108750 0.260000 0.065000 0.052500
0 0.501875 0.543125 0.063750 0.051250
0 0.344375 0.460625 0.051250 0.051250
0 0.070000 0.726250 0.025000 0.025000
0 0.139375 0.129375 0.038750 0.046250
0 0.073750 0.922500 0.110000 0.090000
0 0.946875 0.136875 0.068750 0.068750
0 0.658125 0.436875 0.081250 0.081250
0 0.647500 0.230000 0.075000 0.075000
0 0.616250 0.916250 0.075000 0.075000
0 0.328125 0.296875 0.093750 0.093750
0 0.331875 0.863125 0.056250 0.056250
0 0.766875 0.491250 0.073750 0.070000
0 0.184375 0.340625 0.036250 0.033750
0 0.480000 0.171875 0.102500 0.098750
0 0.877500 0.386875 0.090000 0.086250
0 0.535625 0.690625 0.106250 0.128750
0 0.799375 0.641250 0.033750 0.040000
0 0.173750 0.942500 0.025000 0.025000
0 0.805625 0.818125 0.098750 0.098750
0 0.281250 0.728125 0.032500 0.033750
0 0.210000 0.738125 0.052500 0.053750
0 0.957500 0.433750 0.042500 0.042500
0 0.080000 0.137500 0.060000 0.060000
0 0.860625 0.125000 0.038750 0.040000
0 0.349375 0.390000 0.053750 0.042500
0 0.926250 0.873750 0.077500 0.062500
0 0.520625 0.055000 0.083750 0.072500
0 0.693750 0.324375 0.080000 0.096250
0 0.245000 0.807500 0.042500 0.042500
0 0.046250 0.461250 0.065000 0.065000
0 0.250625 0.866875 0.061250 0.061250
0 0.381875 0.791875 0.071250 0.071250
0 0.314375 0.951875 0.043750 0.043750
0 0.041875 0.260625 0.038750 0.038750
0 0.611875 0.611875 0.031250 0.021250
0 0.958125 0.675000 0.038750 0.027500
0 0.878750 0.666875 0.047500 0.046250
0 0.673125 0.158750 0.066250 0.047500
0 0.968125 0.490625 0.033750 0.043750
0 0.787500 0.057500 0.062500 0.082500
0 0.365000 0.180000 0.032500 0.032500
0 0.371875 0.946875 0.026250 0.026250
0 0.958750 0.568750 0.052500 0.052500
0 0.791875 0.141875 0.041250 0.041250
0 0.759375 0.656875 0.026250 0.026250
0 0.421250 0.452500 0.070000 0.070000
0 0.913750 0.217500 0.062500 0.057500
0 0.124375 0.678750 0.036250 0.042500