0 0.494375 0.243125 0.091250 0.091250
0 0.922500 0.468750 0.080000 0.080000
0 0.802500 0.062500 0.077500 0.077500
0 0.411875 0.614375 0.086250 0.086250
0 0.124375 0.768125 0.061250 0.036250
0 0.661875 0.428125 0.111250 0.111250
0 0.093750 0.426250 0.095000 0.087500
0 0.294375 0.320625 0.033750 0.031250
0 0.211875 0.886875 0.111250 0.111250
0 0.836875 0.825625 0.036250 0.036250
0 0.553750 0.410000 0.077500 0.077500
0 0.407500 0.378750 0.082500 0.082500
0 0.438750 0.715000 0.040000 0.040000
0 0.931250 0.623750 0.035000 0.035000
0 0.746250 0.683750 0.042500 0.042500
0 0.155625 0.534375 0.071250 0.071250
0 0.780000 0.900000 0.075000 0.075000
0 0.396875 0.804375 0.071250 0.071250
0 0.411250 0.305625 0.027500 0.038750
0 0.315000 0.417500 0.080000 0.100000
0 0.322500 0.528125 0.085000 0.058750
0 0.359375 0.290625 0.031250 0.023750
0 0.267500 0.070000 0.112500 0.107500
0 0.283750 0.206250 0.042500 0.042500
0 0.778750 0.585000 0.075000 0.075000
0 0.191250 0.365000 0.040000 0.040000
0 0.298125 0.626875 0.103750 0.103750
0 0.046250 0.920000 0.042500 0.042500
0 0.067500 0.283750 0.037500 0.037500
0 0.938750 0.060000 0.095000 0.095000
0 0.096875 0.178125 0.058750 0.056250
0 0.435625 0.466875 0.071250 0.068750
0 0.149375 0.673125 0.108750 0.106250
0 0.925625 0.699375 0.101250 0.098750
0 0.461875 0.069375 0.091250 0.091250
0 0.676250 0.287500 0.092500 0.092500
0 0.301250 0.906250 0.050000 0.050000
0 0.658125 0.069375 0.038750 0.038750
0 0.898750 0.902500 0.037500 0.037500
0 0.591250 0.676875 0.105000 0.153750
0 0.877500 0.328750 0.082500 0.120000
0 0.108125 0.906250 0.063750 0.092500
0 0.642500 0.927500 0.080000 0.080000
0 0.216250 0.581250 0.032500 0.032500
0 0.085625 0.071875 0.101250 0.101250
0 0.490625 0.886250 0.101250 0.097500
0 0.356250 0.221250 0.050000 0.050000
0 0.756875 0.480625 0.046250 0.046250
0 0.116250 0.341250 0.042500 0.042500
0 0.867500 0.073125 0.032500 0.033750
0 0.818125 0.163125 0.108750 0.108750
0 0.781875 0.295625 0.061250 0.073750
0 0.487500 0.796875 0.055000 0.066250
0 0.764375 0.785625 0.071250 0.086250
0 0.592500 0.086250 0.070000 0.085000
0 0.231875 0.439375 0.033750 0.033750