0 0.055625 0.045000 0.031250 0.025000
0 0.436875 0.911250 0.033750 0.027500
0 0.324375 0.858125 0.056250 0.046250
0 0.634375 0.836875 0.083750 0.068750
0 0.851875 0.513125 0.091250 0.091250
0 0.128125 0.238125 0.041250 0.046250
0 0.129375 0.631875 0.048750 0.048750
0 0.752500 0.852500 0.077500 0.077500
0 0.661250 0.640000 0.047500 0.047500
0 0.536875 0.303125 0.066250 0.066250
0 0.954375 0.529375 0.041250 0.041250
0 0.876250 0.166250 0.035000 0.035000
0 0.421875 0.608125 0.066250 0.066250
0 0.834375 0.827500 0.051250 0.040000
0 0.483125 0.463125 0.106250 0.106250
0 0.380625 0.713125 0.061250 0.061250
0 0.808125 0.114375 0.083750 0.083750
0 0.044375 0.141875 0.063750 0.063750
0 0.828125 0.334375 0.086250 0.086250
0 0.221875 0.083125 0.108750 0.108750
0 0.082500 0.327500 0.050000 0.050000
0 0.308125 0.489375 0.043750 0.043750
0 0.590625 0.109375 0.101250 0.101250
0 0.070000 0.396250 0.032500 0.025000
0 0.340000 0.278750 0.075000 0.060000
0 0.045000 0.920000 0.032500 0.025000
0 0.659375 0.916875 0.046250 0.036250
0 0.530625 0.598125 0.103750 0.108750
0 0.108125 0.551875 0.031250 0.031250
0 0.900625 0.853125 0.063750 0.063750
0 0.449375 0.053125 0.058750 0.058750
0 0.920625 0.724375 0.088750 0.071250
0 0.241250 0.190000 0.037500 0.037500
0 0.614375 0.343125 0.041250 0.038750
0 0.513125 0.800625 0.103750 0.098750
0 0.376250 0.192500 0.045000 0.042500
0 0.841875 0.430625 0.041250 0.038750
0 0.725625 0.439375 0.103750 0.103750
0 0.696250 0.146250 0.090000 0.090000
0 0.233125 0.381875 0.068750 0.068750
0 0.936875 0.326250 0.101250 0.082500
0 0.741250 0.762500 0.045000 0.045000
0 0.253125 0.278125 0.031250 0.031250
0 0.343750 0.391250 0.100000 0.100000
0 0.412500 0.807500 0.042500 0.042500
0 0.231875 0.760000 0.046250 0.037500
0 0.733125 0.555625 0.036250 0.028750
0 0.196250 0.849375 0.107500 0.086250
0 0.298125 0.700625 0.058750 0.053750
0 0.221875 0.481875 0.088750 0.088750
0 0.661250 0.526250 0.027500 0.027500
0 0.522500 0.212500 0.070000 0.070000
0 0.068750 0.760625 0.080000 0.086250
0 0.720000 0.930000 0.055000 0.050000
0 0.197500 0.643750 0.030000 0.030000
0 0.520000 0.927500 0.095000 0.095000
0 0.713750 0.630000 0.040000 0.040000
0 0.351875 0.082500 0.101250 0.095000