0 0.389375 0.608125 0.096250 0.096250
0 0.248750 0.930000 0.067500 0.067500
0 0.720625 0.569375 0.061250 0.061250
0 0.469375 0.701875 0.071250 0.071250
0 0.496250 0.063750 0.067500 0.067500
0 0.132500 0.820000 0.060000 0.060000
0 0.763125 0.896250 0.061250 0.060000
0 0.631875 0.280000 0.091250 0.082500
0 0.127500 0.423125 0.070000 0.063750
0 0.163750 0.301250 0.047500 0.047500
0 0.428125 0.423125 0.086250 0.086250
0 0.601250 0.516250 0.100000 0.137500
0 0.698750 0.720000 0.072500 0.100000
0 0.738125 0.339375 0.098750 0.091250
0 0.883125 0.777500 0.088750 0.082500
0 0.138125 0.535625 0.106250 0.098750
0 0.886250 0.570000 0.045000 0.037500
0 0.233125 0.166875 0.033750 0.028750
0 0.500625 0.182500 0.108750 0.092500
0 0.886250 0.918750 0.072500 0.072500
0 0.236250 0.832500 0.102500 0.102500
0 0.116250 0.722500 0.112500 0.112500
0 0.460625 0.921875 0.088750 0.088750
0 0.635625 0.849375 0.108750 0.108750
0 0.428750 0.278125 0.055000 0.031250
0 0.571250 0.731250 0.070000 0.040000
0 0.329375 0.279375 0.063750 0.036250
0 0.243750 0.547500 0.037500 0.037500
0 0.894375 0.173750 0.043750 0.045000
0 0.923125 0.431250 0.038750 0.040000
0 0.066250 0.863750 0.050000 0.052500
0 0.301875 0.039375 0.051250 0.053750
0 0.534375 0.806875 0.053750 0.053750
0 0.047500 0.362500 0.057500 0.057500
0 0.238125 0.440625 0.071250 0.071250
0 0.954375 0.951875 0.026250 0.026250
0 0.134375 0.115625 0.098750 0.086250
0 0.140000 0.217500 0.062500 0.062500
0 0.678750 0.128750 0.067500 0.067500
0 0.278750 0.631250 0.105000 0.105000
0 0.856875 0.324375 0.106250 0.106250
0 0.394375 0.185625 0.081250 0.081250
0 0.462500 0.772500 0.055000 0.055000
0 0.727500 0.044375 0.060000 0.053750
0 0.320625 0.470000 0.073750 0.065000
0 0.770625 0.469375 0.086250 0.088750
0 0.535625 0.373125 0.038750 0.031250
0 0.670000 0.933125 0.055000 0.043750
0 0.456875 0.494375 0.051250 0.041250
0 0.370000 0.767500 0.065000 0.065000
0 0.958125 0.726875 0.033750 0.033750
0 0.033125 0.171875 0.026250 0.026250
0 0.850625 0.668125 0.093750 0.093750
0 0.762500 0.201250 0.080000 0.057500
0 0.347500 0.887500 0.092500 0.067500
0 0.875625 0.489375 0.053750 0.053750
0 0.595625 0.073125 0.068750 0.068750
0 0.791875 0.763125 0.076250 0.076250
0 0.296875 0.544375 0.031250 0.031250
0 0.531250 0.420000 0.037500 0.037500
0 0.814375 0.094375 0.046250 0.046250
0 0.884375 0.043125 0.046250 0.046250
0 0.263750 0.356250 0.075000 0.075000
0 0.170000 0.933750 0.052500 0.052500
0 0.520000 0.298750 0.072500 0.072500
0 0.943125 0.661875 0.028750 0.023750
0 0.955000 0.607500 0.052500 0.052500
0 0.570625 0.660000 0.108750 0.077500
0 0.348125 0.371875 0.028750 0.028750
0 0.838125 0.856250 0.028750 0.027500
0 0.948750 0.287500 0.045000 0.045000
0 0.839375 0.198125 0.043750 0.043750
0 0.606250 0.378750 0.072500 0.072500
0 0.915625 0.230625 0.041250 0.041250
0 0.383125 0.102500 0.076250 0.062500
0 0.228125 0.249375 0.066250 0.053750
0 0.156875 0.620625 0.036250 0.036250
0 0.950000 0.492500 0.055000 0.045000
0 0.086875 0.631875 0.038750 0.036250
0 0.248125 0.735000 0.088750 0.075000
0 0.678750 0.188750 0.030000 0.025000