0 0.717500 0.192500 0.095000 0.095000
0 0.856875 0.886875 0.053750 0.053750
0 0.256250 0.446250 0.030000 0.030000
0 0.536250 0.755000 0.055000 0.055000
0 0.069375 0.554375 0.026250 0.026250
0 0.666875 0.516875 0.046250 0.046250
0 0.429375 0.211875 0.058750 0.058750
0 0.290625 0.110000 0.098750 0.062500
0 0.096250 0.656875 0.077500 0.048750
0 0.608125 0.564375 0.041250 0.026250
0 0.370000 0.678125 0.060000 0.056250
0 0.724375 0.080625 0.041250 0.038750
0 0.681250 0.451875 0.062500 0.058750
0 0.245625 0.848125 0.088750 0.083750
0 0.158750 0.323125 0.057500 0.053750
0 0.840625 0.089375 0.088750 0.076250
0 0.486250 0.391250 0.085000 0.072500
0 0.144375 0.563750 0.078750 0.067500
0 0.623750 0.662500 0.037500 0.037500
0 0.924375 0.749375 0.078750 0.078750
0 0.083125 0.080000 0.093750 0.080000
0 0.123125 0.863125 0.098750 0.083750
0 0.892500 0.550000 0.092500 0.092500
0 0.379375 0.844375 0.066250 0.066250
0 0.680000 0.911250 0.105000 0.105000
0 0.356250 0.592500 0.097500 0.097500
0 0.406250 0.066250 0.070000 0.070000
0 0.715000 0.630000 0.107500 0.107500
0 0.216875 0.658125 0.103750 0.103750
0 0.952500 0.087500 0.037500 0.037500
0 0.549375 0.576875 0.033750 0.033750
0 0.833125 0.701250 0.026250 0.025000
0 0.605000 0.819375 0.047500 0.046250
0 0.588125 0.383750 0.043750 0.042500
0 0.091250 0.438125 0.110000 0.093750
0 0.805625 0.780625 0.063750 0.063750
0 0.515625 0.884375 0.093750 0.093750
0 0.368125 0.432500 0.061250 0.032500
0 0.137500 0.196875 0.060000 0.031250
0 0.850625 0.174375 0.028750 0.028750
0 0.324375 0.255625 0.073750 0.073750
0 0.580000 0.110625 0.077500 0.093750
0 0.764375 0.346875 0.071250 0.066250
0 0.858125 0.400000 0.076250 0.090000
0 0.256250 0.361250 0.097500 0.115000
0 0.237500 0.236875 0.035000 0.041250
0 0.601250 0.270625 0.090000 0.093750
0 0.865000 0.308125 0.045000 0.046250
0 0.456875 0.506875 0.068750 0.071250
0 0.397500 0.938750 0.042500 0.047500
0 0.937500 0.442500 0.025000 0.017500
0 0.473750 0.288750 0.102500 0.075000
0 0.481250 0.605625 0.075000 0.088750
0 0.228125 0.510625 0.068750 0.081250
0 0.041875 0.302500 0.056250 0.057500
0 0.785625 0.889375 0.073750 0.071250
0 0.920000 0.168125 0.075000 0.063750
0 0.948750 0.936250 0.060000 0.050000
0 0.808125 0.238125 0.046250 0.056250
0 0.319375 0.771875 0.053750 0.053750