0 0.277500 0.770000 0.090000 0.090000
0 0.343125 0.179375 0.056250 0.056250
0 0.446875 0.558125 0.103750 0.103750
0 0.433125 0.674375 0.051250 0.051250
0 0.375625 0.331875 0.108750 0.108750
0 0.481875 0.315625 0.076250 0.076250
0 0.605000 0.882500 0.075000 0.075000
0 0.601875 0.526250 0.106250 0.097500
0 0.195625 0.282500 0.101250 0.092500
0 0.728750 0.685000 0.082500 0.082500
0 0.806250 0.550000 0.062500 0.062500
0 0.624375 0.785625 0.091250 0.091250
0 0.822500 0.847500 0.087500 0.087500
0 0.122500 0.466875 0.090000 0.071250
0 0.150625 0.727500 0.101250 0.080000
0 0.769375 0.343750 0.041250 0.032500
0 0.616875 0.141875 0.066250 0.066250
0 0.810000 0.266250 0.102500 0.102500
0 0.728750 0.926875 0.062500 0.053750
0 0.188125 0.601875 0.108750 0.093750
0 0.588750 0.640625 0.062500 0.053750
0 0.615625 0.329375 0.106250 0.106250
0 0.313750 0.507500 0.065000 0.065000
0 0.843125 0.145625 0.036250 0.036250
0 0.457500 0.874375 0.112500 0.113750
0 0.752500 0.140625 0.067500 0.073750
0 0.465625 0.119375 0.081250 0.081250
0 0.096250 0.147500 0.037500 0.035000
0 0.068750 0.350625 0.085000 0.088750
0 0.361875 0.854375 0.053750 0.056250
0 0.892500 0.769375 0.042500 0.043750
0 0.895000 0.408125 0.102500 0.106250
0 0.070625 0.873125 0.111250 0.111250
0 0.232500 0.420000 0.040000 0.040000
0 0.468125 0.213125 0.071250 0.071250
0 0.931875 0.573125 0.103750 0.103750
0 0.216875 0.061875 0.071250 0.071250
0 0.927500 0.231250 0.105000 0.105000
0 0.322500 0.063750 0.082500 0.082500
0 0.733125 0.440000 0.076250 0.092500
0 0.089375 0.257500 0.036250 0.027500
0 0.898125 0.706875 0.083750 0.063750
0 0.618750 0.210000 0.072500 0.055000
0 0.533125 0.733750 0.076250 0.095000
0 0.080625 0.073125 0.071250 0.071250
0 0.081250 0.632500 0.047500 0.047500
0 0.208750 0.903750 0.070000 0.070000
0 0.298125 0.624375 0.076250 0.076250
0 0.462500 0.456250 0.062500 0.062500
0 0.938125 0.126250 0.066250 0.055000
0 0.968750 0.683125 0.035000 0.028750
0 0.263750 0.191875 0.070000 0.058750
0 0.845625 0.074375 0.091250 0.076250
0 0.167500 0.159375 0.072500 0.058750
0 0.356250 0.576875 0.025000 0.026250
0 0.618750 0.422500 0.047500 0.047500
0 0.941250 0.887500 0.090000 0.090000
0 0.830000 0.952500 0.032500 0.037500
0 0.426875 0.744375 0.051250 0.051250
0 0.070625 0.730625 0.036250 0.036250
0 0.746250 0.760000 0.030000 0.030000
0 0.208125 0.368750 0.048750 0.045000
0 0.383750 0.673125 0.030000 0.026250
0 0.311250 0.438125 0.037500 0.026250
0 0.815625 0.772500 0.061250 0.042500
0 0.559375 0.074375 0.051250 0.036250
0 0.216875 0.492500 0.063750 0.090000
0 0.713750 0.238750 0.037500 0.035000