0 0.816250 0.570625 0.062500 0.051250
0 0.363125 0.870625 0.058750 0.048750
0 0.404375 0.583750 0.031250 0.025000
0 0.632500 0.850625 0.052500 0.043750
0 0.340000 0.405625 0.097500 0.118750
0 0.048125 0.851875 0.066250 0.066250
0 0.827500 0.207500 0.095000 0.095000
0 0.298125 0.225625 0.061250 0.061250
0 0.550625 0.773125 0.033750 0.033750
0 0.500625 0.639375 0.068750 0.068750
0 0.050625 0.935000 0.051250 0.050000
0 0.321250 0.123125 0.025000 0.023750
0 0.568750 0.668125 0.052500 0.051250
0 0.212500 0.668750 0.092500 0.090000
0 0.926250 0.863125 0.097500 0.056250
0 0.161250 0.763750 0.032500 0.032500
0 0.055000 0.353750 0.077500 0.077500
0 0.701875 0.281875 0.091250 0.091250
0 0.425000 0.515000 0.052500 0.052500
0 0.293125 0.053125 0.053750 0.053750
0 0.785625 0.081250 0.068750 0.070000
0 0.287500 0.861875 0.077500 0.078750
0 0.716250 0.058750 0.047500 0.047500
0 0.096250 0.711875 0.077500 0.078750
0 0.576875 0.204375 0.108750 0.128750
0 0.463750 0.720000 0.055000 0.065000
0 0.640625 0.577500 0.061250 0.072500
0 0.922500 0.708750 0.067500 0.067500
0 0.164375 0.184375 0.028750 0.028750
0 0.298125 0.773750 0.066250 0.065000
0 0.131875 0.445625 0.053750 0.053750
0 0.295000 0.552500 0.105000 0.105000
0 0.678750 0.427500 0.082500 0.082500
0 0.088125 0.183125 0.091250 0.091250
0 0.925000 0.233750 0.072500 0.072500
0 0.205625 0.905625 0.058750 0.058750
0 0.481250 0.172500 0.060000 0.060000
0 0.559375 0.354375 0.078750 0.078750
0 0.211875 0.063125 0.061250 0.061250
0 0.676250 0.676250 0.050000 0.050000
0 0.914375 0.094375 0.106250 0.106250
0 0.850625 0.455625 0.086250 0.086250
0 0.690000 0.140000 0.092500 0.092500
0 0.947500 0.386250 0.055000 0.055000
0 0.095625 0.548125 0.026250 0.026250
0 0.811875 0.799375 0.101250 0.101250
0 0.828750 0.312500 0.060000 0.060000
0 0.462500 0.887500 0.110000 0.102500
0 0.453125 0.079375 0.106250 0.098750
0 0.107500 0.043750 0.065000 0.052500
0 0.460000 0.400000 0.080000 0.090000
0 0.241875 0.321875 0.058750 0.058750
0 0.905625 0.559375 0.096250 0.096250
0 0.186875 0.500625 0.043750 0.031250
0 0.568125 0.901250 0.056250 0.052500
0 0.724375 0.511875 0.061250 0.068750
0 0.173750 0.251875 0.057500 0.063750
0 0.291875 0.937500 0.031250 0.035000
0 0.713750 0.743750 0.040000 0.040000
0 0.041875 0.618125 0.041250 0.043750
0 0.828125 0.676250 0.073750 0.087500
0 0.181875 0.368125 0.046250 0.046250
0 0.241250 0.748750 0.027500 0.027500
0 0.915625 0.309375 0.056250 0.056250
0 0.325625 0.673125 0.108750 0.108750
0 0.443750 0.235625 0.047500 0.038750
0 0.123125 0.352500 0.033750 0.027500
0 0.047500 0.545000 0.025000 0.022500
0 0.541250 0.510000 0.100000 0.097500
0 0.813750 0.959375 0.027500 0.026250
0 0.116250 0.627500 0.032500 0.032500
0 0.561875 0.045625 0.058750 0.058750
0 0.741250 0.596250 0.060000 0.060000
0 0.612500 0.783750 0.057500 0.057500
0 0.165000 0.575000 0.040000 0.037500
0 0.215000 0.416250 0.035000 0.035000
0 0.181875 0.123125 0.033750 0.033750
0 0.448125 0.296875 0.066250 0.066250
0 0.693750 0.915000 0.057500 0.057500
0 0.776250 0.885000 0.050000 0.050000
0 0.813125 0.379375 0.036250 0.036250
0 0.946875 0.783125 0.066250 0.066250
0 0.373750 0.778750 0.060000 0.060000