0 0.341250 0.749375 0.060000 0.056250
0 0.316250 0.176875 0.102500 0.086250
0 0.836250 0.415000 0.032500 0.027500
0 0.116875 0.511875 0.046250 0.038750
0 0.677500 0.728125 0.112500 0.136250
0 0.516250 0.926875 0.097500 0.093750
0 0.715625 0.193750 0.093750 0.090000
0 0.368125 0.482500 0.056250 0.082500
0 0.529375 0.525625 0.076250 0.111250
0 0.920625 0.176250 0.083750 0.122500
0 0.300000 0.401250 0.027500 0.040000
0 0.573125 0.091875 0.086250 0.086250
0 0.783750 0.295000 0.072500 0.072500
0 0.470000 0.328750 0.042500 0.042500
0 0.830625 0.170625 0.051250 0.051250
0 0.661875 0.060625 0.038750 0.038750
0 0.671875 0.511875 0.063750 0.063750
0 0.928125 0.590625 0.103750 0.133750
0 0.496875 0.636250 0.038750 0.050000
0 0.813125 0.616250 0.041250 0.052500
0 0.271250 0.803125 0.047500 0.061250
0 0.115625 0.161875 0.096250 0.088750
0 0.933125 0.721250 0.108750 0.087500
0 0.777500 0.093750 0.035000 0.027500
0 0.118750 0.848125 0.110000 0.088750
0 0.203125 0.471875 0.106250 0.106250
0 0.295625 0.478125 0.051250 0.051250
0 0.828750 0.890625 0.100000 0.108750
0 0.595625 0.279375 0.063750 0.068750
0 0.096250 0.342500 0.077500 0.077500
0 0.922500 0.315000 0.055000 0.055000
0 0.776250 0.507500 0.082500 0.095000
0 0.131250 0.604375 0.107500 0.123750
0 0.778125 0.767500 0.046250 0.052500
0 0.431875 0.422500 0.026250 0.030000
0 0.283125 0.664375 0.061250 0.061250
0 0.409375 0.925625 0.081250 0.081250
0 0.508750 0.228750 0.065000 0.065000
0 0.482500 0.739375 0.100000 0.096250
0 0.689375 0.874375 0.091250 0.091250
0 0.381875 0.085625 0.061250 0.063750
0 0.240000 0.342500 0.065000 0.067500
0 0.191250 0.745000 0.075000 0.065000
0 0.266250 0.581250 0.087500 0.090000
0 0.401250 0.312500 0.057500 0.057500
0 0.703125 0.291875 0.028750 0.028750
0 0.696875 0.623125 0.043750 0.043750
0 0.231250 0.103125 0.080000 0.046250
0 0.099375 0.744375 0.081250 0.066250
0 0.311250 0.922500 0.065000 0.065000
0 0.635000 0.385000 0.110000 0.110000
0 0.110000 0.061250 0.095000 0.095000
0 0.902500 0.390000 0.042500 0.042500
0 0.121875 0.943125 0.033750 0.033750
0 0.888125 0.061875 0.078750 0.078750
0 0.110625 0.454375 0.048750 0.048750
0 0.035000 0.175000 0.027500 0.027500
0 0.405625 0.596875 0.101250 0.101250
0 0.270625 0.254375 0.033750 0.033750
0 0.481250 0.087500 0.062500 0.062500
0 0.694375 0.118125 0.053750 0.041250
0 0.595000 0.621250 0.040000 0.040000
0 0.750000 0.385000 0.040000 0.035000