0 0.266875 0.241875 0.048750 0.048750
0 0.800000 0.128750 0.050000 0.050000
0 0.543125 0.628125 0.066250 0.066250
0 0.391875 0.315625 0.046250 0.046250
0 0.088125 0.384375 0.053750 0.053750
0 0.915000 0.420000 0.057500 0.057500
0 0.868125 0.820625 0.031250 0.031250
0 0.901875 0.225625 0.028750 0.028750
0 0.597500 0.821250 0.030000 0.030000
0 0.055625 0.663125 0.061250 0.048750
0 0.920000 0.644375 0.082500 0.066250
0 0.111875 0.315000 0.066250 0.052500
0 0.805000 0.936875 0.045000 0.036250
0 0.726875 0.413125 0.103750 0.103750
0 0.155000 0.812500 0.030000 0.022500
0 0.222500 0.741250 0.065000 0.050000
0 0.289375 0.939375 0.043750 0.033750
0 0.850000 0.752500 0.100000 0.077500
0 0.725625 0.823125 0.028750 0.026250
0 0.566875 0.921250 0.088750 0.105000
0 0.125000 0.560625 0.095000 0.076250
0 0.110625 0.081875 0.026250 0.026250
0 0.294375 0.119375 0.083750 0.083750
0 0.940000 0.888750 0.085000 0.085000
0 0.283750 0.587500 0.112500 0.112500
0 0.777500 0.528750 0.075000 0.075000
0 0.910625 0.556875 0.086250 0.086250
0 0.648750 0.507500 0.027500 0.027500
0 0.450625 0.563125 0.096250 0.096250
0 0.065000 0.898125 0.040000 0.068750
0 0.468750 0.140000 0.105000 0.105000
0 0.486250 0.441250 0.040000 0.037500
0 0.186875 0.463125 0.058750 0.058750
0 0.331250 0.771250 0.087500 0.087500
0 0.393750 0.413750 0.110000 0.110000
0 0.688750 0.105000 0.107500 0.107500
0 0.485000 0.036250 0.047500 0.047500
0 0.658750 0.733750 0.097500 0.097500
0 0.586875 0.414375 0.108750 0.108750
0 0.547500 0.332500 0.027500 0.027500
0 0.172500 0.903750 0.110000 0.110000
0 0.220000 0.350000 0.100000 0.100000
0 0.435625 0.818125 0.093750 0.116250
0 0.809375 0.233125 0.106250 0.106250
0 0.242500 0.041250 0.040000 0.040000
0 0.078750 0.216250 0.095000 0.095000
0 0.739375 0.625625 0.088750 0.068750
0 0.476875 0.308125 0.066250 0.051250
0 0.453750 0.671250 0.090000 0.070000