0 0.930625 0.635625 0.071250 0.071250
0 0.233125 0.215625 0.076250 0.076250
0 0.405000 0.781250 0.050000 0.050000
0 0.797500 0.677500 0.052500 0.052500
0 0.210625 0.465625 0.076250 0.076250
0 0.603750 0.049375 0.045000 0.041250
0 0.653125 0.718750 0.068750 0.082500
0 0.770625 0.260000 0.098750 0.117500
0 0.036875 0.773125 0.038750 0.046250
0 0.471875 0.378750 0.108750 0.130000
0 0.376250 0.708750 0.057500 0.057500
0 0.507500 0.627500 0.095000 0.095000
0 0.485625 0.180625 0.106250 0.106250
0 0.267500 0.900625 0.027500 0.026250
0 0.898125 0.146250 0.061250 0.060000
0 0.897500 0.918125 0.087500 0.086250
0 0.233125 0.833750 0.073750 0.070000
0 0.925625 0.413750 0.086250 0.075000
0 0.781875 0.471875 0.036250 0.036250
0 0.256250 0.616875 0.032500 0.031250
0 0.098750 0.597500 0.092500 0.090000
0 0.560000 0.832500 0.090000 0.087500
0 0.868125 0.509375 0.053750 0.048750
0 0.616875 0.113125 0.053750 0.053750
0 0.756250 0.603750 0.045000 0.045000
0 0.695625 0.578125 0.041250 0.041250
0 0.683750 0.490000 0.072500 0.072500
0 0.245000 0.706250 0.095000 0.095000
0 0.673750 0.387500 0.070000 0.070000
0 0.456250 0.505625 0.085000 0.061250
0 0.439375 0.877500 0.078750 0.057500
0 0.114375 0.280625 0.091250 0.066250
0 0.283750 0.297500 0.037500 0.027500
0 0.638125 0.850000 0.028750 0.027500
0 0.477500 0.051875 0.047500 0.058750
0 0.619375 0.326875 0.026250 0.026250
0 0.846250 0.747500 0.057500 0.057500
0 0.910000 0.321250 0.075000 0.075000
0 0.336250 0.215000 0.085000 0.085000
0 0.315625 0.824375 0.038750 0.038750
0 0.725000 0.821250 0.047500 0.047500
0 0.740000 0.663125 0.035000 0.033750
0 0.360000 0.502500 0.045000 0.045000
0 0.469375 0.808125 0.053750 0.053750
0 0.325625 0.110625 0.073750 0.073750
0 0.757500 0.137500 0.112500 0.112500
0 0.053125 0.126875 0.051250 0.051250
0 0.123750 0.756250 0.085000 0.085000
0 0.604375 0.254375 0.078750 0.078750
0 0.113750 0.403750 0.085000 0.122500
0 0.190000 0.598125 0.070000 0.101250
0 0.366250 0.330625 0.060000 0.086250
0 0.066250 0.910625 0.082500 0.118750
0 0.073125 0.679375 0.036250 0.036250
0 0.610625 0.475625 0.046250 0.046250