0 0.190625 0.851875 0.068750 0.093750
0 0.122500 0.211875 0.072500 0.098750
0 0.707500 0.599375 0.055000 0.051250
0 0.708125 0.127500 0.101250 0.095000
0 0.541875 0.493750 0.066250 0.062500
0 0.685000 0.277500 0.037500 0.037500
0 0.353125 0.155625 0.043750 0.043750
0 0.802500 0.651250 0.112500 0.112500
0 0.322500 0.303750 0.077500 0.077500
0 0.455000 0.650000 0.105000 0.105000
0 0.221250 0.292500 0.087500 0.087500
0 0.193750 0.438750 0.055000 0.055000
0 0.540625 0.946875 0.043750 0.043750
0 0.614375 0.430625 0.043750 0.043750
0 0.171875 0.610625 0.098750 0.098750
0 0.771875 0.316875 0.096250 0.096250
0 0.837500 0.087500 0.072500 0.072500
0 0.651250 0.503750 0.080000 0.080000
0 0.492500 0.786875 0.072500 0.106250
0 0.520625 0.105625 0.108750 0.158750
0 0.866250 0.830000 0.055000 0.080000
0 0.143750 0.346875 0.030000 0.043750
0 0.027500 0.737500 0.027500 0.027500
0 0.122500 0.100625 0.030000 0.023750
0 0.433750 0.469375 0.100000 0.093750
0 0.361875 0.738125 0.048750 0.048750
0 0.375000 0.088125 0.070000 0.048750
0 0.047500 0.238750 0.050000 0.035000
0 0.180625 0.750625 0.048750 0.033750
0 0.258125 0.190625 0.091250 0.091250
0 0.636875 0.866250 0.078750 0.072500
0 0.098125 0.885000 0.078750 0.072500
0 0.380625 0.901875 0.041250 0.041250
0 0.401250 0.298750 0.047500 0.047500
0 0.742500 0.873750 0.072500 0.072500
0 0.830000 0.543750 0.075000 0.062500
0 0.312500 0.879375 0.070000 0.026250
0 0.573750 0.687500 0.057500 0.057500
0 0.072500 0.595000 0.082500 0.082500
0 0.259375 0.494375 0.026250 0.026250
0 0.791875 0.223125 0.053750 0.053750
0 0.906250 0.927500 0.082500 0.082500
0 0.583125 0.339375 0.073750 0.073750
0 0.283125 0.735625 0.086250 0.086250
0 0.930000 0.216250 0.107500 0.107500
0 0.261250 0.573750 0.042500 0.042500
0 0.930000 0.366250 0.042500 0.040000
0 0.247500 0.427500 0.030000 0.027500
0 0.955625 0.536875 0.053750 0.051250
0 0.348125 0.471250 0.048750 0.085000
0 0.291250 0.053750 0.047500 0.082500
0 0.715000 0.418125 0.042500 0.073750
0 0.808125 0.453750 0.066250 0.057500
0 0.683125 0.746250 0.106250 0.145000
0 0.496875 0.323750 0.051250 0.070000
0 0.081875 0.475000 0.101250 0.122500
0 0.288750 0.412500 0.025000 0.025000
0 0.343750 0.625000 0.097500 0.097500
0 0.598125 0.775625 0.028750 0.028750
0 0.182500 0.088750 0.037500 0.037500
0 0.130000 0.796250 0.037500 0.037500
0 0.061875 0.330625 0.098750 0.093750
0 0.566250 0.609375 0.080000 0.076250
0 0.065000 0.106875 0.070000 0.066250
0 0.938125 0.654375 0.091250 0.091250