0 0.548125 0.638125 0.096250 0.096250
0 0.700000 0.397500 0.070000 0.070000
0 0.481250 0.546250 0.025000 0.027500
0 0.474375 0.921875 0.053750 0.053750
0 0.642500 0.835000 0.040000 0.040000
0 0.675000 0.706875 0.055000 0.053750
0 0.085625 0.126875 0.093750 0.091250
0 0.163125 0.468750 0.031250 0.037500
0 0.610625 0.460625 0.033750 0.033750
0 0.583125 0.310625 0.056250 0.056250
0 0.734375 0.895625 0.108750 0.108750
0 0.355000 0.406250 0.070000 0.070000
0 0.706875 0.213750 0.066250 0.065000
0 0.933750 0.185625 0.057500 0.056250
0 0.326250 0.729375 0.102500 0.101250
0 0.665625 0.098750 0.083750 0.082500
0 0.246875 0.445625 0.038750 0.036250
0 0.245000 0.625625 0.072500 0.078750
0 0.145625 0.898750 0.098750 0.107500
0 0.921875 0.925625 0.033750 0.036250
0 0.571875 0.065625 0.088750 0.096250
0 0.089375 0.034375 0.041250 0.023750
0 0.612500 0.418750 0.025000 0.025000
0 0.513125 0.204375 0.026250 0.026250
0 0.534375 0.531875 0.041250 0.041250
0 0.824375 0.498125 0.093750 0.093750
0 0.413125 0.496875 0.066250 0.066250
0 0.438750 0.843750 0.062500 0.062500
0 0.805000 0.351250 0.055000 0.055000
0 0.730625 0.303125 0.051250 0.051250
0 0.161250 0.588750 0.077500 0.077500
0 0.892500 0.085000 0.027500 0.032500
0 0.368750 0.233750 0.090000 0.110000
0 0.453125 0.714375 0.058750 0.071250
0 0.918125 0.610625 0.101250 0.101250
0 0.181250 0.195625 0.067500 0.126250
0 0.650000 0.248125 0.025000 0.046250
0 0.848125 0.188750 0.076250 0.142500
0 0.170625 0.396875 0.058750 0.058750
0 0.340000 0.868750 0.097500 0.097500
0 0.826875 0.878125 0.058750 0.058750
0 0.050000 0.776250 0.037500 0.037500
0 0.473125 0.330625 0.046250 0.046250
0 0.735000 0.510000 0.060000 0.060000
0 0.668750 0.596250 0.097500 0.095000
0 0.921875 0.850625 0.088750 0.086250
0 0.803125 0.765625 0.086250 0.078750
0 0.851875 0.068125 0.036250 0.036250
0 0.073125 0.409375 0.106250 0.086250
0 0.348125 0.552500 0.043750 0.035000
0 0.949375 0.706875 0.051250 0.051250
0 0.263125 0.251250 0.031250 0.032500
0 0.223750 0.092500 0.062500 0.062500
0 0.173125 0.716875 0.026250 0.026250
0 0.945000 0.531250 0.042500 0.042500
0 0.599375 0.931875 0.073750 0.073750
0 0.244375 0.920625 0.056250 0.056250
0 0.898125 0.302500 0.026250 0.025000
0 0.886250 0.763125 0.055000 0.053750
0 0.909375 0.371250 0.098750 0.097500
0 0.401875 0.060000 0.076250 0.075000
0 0.562500 0.818750 0.092500 0.090000
0 0.589375 0.195625 0.058750 0.056250
0 0.664375 0.780000 0.041250 0.040000
0 0.050625 0.688125 0.073750 0.073750
0 0.066875 0.259375 0.101250 0.101250
0 0.781875 0.055625 0.071250 0.086250
0 0.813125 0.656250 0.068750 0.082500
0 0.485625 0.109375 0.051250 0.066250
0 0.308750 0.078750 0.050000 0.050000
0 0.546250 0.396875 0.075000 0.073750
0 0.356875 0.645625 0.043750 0.043750
0 0.078750 0.580000 0.060000 0.060000
0 0.255625 0.198125 0.053750 0.053750