0 0.373125 0.784375 0.028750 0.028750
0 0.863125 0.140625 0.051250 0.051250
0 0.654375 0.774375 0.103750 0.103750
0 0.127500 0.502500 0.045000 0.045000
0 0.173750 0.663750 0.107500 0.107500
0 0.724375 0.473125 0.038750 0.038750
0 0.831875 0.034375 0.043750 0.043750
0 0.408750 0.066250 0.107500 0.107500
0 0.327500 0.595625 0.037500 0.036250
0 0.926875 0.868750 0.098750 0.097500
0 0.699375 0.120625 0.038750 0.036250
0 0.097500 0.186875 0.110000 0.106250
0 0.710625 0.616250 0.081250 0.077500
0 0.436250 0.926875 0.025000 0.023750
0 0.498125 0.591875 0.106250 0.106250
0 0.768125 0.401875 0.098750 0.071250
0 0.500625 0.330625 0.103750 0.103750
0 0.250000 0.908750 0.067500 0.067500
0 0.675000 0.466250 0.042500 0.042500
0 0.171875 0.925625 0.073750 0.073750
0 0.140000 0.791250 0.067500 0.057500
0 0.946250 0.705000 0.035000 0.035000
0 0.867500 0.261250 0.045000 0.045000
0 0.250000 0.560000 0.077500 0.077500
0 0.300000 0.425000 0.110000 0.105000
0 0.945000 0.096250 0.067500 0.067500
0 0.328750 0.167500 0.082500 0.042500
0 0.213125 0.152500 0.086250 0.045000
0 0.717500 0.298750 0.095000 0.095000
0 0.751250 0.201250 0.052500 0.052500
0 0.893125 0.453125 0.048750 0.048750
0 0.805625 0.140625 0.036250 0.036250
0 0.286250 0.777500 0.050000 0.050000
0 0.403125 0.321875 0.076250 0.076250
0 0.606875 0.648125 0.033750 0.033750
0 0.763125 0.824375 0.038750 0.038750
0 0.519375 0.750625 0.051250 0.051250
0 0.260625 0.254375 0.051250 0.051250
0 0.624375 0.391875 0.068750 0.068750
0 0.082500 0.362500 0.100000 0.100000
0 0.843750 0.626875 0.112500 0.091250
0 0.875625 0.715000 0.083750 0.067500
0 0.939375 0.530000 0.083750 0.067500
0 0.530625 0.119375 0.091250 0.073750
0 0.590000 0.233750 0.037500 0.037500
0 0.628750 0.896250 0.092500 0.092500
0 0.631250 0.165000 0.070000 0.070000
0 0.624375 0.051875 0.063750 0.063750
0 0.548750 0.838750 0.052500 0.052500
0 0.386875 0.585625 0.053750 0.051250
0 0.766875 0.741875 0.071250 0.071250
0 0.065000 0.696250 0.092500 0.092500
0 0.056875 0.458125 0.071250 0.071250
0 0.903125 0.376250 0.086250 0.085000
0 0.072500 0.910625 0.087500 0.116250
0 0.327500 0.856875 0.072500 0.066250
0 0.073750 0.043750 0.052500 0.047500
0 0.472500 0.860000 0.065000 0.065000
0 0.406875 0.695000 0.073750 0.085000
0 0.767500 0.885625 0.062500 0.066250
0 0.808125 0.516875 0.101250 0.101250
0 0.408125 0.417500 0.056250 0.067500
0 0.207500 0.452500 0.037500 0.045000
0 0.413125 0.829375 0.026250 0.031250
0 0.346250 0.740000 0.032500 0.032500
0 0.191250 0.375000 0.075000 0.075000
0 0.391250 0.493750 0.040000 0.047500
0 0.305625 0.671250 0.053750 0.065000