0 0.642500 0.441250 0.052500 0.037500
0 0.303125 0.314375 0.096250 0.096250
0 0.173750 0.570000 0.045000 0.045000
0 0.100000 0.631875 0.027500 0.026250
0 0.304375 0.811875 0.108750 0.108750
0 0.455625 0.246875 0.101250 0.101250
0 0.875000 0.785000 0.077500 0.077500
0 0.160000 0.791250 0.112500 0.112500
0 0.211875 0.071875 0.101250 0.111250
0 0.580625 0.272500 0.093750 0.102500
0 0.174375 0.921875 0.056250 0.056250
0 0.363125 0.482500 0.106250 0.087500
0 0.125625 0.362500 0.103750 0.085000
0 0.838750 0.377500 0.112500 0.092500
0 0.682500 0.638750 0.080000 0.065000
0 0.669375 0.788125 0.083750 0.083750
0 0.641250 0.495000 0.032500 0.032500
0 0.735000 0.206250 0.112500 0.112500
0 0.291250 0.657500 0.075000 0.075000
0 0.680625 0.058125 0.076250 0.076250
0 0.892500 0.481875 0.087500 0.101250
0 0.500000 0.106875 0.045000 0.051250
0 0.568125 0.167500 0.056250 0.065000
0 0.536875 0.713750 0.103750 0.085000
0 0.478125 0.381250 0.063750 0.065000
0 0.215625 0.616875 0.033750 0.033750
0 0.586250 0.597500 0.077500 0.077500
0 0.967500 0.373750 0.040000 0.040000
0 0.395000 0.068750 0.095000 0.095000
0 0.445625 0.681875 0.063750 0.058750
0 0.630000 0.933750 0.067500 0.067500
0 0.926875 0.584375 0.046250 0.046250
0 0.755625 0.793125 0.061250 0.061250
0 0.945625 0.095000 0.083750 0.095000
0 0.824375 0.671875 0.108750 0.123750
0 0.482500 0.899375 0.105000 0.118750
0 0.738750 0.717500 0.025000 0.027500
0 0.329375 0.200625 0.096250 0.096250
0 0.063750 0.116250 0.025000 0.025000
0 0.553750 0.446250 0.055000 0.055000
0 0.113750 0.682500 0.057500 0.057500
0 0.755000 0.473750 0.037500 0.037500
0 0.090000 0.567500 0.042500 0.042500
0 0.239375 0.445625 0.083750 0.083750
0 0.283125 0.938125 0.058750 0.058750
0 0.881250 0.920000 0.102500 0.102500
0 0.506875 0.571875 0.028750 0.028750
0 0.195000 0.187500 0.082500 0.082500
0 0.713750 0.929375 0.060000 0.061250
0 0.448125 0.611250 0.063750 0.065000
0 0.481250 0.798750 0.067500 0.060000
0 0.211250 0.291250 0.035000 0.035000
0 0.620625 0.676875 0.028750 0.028750
0 0.045625 0.517500 0.031250 0.030000
0 0.584375 0.860000 0.051250 0.050000
0 0.520000 0.515625 0.070000 0.068750
0 0.929375 0.254375 0.096250 0.096250
0 0.389375 0.400625 0.053750 0.053750
0 0.118750 0.121250 0.042500 0.042500
0 0.072500 0.206250 0.042500 0.042500
0 0.957500 0.777500 0.057500 0.057500
0 0.706250 0.326250 0.095000 0.095000
0 0.910625 0.631875 0.028750 0.028750
0 0.645000 0.176250 0.052500 0.050000
0 0.381875 0.726875 0.033750 0.033750