0 0.444375 0.432500 0.078750 0.075000
0 0.795000 0.465000 0.075000 0.072500
0 0.860625 0.776875 0.088750 0.086250
0 0.401875 0.064375 0.103750 0.101250
0 0.662500 0.838750 0.060000 0.072500
0 0.629375 0.116875 0.093750 0.093750
0 0.584375 0.553125 0.093750 0.093750
0 0.748750 0.745625 0.042500 0.043750
0 0.358125 0.766875 0.063750 0.063750
0 0.531875 0.110625 0.041250 0.058750
0 0.191875 0.393125 0.061250 0.088750
0 0.043125 0.415625 0.051250 0.073750
0 0.580000 0.741875 0.037500 0.053750
0 0.319375 0.375625 0.101250 0.101250
0 0.208750 0.148750 0.100000 0.100000
0 0.498125 0.586875 0.058750 0.058750
0 0.758125 0.874375 0.091250 0.091250
0 0.845625 0.308125 0.063750 0.063750
0 0.958125 0.516875 0.033750 0.033750
0 0.705625 0.653125 0.036250 0.036250
0 0.433750 0.208750 0.070000 0.070000
0 0.518125 0.424375 0.036250 0.036250
0 0.853750 0.107500 0.110000 0.110000
0 0.676875 0.241875 0.103750 0.126250
0 0.128125 0.291875 0.068750 0.068750
0 0.301250 0.663750 0.087500 0.087500
0 0.544375 0.261875 0.061250 0.061250
0 0.868125 0.559375 0.101250 0.101250
0 0.250625 0.556875 0.111250 0.111250
0 0.695000 0.415000 0.042500 0.042500
0 0.528125 0.786875 0.031250 0.031250
0 0.072500 0.494375 0.085000 0.063750
0 0.812500 0.647500 0.080000 0.060000
0 0.488750 0.043125 0.025000 0.018750
0 0.078125 0.802500 0.068750 0.065000
0 0.170000 0.760625 0.075000 0.071250
0 0.075000 0.905000 0.040000 0.037500
0 0.730000 0.560625 0.085000 0.081250
0 0.503750 0.181250 0.035000 0.035000
0 0.657500 0.926250 0.087500 0.087500
0 0.830000 0.953750 0.040000 0.040000
0 0.203750 0.917500 0.100000 0.100000
0 0.963125 0.330625 0.031250 0.031250
0 0.597500 0.380000 0.067500 0.067500
0 0.346250 0.906250 0.087500 0.087500
0 0.076250 0.080000 0.092500 0.092500
0 0.410625 0.676250 0.096250 0.077500
0 0.338125 0.253125 0.098750 0.078750
0 0.963125 0.479375 0.033750 0.026250
0 0.558750 0.906875 0.067500 0.106250
0 0.875625 0.217500 0.038750 0.060000
0 0.086875 0.698750 0.071250 0.112500
0 0.727500 0.948750 0.035000 0.035000
0 0.948125 0.824375 0.043750 0.043750
0 0.478125 0.813125 0.053750 0.043750
0 0.456250 0.914375 0.075000 0.106250
0 0.381875 0.541875 0.083750 0.083750
0 0.041875 0.276875 0.051250 0.051250
0 0.663750 0.467500 0.035000 0.035000
0 0.710625 0.089375 0.051250 0.061250
0 0.950000 0.562500 0.032500 0.032500
0 0.461250 0.342500 0.075000 0.075000
0 0.908750 0.682500 0.082500 0.082500
0 0.936250 0.908750 0.080000 0.080000
0 0.883125 0.427500 0.066250 0.080000
0 0.701250 0.343750 0.062500 0.062500
0 0.181875 0.673125 0.051250 0.051250
0 0.616875 0.665625 0.081250 0.081250
0 0.156875 0.045625 0.043750 0.043750
0 0.072500 0.172500 0.067500 0.075000
0 0.765625 0.091875 0.036250 0.036250
0 0.790000 0.213750 0.032500 0.032500
0 0.779375 0.290625 0.038750 0.038750
0 0.958125 0.097500 0.043750 0.052500
0 0.240000 0.275625 0.042500 0.056250
0 0.942500 0.248750 0.055000 0.055000
0 0.245625 0.049375 0.048750 0.048750
0 0.259375 0.816250 0.048750 0.045000
0 0.150000 0.550000 0.032500 0.032500
0 0.131250 0.418750 0.040000 0.040000
0 0.083750 0.957500 0.027500 0.025000
0 0.307500 0.084375 0.055000 0.051250
0 0.313125 0.170625 0.056250 0.066250
0 0.503125 0.498125 0.041250 0.041250