0 0.351250 0.409375 0.080000 0.078750
0 0.278750 0.564375 0.077500 0.076250
0 0.640625 0.653125 0.106250 0.106250
0 0.423750 0.862500 0.100000 0.120000
0 0.741250 0.524375 0.027500 0.028750
0 0.401875 0.290625 0.026250 0.026250
0 0.622500 0.500000 0.065000 0.065000
0 0.148125 0.557500 0.093750 0.090000
0 0.480000 0.253750 0.102500 0.090000
0 0.745000 0.095000 0.092500 0.092500
0 0.195000 0.772500 0.110000 0.110000
0 0.218750 0.042500 0.060000 0.060000
0 0.379375 0.669375 0.088750 0.088750
0 0.506250 0.466250 0.082500 0.082500
0 0.836875 0.391875 0.053750 0.053750
0 0.853125 0.669375 0.098750 0.098750
0 0.613125 0.851875 0.106250 0.106250
0 0.606875 0.256875 0.066250 0.066250
0 0.839375 0.533125 0.111250 0.111250
0 0.138125 0.371875 0.108750 0.108750
0 0.091875 0.200000 0.098750 0.087500
0 0.740625 0.388125 0.063750 0.056250
0 0.490000 0.082500 0.060000 0.052500
0 0.227500 0.294375 0.055000 0.048750
0 0.096875 0.933125 0.056250 0.056250
0 0.385000 0.217500 0.025000 0.025000
0 0.470625 0.596875 0.056250 0.056250
0 0.121250 0.068750 0.090000 0.090000
0 0.730625 0.784375 0.106250 0.106250
0 0.553750 0.086250 0.050000 0.050000
0 0.884375 0.071875 0.098750 0.098750
0 0.284375 0.893750 0.086250 0.065000
0 0.899375 0.813750 0.108750 0.132500
0 0.035625 0.099375 0.043750 0.041250
0 0.892500 0.273750 0.107500 0.130000
0 0.741875 0.312500 0.086250 0.070000
0 0.283125 0.161875 0.108750 0.108750
0 0.067500 0.780000 0.110000 0.110000
0 0.705625 0.194375 0.083750 0.076250
0 0.410625 0.505000 0.043750 0.052500
0 0.373750 0.101250 0.042500 0.047500
0 0.894375 0.177500 0.028750 0.030000
0 0.046875 0.486875 0.036250 0.038750
0 0.098125 0.669375 0.051250 0.051250
0 0.594375 0.366875 0.063750 0.063750
0 0.515625 0.885000 0.068750 0.067500
0 0.290000 0.640000 0.052500 0.035000
0 0.472500 0.743750 0.077500 0.052500
0 0.733125 0.924375 0.091250 0.061250
0 0.925000 0.927500 0.062500 0.055000
0 0.939375 0.379375 0.068750 0.061250
0 0.195625 0.662500 0.078750 0.070000
0 0.312500 0.272500 0.075000 0.067500
0 0.802500 0.440000 0.025000 0.025000
0 0.722500 0.470000 0.065000 0.065000
0 0.293125 0.751875 0.046250 0.046250
0 0.523750 0.582500 0.035000 0.035000
0 0.788750 0.238750 0.055000 0.055000
0 0.973125 0.050625 0.028750 0.028750
0 0.480625 0.378125 0.083750 0.073750
0 0.936875 0.681250 0.048750 0.042500