0 0.563125 0.255000 0.031250 0.027500
0 0.453125 0.426875 0.053750 0.048750
0 0.896250 0.513125 0.105000 0.096250
0 0.825000 0.226875 0.075000 0.068750
0 0.522500 0.697500 0.045000 0.037500
0 0.614375 0.781875 0.043750 0.043750
0 0.486250 0.862500 0.075000 0.075000
0 0.219375 0.125625 0.043750 0.043750
0 0.460625 0.338125 0.073750 0.083750
0 0.630625 0.255625 0.043750 0.043750
0 0.098125 0.114375 0.076250 0.076250
0 0.845000 0.145000 0.027500 0.035000
0 0.761250 0.405625 0.070000 0.091250
0 0.256875 0.606875 0.108750 0.141250
0 0.049375 0.907500 0.031250 0.040000
0 0.135625 0.335000 0.096250 0.070000
0 0.800000 0.744375 0.040000 0.028750
0 0.695000 0.562500 0.090000 0.065000
0 0.286875 0.410625 0.073750 0.053750
0 0.641250 0.923750 0.075000 0.075000
0 0.080625 0.446875 0.066250 0.066250
0 0.170000 0.806250 0.055000 0.057500
0 0.351250 0.299375 0.085000 0.086250
0 0.403125 0.703125 0.043750 0.043750
0 0.630625 0.468125 0.063750 0.063750
0 0.590625 0.541875 0.038750 0.038750
0 0.612500 0.685000 0.092500 0.055000
0 0.461875 0.218125 0.053750 0.031250
0 0.062500 0.213750 0.087500 0.087500
0 0.459375 0.078750 0.058750 0.067500
0 0.456250 0.648125 0.025000 0.028750
0 0.170625 0.473125 0.071250 0.081250
0 0.550625 0.118125 0.103750 0.118750
0 0.488750 0.521250 0.072500 0.072500
0 0.943125 0.391875 0.081250 0.081250
0 0.732500 0.750000 0.077500 0.077500
0 0.379375 0.776875 0.096250 0.073750
0 0.660000 0.148750 0.097500 0.075000
0 0.070000 0.658750 0.100000 0.077500
0 0.038750 0.372500 0.040000 0.040000
0 0.674375 0.365625 0.073750 0.073750
0 0.788750 0.113750 0.070000 0.070000
0 0.918750 0.865000 0.087500 0.087500
0 0.893750 0.671875 0.095000 0.083750
0 0.256250 0.256875 0.052500 0.046250
0 0.843125 0.422500 0.056250 0.050000
0 0.065625 0.784375 0.038750 0.033750
0 0.738750 0.647500 0.080000 0.080000
0 0.192500 0.195625 0.070000 0.061250
0 0.131875 0.908750 0.093750 0.082500
0 0.817500 0.903750 0.087500 0.087500
0 0.255625 0.894375 0.081250 0.081250
0 0.068125 0.543125 0.086250 0.086250
0 0.436875 0.143125 0.033750 0.033750
0 0.262500 0.746250 0.105000 0.105000
0 0.373750 0.056875 0.055000 0.043750
0 0.890000 0.053750 0.102500 0.082500
0 0.433750 0.587500 0.037500 0.037500
0 0.360625 0.553125 0.033750 0.033750
0 0.348750 0.187500 0.095000 0.095000
0 0.931875 0.190625 0.111250 0.111250
0 0.579375 0.843125 0.056250 0.056250
0 0.301875 0.049375 0.066250 0.066250
0 0.558125 0.909375 0.038750 0.038750
0 0.571875 0.365625 0.103750 0.103750
0 0.893125 0.323125 0.038750 0.038750
0 0.813125 0.617500 0.041250 0.037500
0 0.664375 0.765625 0.028750 0.021250
0 0.550000 0.540625 0.027500 0.021250
0 0.236250 0.506250 0.042500 0.032500
0 0.803125 0.316250 0.091250 0.070000
0 0.177500 0.571875 0.032500 0.038750
0 0.699375 0.273125 0.068750 0.068750
0 0.208125 0.055625 0.081250 0.081250
0 0.803125 0.814375 0.048750 0.048750
0 0.549375 0.612500 0.056250 0.057500
0 0.930625 0.743125 0.043750 0.043750
0 0.699375 0.048125 0.066250 0.063750
0 0.208125 0.958125 0.031250 0.031250
0 0.778125 0.505625 0.051250 0.051250
0 0.380000 0.637500 0.025000 0.025000
0 0.897500 0.586250 0.027500 0.027500
0 0.364375 0.881875 0.106250 0.106250
0 0.352500 0.694375 0.037500 0.031250
0 0.464375 0.956875 0.026250 0.026250
0 0.731250 0.905000 0.047500 0.047500
0 0.240625 0.319375 0.076250 0.061250
0 0.116250 0.788125 0.037500 0.048750
0 0.379375 0.450625 0.061250 0.061250
0 0.616250 0.592500 0.042500 0.042500
0 0.112500 0.728125 0.047500 0.046250