0 0.815625 0.224375 0.061250 0.061250
0 0.520625 0.523125 0.088750 0.088750
0 0.472500 0.792500 0.105000 0.105000
0 0.655625 0.365625 0.098750 0.098750
0 0.480625 0.660000 0.076250 0.080000
0 0.421250 0.166250 0.027500 0.027500
0 0.124375 0.866875 0.066250 0.066250
0 0.306250 0.547500 0.070000 0.082500
0 0.135625 0.431875 0.108750 0.128750
0 0.128125 0.250625 0.091250 0.091250
0 0.739375 0.681875 0.093750 0.093750
0 0.365625 0.778125 0.041250 0.041250
0 0.917500 0.510000 0.027500 0.027500
0 0.702500 0.478750 0.100000 0.100000
0 0.664375 0.218125 0.101250 0.066250
0 0.555000 0.179375 0.045000 0.028750
0 0.761875 0.129375 0.056250 0.036250
0 0.518125 0.262500 0.031250 0.020000
0 0.278750 0.852500 0.110000 0.130000
0 0.338750 0.290000 0.055000 0.065000
0 0.946250 0.722500 0.075000 0.075000
0 0.417500 0.508750 0.087500 0.087500
0 0.906875 0.389375 0.036250 0.036250
0 0.458125 0.256875 0.063750 0.066250
0 0.195625 0.065625 0.073750 0.076250
0 0.846875 0.091875 0.036250 0.036250
0 0.635625 0.813125 0.086250 0.146250
0 0.611250 0.673125 0.052500 0.088750
0 0.823750 0.398750 0.105000 0.105000
0 0.396250 0.636250 0.025000 0.025000
0 0.155625 0.687500 0.111250 0.055000
0 0.625000 0.125000 0.075000 0.037500
0 0.318750 0.369375 0.062500 0.031250
0 0.746250 0.915000 0.112500 0.112500
0 0.711875 0.044375 0.026250 0.023750
0 0.345625 0.145000 0.096250 0.090000
0 0.335000 0.695000 0.072500 0.067500
0 0.934375 0.237500 0.076250 0.142500
0 0.080000 0.782500 0.035000 0.065000
0 0.241875 0.268750 0.073750 0.140000
0 0.056875 0.575625 0.086250 0.086250
0 0.839375 0.858125 0.056250 0.056250
0 0.079375 0.108125 0.081250 0.081250
0 0.785000 0.307500 0.050000 0.050000
0 0.313750 0.462500 0.072500 0.072500
0 0.083750 0.178750 0.027500 0.032500
0 0.447500 0.341250 0.050000 0.060000
0 0.600625 0.475000 0.051250 0.062500
0 0.237500 0.733750 0.037500 0.037500
0 0.527500 0.918750 0.090000 0.090000
0 0.947500 0.936250 0.060000 0.060000
0 0.154375 0.561875 0.076250 0.076250
0 0.640625 0.554375 0.031250 0.031250
0 0.373750 0.911250 0.052500 0.052500
0 0.764375 0.790625 0.078750 0.078750
0 0.842500 0.790000 0.035000 0.035000
0 0.434375 0.425625 0.031250 0.031250
0 0.898750 0.622500 0.092500 0.092500
0 0.948750 0.063125 0.037500 0.056250
0 0.480625 0.082500 0.073750 0.112500
0 0.047500 0.658750 0.037500 0.037500
0 0.927500 0.832500 0.075000 0.075000
0 0.236875 0.595625 0.028750 0.028750
0 0.046875 0.311875 0.051250 0.051250
0 0.152500 0.761250 0.070000 0.070000
0 0.798750 0.499375 0.062500 0.066250
0 0.551250 0.327500 0.095000 0.095000
0 0.759375 0.569375 0.053750 0.053750
0 0.855625 0.529375 0.028750 0.028750
0 0.825625 0.699375 0.028750 0.028750
0 0.513750 0.415000 0.045000 0.045000
0 0.398750 0.052500 0.052500 0.052500
0 0.786875 0.061875 0.028750 0.028750
0 0.858750 0.935625 0.077500 0.076250
0 0.163125 0.329375 0.043750 0.043750
0 0.060000 0.938125 0.077500 0.038750
0 0.115000 0.042500 0.027500 0.027500
0 0.370625 0.830625 0.026250 0.026250
0 0.230625 0.471875 0.038750 0.038750
0 0.549375 0.079375 0.028750 0.028750
0 0.651875 0.925625 0.053750 0.053750
0 0.866250 0.281250 0.025000 0.020000
0 0.051875 0.878750 0.046250 0.037500
0 0.256875 0.649375 0.046250 0.046250
0 0.065000 0.720000 0.035000 0.035000
0 0.565625 0.835625 0.033750 0.033750