0 0.883125 0.580000 0.081250 0.080000
0 0.183125 0.600625 0.078750 0.078750
0 0.338750 0.907500 0.077500 0.077500
0 0.448750 0.773750 0.087500 0.087500
0 0.810000 0.210000 0.095000 0.095000
0 0.525625 0.541875 0.111250 0.111250
0 0.241875 0.721875 0.088750 0.088750
0 0.106875 0.709375 0.071250 0.068750
0 0.083750 0.922500 0.082500 0.077500
0 0.911875 0.403750 0.086250 0.097500
0 0.853125 0.761250 0.101250 0.115000
0 0.784375 0.443750 0.108750 0.122500
0 0.510000 0.907500 0.032500 0.032500
0 0.275000 0.323750 0.027500 0.022500
0 0.667500 0.584375 0.060000 0.048750
0 0.476875 0.420000 0.101250 0.082500
0 0.126875 0.421875 0.093750 0.076250
0 0.177500 0.938125 0.035000 0.043750
0 0.753125 0.306875 0.073750 0.068750
0 0.916250 0.111250 0.035000 0.035000
0 0.481250 0.265000 0.055000 0.055000
0 0.091250 0.611250 0.050000 0.050000
0 0.387500 0.291875 0.092500 0.103750
0 0.080625 0.281250 0.068750 0.077500
0 0.340000 0.068750 0.085000 0.095000
0 0.662500 0.256250 0.062500 0.070000
0 0.173125 0.097500 0.068750 0.072500
0 0.676250 0.733125 0.040000 0.041250
0 0.720625 0.834375 0.088750 0.093750
0 0.748125 0.088125 0.091250 0.096250
0 0.600625 0.123125 0.038750 0.038750
0 0.395000 0.667500 0.042500 0.042500
0 0.507500 0.080000 0.075000 0.075000
0 0.590625 0.373125 0.076250 0.073750
0 0.541250 0.778125 0.025000 0.023750
0 0.834375 0.034375 0.043750 0.043750
0 0.540000 0.190625 0.082500 0.071250
0 0.075000 0.118750 0.052500 0.045000
0 0.261250 0.401250 0.105000 0.090000
0 0.188125 0.271250 0.101250 0.107500
0 0.310000 0.503750 0.102500 0.087500
0 0.891875 0.164375 0.031250 0.031250
0 0.346875 0.598750 0.058750 0.070000
0 0.925000 0.903750 0.097500 0.092500
0 0.613750 0.880625 0.025000 0.023750
0 0.831875 0.879375 0.033750 0.031250
0 0.188750 0.183750 0.030000 0.027500
0 0.262500 0.622500 0.052500 0.052500
0 0.770000 0.923750 0.047500 0.047500
0 0.604375 0.948125 0.041250 0.041250
0 0.262500 0.824375 0.062500 0.036250
0 0.266875 0.166250 0.073750 0.042500
0 0.871875 0.300000 0.098750 0.057500
0 0.603125 0.053125 0.068750 0.068750
0 0.623125 0.760625 0.026250 0.026250
0 0.141875 0.798125 0.078750 0.078750
0 0.608750 0.688750 0.077500 0.077500
0 0.397500 0.201250 0.060000 0.060000
0 0.781875 0.588125 0.088750 0.088750
0 0.748750 0.728750 0.047500 0.047500