0 0.610625 0.166875 0.111250 0.111250
0 0.446875 0.928750 0.063750 0.065000
0 0.495000 0.347500 0.025000 0.025000
0 0.229375 0.380625 0.081250 0.083750
0 0.755000 0.946250 0.037500 0.037500
0 0.467500 0.811250 0.112500 0.115000
0 0.771250 0.561250 0.037500 0.037500
0 0.690000 0.401875 0.077500 0.078750
0 0.244375 0.874375 0.081250 0.081250
0 0.819375 0.408125 0.031250 0.031250
0 0.901875 0.865625 0.056250 0.061250
0 0.598125 0.730000 0.093750 0.102500
0 0.386875 0.663750 0.096250 0.117500
0 0.515000 0.578750 0.095000 0.115000
0 0.152500 0.828750 0.085000 0.085000
0 0.944375 0.586875 0.083750 0.083750
0 0.448750 0.395000 0.035000 0.035000
0 0.121250 0.403750 0.077500 0.077500
0 0.477500 0.030000 0.025000 0.020000
0 0.619375 0.860000 0.046250 0.045000
0 0.291875 0.248750 0.066250 0.065000
0 0.778750 0.868750 0.100000 0.100000
0 0.511250 0.447500 0.030000 0.030000
0 0.061875 0.144375 0.088750 0.086250
0 0.105625 0.721875 0.088750 0.088750
0 0.344375 0.396875 0.033750 0.033750
0 0.766875 0.773125 0.071250 0.071250
0 0.756875 0.213125 0.088750 0.113750
0 0.350000 0.871875 0.107500 0.101250
0 0.394375 0.293125 0.103750 0.103750
0 0.216250 0.121250 0.112500 0.112500
0 0.906250 0.327500 0.077500 0.075000
0 0.922500 0.731250 0.052500 0.052500
0 0.864375 0.489375 0.081250 0.081250
0 0.892500 0.181250 0.087500 0.120000
0 0.149375 0.532500 0.111250 0.152500
0 0.241250 0.502500 0.047500 0.065000
0 0.613125 0.619375 0.073750 0.073750
0 0.185625 0.245625 0.093750 0.093750
0 0.643125 0.333750 0.026250 0.025000
0 0.065625 0.929375 0.086250 0.081250
0 0.967500 0.226875 0.032500 0.026250
0 0.628125 0.263750 0.056250 0.045000
0 0.318750 0.477500 0.045000 0.047500
0 0.348125 0.091875 0.098750 0.086250
0 0.715000 0.651250 0.092500 0.092500
0 0.971875 0.114375 0.026250 0.026250
0 0.790625 0.305625 0.033750 0.033750
0 0.221875 0.694375 0.088750 0.076250
0 0.483125 0.163125 0.081250 0.081250
0 0.561875 0.419375 0.046250 0.046250
0 0.842500 0.056875 0.090000 0.076250
0 0.683125 0.514375 0.103750 0.088750
0 0.940000 0.437500 0.052500 0.052500
0 0.350000 0.570000 0.052500 0.052500
0 0.300625 0.709375 0.051250 0.048750
0 0.401250 0.491250 0.090000 0.090000
0 0.838125 0.666875 0.086250 0.086250
0 0.526250 0.258750 0.050000 0.050000
0 0.706875 0.784375 0.028750 0.028750
0 0.874375 0.549375 0.031250 0.016250
0 0.522500 0.911875 0.065000 0.056250
0 0.617500 0.048125 0.080000 0.068750
0 0.948125 0.926250 0.043750 0.042500
0 0.246250 0.612500 0.067500 0.065000
0 0.057500 0.261250 0.077500 0.065000
0 0.733125 0.308750 0.063750 0.057500
0 0.592500 0.345000 0.052500 0.047500
0 0.496875 0.693125 0.086250 0.086250
0 0.725625 0.050625 0.041250 0.041250
0 0.451875 0.078125 0.046250 0.046250
0 0.035625 0.400000 0.046250 0.035000
0 0.617500 0.930000 0.047500 0.047500
0 0.860625 0.931875 0.043750 0.043750
0 0.048125 0.549375 0.041250 0.041250
0 0.853750 0.762500 0.070000 0.070000
0 0.933125 0.055625 0.073750 0.066250
0 0.773750 0.483750 0.045000 0.045000
0 0.241250 0.778750 0.047500 0.047500
0 0.051875 0.489375 0.051250 0.051250
0 0.331875 0.178125 0.058750 0.058750
0 0.098750 0.030000 0.025000 0.025000
0 0.685000 0.945000 0.052500 0.052500
0 0.515000 0.396250 0.032500 0.032500
0 0.038125 0.344375 0.051250 0.051250