0 0.380625 0.386875 0.028750 0.028750
0 0.325000 0.251250 0.042500 0.042500
0 0.743125 0.619375 0.058750 0.058750
0 0.376875 0.724375 0.098750 0.098750
0 0.218125 0.850625 0.093750 0.093750
0 0.599375 0.366875 0.103750 0.103750
0 0.551875 0.743750 0.101250 0.175000
0 0.771875 0.889375 0.101250 0.138750
0 0.151875 0.198125 0.101250 0.138750
0 0.666875 0.063125 0.026250 0.026250
0 0.341875 0.621875 0.041250 0.041250
0 0.867500 0.706250 0.100000 0.087500
0 0.923750 0.506250 0.090000 0.072500
0 0.474375 0.158125 0.091250 0.073750
0 0.247500 0.521250 0.070000 0.070000
0 0.094375 0.081250 0.058750 0.052500
0 0.518750 0.486250 0.107500 0.107500
0 0.670000 0.181250 0.102500 0.102500
0 0.047500 0.727500 0.055000 0.055000
0 0.653750 0.625000 0.050000 0.050000
0 0.120625 0.503125 0.078750 0.093750
0 0.043125 0.401875 0.053750 0.053750
0 0.886875 0.809375 0.103750 0.103750
0 0.053125 0.336875 0.033750 0.033750
0 0.834375 0.354375 0.088750 0.088750
0 0.433125 0.596875 0.061250 0.061250
0 0.924375 0.234375 0.106250 0.106250
0 0.607500 0.882500 0.085000 0.085000
0 0.324375 0.100625 0.076250 0.076250
0 0.194375 0.629375 0.048750 0.048750
0 0.338125 0.330000 0.066250 0.057500
0 0.419375 0.890625 0.096250 0.083750
0 0.908750 0.893750 0.040000 0.040000
0 0.408750 0.302500 0.050000 0.050000
0 0.930625 0.061875 0.048750 0.048750
0 0.721875 0.495625 0.041250 0.038750
0 0.886875 0.600625 0.078750 0.078750
0 0.303750 0.937500 0.065000 0.065000
0 0.157500 0.366250 0.100000 0.100000
0 0.081250 0.612500 0.057500 0.057500
0 0.645625 0.488125 0.056250 0.056250
0 0.559375 0.245625 0.086250 0.086250
0 0.340000 0.461250 0.060000 0.057500
0 0.109375 0.894375 0.086250 0.083750
0 0.206875 0.706875 0.091250 0.088750
0 0.289375 0.038750 0.028750 0.027500
0 0.673750 0.722500 0.102500 0.102500
0 0.260000 0.443750 0.035000 0.035000
0 0.785625 0.118125 0.086250 0.086250
0 0.959375 0.444375 0.026250 0.026250
0 0.411250 0.241250 0.047500 0.037500
0 0.206250 0.940625 0.065000 0.051250
0 0.735000 0.353750 0.060000 0.060000
0 0.944375 0.369375 0.066250 0.066250
0 0.428125 0.428125 0.038750 0.038750
0 0.796250 0.218750 0.075000 0.075000
0 0.813125 0.451875 0.096250 0.088750
0 0.255625 0.578750 0.038750 0.025000
0 0.402500 0.035625 0.045000 0.036250
0 0.536250 0.070000 0.085000 0.075000
0 0.543750 0.598750 0.092500 0.090000
0 0.216250 0.056250 0.040000 0.040000
0 0.251250 0.260625 0.082500 0.078750
0 0.292500 0.714375 0.032500 0.018750
0 0.346250 0.565000 0.035000 0.020000
0 0.845000 0.038125 0.085000 0.048750
0 0.320000 0.793750 0.027500 0.017500
0 0.771250 0.711875 0.077500 0.051250
0 0.039375 0.027500 0.026250 0.017500
0 0.667500 0.258750 0.042500 0.037500
0 0.520625 0.934375 0.043750 0.043750
0 0.491875 0.333750 0.046250 0.027500
0 0.706250 0.441875 0.032500 0.018750
0 0.560000 0.152500 0.065000 0.065000
0 0.153750 0.042500 0.040000 0.040000
0 0.960625 0.140625 0.026250 0.026250
0 0.505625 0.390625 0.063750 0.063750