0 0.082500 0.669375 0.090000 0.078750
0 0.276875 0.878750 0.073750 0.065000
0 0.588125 0.621875 0.066250 0.066250
0 0.876250 0.306250 0.030000 0.030000
0 0.826875 0.544375 0.038750 0.038750
0 0.501250 0.895000 0.065000 0.065000
0 0.650625 0.698125 0.068750 0.068750
0 0.913125 0.803125 0.083750 0.083750
0 0.915625 0.680625 0.086250 0.086250
0 0.395000 0.560000 0.030000 0.030000
0 0.711875 0.451875 0.103750 0.103750
0 0.591250 0.542500 0.055000 0.055000
0 0.361875 0.456875 0.038750 0.038750
0 0.856875 0.470625 0.108750 0.083750
0 0.089375 0.206875 0.053750 0.041250
0 0.619375 0.156250 0.101250 0.077500
0 0.688125 0.890000 0.081250 0.062500
0 0.172500 0.630000 0.055000 0.055000
0 0.200000 0.918750 0.032500 0.032500
0 0.376875 0.256875 0.088750 0.088750
0 0.944375 0.180625 0.068750 0.073750
0 0.244375 0.680625 0.058750 0.051250
0 0.388750 0.152500 0.067500 0.060000
0 0.756250 0.312500 0.035000 0.030000
0 0.111875 0.366250 0.091250 0.080000
0 0.166250 0.497500 0.107500 0.095000
0 0.524375 0.413125 0.101250 0.101250
0 0.832500 0.381250 0.075000 0.075000
0 0.325625 0.366875 0.078750 0.078750
0 0.745625 0.800625 0.063750 0.063750
0 0.416875 0.505625 0.051250 0.051250
0 0.610000 0.371250 0.047500 0.050000
0 0.808750 0.693750 0.087500 0.092500
0 0.880625 0.102500 0.063750 0.067500
0 0.535625 0.281250 0.098750 0.112500
0 0.319375 0.780000 0.078750 0.077500
0 0.303125 0.153750 0.088750 0.087500
0 0.089375 0.125000 0.076250 0.075000
0 0.411250 0.703750 0.090000 0.090000
0 0.065625 0.899375 0.098750 0.113750
0 0.888750 0.951250 0.047500 0.047500
0 0.803750 0.201250 0.077500 0.077500
0 0.702500 0.553750 0.075000 0.075000
0 0.708750 0.085000 0.065000 0.032500
0 0.183750 0.798125 0.057500 0.056250
0 0.423750 0.792500 0.057500 0.057500
0 0.062500 0.770000 0.095000 0.095000
0 0.690625 0.279375 0.046250 0.053750
0 0.178750 0.257500 0.100000 0.117500
0 0.510625 0.780625 0.086250 0.101250