0 0.387500 0.560625 0.087500 0.081250
0 0.301875 0.926875 0.038750 0.038750
0 0.785000 0.618750 0.065000 0.065000
0 0.120000 0.365625 0.042500 0.028750
0 0.703750 0.710000 0.072500 0.070000
0 0.310000 0.088750 0.087500 0.085000
0 0.736875 0.262500 0.048750 0.047500
0 0.474375 0.685625 0.086250 0.083750
0 0.121875 0.659375 0.031250 0.031250
0 0.098125 0.200625 0.106250 0.106250
0 0.221875 0.823125 0.076250 0.076250
0 0.555000 0.096250 0.055000 0.055000
0 0.243125 0.761875 0.026250 0.026250
0 0.610000 0.426250 0.112500 0.112500
0 0.712500 0.141250 0.067500 0.067500
0 0.456875 0.054375 0.073750 0.073750
0 0.858750 0.334375 0.082500 0.088750
0 0.233750 0.392500 0.057500 0.057500
0 0.271875 0.654375 0.093750 0.093750
0 0.573125 0.741875 0.078750 0.078750
0 0.773125 0.705625 0.051250 0.051250
0 0.794375 0.101875 0.038750 0.038750
0 0.895000 0.703750 0.035000 0.035000
0 0.461875 0.198125 0.053750 0.053750
0 0.915000 0.254375 0.042500 0.038750
0 0.481875 0.465625 0.081250 0.081250
0 0.779375 0.879375 0.078750 0.078750
0 0.890625 0.453125 0.026250 0.026250
0 0.546250 0.888750 0.112500 0.112500
0 0.220000 0.537500 0.102500 0.102500
0 0.477500 0.356875 0.100000 0.101250
0 0.317500 0.229375 0.062500 0.063750
0 0.582500 0.298125 0.087500 0.088750
0 0.208750 0.041250 0.050000 0.050000
0 0.664375 0.595625 0.093750 0.128750
0 0.064375 0.476875 0.051250 0.061250
0 0.140625 0.861250 0.031250 0.027500
0 0.086875 0.288125 0.051250 0.051250
0 0.298750 0.323750 0.062500 0.062500
0 0.593125 0.191875 0.093750 0.093750
0 0.086875 0.758125 0.076250 0.076250
0 0.233750 0.912500 0.067500 0.067500
0 0.905000 0.595000 0.087500 0.087500
0 0.518750 0.586250 0.052500 0.062500
0 0.104375 0.091250 0.098750 0.097500
0 0.732500 0.368125 0.100000 0.098750
0 0.663125 0.789375 0.026250 0.026250
0 0.423750 0.892500 0.062500 0.062500
0 0.777500 0.503750 0.067500 0.067500
0 0.892500 0.142500 0.097500 0.090000
0 0.200000 0.121875 0.047500 0.043750
0 0.910625 0.808125 0.098750 0.091250
0 0.207500 0.260625 0.090000 0.083750
0 0.098125 0.585625 0.098750 0.098750
0 0.701250 0.058750 0.077500 0.077500
0 0.932500 0.433750 0.027500 0.027500
0 0.389375 0.475625 0.038750 0.038750
0 0.305625 0.835000 0.068750 0.055000
0 0.771875 0.761875 0.026250 0.021250
0 0.073125 0.859375 0.083750 0.101250
0 0.672500 0.881250 0.097500 0.117500
0 0.425000 0.141250 0.037500 0.045000
0 0.323750 0.732500 0.030000 0.027500
0 0.910000 0.936875 0.025000 0.023750
0 0.443750 0.840000 0.040000 0.027500
0 0.403125 0.401875 0.028750 0.028750
0 0.793125 0.215000 0.046250 0.047500
0 0.804375 0.151250 0.041250 0.042500
0 0.851250 0.943750 0.037500 0.037500