0 0.596875 0.121875 0.101250 0.096250
0 0.248750 0.133125 0.030000 0.028750
0 0.933125 0.901250 0.051250 0.045000
0 0.321250 0.645625 0.075000 0.066250
0 0.568125 0.593750 0.076250 0.067500
0 0.352500 0.408750 0.105000 0.127500
0 0.705000 0.706875 0.110000 0.091250
0 0.185625 0.686250 0.078750 0.065000
0 0.766875 0.945625 0.071250 0.058750
0 0.597500 0.308750 0.087500 0.072500
0 0.350625 0.546250 0.051250 0.055000
0 0.136875 0.241250 0.111250 0.120000
0 0.276250 0.750000 0.062500 0.067500
0 0.388125 0.282500 0.056250 0.060000
0 0.748125 0.519375 0.106250 0.106250
0 0.843750 0.108125 0.082500 0.076250
0 0.863125 0.385625 0.106250 0.098750
0 0.698125 0.193125 0.066250 0.061250
0 0.453125 0.488125 0.076250 0.076250
0 0.795000 0.615000 0.070000 0.070000
0 0.131875 0.065625 0.096250 0.096250
0 0.234375 0.390625 0.033750 0.033750
0 0.207500 0.339375 0.037500 0.041250
0 0.216250 0.563750 0.080000 0.080000
0 0.268125 0.034375 0.028750 0.028750
0 0.385625 0.951875 0.058750 0.038750
0 0.291875 0.291250 0.098750 0.065000
0 0.253750 0.841250 0.100000 0.100000
0 0.190000 0.466250 0.070000 0.070000
0 0.516875 0.793125 0.096250 0.096250
0 0.222500 0.956875 0.037500 0.033750
0 0.569375 0.476875 0.106250 0.128750
0 0.121250 0.875000 0.060000 0.072500
0 0.119375 0.579375 0.078750 0.131250
0 0.104375 0.386875 0.078750 0.078750
0 0.208125 0.054375 0.036250 0.036250
0 0.795625 0.249375 0.091250 0.091250
0 0.309375 0.113125 0.068750 0.068750
0 0.500625 0.190625 0.066250 0.066250
0 0.675625 0.830625 0.098750 0.096250
0 0.428750 0.851875 0.045000 0.043750
0 0.915625 0.733125 0.108750 0.106250
0 0.708750 0.098750 0.057500 0.055000
0 0.438125 0.695625 0.048750 0.048750
0 0.918125 0.548125 0.091250 0.111250
0 0.403750 0.132500 0.070000 0.085000
0 0.964375 0.036250 0.031250 0.030000
0 0.473125 0.598125 0.063750 0.061250
0 0.035000 0.459375 0.042500 0.041250
0 0.330000 0.199375 0.042500 0.038750
0 0.498125 0.098750 0.076250 0.070000
0 0.950625 0.626875 0.026250 0.023750
0 0.358125 0.838750 0.078750 0.072500
0 0.660000 0.908750 0.035000 0.035000
0 0.779375 0.854375 0.091250 0.088750
0 0.716250 0.386875 0.072500 0.051250
0 0.551250 0.919375 0.105000 0.073750
0 0.258750 0.183125 0.052500 0.036250
0 0.841250 0.533750 0.040000 0.030000
0 0.920625 0.241250 0.068750 0.052500
0 0.041250 0.300000 0.030000 0.030000
0 0.504375 0.665625 0.058750 0.058750
0 0.056250 0.708750 0.067500 0.047500
0 0.288125 0.543125 0.033750 0.033750
0 0.829375 0.695625 0.028750 0.028750
0 0.485625 0.331250 0.081250 0.065000
0 0.056250 0.788750 0.072500 0.072500
0 0.918125 0.811875 0.028750 0.028750
0 0.633750 0.195000 0.025000 0.025000
0 0.422500 0.215000 0.035000 0.035000