0 0.668750 0.905000 0.030000 0.030000
0 0.448750 0.771250 0.027500 0.027500
0 0.696875 0.108125 0.058750 0.058750
0 0.063125 0.223750 0.101250 0.097500
0 0.370625 0.186875 0.063750 0.061250
0 0.403125 0.093750 0.078750 0.075000
0 0.578125 0.819375 0.043750 0.041250
0 0.625000 0.296250 0.080000 0.080000
0 0.177500 0.113750 0.072500 0.072500
0 0.868750 0.598750 0.037500 0.037500
0 0.558125 0.144375 0.073750 0.073750
0 0.700625 0.427500 0.036250 0.035000
0 0.641250 0.508750 0.082500 0.082500
0 0.417500 0.267500 0.077500 0.077500
0 0.869375 0.513125 0.033750 0.033750
0 0.320625 0.667500 0.071250 0.065000
0 0.154375 0.396250 0.081250 0.075000
0 0.886250 0.042500 0.030000 0.027500
0 0.086875 0.695000 0.026250 0.025000
0 0.856875 0.343125 0.038750 0.038750
0 0.313750 0.425000 0.070000 0.070000
0 0.920000 0.665000 0.067500 0.067500
0 0.726250 0.942500 0.065000 0.065000
0 0.650625 0.738750 0.071250 0.067500
0 0.786250 0.074375 0.080000 0.083750
0 0.430625 0.551875 0.101250 0.106250
0 0.081875 0.808125 0.051250 0.053750
0 0.797500 0.725000 0.105000 0.105000
0 0.196875 0.562500 0.093750 0.087500
0 0.298125 0.533125 0.088750 0.083750
0 0.268125 0.229375 0.081250 0.076250
0 0.912500 0.736250 0.032500 0.030000
0 0.760000 0.268750 0.097500 0.092500
0 0.081875 0.529375 0.103750 0.098750
0 0.895000 0.864375 0.092500 0.083750
0 0.508125 0.660625 0.106250 0.096250
0 0.510000 0.338750 0.042500 0.045000
0 0.253750 0.820625 0.075000 0.088750
0 0.200625 0.926250 0.063750 0.062500
0 0.278125 0.295000 0.026250 0.025000
0 0.078750 0.874375 0.052500 0.051250
0 0.044375 0.425000 0.061250 0.057500
0 0.610000 0.933750 0.045000 0.042500
0 0.875000 0.170625 0.025000 0.023750
0 0.136875 0.809375 0.043750 0.041250
0 0.845625 0.443125 0.106250 0.083750
0 0.524375 0.498125 0.053750 0.048750
0 0.745625 0.873125 0.053750 0.048750
0 0.662500 0.644375 0.105000 0.096250
0 0.178750 0.635625 0.037500 0.033750
0 0.183750 0.683750 0.035000 0.032500
0 0.938125 0.559375 0.068750 0.068750
0 0.369375 0.906875 0.098750 0.098750
0 0.893750 0.240000 0.087500 0.055000
0 0.605625 0.404375 0.078750 0.078750
0 0.544375 0.265625 0.066250 0.066250
0 0.173750 0.226250 0.092500 0.092500
0 0.940625 0.443125 0.048750 0.048750
0 0.510625 0.760625 0.046250 0.046250
0 0.102500 0.110000 0.047500 0.050000
0 0.962500 0.190000 0.030000 0.030000
0 0.775000 0.606875 0.095000 0.071250
0 0.136250 0.046250 0.042500 0.042500
0 0.488750 0.913125 0.087500 0.088750
0 0.115625 0.606875 0.026250 0.026250
0 0.414375 0.365000 0.088750 0.090000
0 0.385625 0.766875 0.083750 0.083750
0 0.642500 0.177500 0.065000 0.065000
0 0.538125 0.056875 0.081250 0.081250
0 0.047500 0.330000 0.052500 0.052500
0 0.275625 0.124375 0.068750 0.083750
0 0.813750 0.858125 0.055000 0.053750
0 0.327500 0.318750 0.050000 0.045000
0 0.648125 0.850625 0.048750 0.048750
0 0.497500 0.428750 0.042500 0.042500
0 0.785625 0.159375 0.053750 0.053750
0 0.753125 0.404375 0.053750 0.053750
0 0.520625 0.825625 0.053750 0.053750
0 0.938125 0.384375 0.048750 0.051250
0 0.744375 0.486875 0.061250 0.053750
0 0.174375 0.476875 0.066250 0.058750
0 0.237500 0.445000 0.040000 0.040000