0 0.373750 0.202500 0.087500 0.065000
0 0.348750 0.878750 0.062500 0.062500
0 0.132500 0.910625 0.032500 0.028750
0 0.555000 0.395000 0.107500 0.095000
0 0.218750 0.279375 0.075000 0.091250
0 0.213125 0.735000 0.036250 0.052500
0 0.628125 0.165625 0.046250 0.046250
0 0.460625 0.508125 0.111250 0.111250
0 0.771250 0.683125 0.072500 0.073750
0 0.074375 0.275625 0.111250 0.113750
0 0.063750 0.848750 0.027500 0.027500
0 0.868125 0.580625 0.028750 0.028750
0 0.418125 0.720000 0.101250 0.095000
0 0.513750 0.121250 0.065000 0.065000
0 0.394375 0.365625 0.028750 0.026250
0 0.170625 0.069375 0.103750 0.096250
0 0.493125 0.198750 0.038750 0.035000
0 0.110000 0.471250 0.107500 0.100000
0 0.901875 0.268125 0.098750 0.111250
0 0.965625 0.788125 0.028750 0.031250
0 0.650625 0.725000 0.091250 0.102500
0 0.700000 0.041250 0.027500 0.030000
0 0.469375 0.850625 0.091250 0.091250
0 0.208750 0.550625 0.075000 0.071250
0 0.377500 0.066250 0.092500 0.092500
0 0.718750 0.398750 0.070000 0.070000
0 0.095625 0.680625 0.048750 0.048750
0 0.310625 0.614375 0.081250 0.081250
0 0.558125 0.491875 0.048750 0.048750
0 0.849375 0.829375 0.051250 0.051250
0 0.350625 0.288125 0.083750 0.083750
0 0.676250 0.813750 0.055000 0.055000
0 0.756875 0.804375 0.028750 0.028750
0 0.919375 0.569375 0.026250 0.026250
0 0.620000 0.593750 0.095000 0.095000
0 0.229375 0.466875 0.048750 0.043750
0 0.720625 0.287500 0.058750 0.052500
0 0.388125 0.938125 0.046250 0.041250
0 0.953125 0.927500 0.031250 0.027500
0 0.332500 0.458125 0.110000 0.126250
0 0.874375 0.101250 0.058750 0.052500
0 0.105000 0.361250 0.040000 0.040000
0 0.055000 0.580000 0.037500 0.037500
0 0.896250 0.682500 0.110000 0.110000
0 0.891250 0.428125 0.030000 0.023750
0 0.583125 0.861875 0.103750 0.103750
0 0.732500 0.193750 0.110000 0.110000
0 0.277500 0.131250 0.080000 0.080000
0 0.032500 0.931250 0.040000 0.040000
0 0.552500 0.740000 0.082500 0.100000
0 0.615625 0.250000 0.066250 0.080000
0 0.159375 0.376250 0.051250 0.062500
0 0.825625 0.941250 0.051250 0.062500
0 0.228125 0.878125 0.108750 0.108750
0 0.784375 0.080625 0.046250 0.046250
0 0.111875 0.770625 0.041250 0.041250
0 0.623125 0.490625 0.031250 0.031250
0 0.708125 0.929375 0.068750 0.068750
0 0.361250 0.145000 0.025000 0.025000
0 0.413750 0.141250 0.035000 0.030000
0 0.119375 0.590625 0.073750 0.073750