0 0.068750 0.476250 0.030000 0.027500
0 0.662500 0.534375 0.112500 0.093750
0 0.781875 0.825625 0.083750 0.068750
0 0.338125 0.065000 0.106250 0.087500
0 0.197500 0.851250 0.065000 0.057500
0 0.366875 0.806875 0.103750 0.091250
0 0.665000 0.665625 0.067500 0.078750
0 0.920625 0.483125 0.088750 0.103750
0 0.477500 0.942500 0.032500 0.037500
0 0.904375 0.875000 0.041250 0.047500
0 0.216875 0.036250 0.028750 0.030000
0 0.043125 0.934375 0.041250 0.043750
0 0.291250 0.665000 0.030000 0.032500
0 0.076250 0.740625 0.110000 0.118750
0 0.688125 0.234375 0.026250 0.026250
0 0.363125 0.289375 0.071250 0.071250
0 0.868750 0.257500 0.107500 0.107500
0 0.478125 0.779375 0.063750 0.063750
0 0.514375 0.313125 0.103750 0.103750
0 0.666250 0.768750 0.030000 0.030000
0 0.771250 0.376250 0.102500 0.102500
0 0.453750 0.161875 0.082500 0.086250
0 0.096250 0.191875 0.032500 0.033750
0 0.304375 0.155000 0.073750 0.060000
0 0.924375 0.688125 0.108750 0.096250
0 0.241875 0.238125 0.048750 0.048750
0 0.253125 0.536875 0.081250 0.081250
0 0.214375 0.640625 0.088750 0.088750
0 0.364375 0.711875 0.033750 0.033750
0 0.444375 0.690625 0.091250 0.091250
0 0.195000 0.733750 0.070000 0.070000
0 0.812500 0.674375 0.092500 0.168750
0 0.048125 0.316875 0.046250 0.083750
0 0.618125 0.343750 0.073750 0.135000
0 0.145625 0.183125 0.038750 0.038750
0 0.715625 0.913125 0.068750 0.068750
0 0.528125 0.551875 0.063750 0.063750
0 0.050625 0.846875 0.076250 0.076250
0 0.843125 0.890625 0.031250 0.031250
0 0.896250 0.110000 0.110000 0.110000
0 0.755625 0.064375 0.071250 0.071250
0 0.169375 0.514375 0.071250 0.071250
0 0.353750 0.396250 0.027500 0.027500
0 0.183125 0.405625 0.101250 0.101250
0 0.798750 0.490000 0.045000 0.045000
0 0.370000 0.482500 0.075000 0.075000
0 0.448125 0.446875 0.041250 0.041250
0 0.636875 0.824375 0.031250 0.031250
0 0.563750 0.100625 0.107500 0.131250
0 0.544375 0.732500 0.028750 0.035000
0 0.656250 0.079375 0.055000 0.066250
0 0.884375 0.370625 0.071250 0.086250
0 0.102500 0.073750 0.077500 0.077500
0 0.696250 0.843750 0.045000 0.045000
0 0.276875 0.758125 0.033750 0.033750
0 0.071250 0.417500 0.075000 0.075000
0 0.348750 0.655000 0.040000 0.040000
0 0.166875 0.928125 0.038750 0.038750
0 0.568750 0.903750 0.107500 0.110000
0 0.070625 0.588750 0.073750 0.075000
0 0.584375 0.645000 0.078750 0.080000
0 0.398125 0.575625 0.083750 0.083750
0 0.130625 0.284375 0.101250 0.101250
0 0.238750 0.089375 0.032500 0.038750
0 0.036250 0.154375 0.032500 0.031250
0 0.753125 0.156875 0.081250 0.081250
0 0.956250 0.901250 0.040000 0.040000
0 0.551250 0.214375 0.067500 0.068750