0 0.391250 0.762500 0.057500 0.057500
0 0.785000 0.286250 0.032500 0.032500
0 0.570000 0.392500 0.045000 0.047500
0 0.473125 0.158125 0.098750 0.098750
0 0.636875 0.888125 0.053750 0.053750
0 0.898750 0.746250 0.072500 0.072500
0 0.478750 0.743750 0.027500 0.027500
0 0.596250 0.258750 0.065000 0.065000
0 0.495000 0.873750 0.035000 0.035000
0 0.094375 0.616875 0.033750 0.033750
0 0.245625 0.166875 0.101250 0.101250
0 0.411875 0.613125 0.031250 0.031250
0 0.736875 0.548125 0.083750 0.083750
0 0.692500 0.081250 0.030000 0.030000
0 0.189375 0.692500 0.028750 0.027500
0 0.340625 0.568125 0.053750 0.051250
0 0.060625 0.813125 0.093750 0.088750
0 0.404375 0.494375 0.026250 0.026250
0 0.846250 0.315000 0.045000 0.045000
0 0.306250 0.847500 0.075000 0.075000
0 0.239375 0.338750 0.058750 0.057500
0 0.723750 0.402500 0.110000 0.120000
0 0.581875 0.598125 0.078750 0.078750
0 0.395625 0.879375 0.061250 0.061250
0 0.856875 0.556875 0.073750 0.073750
0 0.701250 0.706250 0.110000 0.110000
0 0.594375 0.136875 0.103750 0.103750
0 0.970000 0.691250 0.025000 0.025000
0 0.213125 0.795000 0.043750 0.042500
0 0.262500 0.075000 0.057500 0.057500
0 0.165000 0.630000 0.035000 0.035000
0 0.726875 0.888750 0.096250 0.105000
0 0.428750 0.329375 0.037500 0.041250
0 0.556875 0.755000 0.098750 0.107500
0 0.461875 0.264375 0.066250 0.066250
0 0.382500 0.672500 0.070000 0.070000
0 0.115625 0.186875 0.091250 0.091250
0 0.460000 0.417500 0.077500 0.077500
0 0.065000 0.431250 0.082500 0.082500
0 0.848125 0.915625 0.086250 0.086250
0 0.153750 0.533750 0.097500 0.097500
0 0.848125 0.136875 0.033750 0.033750
0 0.142500 0.313750 0.095000 0.095000
0 0.748125 0.220625 0.046250 0.046250
0 0.191250 0.428750 0.080000 0.080000
0 0.334375 0.361875 0.098750 0.098750
0 0.853125 0.446875 0.086250 0.086250
0 0.584375 0.461875 0.058750 0.058750
0 0.115000 0.075000 0.090000 0.090000
0 0.292500 0.938750 0.070000 0.070000
0 0.111875 0.713750 0.076250 0.072500
0 0.155000 0.917500 0.092500 0.087500
0 0.263125 0.663125 0.101250 0.096250
0 0.268750 0.765000 0.047500 0.047500
0 0.933750 0.360000 0.070000 0.070000
0 0.420000 0.552500 0.060000 0.060000
0 0.151250 0.793750 0.060000 0.060000
0 0.465625 0.660625 0.058750 0.058750
0 0.940625 0.441875 0.068750 0.068750
0 0.367500 0.110000 0.090000 0.065000
0 0.917500 0.133750 0.087500 0.112500
0 0.931250 0.295000 0.035000 0.045000
0 0.950000 0.933750 0.055000 0.070000
0 0.851875 0.647500 0.111250 0.090000
0 0.793125 0.125000 0.028750 0.022500
0 0.954375 0.635625 0.036250 0.028750