0 0.297500 0.071250 0.042500 0.042500
0 0.286875 0.409375 0.101250 0.101250
0 0.270000 0.257500 0.100000 0.100000
0 0.040625 0.737500 0.043750 0.055000
0 0.722500 0.867500 0.080000 0.100000
0 0.498750 0.471250 0.057500 0.050000
0 0.748125 0.672500 0.096250 0.092500
0 0.238125 0.619375 0.028750 0.026250
0 0.679375 0.555625 0.043750 0.043750
0 0.106875 0.081875 0.083750 0.083750
0 0.678750 0.218750 0.082500 0.082500
0 0.145000 0.410000 0.087500 0.087500
0 0.566250 0.645000 0.057500 0.050000
0 0.653750 0.391250 0.102500 0.102500
0 0.303750 0.876250 0.065000 0.065000
0 0.500000 0.746250 0.112500 0.112500
0 0.689375 0.095625 0.056250 0.056250
0 0.823125 0.545625 0.081250 0.081250
0 0.865000 0.880625 0.062500 0.033750
0 0.523750 0.355625 0.065000 0.046250
0 0.843125 0.278125 0.031250 0.031250
0 0.475000 0.570000 0.057500 0.057500
0 0.352500 0.040000 0.042500 0.042500
0 0.561875 0.100625 0.091250 0.091250
0 0.707500 0.767500 0.040000 0.040000
0 0.147500 0.900000 0.077500 0.077500
0 0.836250 0.433750 0.032500 0.032500
0 0.195625 0.623125 0.041250 0.041250
0 0.856875 0.160000 0.083750 0.055000
0 0.504375 0.946250 0.076250 0.050000
0 0.080000 0.165000 0.062500 0.040000
0 0.758750 0.110625 0.055000 0.036250
0 0.350000 0.607500 0.102500 0.102500
0 0.896875 0.068125 0.091250 0.091250
0 0.419375 0.284375 0.081250 0.081250
0 0.086875 0.539375 0.106250 0.106250
0 0.439375 0.113750 0.096250 0.082500
0 0.170625 0.495000 0.043750 0.037500
0 0.603125 0.806875 0.076250 0.076250
0 0.150000 0.715625 0.092500 0.081250
0 0.873750 0.678750 0.060000 0.052500
0 0.391250 0.526875 0.050000 0.043750
0 0.620625 0.930000 0.091250 0.080000
0 0.209375 0.806875 0.076250 0.046250
0 0.563125 0.572500 0.046250 0.027500
0 0.546250 0.250625 0.112500 0.068750
0 0.939375 0.891875 0.038750 0.023750
0 0.910000 0.346250 0.090000 0.090000
0 0.174375 0.286875 0.048750 0.048750
0 0.858750 0.787500 0.112500 0.112500
0 0.772500 0.395000 0.040000 0.040000
0 0.060000 0.298750 0.077500 0.077500
0 0.446875 0.355625 0.031250 0.028750
0 0.753125 0.478125 0.031250 0.031250
0 0.207500 0.100000 0.085000 0.085000
0 0.360625 0.755625 0.108750 0.108750
0 0.385000 0.417500 0.062500 0.062500
0 0.701250 0.280000 0.025000 0.025000
0 0.401250 0.882500 0.095000 0.095000
0 0.835000 0.388125 0.042500 0.043750
0 0.922500 0.506250 0.095000 0.095000
0 0.070625 0.629375 0.058750 0.058750
0 0.748125 0.058125 0.028750 0.026250
0 0.186875 0.553750 0.058750 0.060000
0 0.796875 0.918125 0.041250 0.041250
0 0.054375 0.393125 0.058750 0.058750
0 0.965625 0.257500 0.038750 0.050000
0 0.242500 0.733750 0.057500 0.075000
0 0.157500 0.187500 0.052500 0.067500
0 0.832500 0.337500 0.030000 0.027500
0 0.643750 0.668125 0.065000 0.058750
0 0.585625 0.480625 0.046250 0.046250
0 0.493125 0.850625 0.066250 0.066250
0 0.897500 0.228750 0.052500 0.052500
0 0.061250 0.885000 0.045000 0.042500
0 0.876875 0.931875 0.026250 0.026250
0 0.770625 0.178750 0.068750 0.072500
0 0.130625 0.831250 0.033750 0.035000
0 0.513750 0.420000 0.100000 0.037500
0 0.311250 0.673125 0.037500 0.013750
0 0.388750 0.481875 0.077500 0.028750
0 0.433125 0.631875 0.046250 0.046250
0 0.616250 0.533750 0.035000 0.035000
0 0.949375 0.749375 0.051250 0.051250
0 0.478750 0.185000 0.042500 0.042500
0 0.369375 0.190625 0.041250 0.043750
0 0.783750 0.307500 0.042500 0.042500
0 0.268125 0.510625 0.086250 0.076250
0 0.628750 0.290000 0.037500 0.032500