0 0.070000 0.905000 0.027500 0.027500
0 0.350625 0.694375 0.096250 0.111250
0 0.093750 0.558750 0.105000 0.102500
0 0.265625 0.161875 0.068750 0.068750
0 0.431250 0.498750 0.087500 0.087500
0 0.228125 0.251250 0.043750 0.042500
0 0.869375 0.717500 0.026250 0.017500
0 0.311250 0.298750 0.070000 0.047500
0 0.250000 0.640625 0.087500 0.058750
0 0.191250 0.916875 0.072500 0.048750
0 0.613125 0.384375 0.073750 0.073750
0 0.791875 0.758125 0.056250 0.056250
0 0.131875 0.246875 0.028750 0.026250
0 0.575000 0.841250 0.082500 0.082500
0 0.627500 0.541875 0.095000 0.113750
0 0.847500 0.627500 0.102500 0.122500
0 0.268125 0.408125 0.048750 0.048750
0 0.061250 0.278750 0.045000 0.045000
0 0.456250 0.890625 0.040000 0.048750
0 0.140000 0.393125 0.042500 0.051250
0 0.520000 0.631250 0.092500 0.092500
0 0.211250 0.733125 0.112500 0.083750
0 0.110000 0.665000 0.027500 0.027500
0 0.936875 0.778125 0.031250 0.031250
0 0.274375 0.543125 0.068750 0.061250
0 0.445625 0.719375 0.051250 0.046250
0 0.848125 0.199375 0.106250 0.096250
0 0.458750 0.178750 0.080000 0.072500
0 0.792500 0.481875 0.095000 0.106250
0 0.924375 0.497500 0.088750 0.082500
0 0.810000 0.343750 0.075000 0.070000
0 0.662500 0.220000 0.087500 0.087500
0 0.750000 0.055000 0.055000 0.055000
0 0.301250 0.836250 0.080000 0.080000
0 0.881250 0.106250 0.065000 0.065000
0 0.551875 0.265625 0.086250 0.086250
0 0.673750 0.717500 0.107500 0.090000
0 0.722500 0.888125 0.052500 0.043750
0 0.193125 0.080000 0.068750 0.057500
0 0.448750 0.398125 0.050000 0.041250
0 0.076250 0.076250 0.107500 0.107500
0 0.174375 0.844375 0.108750 0.078750
0 0.840625 0.875625 0.061250 0.043750
0 0.345000 0.116250 0.062500 0.045000
0 0.425625 0.797500 0.063750 0.062500
0 0.591250 0.081250 0.092500 0.092500
0 0.323750 0.925000 0.072500 0.072500
0 0.675625 0.063125 0.061250 0.061250
0 0.957500 0.259375 0.040000 0.038750
0 0.936250 0.375000 0.085000 0.085000
0 0.483125 0.070625 0.088750 0.088750
0 0.055000 0.838750 0.060000 0.060000
0 0.183125 0.539375 0.028750 0.028750
0 0.580000 0.745000 0.047500 0.047500
0 0.511875 0.753125 0.046250 0.046250
0 0.358125 0.206875 0.086250 0.086250
0 0.081250 0.396250 0.047500 0.047500
0 0.384375 0.399375 0.056250 0.056250