0 0.601250 0.694375 0.072500 0.083750
0 0.197500 0.923125 0.045000 0.051250
0 0.073750 0.590000 0.025000 0.025000
0 0.673750 0.777500 0.057500 0.057500
0 0.887500 0.538750 0.060000 0.060000
0 0.257500 0.697500 0.090000 0.090000
0 0.456250 0.392500 0.060000 0.060000
0 0.733750 0.421250 0.097500 0.097500
0 0.298750 0.473750 0.042500 0.040000
0 0.568125 0.319375 0.093750 0.088750
0 0.536250 0.559375 0.067500 0.063750
0 0.549375 0.796250 0.043750 0.015000
0 0.368125 0.313125 0.061250 0.061250
0 0.035000 0.875000 0.035000 0.035000
0 0.271875 0.083125 0.108750 0.108750
0 0.765625 0.923750 0.083750 0.082500
0 0.210625 0.228750 0.108750 0.107500
0 0.690000 0.633125 0.077500 0.076250
0 0.326250 0.614375 0.032500 0.033750
0 0.190625 0.546875 0.111250 0.111250
0 0.776875 0.678750 0.081250 0.087500
0 0.866875 0.191250 0.106250 0.115000
0 0.752500 0.305000 0.085000 0.072500
0 0.739375 0.146875 0.086250 0.073750
0 0.410000 0.057500 0.100000 0.085000
0 0.128750 0.433750 0.075000 0.075000
0 0.915625 0.440000 0.098750 0.102500
0 0.761875 0.495000 0.033750 0.032500
0 0.600000 0.121250 0.107500 0.105000
0 0.776250 0.812500 0.092500 0.090000
0 0.637500 0.445000 0.080000 0.080000
0 0.708750 0.037500 0.047500 0.047500
0 0.404375 0.775625 0.098750 0.098750
0 0.565000 0.211875 0.072500 0.058750
0 0.224375 0.409375 0.051250 0.051250
0 0.073125 0.251250 0.046250 0.050000
0 0.469375 0.911250 0.038750 0.042500
0 0.912500 0.305625 0.050000 0.053750
0 0.107500 0.159375 0.075000 0.081250
0 0.195625 0.793125 0.081250 0.081250
0 0.448750 0.218125 0.060000 0.063750
0 0.588125 0.864375 0.081250 0.086250
0 0.384375 0.521875 0.108750 0.116250
0 0.106250 0.899375 0.047500 0.021250
0 0.962500 0.171250 0.045000 0.045000
0 0.323750 0.871250 0.027500 0.027500
0 0.891250 0.728750 0.082500 0.082500
0 0.099375 0.339375 0.066250 0.066250
0 0.453750 0.641250 0.080000 0.080000
0 0.928125 0.915625 0.098750 0.098750
0 0.341250 0.225000 0.110000 0.095000
0 0.793125 0.558750 0.093750 0.080000
0 0.040000 0.958750 0.032500 0.027500
0 0.925000 0.063125 0.045000 0.053750
0 0.942500 0.811250 0.045000 0.045000
0 0.059375 0.758125 0.051250 0.051250
0 0.061875 0.669375 0.096250 0.096250
0 0.373125 0.931875 0.066250 0.066250
0 0.616250 0.568750 0.042500 0.042500
0 0.403125 0.851250 0.028750 0.037500
0 0.910625 0.636875 0.078750 0.078750
0 0.298125 0.936875 0.046250 0.046250
0 0.183125 0.330625 0.068750 0.068750
0 0.535000 0.421250 0.070000 0.085000
0 0.664375 0.280625 0.056250 0.068750
0 0.485625 0.856875 0.041250 0.046250
0 0.460625 0.307500 0.076250 0.065000
0 0.104375 0.070000 0.086250 0.075000
0 0.126250 0.743750 0.032500 0.027500
0 0.344375 0.413125 0.051250 0.043750
0 0.281250 0.842500 0.042500 0.037500
0 0.839375 0.360625 0.038750 0.033750
0 0.339375 0.698125 0.051250 0.041250
0 0.806250 0.057500 0.092500 0.075000
0 0.043125 0.448125 0.048750 0.066250
0 0.674375 0.905000 0.066250 0.090000