0 0.416875 0.121250 0.093750 0.075000
0 0.966250 0.650000 0.032500 0.025000
0 0.185000 0.593750 0.025000 0.020000
0 0.043125 0.462500 0.028750 0.027500
0 0.874375 0.528125 0.091250 0.088750
0 0.923125 0.177500 0.056250 0.040000
0 0.576875 0.733750 0.038750 0.027500
0 0.481875 0.310000 0.063750 0.045000
0 0.165625 0.505625 0.111250 0.111250
0 0.269375 0.861875 0.093750 0.093750
0 0.093750 0.136250 0.080000 0.090000
0 0.715000 0.258750 0.060000 0.067500
0 0.741250 0.796250 0.057500 0.055000
0 0.383125 0.445625 0.086250 0.083750
0 0.106250 0.748125 0.047500 0.046250
0 0.574375 0.170625 0.081250 0.081250
0 0.123125 0.241875 0.041250 0.041250
0 0.068750 0.383750 0.030000 0.030000
0 0.547500 0.628750 0.110000 0.110000
0 0.273750 0.512500 0.045000 0.045000
0 0.555000 0.883750 0.085000 0.085000
0 0.803750 0.117500 0.050000 0.050000
0 0.872500 0.378750 0.087500 0.087500
0 0.343750 0.263750 0.055000 0.055000
0 0.752500 0.446250 0.072500 0.072500
0 0.866875 0.630625 0.091250 0.091250
0 0.899375 0.919375 0.041250 0.041250
0 0.825625 0.240625 0.086250 0.086250
0 0.288125 0.379375 0.026250 0.026250
0 0.273750 0.427500 0.050000 0.040000
0 0.930000 0.738750 0.050000 0.040000
0 0.516875 0.396250 0.108750 0.087500
0 0.243750 0.178750 0.102500 0.082500
0 0.246875 0.744375 0.103750 0.101250
0 0.687500 0.618750 0.095000 0.095000
0 0.178750 0.360000 0.082500 0.100000
0 0.442500 0.945625 0.032500 0.038750
0 0.270625 0.651875 0.061250 0.061250
0 0.101875 0.857500 0.083750 0.077500
0 0.481875 0.734375 0.078750 0.078750
0 0.456875 0.200625 0.063750 0.063750
0 0.558750 0.028750 0.030000 0.030000
0 0.074375 0.658125 0.098750 0.098750
0 0.645625 0.453125 0.058750 0.053750
0 0.730625 0.700625 0.058750 0.053750
0 0.311875 0.063125 0.083750 0.076250
0 0.381250 0.710000 0.095000 0.087500
0 0.875625 0.075625 0.061250 0.053750
0 0.686250 0.105000 0.102500 0.090000
0 0.163125 0.783750 0.048750 0.042500
0 0.935000 0.847500 0.077500 0.077500
0 0.220000 0.083750 0.032500 0.032500
0 0.358125 0.604375 0.096250 0.096250
0 0.370625 0.873125 0.083750 0.083750
0 0.082500 0.545000 0.030000 0.030000
0 0.610625 0.276875 0.068750 0.068750
0 0.742500 0.906250 0.067500 0.095000
0 0.089375 0.938125 0.048750 0.068750
0 0.204375 0.660000 0.046250 0.045000
0 0.479375 0.056875 0.026250 0.026250
0 0.435625 0.051875 0.033750 0.033750
0 0.391250 0.360000 0.045000 0.045000
0 0.622500 0.526250 0.067500 0.062500
0 0.958125 0.288750 0.048750 0.045000
0 0.779375 0.526250 0.073750 0.067500
0 0.469375 0.873125 0.046250 0.046250
0 0.520625 0.545625 0.026250 0.026250
0 0.658125 0.857500 0.078750 0.067500
0 0.657500 0.381250 0.057500 0.040000
0 0.070625 0.253750 0.046250 0.032500
0 0.856875 0.819375 0.033750 0.026250
0 0.176250 0.930000 0.057500 0.052500
0 0.484375 0.484375 0.063750 0.058750
0 0.791250 0.631250 0.030000 0.027500
0 0.865625 0.778125 0.041250 0.041250
0 0.355625 0.190625 0.056250 0.048750
0 0.823125 0.871875 0.051250 0.051250
0 0.869375 0.454375 0.031250 0.031250
0 0.040000 0.755000 0.040000 0.040000
0 0.667500 0.938750 0.045000 0.045000
0 0.770625 0.354375 0.091250 0.091250
0 0.590625 0.069375 0.031250 0.031250
0 0.450625 0.803125 0.043750 0.043750
0 0.206250 0.035000 0.035000 0.035000
0 0.646250 0.708125 0.025000 0.031250
0 0.184375 0.274375 0.031250 0.031250
0 0.443750 0.575000 0.055000 0.055000
0 0.956250 0.338750 0.037500 0.037500
0 0.261250 0.277500 0.067500 0.067500