0 0.928750 0.653750 0.112500 0.112500
0 0.275000 0.601250 0.052500 0.052500
0 0.583750 0.723750 0.070000 0.070000
0 0.706875 0.100625 0.051250 0.041250
0 0.375625 0.489375 0.106250 0.086250
0 0.336250 0.578750 0.055000 0.055000
0 0.185625 0.911250 0.093750 0.082500
0 0.727500 0.477500 0.100000 0.087500
0 0.261250 0.275625 0.050000 0.043750
0 0.443750 0.188750 0.075000 0.075000
0 0.571875 0.363125 0.076250 0.076250
0 0.218750 0.043750 0.045000 0.045000
0 0.873125 0.340000 0.096250 0.090000
0 0.160625 0.314375 0.071250 0.066250
0 0.676250 0.803750 0.077500 0.072500
0 0.936875 0.933125 0.071250 0.071250
0 0.198125 0.441250 0.091250 0.105000
0 0.302500 0.188750 0.080000 0.092500
0 0.685625 0.366250 0.061250 0.070000
0 0.850625 0.903125 0.053750 0.061250
0 0.485625 0.840625 0.111250 0.111250
0 0.876875 0.141875 0.108750 0.108750
0 0.706875 0.919375 0.036250 0.038750
0 0.703125 0.634375 0.036250 0.038750
0 0.331875 0.370000 0.086250 0.092500
0 0.925000 0.817500 0.092500 0.092500
0 0.270000 0.730000 0.045000 0.045000
0 0.327500 0.065000 0.077500 0.077500
0 0.179375 0.114375 0.056250 0.058750
0 0.845625 0.646250 0.033750 0.032500
0 0.548125 0.236875 0.108750 0.108750
0 0.556875 0.458125 0.081250 0.081250
0 0.586875 0.544375 0.041250 0.041250
0 0.066875 0.889375 0.101250 0.101250
0 0.335000 0.731875 0.067500 0.056250
0 0.053750 0.183750 0.045000 0.037500
0 0.729375 0.733750 0.028750 0.030000
0 0.923750 0.537500 0.065000 0.065000
0 0.207500 0.612500 0.050000 0.042500
0 0.482500 0.638125 0.070000 0.058750
0 0.253750 0.843125 0.035000 0.028750
0 0.071875 0.714375 0.063750 0.053750
0 0.800000 0.723750 0.067500 0.067500
0 0.059375 0.288125 0.048750 0.048750
0 0.325000 0.910000 0.085000 0.085000
0 0.645000 0.888750 0.045000 0.045000
0 0.259375 0.678125 0.036250 0.036250
0 0.078125 0.063125 0.048750 0.048750
0 0.145000 0.218750 0.085000 0.085000
0 0.768750 0.105000 0.027500 0.027500
0 0.815625 0.806875 0.063750 0.063750
0 0.119375 0.569375 0.031250 0.028750
0 0.818750 0.585000 0.037500 0.037500
0 0.700625 0.184375 0.068750 0.068750
0 0.583125 0.846875 0.063750 0.063750
0 0.518750 0.550000 0.047500 0.047500
0 0.185000 0.705000 0.075000 0.075000
0 0.894375 0.445625 0.086250 0.086250
0 0.545625 0.133125 0.056250 0.056250
0 0.560625 0.057500 0.058750 0.070000
0 0.172500 0.802500 0.070000 0.057500
0 0.068125 0.450625 0.073750 0.058750
0 0.443750 0.710000 0.087500 0.070000
0 0.903750 0.740625 0.025000 0.023750
0 0.633125 0.636875 0.046250 0.056250
0 0.452500 0.364375 0.050000 0.041250
0 0.455625 0.077500 0.066250 0.055000
0 0.325625 0.820000 0.083750 0.070000
0 0.580000 0.653125 0.027500 0.026250
0 0.375000 0.125000 0.027500 0.027500
0 0.719375 0.260625 0.063750 0.063750
0 0.073750 0.646250 0.035000 0.035000
0 0.758750 0.617500 0.055000 0.057500
0 0.728750 0.865000 0.030000 0.030000
0 0.553750 0.931250 0.025000 0.025000
0 0.896250 0.243750 0.080000 0.080000
0 0.445625 0.941875 0.066250 0.066250
0 0.386875 0.264375 0.053750 0.053750
0 0.243750 0.341250 0.032500 0.032500
0 0.133750 0.643750 0.027500 0.027500
0 0.771875 0.336875 0.046250 0.046250