0 0.841875 0.263750 0.063750 0.075000
0 0.616875 0.531875 0.088750 0.088750
0 0.285000 0.524375 0.112500 0.101250
0 0.453750 0.355625 0.072500 0.098750
0 0.923750 0.146250 0.100000 0.137500
0 0.557500 0.883125 0.052500 0.071250
0 0.908125 0.873750 0.086250 0.117500
0 0.185625 0.068125 0.063750 0.063750
0 0.142500 0.166250 0.107500 0.107500
0 0.115625 0.879375 0.033750 0.033750
0 0.325625 0.846875 0.068750 0.068750
0 0.498125 0.791875 0.091250 0.091250
0 0.431875 0.245625 0.068750 0.068750
0 0.713750 0.510000 0.067500 0.067500
0 0.781250 0.677500 0.105000 0.105000
0 0.218750 0.316250 0.027500 0.027500
0 0.314375 0.765625 0.086250 0.078750
0 0.666250 0.331875 0.075000 0.068750
0 0.056250 0.532500 0.025000 0.022500
0 0.431250 0.493125 0.072500 0.068750
0 0.078750 0.724375 0.072500 0.068750
0 0.268750 0.205625 0.097500 0.093750
0 0.681875 0.127500 0.096250 0.092500
0 0.765625 0.860000 0.106250 0.100000
0 0.185000 0.740000 0.040000 0.040000
0 0.905625 0.719375 0.103750 0.103750
0 0.116250 0.421250 0.105000 0.105000
0 0.470625 0.085000 0.038750 0.040000
0 0.945000 0.566250 0.080000 0.080000
0 0.488750 0.668750 0.075000 0.075000
0 0.613125 0.676875 0.111250 0.111250
0 0.834375 0.560625 0.093750 0.093750
0 0.421250 0.876250 0.025000 0.035000
0 0.843750 0.461250 0.052500 0.052500
0 0.926875 0.384375 0.093750 0.093750
0 0.110000 0.610000 0.065000 0.052500
0 0.276250 0.660000 0.100000 0.080000
0 0.176250 0.259375 0.040000 0.031250
0 0.532500 0.416250 0.050000 0.040000
0 0.836250 0.071250 0.060000 0.057500
0 0.038125 0.077500 0.051250 0.050000
0 0.284375 0.331875 0.046250 0.046250
0 0.401250 0.662500 0.055000 0.050000
0 0.316875 0.092500 0.066250 0.057500
0 0.096875 0.060625 0.026250 0.026250
0 0.935625 0.271875 0.098750 0.098750
0 0.535625 0.171875 0.063750 0.063750
0 0.755625 0.285625 0.088750 0.116250
0 0.671875 0.810000 0.063750 0.075000
0 0.191875 0.546250 0.051250 0.060000
0 0.330000 0.296875 0.025000 0.028750
0 0.115625 0.535625 0.043750 0.043750
0 0.276875 0.943125 0.046250 0.046250
0 0.828125 0.153125 0.066250 0.066250
0 0.093125 0.326875 0.046250 0.046250
0 0.671250 0.217500 0.055000 0.055000
0 0.528750 0.317500 0.057500 0.057500
0 0.930625 0.475625 0.058750 0.058750
0 0.860000 0.395000 0.025000 0.025000
0 0.910625 0.038125 0.041250 0.041250
0 0.243125 0.413125 0.073750 0.073750
0 0.191250 0.801250 0.065000 0.065000