0 0.455000 0.618750 0.102500 0.097500
0 0.776250 0.369375 0.065000 0.061250
0 0.768125 0.834375 0.036250 0.038750
0 0.043750 0.316875 0.057500 0.061250
0 0.309375 0.617500 0.086250 0.092500
0 0.340000 0.785000 0.102500 0.102500
0 0.807500 0.305000 0.075000 0.045000
0 0.162500 0.303125 0.077500 0.093750
0 0.103750 0.629375 0.087500 0.106250
0 0.245625 0.280000 0.043750 0.052500
0 0.353125 0.416250 0.033750 0.040000
0 0.703750 0.295625 0.037500 0.031250
0 0.132500 0.828750 0.057500 0.067500
0 0.375625 0.928125 0.073750 0.073750
0 0.881250 0.387500 0.095000 0.095000
0 0.066250 0.176250 0.087500 0.087500
0 0.730000 0.548750 0.075000 0.075000
0 0.680000 0.442500 0.100000 0.085000
0 0.969375 0.586875 0.026250 0.023750
0 0.053750 0.397500 0.032500 0.032500
0 0.889375 0.191250 0.088750 0.115000
0 0.847500 0.681875 0.087500 0.113750
0 0.612500 0.651875 0.040000 0.051250
0 0.686250 0.916875 0.040000 0.051250
0 0.685000 0.653125 0.090000 0.088750
0 0.379375 0.096250 0.106250 0.105000
0 0.522500 0.404375 0.040000 0.038750
0 0.613125 0.265000 0.093750 0.092500
0 0.275625 0.536875 0.033750 0.033750
0 0.531875 0.206875 0.041250 0.041250
0 0.147500 0.080000 0.042500 0.042500
0 0.785000 0.468750 0.052500 0.052500
0 0.566875 0.798125 0.101250 0.101250
0 0.711875 0.183125 0.081250 0.081250
0 0.516875 0.945625 0.026250 0.026250
0 0.272500 0.931250 0.065000 0.065000
0 0.935000 0.048750 0.040000 0.040000
0 0.893125 0.928125 0.028750 0.028750
0 0.353125 0.306250 0.093750 0.105000
0 0.679375 0.765625 0.093750 0.093750
0 0.231250 0.091250 0.025000 0.025000
0 0.878125 0.515625 0.108750 0.108750
0 0.440000 0.202500 0.077500 0.077500
0 0.206250 0.690000 0.092500 0.092500
0 0.570625 0.074375 0.101250 0.101250
0 0.174375 0.501875 0.091250 0.091250
0 0.893750 0.810000 0.107500 0.107500
0 0.289375 0.405625 0.071250 0.071250
0 0.506250 0.508750 0.105000 0.105000
0 0.201875 0.176875 0.111250 0.111250
0 0.629375 0.905625 0.056250 0.056250
0 0.913125 0.296875 0.063750 0.063750
0 0.222500 0.816250 0.087500 0.087500
0 0.780000 0.928750 0.055000 0.055000
0 0.319375 0.524375 0.033750 0.033750
0 0.826250 0.056250 0.035000 0.035000
0 0.439375 0.409375 0.068750 0.068750