0 0.198125 0.314375 0.068750 0.068750
0 0.319375 0.764375 0.048750 0.048750
0 0.863125 0.849375 0.068750 0.068750
0 0.485625 0.389375 0.088750 0.088750
0 0.143125 0.413125 0.068750 0.068750
0 0.880625 0.625625 0.106250 0.106250
0 0.490625 0.634375 0.046250 0.046250
0 0.091250 0.718750 0.060000 0.060000
0 0.740000 0.632500 0.030000 0.030000
0 0.259375 0.550000 0.051250 0.087500
0 0.103750 0.837500 0.092500 0.160000
0 0.164375 0.564375 0.043750 0.041250
0 0.586250 0.609375 0.095000 0.088750
0 0.299375 0.421250 0.106250 0.100000
0 0.621875 0.180625 0.031250 0.031250
0 0.095000 0.565000 0.065000 0.065000
0 0.906875 0.945625 0.026250 0.026250
0 0.318750 0.628750 0.035000 0.035000
0 0.273750 0.180000 0.095000 0.095000
0 0.266875 0.846875 0.076250 0.076250
0 0.795625 0.616250 0.038750 0.072500
0 0.876250 0.466250 0.087500 0.077500
0 0.353125 0.876875 0.056250 0.048750
0 0.211875 0.450625 0.053750 0.068750
0 0.316250 0.060625 0.072500 0.063750
0 0.146250 0.201250 0.092500 0.092500
0 0.390000 0.583750 0.047500 0.047500
0 0.673125 0.097500 0.106250 0.057500
0 0.586250 0.788750 0.085000 0.070000
0 0.737500 0.401250 0.035000 0.035000
0 0.060000 0.306250 0.080000 0.080000
0 0.823125 0.275625 0.073750 0.073750
0 0.640000 0.378750 0.105000 0.105000
0 0.540625 0.206875 0.111250 0.111250
0 0.085000 0.122500 0.032500 0.032500
0 0.666250 0.607500 0.045000 0.045000
0 0.783125 0.529375 0.053750 0.053750
0 0.652500 0.501250 0.057500 0.057500
0 0.416250 0.225000 0.085000 0.085000
0 0.473750 0.861250 0.110000 0.110000
0 0.642500 0.040000 0.042500 0.042500
0 0.061875 0.056875 0.058750 0.058750
0 0.877500 0.090625 0.090000 0.086250
0 0.669375 0.256250 0.103750 0.100000
0 0.758750 0.877500 0.077500 0.075000
0 0.606250 0.884375 0.110000 0.106250
0 0.769375 0.102500 0.036250 0.032500
0 0.753125 0.724375 0.108750 0.108750
0 0.445000 0.716250 0.050000 0.052500
0 0.561250 0.507500 0.100000 0.100000
0 0.569375 0.065625 0.086250 0.086250
0 0.414375 0.479375 0.068750 0.068750
0 0.892500 0.206250 0.032500 0.032500
0 0.287500 0.265625 0.045000 0.053750
0 0.799375 0.165000 0.031250 0.037500
0 0.221875 0.733750 0.101250 0.122500
0 0.195625 0.071250 0.053750 0.052500
0 0.841250 0.940000 0.060000 0.057500
0 0.891875 0.730625 0.083750 0.081250
0 0.130000 0.069375 0.047500 0.046250
0 0.948750 0.342500 0.075000 0.075000
0 0.432500 0.778750 0.025000 0.025000
0 0.381250 0.052500 0.042500 0.042500
0 0.795625 0.043125 0.046250 0.046250
0 0.158750 0.472500 0.030000 0.027500
0 0.028750 0.658125 0.032500 0.031250
0 0.423750 0.641250 0.025000 0.025000
0 0.485625 0.080625 0.056250 0.056250
0 0.068125 0.455625 0.066250 0.066250
0 0.205000 0.846875 0.030000 0.021250
0 0.823125 0.400625 0.026250 0.018750
0 0.390000 0.371875 0.040000 0.038750
0 0.852500 0.532500 0.055000 0.032500
0 0.461250 0.541250 0.037500 0.022500
0 0.555625 0.685000 0.051250 0.030000
0 0.751875 0.340000 0.058750 0.035000
0 0.283750 0.941250 0.047500 0.032500
0 0.383750 0.755000 0.057500 0.057500
0 0.673750 0.710000 0.027500 0.027500
0 0.366250 0.664375 0.030000 0.028750
0 0.258125 0.345625 0.028750 0.028750
0 0.941875 0.810000 0.071250 0.052500
0 0.162500 0.645625 0.050000 0.036250
0 0.293750 0.675625 0.025000 0.021250
0 0.957500 0.224375 0.045000 0.038750
0 0.364375 0.131875 0.063750 0.063750