0 0.284375 0.216250 0.076250 0.060000
0 0.441250 0.791250 0.057500 0.037500
0 0.763750 0.543750 0.040000 0.047500
0 0.076250 0.446250 0.112500 0.115000
0 0.588750 0.206250 0.080000 0.080000
0 0.271875 0.713125 0.091250 0.091250
0 0.245000 0.538750 0.062500 0.062500
0 0.378750 0.636875 0.070000 0.078750
0 0.361875 0.885625 0.106250 0.106250
0 0.831250 0.922500 0.090000 0.090000
0 0.225625 0.946875 0.056250 0.056250
0 0.609375 0.130625 0.041250 0.041250
0 0.468750 0.570000 0.027500 0.027500
0 0.432500 0.438750 0.102500 0.102500
0 0.812500 0.827500 0.035000 0.032500
0 0.952500 0.523750 0.062500 0.062500
0 0.097500 0.598750 0.110000 0.100000
0 0.748125 0.196875 0.073750 0.066250
0 0.068750 0.149375 0.090000 0.081250
0 0.526250 0.641250 0.082500 0.082500
0 0.168125 0.289375 0.078750 0.078750
0 0.218750 0.153125 0.042500 0.048750
0 0.885000 0.741250 0.035000 0.035000
0 0.395000 0.038750 0.025000 0.025000
0 0.726250 0.081875 0.082500 0.076250
0 0.682500 0.321875 0.070000 0.063750
0 0.730000 0.927500 0.045000 0.042500
0 0.836250 0.381250 0.067500 0.065000
0 0.553750 0.458750 0.050000 0.047500
0 0.668750 0.691250 0.112500 0.107500
0 0.716250 0.588750 0.025000 0.025000
0 0.928750 0.211250 0.055000 0.055000
0 0.803125 0.299375 0.073750 0.073750
0 0.367500 0.756250 0.060000 0.060000
0 0.811875 0.464375 0.078750 0.078750
0 0.650000 0.470000 0.030000 0.030000
0 0.686875 0.813125 0.103750 0.103750
0 0.384375 0.131875 0.073750 0.073750
0 0.301250 0.351250 0.110000 0.110000
0 0.231250 0.817500 0.027500 0.027500
0 0.096250 0.787500 0.092500 0.092500
0 0.187500 0.462500 0.062500 0.062500
0 0.801875 0.696875 0.061250 0.061250
0 0.495000 0.083750 0.095000 0.095000
0 0.548125 0.730625 0.051250 0.051250
0 0.554375 0.865000 0.098750 0.092500
0 0.468750 0.235000 0.040000 0.037500
0 0.858750 0.109375 0.092500 0.086250
0 0.858125 0.566250 0.093750 0.087500
0 0.443125 0.629375 0.038750 0.038750
0 0.538125 0.549375 0.061250 0.061250
0 0.121875 0.933125 0.063750 0.063750
0 0.963125 0.929375 0.048750 0.048750
0 0.307500 0.536250 0.032500 0.032500
0 0.946250 0.130000 0.025000 0.025000
0 0.153750 0.140000 0.052500 0.052500
0 0.511875 0.323750 0.106250 0.105000
0 0.875000 0.823750 0.070000 0.070000
0 0.094375 0.698125 0.058750 0.058750
0 0.926875 0.423125 0.081250 0.081250
0 0.590625 0.365625 0.031250 0.031250
0 0.480625 0.958125 0.033750 0.033750
0 0.828125 0.208125 0.038750 0.038750
0 0.293750 0.145000 0.052500 0.052500
0 0.106250 0.860000 0.037500 0.037500
0 0.935625 0.311875 0.088750 0.088750
0 0.046250 0.257500 0.027500 0.027500
0 0.581875 0.948125 0.046250 0.046250
0 0.971875 0.785625 0.026250 0.026250
0 0.615000 0.585000 0.065000 0.065000
0 0.184375 0.056875 0.056250 0.056250
0 0.477500 0.736250 0.057500 0.057500
0 0.111250 0.063750 0.072500 0.072500
0 0.946250 0.681250 0.062500 0.062500
0 0.700625 0.399375 0.073750 0.073750
0 0.488750 0.171250 0.055000 0.055000