0 0.672500 0.376250 0.077500 0.077500
0 0.448125 0.745000 0.063750 0.047500
0 0.560000 0.748125 0.075000 0.056250
0 0.491250 0.608750 0.105000 0.105000
0 0.240000 0.826250 0.027500 0.027500
0 0.229375 0.646875 0.076250 0.078750
0 0.876250 0.755000 0.060000 0.060000
0 0.886875 0.225625 0.036250 0.036250
0 0.709375 0.225625 0.091250 0.091250
0 0.280625 0.050625 0.066250 0.066250
0 0.844375 0.166875 0.041250 0.041250
0 0.162500 0.393750 0.075000 0.075000
0 0.899375 0.513125 0.086250 0.086250
0 0.472500 0.188750 0.095000 0.095000
0 0.956250 0.117500 0.040000 0.040000
0 0.332500 0.366250 0.070000 0.070000
0 0.295625 0.461875 0.096250 0.096250
0 0.723125 0.089375 0.098750 0.098750
0 0.090000 0.192500 0.112500 0.112500
0 0.461250 0.378125 0.067500 0.081250
0 0.169375 0.521875 0.108750 0.108750
0 0.850625 0.846875 0.106250 0.106250
0 0.925000 0.377500 0.072500 0.072500
0 0.156250 0.302500 0.062500 0.062500
0 0.568125 0.205625 0.033750 0.033750
0 0.354375 0.639375 0.096250 0.096250
0 0.058125 0.643125 0.043750 0.046250
0 0.301875 0.158125 0.086250 0.091250
0 0.551250 0.876250 0.112500 0.120000
0 0.252500 0.728125 0.032500 0.031250
0 0.842500 0.436875 0.040000 0.038750
0 0.344375 0.717500 0.041250 0.027500
0 0.408125 0.905000 0.096250 0.067500
0 0.121250 0.815000 0.090000 0.090000
0 0.628125 0.533125 0.108750 0.108750
0 0.382500 0.827500 0.047500 0.047500
0 0.297500 0.924375 0.077500 0.073750
0 0.778750 0.451875 0.067500 0.063750
0 0.573750 0.121250 0.050000 0.047500
0 0.741250 0.706250 0.045000 0.045000
0 0.450000 0.291250 0.075000 0.075000
0 0.401875 0.479375 0.096250 0.096250
0 0.411250 0.091250 0.080000 0.080000
0 0.835625 0.055625 0.051250 0.051250
0 0.697500 0.918750 0.077500 0.077500
0 0.208750 0.220625 0.065000 0.083750
0 0.561875 0.364375 0.083750 0.083750
0 0.298750 0.275000 0.065000 0.072500
0 0.555000 0.283750 0.045000 0.050000
0 0.760625 0.586250 0.111250 0.125000
0 0.723125 0.808125 0.103750 0.116250
0 0.645000 0.115625 0.040000 0.038750
0 0.061875 0.491875 0.083750 0.083750
0 0.641250 0.636250 0.090000 0.080000
0 0.861875 0.349375 0.028750 0.028750
0 0.246250 0.373125 0.045000 0.046250
0 0.445000 0.810000 0.030000 0.032500
0 0.815000 0.263750 0.035000 0.035000
0 0.086875 0.075625 0.051250 0.051250
0 0.931875 0.641875 0.111250 0.111250
0 0.130625 0.721875 0.033750 0.033750
0 0.168750 0.913750 0.057500 0.057500
0 0.261875 0.584375 0.031250 0.031250
0 0.063125 0.330625 0.063750 0.071250
0 0.196875 0.105625 0.083750 0.083750
0 0.338750 0.758750 0.040000 0.040000
0 0.066250 0.580000 0.032500 0.032500
0 0.628750 0.708750 0.047500 0.047500
0 0.520625 0.504375 0.076250 0.076250
0 0.968750 0.230000 0.035000 0.035000
0 0.895000 0.952500 0.025000 0.025000
0 0.294375 0.845625 0.063750 0.041250
0 0.920625 0.175000 0.068750 0.045000
0 0.528750 0.043750 0.070000 0.045000
0 0.791875 0.926875 0.033750 0.033750
0 0.758750 0.371250 0.067500 0.067500