0 0.150625 0.543750 0.106250 0.145000
0 0.807500 0.156875 0.077500 0.106250
0 0.537500 0.703750 0.050000 0.050000
0 0.931250 0.766250 0.035000 0.035000
0 0.445625 0.491875 0.078750 0.136250
0 0.375000 0.751875 0.047500 0.081250
0 0.910000 0.381250 0.055000 0.095000
0 0.583750 0.500000 0.070000 0.120000
0 0.671875 0.220625 0.066250 0.066250
0 0.931875 0.846875 0.111250 0.111250
0 0.088125 0.686875 0.048750 0.048750
0 0.518750 0.513750 0.027500 0.027500
0 0.345000 0.605000 0.087500 0.087500
0 0.138125 0.783125 0.033750 0.033750
0 0.243750 0.847500 0.040000 0.040000
0 0.755625 0.870625 0.088750 0.088750
0 0.463750 0.301875 0.085000 0.088750
0 0.813750 0.446875 0.095000 0.098750
0 0.595625 0.356250 0.026250 0.027500
0 0.782500 0.266875 0.032500 0.033750
0 0.685000 0.345625 0.082500 0.093750
0 0.385000 0.383125 0.027500 0.031250
0 0.360625 0.176875 0.073750 0.083750
0 0.184375 0.231875 0.098750 0.098750
0 0.484375 0.104375 0.091250 0.091250
0 0.275000 0.076250 0.047500 0.047500
0 0.675625 0.614375 0.093750 0.086250
0 0.054375 0.429375 0.031250 0.028750
0 0.400625 0.878125 0.088750 0.081250
0 0.665000 0.500625 0.052500 0.046250
0 0.286250 0.436875 0.107500 0.096250
0 0.162500 0.074375 0.080000 0.071250
0 0.138750 0.875625 0.112500 0.101250
0 0.820625 0.603125 0.026250 0.026250
0 0.648750 0.807500 0.065000 0.065000
0 0.562500 0.263750 0.097500 0.097500
0 0.263750 0.726250 0.052500 0.052500
0 0.919375 0.566875 0.098750 0.163750
0 0.896250 0.120625 0.080000 0.076250
0 0.106250 0.345000 0.060000 0.060000
0 0.470625 0.639375 0.068750 0.068750
0 0.703750 0.728750 0.065000 0.060000
0 0.351250 0.324375 0.040000 0.036250
0 0.612500 0.690000 0.032500 0.032500
0 0.078125 0.136250 0.026250 0.025000
0 0.731250 0.545000 0.050000 0.032500
0 0.075625 0.220625 0.098750 0.098750
0 0.820000 0.673750 0.082500 0.082500
0 0.183125 0.678125 0.081250 0.081250
0 0.526875 0.907500 0.098750 0.100000
0 0.043125 0.491875 0.056250 0.056250
0 0.591250 0.073750 0.090000 0.090000
0 0.247500 0.922500 0.090000 0.090000
0 0.212500 0.325625 0.055000 0.056250
0 0.353750 0.522500 0.050000 0.050000
0 0.336875 0.041875 0.046250 0.046250
0 0.303125 0.843125 0.058750 0.051250
0 0.810625 0.746875 0.041250 0.026250
0 0.061875 0.954375 0.063750 0.041250
0 0.216875 0.781875 0.036250 0.023750
0 0.575625 0.617500 0.053750 0.035000
0 0.513125 0.790625 0.093750 0.086250
0 0.700625 0.123750 0.083750 0.077500
0 0.868125 0.275000 0.078750 0.072500
0 0.271875 0.166875 0.051250 0.051250
0 0.888125 0.933125 0.033750 0.033750
0 0.348750 0.247500 0.042500 0.042500
0 0.827500 0.066250 0.037500 0.037500
0 0.280625 0.298125 0.031250 0.031250
0 0.924375 0.193125 0.031250 0.031250
0 0.686250 0.050000 0.040000 0.040000
0 0.675625 0.885000 0.036250 0.042500
0 0.188750 0.434375 0.057500 0.028750
0 0.390625 0.949375 0.093750 0.046250
0 0.813125 0.361875 0.076250 0.053750