0 0.506250 0.877500 0.080000 0.095000
0 0.860625 0.500625 0.108750 0.118750
0 0.448125 0.538125 0.036250 0.038750
0 0.743125 0.088125 0.083750 0.091250
0 0.907500 0.871875 0.065000 0.071250
0 0.685625 0.814375 0.103750 0.103750
0 0.875625 0.183125 0.088750 0.086250
0 0.582500 0.598125 0.037500 0.036250
0 0.121250 0.134375 0.030000 0.028750
0 0.568750 0.303125 0.105000 0.103750
0 0.921250 0.288125 0.027500 0.026250
0 0.308750 0.220000 0.097500 0.097500
0 0.443750 0.322500 0.062500 0.062500
0 0.823750 0.323750 0.037500 0.037500
0 0.190625 0.845000 0.086250 0.070000
0 0.904375 0.661875 0.063750 0.051250
0 0.855000 0.793125 0.030000 0.023750
0 0.176875 0.111875 0.063750 0.061250
0 0.397500 0.479375 0.052500 0.051250
0 0.765000 0.238750 0.087500 0.085000
0 0.426875 0.624375 0.066250 0.063750
0 0.735000 0.530000 0.042500 0.060000
0 0.411875 0.240625 0.073750 0.073750
0 0.564375 0.778125 0.061250 0.061250
0 0.426875 0.061875 0.096250 0.096250
0 0.182500 0.728750 0.055000 0.055000
0 0.144375 0.511875 0.033750 0.033750
0 0.634375 0.068125 0.093750 0.093750
0 0.641875 0.496875 0.058750 0.058750
0 0.293125 0.488125 0.056250 0.056250
0 0.037500 0.631250 0.042500 0.042500
0 0.150000 0.422500 0.060000 0.060000
0 0.715625 0.644375 0.026250 0.018750
0 0.426875 0.868125 0.026250 0.026250
0 0.339375 0.376875 0.086250 0.083750
0 0.287500 0.088125 0.052500 0.051250
0 0.136875 0.037500 0.058750 0.040000
0 0.311875 0.810000 0.106250 0.105000
0 0.051875 0.321875 0.078750 0.078750
0 0.670625 0.409375 0.063750 0.063750
0 0.325000 0.672500 0.062500 0.062500
0 0.508125 0.533125 0.046250 0.046250
0 0.080625 0.798125 0.111250 0.111250
0 0.673750 0.923750 0.092500 0.060000
0 0.727500 0.703125 0.110000 0.071250
0 0.535625 0.038750 0.081250 0.052500
0 0.133750 0.226875 0.112500 0.073750
0 0.101875 0.904375 0.028750 0.028750
0 0.456250 0.782500 0.060000 0.060000
0 0.558750 0.438750 0.077500 0.077500
0 0.632500 0.150000 0.050000 0.050000
0 0.877500 0.352500 0.030000 0.030000
0 0.036875 0.568125 0.046250 0.046250
0 0.559375 0.205625 0.028750 0.028750
0 0.185625 0.328125 0.078750 0.078750
0 0.939375 0.748125 0.041250 0.041250
0 0.144375 0.606875 0.083750 0.083750
0 0.949375 0.080625 0.073750 0.073750
0 0.524375 0.150625 0.056250 0.056250
0 0.758125 0.401875 0.078750 0.078750
0 0.665000 0.313750 0.062500 0.062500
0 0.178750 0.781250 0.035000 0.035000
0 0.045000 0.461250 0.050000 0.050000
0 0.329375 0.736875 0.026250 0.026250
0 0.850000 0.073750 0.085000 0.085000
0 0.465000 0.448750 0.037500 0.037500
0 0.253125 0.698750 0.048750 0.050000
0 0.542500 0.666250 0.082500 0.085000
0 0.783750 0.790625 0.040000 0.041250
0 0.216875 0.441250 0.043750 0.045000
0 0.321250 0.936875 0.070000 0.071250
0 0.780000 0.837500 0.025000 0.017500
0 0.038750 0.189375 0.042500 0.036250