0 0.792500 0.388750 0.110000 0.100000
0 0.415625 0.488125 0.106250 0.096250
0 0.676875 0.226875 0.041250 0.041250
0 0.916875 0.299375 0.058750 0.063750
0 0.201875 0.918750 0.051250 0.052500
0 0.525000 0.876875 0.035000 0.036250
0 0.839375 0.860000 0.098750 0.102500
0 0.634375 0.467500 0.081250 0.085000
0 0.466875 0.585625 0.031250 0.031250
0 0.521250 0.730625 0.100000 0.143750
0 0.368125 0.707500 0.088750 0.127500
0 0.092500 0.180625 0.072500 0.103750
0 0.153750 0.288125 0.047500 0.041250
0 0.076875 0.770625 0.036250 0.036250
0 0.546250 0.088750 0.102500 0.102500
0 0.659375 0.336875 0.078750 0.078750
0 0.043125 0.905625 0.043750 0.043750
0 0.065000 0.657500 0.092500 0.092500
0 0.696250 0.600000 0.112500 0.112500
0 0.925000 0.392500 0.090000 0.090000
0 0.863125 0.594375 0.063750 0.063750
0 0.101875 0.925625 0.053750 0.053750
0 0.797500 0.721875 0.065000 0.078750
0 0.138750 0.447500 0.050000 0.060000
0 0.229375 0.695000 0.091250 0.085000
0 0.707500 0.814375 0.090000 0.083750
0 0.809375 0.083125 0.103750 0.096250
0 0.061875 0.838125 0.051250 0.051250
0 0.180000 0.085000 0.060000 0.060000
0 0.817500 0.478125 0.030000 0.028750
0 0.314375 0.875625 0.063750 0.063750
0 0.198750 0.811875 0.102500 0.081250
0 0.363750 0.218750 0.107500 0.085000
0 0.434375 0.878125 0.086250 0.068750
0 0.158750 0.377500 0.057500 0.057500
0 0.518750 0.310000 0.070000 0.070000
0 0.240625 0.159375 0.061250 0.023750
0 0.933750 0.235625 0.055000 0.021250
0 0.221875 0.519375 0.111250 0.043750
0 0.935000 0.757500 0.057500 0.022500
0 0.685000 0.078750 0.075000 0.057500
0 0.274375 0.080000 0.033750 0.025000
0 0.777500 0.274375 0.112500 0.086250
0 0.606875 0.750000 0.056250 0.097500
0 0.674375 0.937500 0.026250 0.045000
0 0.281250 0.413125 0.070000 0.121250
0 0.067500 0.527500 0.062500 0.062500
0 0.384375 0.396875 0.051250 0.051250
0 0.151250 0.582500 0.047500 0.027500
0 0.090625 0.370000 0.033750 0.020000
0 0.061875 0.298125 0.086250 0.086250
0 0.616875 0.171875 0.041250 0.041250
0 0.369375 0.305625 0.066250 0.066250
0 0.542500 0.517500 0.055000 0.055000
0 0.421250 0.108750 0.057500 0.055000
0 0.934375 0.144375 0.106250 0.101250
0 0.926875 0.501250 0.091250 0.087500
0 0.688750 0.141250 0.030000 0.030000
0 0.516875 0.438125 0.056250 0.056250
0 0.480000 0.196875 0.075000 0.086250
0 0.630000 0.895625 0.040000 0.046250
0 0.338750 0.060000 0.055000 0.062500
0 0.946250 0.876250 0.082500 0.067500
0 0.258750 0.306250 0.060000 0.060000
0 0.090625 0.096875 0.026250 0.026250
0 0.548750 0.606250 0.087500 0.087500
0 0.337500 0.599375 0.062500 0.071250
0 0.975000 0.061875 0.025000 0.028750
0 0.266875 0.941250 0.038750 0.040000
0 0.818125 0.178125 0.051250 0.053750
0 0.722500 0.727500 0.062500 0.060000
0 0.243750 0.241875 0.042500 0.041250
0 0.951250 0.657500 0.055000 0.055000
0 0.053125 0.443125 0.068750 0.068750
0 0.683125 0.398125 0.026250 0.026250