0 0.723750 0.667500 0.077500 0.077500
0 0.138125 0.651875 0.083750 0.083750
0 0.836875 0.668125 0.103750 0.103750
0 0.327500 0.340000 0.062500 0.057500
0 0.565625 0.115000 0.046250 0.042500
0 0.223125 0.421250 0.046250 0.042500
0 0.915000 0.078125 0.070000 0.063750
0 0.375625 0.430625 0.096250 0.091250
0 0.723750 0.116875 0.085000 0.081250
0 0.836875 0.268125 0.076250 0.081250
0 0.670000 0.586250 0.045000 0.045000
0 0.453750 0.679375 0.065000 0.051250
0 0.430625 0.553750 0.103750 0.082500
0 0.931250 0.138750 0.027500 0.027500
0 0.640000 0.783750 0.110000 0.110000
0 0.365625 0.715625 0.041250 0.041250
0 0.830625 0.053125 0.051250 0.051250
0 0.550625 0.713750 0.041250 0.032500
0 0.091875 0.216250 0.026250 0.020000
0 0.062500 0.950000 0.057500 0.045000
0 0.470000 0.928125 0.105000 0.083750
0 0.819375 0.501875 0.066250 0.076250
0 0.164375 0.125000 0.043750 0.050000
0 0.790000 0.836875 0.110000 0.126250
0 0.459375 0.332500 0.033750 0.020000
0 0.694375 0.294375 0.103750 0.063750
0 0.128750 0.496250 0.042500 0.042500
0 0.348125 0.911875 0.096250 0.096250
0 0.267500 0.713750 0.050000 0.050000
0 0.315625 0.590625 0.071250 0.071250
0 0.114375 0.756875 0.071250 0.071250
0 0.452500 0.802500 0.075000 0.090000
0 0.546250 0.372500 0.035000 0.035000
0 0.291250 0.206875 0.030000 0.031250
0 0.553750 0.564375 0.092500 0.096250
0 0.025000 0.880000 0.025000 0.025000
0 0.851875 0.390000 0.028750 0.030000
0 0.185625 0.900625 0.076250 0.076250
0 0.301250 0.121250 0.107500 0.107500
0 0.595625 0.263125 0.046250 0.046250
0 0.240000 0.786250 0.060000 0.060000
0 0.228750 0.540000 0.082500 0.060000
0 0.719375 0.938750 0.086250 0.062500
0 0.643750 0.408750 0.112500 0.082500
0 0.426875 0.228125 0.061250 0.061250
0 0.743125 0.368125 0.031250 0.028750
0 0.068125 0.353125 0.103750 0.096250
0 0.061875 0.626250 0.046250 0.040000
0 0.921250 0.476875 0.092500 0.093750
0 0.918750 0.835000 0.097500 0.097500
0 0.645625 0.515625 0.076250 0.076250
0 0.203750 0.277500 0.110000 0.110000
0 0.805000 0.156250 0.052500 0.052500
0 0.923125 0.323125 0.078750 0.078750