0 0.850625 0.533125 0.098750 0.093750
0 0.300625 0.551875 0.096250 0.091250
0 0.558125 0.431250 0.056250 0.052500
0 0.465000 0.353750 0.070000 0.070000
0 0.123125 0.881875 0.098750 0.098750
0 0.845000 0.221250 0.047500 0.047500
0 0.146250 0.783750 0.025000 0.025000
0 0.398750 0.070000 0.077500 0.042500
0 0.622500 0.870000 0.075000 0.075000
0 0.211250 0.130000 0.052500 0.052500
0 0.618750 0.189375 0.042500 0.051250
0 0.736250 0.510000 0.060000 0.072500
0 0.862500 0.783750 0.072500 0.072500
0 0.571875 0.551875 0.093750 0.093750
0 0.442500 0.620000 0.065000 0.065000
0 0.953125 0.413125 0.028750 0.028750
0 0.228750 0.643750 0.070000 0.070000
0 0.667500 0.602500 0.080000 0.080000
0 0.814375 0.140625 0.026250 0.026250
0 0.590625 0.101875 0.106250 0.106250
0 0.046250 0.568750 0.047500 0.047500
0 0.641875 0.773125 0.086250 0.086250
0 0.082500 0.441250 0.040000 0.040000
0 0.498125 0.110625 0.046250 0.046250
0 0.696875 0.336875 0.071250 0.071250
0 0.114375 0.235625 0.068750 0.068750
0 0.147500 0.522500 0.072500 0.072500
0 0.306875 0.458125 0.068750 0.068750
0 0.856250 0.931250 0.082500 0.082500
0 0.149375 0.456875 0.026250 0.026250
0 0.228125 0.337500 0.103750 0.097500
0 0.394375 0.711875 0.043750 0.043750
0 0.423750 0.448750 0.100000 0.100000
0 0.315000 0.070000 0.057500 0.057500
0 0.968750 0.496250 0.032500 0.032500
0 0.737500 0.797500 0.082500 0.082500
0 0.351875 0.820625 0.083750 0.083750
0 0.446250 0.252500 0.092500 0.105000
0 0.371250 0.930000 0.062500 0.070000
0 0.708125 0.436875 0.048750 0.048750
0 0.790000 0.678750 0.085000 0.085000
0 0.130000 0.670000 0.102500 0.102500
0 0.103125 0.141875 0.036250 0.036250
0 0.489375 0.848125 0.101250 0.101250
0 0.025625 0.904375 0.026250 0.026250
0 0.712500 0.198750 0.060000 0.060000
0 0.955000 0.628750 0.037500 0.035000
0 0.236250 0.798750 0.110000 0.110000
0 0.468750 0.747500 0.085000 0.085000
0 0.923750 0.228750 0.085000 0.085000
0 0.786250 0.436250 0.040000 0.040000
0 0.050625 0.487500 0.038750 0.030000
0 0.926875 0.775000 0.038750 0.030000
0 0.879375 0.054375 0.048750 0.048750
0 0.823750 0.336250 0.077500 0.077500
0 0.899375 0.373125 0.038750 0.038750
0 0.535625 0.758125 0.031250 0.031250
0 0.696875 0.104375 0.073750 0.073750
0 0.523750 0.242500 0.042500 0.040000
0 0.291875 0.204375 0.086250 0.081250
0 0.452500 0.536875 0.050000 0.046250
0 0.066875 0.080000 0.058750 0.055000
0 0.244375 0.906875 0.061250 0.061250
0 0.338750 0.297500 0.075000 0.090000
0 0.715000 0.888125 0.075000 0.066250
0 0.216250 0.432500 0.050000 0.072500
0 0.593125 0.287500 0.076250 0.110000
0 0.143125 0.412500 0.043750 0.045000
0 0.180000 0.052500 0.047500 0.047500
0 0.921875 0.320625 0.038750 0.038750
0 0.531875 0.659375 0.061250 0.061250
0 0.296250 0.707500 0.045000 0.045000
0 0.816250 0.065000 0.057500 0.057500
0 0.905000 0.145000 0.057500 0.060000
0 0.068750 0.351250 0.090000 0.095000
0 0.306875 0.650000 0.061250 0.050000
0 0.903125 0.611875 0.038750 0.036250
0 0.477500 0.039375 0.055000 0.051250
0 0.404375 0.142500 0.051250 0.047500