0 0.491875 0.103125 0.103750 0.103750
0 0.671250 0.285000 0.097500 0.097500
0 0.757500 0.386250 0.030000 0.030000
0 0.672500 0.712500 0.087500 0.087500
0 0.606875 0.406250 0.028750 0.027500
0 0.953750 0.068750 0.052500 0.052500
0 0.814375 0.496875 0.101250 0.101250
0 0.758125 0.345625 0.026250 0.026250
0 0.897500 0.733750 0.085000 0.085000
0 0.285625 0.640625 0.061250 0.061250
0 0.706875 0.444375 0.071250 0.071250
0 0.178750 0.153750 0.072500 0.072500
0 0.478750 0.832500 0.067500 0.067500
0 0.045625 0.766875 0.046250 0.046250
0 0.559375 0.845625 0.046250 0.046250
0 0.568125 0.328125 0.026250 0.026250
0 0.922500 0.905625 0.077500 0.078750
0 0.363750 0.260000 0.032500 0.032500
0 0.252500 0.460000 0.057500 0.057500
0 0.156250 0.322500 0.090000 0.090000
0 0.654375 0.615625 0.071250 0.071250
0 0.485625 0.503125 0.106250 0.106250
0 0.345625 0.106875 0.081250 0.081250
0 0.806875 0.233125 0.056250 0.056250
0 0.056875 0.288125 0.061250 0.061250
0 0.298750 0.906875 0.112500 0.106250
0 0.129375 0.445625 0.071250 0.066250
0 0.786250 0.780625 0.112500 0.106250
0 0.285000 0.711250 0.032500 0.030000
0 0.957500 0.825000 0.047500 0.047500
0 0.546875 0.208125 0.026250 0.021250
0 0.052500 0.613750 0.077500 0.077500
0 0.870625 0.628125 0.106250 0.106250
0 0.236875 0.311875 0.038750 0.038750
0 0.135000 0.803750 0.062500 0.062500
0 0.421875 0.366875 0.068750 0.071250
0 0.525625 0.619375 0.066250 0.068750
0 0.779375 0.616250 0.041250 0.042500
0 0.820000 0.072500 0.112500 0.112500
0 0.634375 0.933125 0.068750 0.068750
0 0.184375 0.685625 0.111250 0.111250
0 0.579375 0.471875 0.051250 0.051250
0 0.687500 0.068750 0.105000 0.105000
0 0.380000 0.732500 0.102500 0.102500
0 0.311250 0.553125 0.105000 0.091250
0 0.889375 0.821250 0.026250 0.022500
0 0.885625 0.407500 0.066250 0.057500
0 0.508750 0.733125 0.090000 0.081250
0 0.911250 0.193125 0.065000 0.058750
0 0.309375 0.371875 0.091250 0.091250
0 0.406875 0.916875 0.086250 0.086250
0 0.803125 0.906875 0.101250 0.101250
0 0.668125 0.178125 0.081250 0.081250
0 0.144375 0.861875 0.031250 0.031250
0 0.273125 0.818125 0.048750 0.048750
0 0.480000 0.295000 0.025000 0.025000
0 0.076250 0.122500 0.107500 0.107500
0 0.536875 0.420625 0.031250 0.031250
0 0.182500 0.238125 0.065000 0.061250
0 0.171250 0.525625 0.070000 0.066250
0 0.058750 0.922500 0.045000 0.042500
0 0.475000 0.217500 0.100000 0.095000
0 0.443125 0.601250 0.031250 0.030000
0 0.047500 0.446250 0.065000 0.065000
0 0.931250 0.508750 0.080000 0.080000
0 0.190000 0.060625 0.105000 0.096250
0 0.159375 0.926250 0.073750 0.067500
0 0.683750 0.795625 0.065000 0.061250
0 0.064375 0.538125 0.031250 0.031250
0 0.681250 0.516250 0.052500 0.052500
0 0.261875 0.227500 0.056250 0.050000
0 0.942500 0.278125 0.087500 0.078750
0 0.531875 0.920000 0.036250 0.032500
0 0.843750 0.328750 0.072500 0.072500
0 0.064375 0.860625 0.053750 0.053750
0 0.590000 0.045000 0.065000 0.065000
0 0.378750 0.832500 0.027500 0.027500
0 0.368125 0.445625 0.028750 0.028750
0 0.748750 0.283750 0.035000 0.042500
0 0.039375 0.378125 0.036250 0.043750
0 0.583125 0.150625 0.048750 0.048750
0 0.766250 0.683750 0.057500 0.060000
0 0.098750 0.216875 0.065000 0.063750