0 0.171250 0.312500 0.030000 0.020000
0 0.293750 0.606875 0.095000 0.093750
0 0.111875 0.926250 0.051250 0.050000
0 0.901250 0.721875 0.027500 0.026250
0 0.791250 0.269375 0.030000 0.028750
0 0.735000 0.743750 0.050000 0.045000
0 0.800000 0.384375 0.070000 0.063750
0 0.838750 0.613125 0.102500 0.093750
0 0.437500 0.051875 0.030000 0.026250
0 0.639375 0.613125 0.093750 0.093750
0 0.125625 0.619375 0.086250 0.083750
0 0.680625 0.498750 0.111250 0.107500
0 0.518750 0.775000 0.085000 0.082500
0 0.636875 0.813125 0.088750 0.086250
0 0.416250 0.515000 0.077500 0.077500
0 0.790000 0.072500 0.060000 0.070000
0 0.255625 0.501250 0.108750 0.097500
0 0.463750 0.287500 0.105000 0.105000
0 0.896875 0.163125 0.076250 0.076250
0 0.404375 0.595625 0.051250 0.051250
0 0.246875 0.724375 0.063750 0.063750
0 0.268125 0.243125 0.036250 0.036250
0 0.333750 0.840000 0.030000 0.030000
0 0.258125 0.341875 0.103750 0.103750
0 0.430625 0.890625 0.036250 0.036250
0 0.538125 0.466250 0.098750 0.092500
0 0.921250 0.311250 0.087500 0.057500
0 0.528125 0.143750 0.061250 0.052500
0 0.777500 0.216250 0.055000 0.055000
0 0.688750 0.309375 0.087500 0.091250
0 0.095000 0.273750 0.052500 0.052500
0 0.535625 0.573125 0.066250 0.066250
0 0.562500 0.691250 0.045000 0.045000
0 0.074375 0.821875 0.103750 0.103750
0 0.962500 0.440625 0.050000 0.056250
0 0.355625 0.520000 0.028750 0.032500
0 0.790000 0.905625 0.045000 0.051250
0 0.388125 0.077500 0.051250 0.057500
0 0.711875 0.933125 0.036250 0.036250
0 0.049375 0.376875 0.061250 0.061250
0 0.888750 0.473750 0.077500 0.077500
0 0.361250 0.208750 0.077500 0.077500
0 0.409375 0.800625 0.051250 0.051250
0 0.256875 0.878750 0.088750 0.100000
0 0.184375 0.126875 0.098750 0.098750
0 0.641875 0.922500 0.053750 0.062500
0 0.121875 0.529375 0.071250 0.071250
0 0.051250 0.158750 0.075000 0.075000
0 0.052500 0.686250 0.037500 0.037500
0 0.790625 0.480625 0.093750 0.093750
0 0.391875 0.942500 0.058750 0.037500
0 0.144375 0.455625 0.051250 0.033750
0 0.766875 0.544375 0.028750 0.018750
0 0.648125 0.078125 0.106250 0.106250
0 0.853125 0.233125 0.036250 0.048750
0 0.513125 0.895000 0.063750 0.087500
0 0.580000 0.286875 0.092500 0.126250
0 0.934375 0.881875 0.076250 0.076250
0 0.048125 0.543125 0.031250 0.031250
0 0.795000 0.818125 0.082500 0.081250
0 0.383125 0.426250 0.061250 0.060000
0 0.963750 0.661875 0.040000 0.038750
0 0.314375 0.095625 0.068750 0.066250
0 0.966875 0.499375 0.041250 0.028750
0 0.791250 0.688125 0.035000 0.023750
0 0.154375 0.721875 0.076250 0.053750