0 0.329375 0.836875 0.038750 0.038750
0 0.663125 0.905625 0.093750 0.093750
0 0.124375 0.379375 0.056250 0.056250
0 0.399375 0.096875 0.073750 0.098750
0 0.845000 0.881875 0.035000 0.046250
0 0.216250 0.874375 0.047500 0.063750
0 0.782500 0.805000 0.092500 0.092500
0 0.268750 0.867500 0.037500 0.037500
0 0.955625 0.606875 0.051250 0.051250
0 0.483125 0.881875 0.061250 0.056250
0 0.450625 0.673125 0.026250 0.023750
0 0.403750 0.536250 0.102500 0.082500
0 0.625625 0.808750 0.076250 0.067500
0 0.268125 0.633125 0.103750 0.091250
0 0.595000 0.460625 0.047500 0.041250
0 0.633750 0.253750 0.092500 0.092500
0 0.551250 0.370000 0.047500 0.047500
0 0.931875 0.719375 0.098750 0.098750
0 0.818750 0.330000 0.042500 0.042500
0 0.786875 0.163125 0.026250 0.026250
0 0.366250 0.658750 0.040000 0.040000
0 0.240000 0.072500 0.100000 0.087500
0 0.732500 0.299375 0.070000 0.061250
0 0.154375 0.220625 0.093750 0.093750
0 0.551250 0.313750 0.037500 0.037500
0 0.446250 0.401250 0.105000 0.075000
0 0.650625 0.072500 0.083750 0.060000
0 0.099375 0.581250 0.111250 0.080000
0 0.762500 0.208750 0.045000 0.032500
0 0.501875 0.736250 0.063750 0.062500
0 0.596250 0.686875 0.097500 0.096250
0 0.721250 0.136875 0.055000 0.053750
0 0.675625 0.501875 0.081250 0.081250
0 0.776875 0.080625 0.036250 0.036250
0 0.914375 0.188125 0.108750 0.108750
0 0.215000 0.474375 0.072500 0.078750
0 0.115000 0.868750 0.110000 0.120000
0 0.289375 0.534375 0.056250 0.061250
0 0.486875 0.058125 0.083750 0.091250
0 0.730625 0.657500 0.093750 0.110000
0 0.295625 0.938750 0.088750 0.060000
0 0.353750 0.330000 0.065000 0.062500
0 0.625000 0.587500 0.070000 0.070000
0 0.328125 0.404375 0.063750 0.063750
0 0.298750 0.227500 0.080000 0.080000
0 0.700625 0.814375 0.041250 0.041250
0 0.077500 0.092500 0.100000 0.100000
0 0.920000 0.458750 0.107500 0.107500
0 0.738125 0.366875 0.048750 0.048750
0 0.868750 0.055000 0.057500 0.057500
0 0.836875 0.593125 0.091250 0.091250
0 0.935000 0.888125 0.055000 0.051250
0 0.083750 0.752500 0.062500 0.062500
0 0.086875 0.278750 0.026250 0.025000
0 0.393125 0.250000 0.091250 0.077500
0 0.513750 0.179375 0.045000 0.061250
0 0.202500 0.355000 0.060000 0.082500
0 0.716875 0.237500 0.026250 0.035000