0 0.135000 0.321875 0.032500 0.051250
0 0.692500 0.940000 0.040000 0.062500
0 0.746875 0.053750 0.048750 0.077500
0 0.558125 0.706875 0.043750 0.068750
0 0.441875 0.361875 0.028750 0.026250
0 0.129375 0.370625 0.026250 0.026250
0 0.741875 0.936875 0.026250 0.026250
0 0.184375 0.758125 0.093750 0.093750
0 0.638750 0.396250 0.075000 0.075000
0 0.173125 0.511875 0.111250 0.111250
0 0.925000 0.220000 0.090000 0.090000
0 0.140000 0.268750 0.030000 0.030000
0 0.729375 0.699375 0.096250 0.096250
0 0.822500 0.274375 0.087500 0.088750
0 0.380625 0.346875 0.031250 0.021250
0 0.833125 0.449375 0.058750 0.058750
0 0.625000 0.264375 0.055000 0.058750
0 0.488125 0.554375 0.068750 0.068750
0 0.418750 0.248750 0.112500 0.112500
0 0.506875 0.436875 0.106250 0.106250
0 0.470625 0.065625 0.051250 0.051250
0 0.080625 0.704375 0.061250 0.061250
0 0.626875 0.044375 0.056250 0.056250
0 0.047500 0.256250 0.030000 0.030000
0 0.521875 0.626875 0.031250 0.031250
0 0.390000 0.601250 0.055000 0.055000
0 0.345000 0.508750 0.047500 0.047500
0 0.911250 0.857500 0.100000 0.100000
0 0.717500 0.277500 0.072500 0.072500
0 0.290000 0.912500 0.087500 0.087500
0 0.305625 0.350625 0.033750 0.033750
0 0.609375 0.805625 0.108750 0.091250
0 0.288125 0.215625 0.026250 0.021250
0 0.916250 0.085000 0.100000 0.085000
0 0.713750 0.190000 0.062500 0.062500
0 0.346250 0.742500 0.077500 0.077500
0 0.170625 0.884375 0.068750 0.068750
0 0.920000 0.682500 0.072500 0.065000
0 0.083125 0.136250 0.038750 0.037500
0 0.061875 0.591250 0.058750 0.057500
0 0.418750 0.511875 0.027500 0.026250
0 0.181875 0.142500 0.078750 0.077500
0 0.732500 0.551875 0.105000 0.103750
0 0.201875 0.648125 0.093750 0.081250
0 0.573125 0.926250 0.066250 0.057500
0 0.461875 0.915000 0.058750 0.050000
0 0.533750 0.150000 0.032500 0.032500
0 0.786250 0.838750 0.110000 0.110000
0 0.384375 0.124375 0.066250 0.066250
0 0.651875 0.653125 0.026250 0.026250
0 0.263750 0.053750 0.070000 0.070000
0 0.471250 0.790000 0.052500 0.052500
0 0.256875 0.834375 0.028750 0.028750
0 0.940625 0.510625 0.046250 0.046250
0 0.529375 0.264375 0.078750 0.078750
0 0.632500 0.133750 0.062500 0.062500
0 0.820625 0.064375 0.063750 0.063750
0 0.223750 0.316250 0.107500 0.107500
0 0.079375 0.857500 0.091250 0.092500
0 0.956875 0.383750 0.056250 0.055000
0 0.102500 0.191250 0.057500 0.057500
0 0.165625 0.050625 0.058750 0.058750
0 0.815000 0.166250 0.087500 0.087500