0 0.936250 0.127500 0.065000 0.065000
0 0.461250 0.877500 0.052500 0.052500
0 0.939375 0.888125 0.086250 0.086250
0 0.836875 0.235625 0.091250 0.091250
0 0.541250 0.142500 0.070000 0.070000
0 0.333750 0.220000 0.110000 0.110000
0 0.799375 0.121875 0.051250 0.051250
0 0.392500 0.689375 0.075000 0.053750
0 0.748750 0.866250 0.060000 0.060000
0 0.708750 0.926250 0.032500 0.035000
0 0.822500 0.413125 0.045000 0.048750
0 0.554375 0.353750 0.046250 0.050000
0 0.253750 0.380000 0.092500 0.092500
0 0.150000 0.642500 0.090000 0.085000
0 0.080000 0.882500 0.087500 0.077500
0 0.485000 0.596250 0.100000 0.087500
0 0.825000 0.514375 0.097500 0.086250
0 0.930000 0.602500 0.090000 0.090000
0 0.716875 0.313125 0.091250 0.091250
0 0.574375 0.221875 0.046250 0.046250
0 0.200000 0.917500 0.057500 0.057500
0 0.089375 0.503750 0.103750 0.100000
0 0.300000 0.938750 0.045000 0.035000
0 0.229375 0.830000 0.103750 0.082500
0 0.693125 0.785625 0.081250 0.063750
0 0.598750 0.438750 0.087500 0.087500
0 0.458750 0.928750 0.027500 0.027500
0 0.233125 0.553750 0.088750 0.035000
0 0.664375 0.186875 0.073750 0.073750
0 0.656875 0.618125 0.043750 0.043750
0 0.231875 0.246875 0.068750 0.068750
0 0.603750 0.101250 0.030000 0.022500
0 0.220625 0.113125 0.088750 0.088750
0 0.770625 0.775625 0.033750 0.033750
0 0.516250 0.715000 0.075000 0.075000
0 0.068125 0.350625 0.066250 0.066250
0 0.343750 0.562500 0.040000 0.040000
0 0.408125 0.449375 0.058750 0.058750
0 0.084375 0.144375 0.063750 0.063750
0 0.331875 0.359375 0.048750 0.048750
0 0.055625 0.240625 0.068750 0.068750
0 0.825000 0.631250 0.080000 0.080000
0 0.553125 0.853125 0.108750 0.108750
0 0.250625 0.751875 0.048750 0.058750
0 0.418750 0.341250 0.040000 0.040000
0 0.727500 0.464375 0.082500 0.083750
0 0.728750 0.190000 0.037500 0.027500
0 0.129375 0.740625 0.068750 0.051250
0 0.285000 0.646250 0.047500 0.047500
0 0.366250 0.848125 0.085000 0.083750
0 0.671875 0.546250 0.063750 0.062500
0 0.835000 0.781875 0.075000 0.073750
0 0.151250 0.798750 0.030000 0.030000
0 0.491250 0.222500 0.025000 0.025000
0 0.438125 0.223125 0.053750 0.053750
0 0.834375 0.849375 0.046250 0.046250
0 0.517500 0.282500 0.057500 0.057500
0 0.746250 0.046250 0.062500 0.042500
0 0.588750 0.280000 0.040000 0.040000
0 0.856250 0.321875 0.055000 0.056250
0 0.961875 0.423125 0.038750 0.038750
0 0.451875 0.102500 0.063750 0.077500
0 0.321875 0.048750 0.066250 0.050000
0 0.172500 0.490000 0.042500 0.032500
0 0.519375 0.443125 0.056250 0.056250
0 0.599375 0.624375 0.056250 0.056250
0 0.354375 0.929375 0.048750 0.048750
0 0.720625 0.684375 0.038750 0.038750
0 0.952500 0.293750 0.045000 0.045000
0 0.135000 0.262500 0.062500 0.062500
0 0.270000 0.470000 0.070000 0.070000
0 0.824375 0.928125 0.073750 0.056250
0 0.956875 0.773125 0.056250 0.043750
0 0.401250 0.766250 0.045000 0.055000
0 0.608125 0.573125 0.028750 0.028750
0 0.452500 0.517500 0.045000 0.045000
0 0.646250 0.691250 0.077500 0.060000
0 0.131875 0.044375 0.038750 0.038750
0 0.070625 0.058125 0.036250 0.036250
0 0.320625 0.735625 0.026250 0.026250