0 0.328750 0.600000 0.077500 0.077500
0 0.626875 0.911875 0.066250 0.066250
0 0.544375 0.592500 0.111250 0.067500
0 0.949375 0.195000 0.058750 0.035000
0 0.846250 0.066875 0.080000 0.048750
0 0.785000 0.851250 0.060000 0.060000
0 0.782500 0.640000 0.060000 0.060000
0 0.746875 0.398750 0.086250 0.082500
0 0.305625 0.261875 0.073750 0.073750
0 0.202500 0.833125 0.062500 0.061250
0 0.284375 0.685000 0.078750 0.077500
0 0.697500 0.779375 0.042500 0.041250
0 0.847500 0.166250 0.052500 0.052500
0 0.634375 0.625625 0.053750 0.053750
0 0.362500 0.073750 0.077500 0.077500
0 0.508125 0.839375 0.091250 0.091250
0 0.876875 0.288125 0.103750 0.103750
0 0.870625 0.588125 0.048750 0.048750
0 0.251250 0.407500 0.037500 0.037500
0 0.601250 0.072500 0.110000 0.100000
0 0.578125 0.692500 0.066250 0.060000
0 0.757500 0.248750 0.112500 0.110000
0 0.456250 0.155000 0.060000 0.057500
0 0.070000 0.215625 0.052500 0.051250
0 0.065625 0.301875 0.066250 0.066250
0 0.392500 0.513750 0.072500 0.072500
0 0.429375 0.239375 0.091250 0.091250
0 0.728750 0.515000 0.105000 0.105000
0 0.190625 0.387500 0.051250 0.067500
0 0.651250 0.425000 0.030000 0.030000
0 0.201250 0.263750 0.080000 0.075000
0 0.961250 0.062500 0.032500 0.032500
0 0.188125 0.161875 0.083750 0.083750
0 0.526875 0.423125 0.043750 0.043750
0 0.128750 0.641250 0.105000 0.105000
0 0.097500 0.506250 0.105000 0.105000
0 0.081250 0.935000 0.070000 0.070000
0 0.080625 0.071875 0.111250 0.111250
0 0.624375 0.259375 0.091250 0.091250
0 0.351875 0.695000 0.028750 0.030000
0 0.336250 0.787500 0.110000 0.102500
0 0.224375 0.483750 0.108750 0.090000
0 0.371250 0.321875 0.030000 0.023750
0 0.181250 0.898750 0.030000 0.030000
0 0.933750 0.566250 0.055000 0.055000
0 0.535625 0.915625 0.046250 0.028750
0 0.270000 0.336250 0.072500 0.045000
0 0.518750 0.693750 0.030000 0.017500
0 0.464375 0.522500 0.033750 0.020000
0 0.923125 0.758125 0.053750 0.053750
0 0.463750 0.422500 0.067500 0.067500
0 0.707500 0.665000 0.040000 0.040000
0 0.865625 0.401875 0.101250 0.101250
0 0.047500 0.425000 0.042500 0.042500
0 0.739375 0.121875 0.086250 0.086250
0 0.916875 0.849375 0.088750 0.088750
0 0.539375 0.323125 0.026250 0.026250
0 0.292500 0.132500 0.030000 0.030000
0 0.336875 0.891875 0.076250 0.076250
0 0.203750 0.747500 0.040000 0.040000
0 0.836875 0.493125 0.048750 0.048750
0 0.080000 0.820000 0.095000 0.095000
0 0.436250 0.705000 0.070000 0.070000
0 0.735000 0.935000 0.057500 0.057500
0 0.251875 0.068750 0.078750 0.057500
0 0.320000 0.408125 0.035000 0.033750
0 0.951250 0.688750 0.072500 0.070000
0 0.595625 0.163750 0.033750 0.027500
0 0.316875 0.181875 0.031250 0.026250
0 0.593125 0.513750 0.071250 0.060000