0 0.550625 0.093125 0.031250 0.031250
0 0.738750 0.628750 0.107500 0.107500
0 0.453750 0.230000 0.080000 0.080000
0 0.861875 0.838125 0.041250 0.041250
0 0.293750 0.297500 0.047500 0.047500
0 0.410625 0.910625 0.091250 0.091250
0 0.205000 0.923750 0.042500 0.042500
0 0.703125 0.108750 0.096250 0.095000
0 0.088750 0.487500 0.110000 0.115000
0 0.616875 0.509375 0.026250 0.026250
0 0.611250 0.061250 0.062500 0.080000
0 0.221250 0.333125 0.047500 0.061250
0 0.271250 0.607500 0.050000 0.062500
0 0.543125 0.741250 0.078750 0.067500
0 0.368750 0.081250 0.025000 0.025000
0 0.696250 0.208750 0.030000 0.030000
0 0.299375 0.796875 0.096250 0.096250
0 0.713125 0.348125 0.053750 0.053750
0 0.529375 0.618125 0.103750 0.083750
0 0.804375 0.750625 0.036250 0.028750
0 0.772500 0.888750 0.105000 0.105000
0 0.598750 0.842500 0.087500 0.087500
0 0.123125 0.921875 0.083750 0.083750
0 0.770625 0.505625 0.071250 0.071250
0 0.715625 0.735625 0.076250 0.076250
0 0.315625 0.225000 0.038750 0.035000
0 0.275625 0.126875 0.046250 0.041250
0 0.417500 0.391250 0.070000 0.070000
0 0.792500 0.390000 0.040000 0.040000
0 0.790625 0.051875 0.046250 0.046250
0 0.858125 0.205000 0.071250 0.077500
0 0.917500 0.736250 0.090000 0.090000
0 0.951250 0.857500 0.070000 0.072500
0 0.246875 0.448125 0.071250 0.073750
0 0.730625 0.273125 0.073750 0.073750
0 0.493125 0.488125 0.051250 0.041250
0 0.127500 0.225000 0.055000 0.045000
0 0.101250 0.345000 0.092500 0.092500
0 0.223125 0.774375 0.038750 0.038750
0 0.454375 0.711875 0.063750 0.063750
0 0.085000 0.768750 0.060000 0.060000
0 0.505625 0.895625 0.073750 0.073750
0 0.874375 0.583125 0.048750 0.048750
0 0.575625 0.231875 0.111250 0.111250
0 0.056875 0.627500 0.081250 0.080000
0 0.435625 0.623125 0.051250 0.051250
0 0.201250 0.641250 0.032500 0.032500
0 0.344375 0.585625 0.078750 0.078750
0 0.639375 0.365625 0.066250 0.066250
0 0.915000 0.457500 0.097500 0.097500
0 0.704375 0.414375 0.031250 0.031250
0 0.162500 0.847500 0.025000 0.025000
0 0.929375 0.129375 0.043750 0.043750
0 0.365625 0.476875 0.086250 0.081250
0 0.866875 0.278125 0.048750 0.046250
0 0.096250 0.163750 0.040000 0.040000
0 0.531250 0.383750 0.080000 0.080000
0 0.467500 0.067500 0.092500 0.092500
0 0.198750 0.143750 0.077500 0.072500
0 0.300000 0.685000 0.037500 0.035000
0 0.060625 0.105625 0.048750 0.046250
0 0.038750 0.883750 0.032500 0.022500