0 0.235625 0.398125 0.086250 0.086250
0 0.114375 0.116875 0.041250 0.041250
0 0.717500 0.595000 0.077500 0.067500
0 0.746875 0.266250 0.066250 0.057500
0 0.836250 0.865000 0.040000 0.035000
0 0.613750 0.301250 0.082500 0.082500
0 0.221250 0.536875 0.100000 0.101250
0 0.561250 0.748125 0.100000 0.101250
0 0.441875 0.106250 0.043750 0.052500
0 0.175000 0.098750 0.047500 0.047500
0 0.407500 0.591250 0.047500 0.047500
0 0.735000 0.725000 0.050000 0.050000
0 0.941250 0.838750 0.060000 0.060000
0 0.363750 0.068750 0.067500 0.067500
0 0.059375 0.784375 0.036250 0.036250
0 0.091250 0.686250 0.110000 0.110000
0 0.377500 0.135000 0.050000 0.050000
0 0.346250 0.693125 0.112500 0.101250
0 0.601875 0.183125 0.106250 0.106250
0 0.080000 0.363750 0.090000 0.090000
0 0.723125 0.828125 0.111250 0.111250
0 0.830625 0.469375 0.096250 0.096250
0 0.842500 0.203125 0.050000 0.053750
0 0.353750 0.895625 0.095000 0.103750
0 0.226250 0.843125 0.055000 0.053750
0 0.423750 0.401875 0.037500 0.036250
0 0.067500 0.448125 0.047500 0.046250
0 0.511250 0.078125 0.060000 0.058750
0 0.923750 0.312500 0.092500 0.092500
0 0.872500 0.086250 0.037500 0.037500
0 0.882500 0.702500 0.105000 0.105000
0 0.523750 0.896250 0.070000 0.070000
0 0.790000 0.385000 0.025000 0.025000
0 0.665625 0.478125 0.111250 0.111250
0 0.921250 0.390625 0.050000 0.048750
0 0.483750 0.550625 0.067500 0.066250
0 0.292500 0.163125 0.087500 0.086250
0 0.774375 0.101250 0.111250 0.110000
0 0.575625 0.531875 0.031250 0.031250
0 0.531250 0.407500 0.045000 0.045000
0 0.094375 0.183125 0.063750 0.063750
0 0.077500 0.546250 0.110000 0.110000
0 0.238750 0.744375 0.087500 0.123750
0 0.179375 0.258125 0.086250 0.121250
0 0.365625 0.433750 0.058750 0.082500
0 0.286250 0.300625 0.072500 0.073750
0 0.051875 0.048750 0.066250 0.067500
0 0.433125 0.233750 0.053750 0.055000
0 0.658750 0.726250 0.030000 0.030000
0 0.940625 0.590000 0.063750 0.062500
0 0.623750 0.614375 0.057500 0.056250
0 0.045000 0.874375 0.062500 0.118750
0 0.128750 0.834375 0.067500 0.128750
0 0.585000 0.056250 0.057500 0.047500
0 0.243125 0.081875 0.051250 0.051250
0 0.833750 0.291250 0.072500 0.075000
0 0.800625 0.938750 0.041250 0.030000
0 0.948125 0.475625 0.036250 0.026250
0 0.926250 0.149375 0.057500 0.051250
0 0.744375 0.929375 0.051250 0.051250
0 0.941875 0.218125 0.056250 0.056250
0 0.374375 0.794375 0.073750 0.073750
0 0.503125 0.328125 0.068750 0.068750
0 0.948125 0.061875 0.078750 0.076250
0 0.874375 0.599375 0.041250 0.041250
0 0.328125 0.578125 0.093750 0.093750
0 0.833750 0.776250 0.025000 0.025000
0 0.450000 0.693750 0.060000 0.060000
0 0.925000 0.901250 0.025000 0.035000
0 0.541250 0.630000 0.060000 0.060000
0 0.373125 0.305625 0.071250 0.071250