0 0.859375 0.534375 0.091250 0.091250
0 0.578750 0.647500 0.107500 0.107500
0 0.889375 0.896250 0.111250 0.145000
0 0.560000 0.305000 0.097500 0.127500
0 0.280000 0.867500 0.032500 0.042500
0 0.278125 0.654375 0.033750 0.043750
0 0.220625 0.174375 0.056250 0.056250
0 0.464375 0.256875 0.053750 0.061250
0 0.254375 0.308750 0.106250 0.122500
0 0.866250 0.207500 0.072500 0.082500
0 0.577500 0.098750 0.107500 0.107500
0 0.714375 0.686875 0.111250 0.111250
0 0.130000 0.907500 0.047500 0.052500
0 0.738125 0.276875 0.046250 0.046250
0 0.952500 0.492500 0.052500 0.052500
0 0.126875 0.799375 0.051250 0.051250
0 0.388125 0.443125 0.046250 0.041250
0 0.643750 0.876875 0.070000 0.071250
0 0.134375 0.686875 0.103750 0.103750
0 0.462500 0.905000 0.110000 0.110000
0 0.397500 0.532500 0.070000 0.070000
0 0.283750 0.741250 0.047500 0.047500
0 0.445625 0.038125 0.031250 0.031250
0 0.760625 0.184375 0.058750 0.058750
0 0.413125 0.154375 0.083750 0.083750
0 0.679375 0.211875 0.058750 0.058750
0 0.415625 0.649375 0.048750 0.048750
0 0.328750 0.100000 0.070000 0.070000
0 0.124375 0.523125 0.078750 0.078750
0 0.081875 0.123125 0.058750 0.058750
0 0.816875 0.088125 0.093750 0.093750
0 0.276875 0.448125 0.073750 0.073750
0 0.749375 0.409375 0.103750 0.103750
0 0.041875 0.796875 0.043750 0.031250
0 0.145625 0.415625 0.093750 0.068750
0 0.696250 0.568750 0.102500 0.075000
0 0.378750 0.735625 0.077500 0.056250
0 0.056875 0.226875 0.046250 0.041250
0 0.650000 0.311250 0.040000 0.035000
0 0.452500 0.343750 0.090000 0.060000
0 0.267500 0.591250 0.102500 0.067500
0 0.635000 0.790000 0.080000 0.052500
0 0.505625 0.758750 0.086250 0.057500
0 0.536250 0.531250 0.105000 0.105000
0 0.229375 0.528125 0.033750 0.033750
0 0.921875 0.771875 0.073750 0.073750
0 0.223750 0.072500 0.107500 0.107500
0 0.759375 0.863750 0.073750 0.090000
0 0.873125 0.675625 0.083750 0.101250
0 0.213750 0.836250 0.070000 0.085000
0 0.359375 0.341875 0.061250 0.073750
0 0.709375 0.085625 0.078750 0.078750
0 0.648125 0.434375 0.031250 0.031250
0 0.899375 0.311875 0.091250 0.091250
0 0.866875 0.446875 0.056250 0.056250
0 0.345625 0.030625 0.031250 0.031250
0 0.109375 0.306875 0.073750 0.073750
0 0.217500 0.906250 0.025000 0.025000
0 0.458750 0.400000 0.035000 0.035000
0 0.063750 0.906250 0.067500 0.067500
0 0.568125 0.855625 0.056250 0.056250
0 0.327500 0.525000 0.035000 0.025000
0 0.841250 0.765625 0.047500 0.033750
0 0.480625 0.631875 0.043750 0.043750
0 0.925000 0.130625 0.055000 0.048750
0 0.371250 0.843750 0.040000 0.035000
0 0.955625 0.683750 0.056250 0.045000
0 0.905000 0.073750 0.025000 0.020000
0 0.414375 0.088750 0.041250 0.032500
0 0.223125 0.713125 0.056250 0.056250
0 0.344375 0.930625 0.058750 0.071250