0 0.603750 0.080000 0.032500 0.050000
0 0.587500 0.620000 0.072500 0.112500
0 0.875625 0.367500 0.098750 0.152500
0 0.111875 0.299375 0.083750 0.083750
0 0.896250 0.193750 0.107500 0.107500
0 0.450625 0.668750 0.091250 0.090000
0 0.168125 0.859375 0.098750 0.093750
0 0.727500 0.106875 0.070000 0.066250
0 0.151875 0.192500 0.068750 0.070000
0 0.645000 0.517500 0.052500 0.052500
0 0.213750 0.752500 0.040000 0.040000
0 0.539375 0.735000 0.066250 0.067500
0 0.548750 0.128125 0.055000 0.066250
0 0.106875 0.748750 0.106250 0.070000
0 0.790625 0.631250 0.046250 0.030000
0 0.196875 0.656250 0.068750 0.045000
0 0.859375 0.740000 0.098750 0.065000
0 0.658750 0.415000 0.065000 0.057500
0 0.682500 0.299375 0.025000 0.021250
0 0.872500 0.051875 0.075000 0.066250
0 0.403750 0.802500 0.090000 0.080000
0 0.690625 0.625625 0.086250 0.078750
0 0.386875 0.398750 0.101250 0.092500
0 0.290625 0.053750 0.038750 0.035000
0 0.407500 0.064375 0.105000 0.096250
0 0.331875 0.599375 0.083750 0.076250
0 0.558125 0.211875 0.083750 0.083750
0 0.613125 0.853750 0.033750 0.030000
0 0.946250 0.762500 0.025000 0.022500
0 0.838750 0.521250 0.097500 0.087500
0 0.209375 0.320000 0.096250 0.087500
0 0.114375 0.448750 0.061250 0.057500
0 0.351875 0.257500 0.096250 0.090000
0 0.766250 0.310625 0.097500 0.091250
0 0.458125 0.186250 0.091250 0.125000
0 0.731875 0.513125 0.041250 0.056250
0 0.251250 0.456250 0.062500 0.085000
0 0.092500 0.636250 0.055000 0.055000
0 0.126250 0.082500 0.075000 0.062500
0 0.417500 0.921250 0.107500 0.102500
0 0.032500 0.103750 0.040000 0.037500
0 0.451250 0.517500 0.102500 0.097500
0 0.508125 0.350000 0.086250 0.082500
0 0.902500 0.841250 0.087500 0.105000
0 0.104375 0.683750 0.033750 0.025000
0 0.857500 0.934375 0.025000 0.018750
0 0.366875 0.693125 0.046250 0.046250
0 0.292500 0.831250 0.100000 0.100000
0 0.705625 0.761875 0.091250 0.091250
0 0.808750 0.138750 0.052500 0.052500
0 0.765625 0.874375 0.083750 0.083750
0 0.625625 0.914375 0.041250 0.041250
0 0.228125 0.186875 0.063750 0.063750
0 0.291875 0.123125 0.031250 0.031250
0 0.257500 0.542500 0.035000 0.047500
0 0.066250 0.852500 0.087500 0.120000
0 0.956250 0.551250 0.047500 0.065000
0 0.563125 0.456875 0.086250 0.086250
0 0.535000 0.822500 0.060000 0.060000
0 0.733125 0.185625 0.073750 0.073750
0 0.603750 0.341250 0.075000 0.075000
0 0.904375 0.650000 0.093750 0.085000
0 0.200625 0.065625 0.053750 0.048750
0 0.066875 0.536875 0.103750 0.093750
0 0.505625 0.929375 0.031250 0.031250
0 0.292500 0.745000 0.055000 0.055000
0 0.060000 0.198750 0.065000 0.065000
0 0.255000 0.591250 0.027500 0.020000
0 0.334375 0.910000 0.033750 0.040000
0 0.760000 0.432500 0.060000 0.060000
0 0.261875 0.926875 0.071250 0.071250
0 0.927500 0.483750 0.027500 0.027500
0 0.190000 0.557500 0.047500 0.047500
0 0.176875 0.503750 0.038750 0.042500
0 0.622500 0.778125 0.055000 0.061250
0 0.286875 0.349375 0.041250 0.078750
0 0.311250 0.496875 0.032500 0.061250
0 0.799375 0.803125 0.033750 0.033750