0 0.717500 0.941875 0.050000 0.048750
0 0.255625 0.420000 0.028750 0.027500
0 0.759375 0.460000 0.111250 0.107500
0 0.191875 0.093125 0.038750 0.038750
0 0.480000 0.855000 0.067500 0.067500
0 0.437500 0.317500 0.107500 0.090000
0 0.790625 0.359375 0.043750 0.036250
0 0.756875 0.194375 0.111250 0.093750
0 0.192500 0.870000 0.032500 0.027500
0 0.090625 0.919375 0.078750 0.068750
0 0.598750 0.703750 0.062500 0.055000
0 0.444375 0.595625 0.078750 0.078750
0 0.727500 0.305625 0.042500 0.041250
0 0.820625 0.639375 0.068750 0.068750
0 0.301250 0.621250 0.112500 0.112500
0 0.491250 0.441875 0.110000 0.141250
0 0.918125 0.608125 0.081250 0.081250
0 0.620625 0.854375 0.058750 0.036250
0 0.925000 0.448750 0.057500 0.035000
0 0.300625 0.876875 0.083750 0.051250
0 0.898125 0.685000 0.033750 0.047500
0 0.095625 0.400000 0.043750 0.062500
0 0.102500 0.267500 0.095000 0.095000
0 0.320625 0.820625 0.041250 0.041250
0 0.519375 0.099375 0.028750 0.028750
0 0.857500 0.905000 0.100000 0.100000
0 0.069375 0.731875 0.091250 0.063750
0 0.366875 0.080625 0.103750 0.116250
0 0.218125 0.293125 0.071250 0.063750
0 0.085625 0.526875 0.103750 0.103750
0 0.173125 0.794375 0.096250 0.096250
0 0.726250 0.610000 0.065000 0.065000
0 0.621250 0.305625 0.055000 0.056250
0 0.131875 0.159375 0.043750 0.043750
0 0.936250 0.203750 0.095000 0.095000
0 0.765625 0.807500 0.026250 0.025000
0 0.545625 0.236250 0.051250 0.050000
0 0.333125 0.516875 0.081250 0.081250
0 0.177500 0.458750 0.055000 0.055000
0 0.304375 0.249375 0.086250 0.093750
0 0.643125 0.511875 0.098750 0.086250
0 0.950000 0.898125 0.070000 0.061250
0 0.601875 0.066875 0.096250 0.108750
0 0.142500 0.085000 0.040000 0.045000
0 0.776875 0.736250 0.108750 0.077500
0 0.924375 0.046875 0.068750 0.068750
0 0.166875 0.356875 0.043750 0.043750
0 0.927500 0.323750 0.102500 0.102500
0 0.446875 0.206875 0.103750 0.103750
0 0.506250 0.704375 0.070000 0.078750
0 0.538125 0.590000 0.028750 0.032500
0 0.291875 0.739375 0.098750 0.098750
0 0.196250 0.617500 0.077500 0.077500
0 0.395625 0.831875 0.048750 0.048750
0 0.780000 0.086250 0.077500 0.077500
0 0.899375 0.125000 0.036250 0.027500
0 0.563750 0.930000 0.070000 0.070000
0 0.348750 0.419375 0.047500 0.028750
0 0.660000 0.368125 0.042500 0.033750
0 0.063750 0.638125 0.097500 0.078750
0 0.223750 0.202500 0.060000 0.060000
0 0.888125 0.398125 0.028750 0.028750
0 0.264375 0.516250 0.038750 0.037500
0 0.945000 0.791250 0.067500 0.067500
0 0.588125 0.796875 0.033750 0.028750
0 0.325000 0.366250 0.062500 0.047500
0 0.413750 0.760000 0.075000 0.057500
0 0.846250 0.365625 0.025000 0.018750
0 0.288750 0.941875 0.055000 0.053750
0 0.705000 0.668750 0.030000 0.030000
0 0.037500 0.113125 0.050000 0.091250
0 0.394375 0.933125 0.046250 0.046250
0 0.615000 0.642500 0.047500 0.047500
0 0.206250 0.938750 0.070000 0.070000
0 0.676875 0.790625 0.053750 0.053750
0 0.277500 0.070625 0.055000 0.056250
0 0.585000 0.385000 0.045000 0.040000