0 0.060625 0.186875 0.061250 0.061250
0 0.756250 0.390000 0.057500 0.057500
0 0.314375 0.489375 0.086250 0.076250
0 0.301250 0.075000 0.057500 0.057500
0 0.164375 0.076875 0.026250 0.026250
0 0.668125 0.770000 0.041250 0.037500
0 0.240625 0.186875 0.096250 0.096250
0 0.553750 0.917500 0.030000 0.030000
0 0.843125 0.685625 0.056250 0.056250
0 0.739375 0.244375 0.108750 0.108750
0 0.931875 0.601875 0.041250 0.041250
0 0.556875 0.069375 0.071250 0.071250
0 0.205000 0.320000 0.037500 0.027500
0 0.598750 0.620000 0.035000 0.025000
0 0.280625 0.850000 0.096250 0.070000
0 0.611875 0.391250 0.056250 0.045000
0 0.940625 0.398750 0.083750 0.067500
0 0.683750 0.585625 0.082500 0.066250
0 0.280625 0.387500 0.098750 0.100000
0 0.163750 0.743750 0.080000 0.080000
0 0.850000 0.423750 0.037500 0.040000
0 0.625000 0.115000 0.037500 0.040000
0 0.926250 0.752500 0.065000 0.065000
0 0.510000 0.345000 0.055000 0.055000
0 0.599375 0.290625 0.088750 0.088750
0 0.779375 0.096875 0.096250 0.096250
0 0.790625 0.873125 0.036250 0.036250
0 0.892500 0.120000 0.100000 0.100000
0 0.201250 0.640000 0.107500 0.105000
0 0.226875 0.498750 0.026250 0.025000
0 0.083750 0.523750 0.090000 0.087500
0 0.402500 0.086250 0.092500 0.092500
0 0.476875 0.546875 0.101250 0.101250
0 0.766875 0.480625 0.078750 0.078750
0 0.657500 0.877500 0.075000 0.072500
0 0.369375 0.352500 0.048750 0.050000
0 0.832500 0.770625 0.037500 0.038750
0 0.674375 0.486875 0.076250 0.078750
0 0.892500 0.878750 0.112500 0.110000
0 0.121875 0.376250 0.106250 0.105000
0 0.096250 0.107500 0.037500 0.042500
0 0.475000 0.897500 0.097500 0.112500
0 0.367500 0.232500 0.102500 0.102500
0 0.465000 0.780000 0.105000 0.105000
0 0.246250 0.732500 0.030000 0.030000
0 0.516875 0.418750 0.031250 0.030000
0 0.605000 0.795625 0.062500 0.061250
0 0.359375 0.611875 0.111250 0.111250
0 0.162500 0.546250 0.025000 0.025000
0 0.906250 0.523750 0.097500 0.097500
0 0.086875 0.739375 0.031250 0.031250
0 0.460000 0.193750 0.060000 0.047500
0 0.094375 0.906875 0.106250 0.106250
0 0.838750 0.231250 0.037500 0.045000
0 0.920000 0.670625 0.055000 0.066250
0 0.720000 0.694375 0.107500 0.098750
0 0.677500 0.066250 0.047500 0.047500
0 0.586250 0.507500 0.082500 0.102500
0 0.964375 0.294375 0.041250 0.051250
0 0.145000 0.285625 0.050000 0.038750
0 0.560000 0.699375 0.070000 0.053750
0 0.113750 0.048125 0.052500 0.051250
0 0.141875 0.178125 0.083750 0.081250
0 0.613750 0.072500 0.027500 0.027500
0 0.887500 0.284375 0.040000 0.036250
0 0.264375 0.926875 0.076250 0.053750
0 0.358750 0.938125 0.037500 0.026250
0 0.459375 0.411250 0.028750 0.020000