0 0.669375 0.708125 0.083750 0.083750
0 0.508750 0.736250 0.072500 0.072500
0 0.358125 0.424375 0.033750 0.033750
0 0.408125 0.526250 0.071250 0.080000
0 0.388125 0.081875 0.086250 0.123750
0 0.408750 0.228750 0.047500 0.067500
0 0.743750 0.343750 0.025000 0.032500
0 0.678750 0.543750 0.065000 0.085000
0 0.048125 0.691250 0.028750 0.037500
0 0.348125 0.885000 0.053750 0.070000
0 0.639375 0.221875 0.028750 0.026250
0 0.818125 0.044375 0.031250 0.023750
0 0.168750 0.449375 0.075000 0.058750
0 0.836875 0.538125 0.058750 0.046250
0 0.265625 0.272500 0.061250 0.047500
0 0.108125 0.814375 0.068750 0.068750
0 0.775000 0.251250 0.112500 0.112500
0 0.892500 0.328750 0.080000 0.080000
0 0.155000 0.675000 0.057500 0.057500
0 0.122500 0.521250 0.050000 0.050000
0 0.804375 0.106875 0.053750 0.053750
0 0.919375 0.486875 0.036250 0.036250
0 0.942500 0.416250 0.050000 0.050000
0 0.958750 0.953750 0.025000 0.030000
0 0.086875 0.243750 0.073750 0.107500
0 0.491250 0.914375 0.025000 0.036250
0 0.037500 0.388750 0.032500 0.047500
0 0.300000 0.565000 0.112500 0.165000
0 0.608750 0.882500 0.110000 0.110000
0 0.106875 0.899375 0.081250 0.081250
0 0.876875 0.638125 0.038750 0.038750
0 0.606875 0.329375 0.063750 0.063750
0 0.207500 0.122500 0.107500 0.107500
0 0.577500 0.083750 0.077500 0.077500
0 0.751250 0.632500 0.045000 0.045000
0 0.914375 0.788125 0.101250 0.101250
0 0.787500 0.717500 0.097500 0.097500
0 0.451250 0.377500 0.102500 0.102500
0 0.441250 0.636250 0.077500 0.062500
0 0.563125 0.563750 0.096250 0.125000
0 0.241250 0.870000 0.100000 0.130000
0 0.055000 0.587500 0.052500 0.067500
0 0.800000 0.391875 0.062500 0.081250
0 0.173750 0.762500 0.027500 0.030000
0 0.270000 0.724375 0.102500 0.106250
0 0.270625 0.418125 0.103750 0.103750
0 0.396250 0.765000 0.077500 0.077500
0 0.726250 0.855000 0.105000 0.105000
0 0.586250 0.425000 0.095000 0.095000
0 0.513125 0.254375 0.056250 0.056250
0 0.482500 0.159375 0.047500 0.046250
0 0.674375 0.075625 0.091250 0.091250
0 0.891875 0.113125 0.046250 0.046250
0 0.948125 0.050625 0.051250 0.051250
0 0.188125 0.581875 0.033750 0.033750
0 0.881250 0.893750 0.092500 0.092500
0 0.605000 0.791875 0.060000 0.048750
0 0.943750 0.538750 0.055000 0.045000
0 0.595625 0.153125 0.053750 0.043750
0 0.048125 0.520625 0.041250 0.033750
0 0.213750 0.325000 0.052500 0.042500
0 0.068750 0.086250 0.077500 0.077500
0 0.679375 0.409375 0.066250 0.066250
0 0.746250 0.943125 0.030000 0.026250
0 0.905625 0.199375 0.073750 0.071250