0 0.241875 0.284375 0.033750 0.033750
0 0.458750 0.145000 0.057500 0.057500
0 0.924375 0.159375 0.038750 0.038750
0 0.713750 0.371250 0.045000 0.045000
0 0.905625 0.259375 0.036250 0.036250
0 0.150625 0.851875 0.056250 0.056250
0 0.363125 0.681875 0.083750 0.083750
0 0.833750 0.415000 0.097500 0.070000
0 0.226875 0.535000 0.053750 0.057500
0 0.816250 0.359375 0.025000 0.026250
0 0.661875 0.735000 0.076250 0.082500
0 0.479375 0.833125 0.098750 0.106250
0 0.757500 0.222500 0.027500 0.027500
0 0.708125 0.884375 0.031250 0.026250
0 0.661250 0.607500 0.027500 0.027500
0 0.151250 0.140625 0.112500 0.091250
0 0.483125 0.735000 0.078750 0.072500
0 0.606875 0.631875 0.056250 0.051250
0 0.605625 0.370000 0.076250 0.070000
0 0.451250 0.360625 0.090000 0.083750
0 0.091875 0.686875 0.091250 0.091250
0 0.698125 0.509375 0.093750 0.093750
0 0.459375 0.221875 0.041250 0.028750
0 0.375625 0.251875 0.093750 0.066250
0 0.220000 0.427500 0.102500 0.072500
0 0.933750 0.473750 0.042500 0.030000
0 0.336875 0.954375 0.036250 0.036250
0 0.583125 0.916875 0.083750 0.083750
0 0.205000 0.682500 0.075000 0.075000
0 0.847500 0.824375 0.085000 0.083750
0 0.688750 0.090000 0.110000 0.107500
0 0.817500 0.563750 0.080000 0.100000
0 0.301875 0.085625 0.081250 0.061250
0 0.960625 0.882500 0.036250 0.030000
0 0.446250 0.485000 0.097500 0.075000
0 0.554375 0.056250 0.106250 0.065000
0 0.155000 0.303125 0.055000 0.033750
0 0.834375 0.951875 0.071250 0.043750
0 0.161875 0.032500 0.036250 0.022500
0 0.370000 0.798125 0.057500 0.048750
0 0.855625 0.090625 0.081250 0.068750
0 0.186875 0.954375 0.048750 0.041250
0 0.065625 0.795625 0.068750 0.068750
0 0.265000 0.213750 0.065000 0.065000
0 0.343125 0.548125 0.043750 0.043750
0 0.857500 0.700000 0.035000 0.035000
0 0.185000 0.770000 0.062500 0.085000
0 0.590625 0.183125 0.061250 0.083750
0 0.481875 0.625000 0.043750 0.060000
0 0.079375 0.550000 0.083750 0.127500
0 0.751875 0.748125 0.053750 0.081250
0 0.958750 0.723750 0.057500 0.087500
0 0.094375 0.388125 0.108750 0.108750
0 0.639375 0.816875 0.063750 0.063750
0 0.428750 0.061250 0.045000 0.045000
0 0.922500 0.607500 0.075000 0.067500
0 0.895000 0.351250 0.025000 0.025000
0 0.481250 0.944375 0.055000 0.048750
0 0.332500 0.389375 0.092500 0.081250
0 0.676875 0.939375 0.036250 0.031250
0 0.557500 0.481875 0.070000 0.061250
0 0.106250 0.921875 0.025000 0.023750
0 0.253750 0.881250 0.035000 0.035000
0 0.771875 0.676875 0.028750 0.028750
0 0.897500 0.525000 0.055000 0.052500
0 0.360625 0.865625 0.063750 0.061250
0 0.787500 0.287500 0.050000 0.047500
0 0.938125 0.081250 0.068750 0.070000
0 0.111875 0.223125 0.048750 0.048750
0 0.300625 0.893125 0.038750 0.038750
0 0.687500 0.233750 0.087500 0.087500