0 0.571250 0.173125 0.100000 0.093750
0 0.546875 0.063750 0.066250 0.062500
0 0.286875 0.468125 0.098750 0.098750
0 0.513125 0.940625 0.041250 0.041250
0 0.836875 0.794375 0.051250 0.051250
0 0.697500 0.642500 0.070000 0.070000
0 0.722500 0.477500 0.100000 0.100000
0 0.586875 0.804375 0.053750 0.053750
0 0.804375 0.568125 0.026250 0.026250
0 0.244375 0.788750 0.081250 0.045000
0 0.419375 0.438125 0.056250 0.056250
0 0.290000 0.888750 0.097500 0.097500
0 0.388750 0.763750 0.097500 0.097500
0 0.705000 0.370000 0.050000 0.050000
0 0.759375 0.075625 0.106250 0.106250
0 0.642500 0.505000 0.045000 0.045000
0 0.611875 0.930625 0.046250 0.046250
0 0.428750 0.156250 0.060000 0.060000
0 0.590625 0.680625 0.048750 0.048750
0 0.861875 0.236875 0.086250 0.086250
0 0.383750 0.643750 0.072500 0.082500
0 0.886250 0.678750 0.057500 0.040000
0 0.909375 0.832500 0.076250 0.062500
0 0.191250 0.286250 0.050000 0.047500
0 0.932500 0.491875 0.060000 0.056250
0 0.062500 0.833125 0.070000 0.066250
0 0.439375 0.520000 0.071250 0.067500
0 0.036875 0.273750 0.031250 0.035000
0 0.864375 0.387500 0.026250 0.030000
0 0.544375 0.356875 0.068750 0.078750
0 0.884375 0.107500 0.093750 0.107500
0 0.094375 0.474375 0.106250 0.106250
0 0.841250 0.930000 0.060000 0.060000
0 0.080625 0.197500 0.063750 0.050000
0 0.064375 0.628125 0.053750 0.053750
0 0.412500 0.892500 0.092500 0.092500
0 0.676250 0.236250 0.035000 0.035000
0 0.673125 0.751875 0.068750 0.068750
0 0.168125 0.179375 0.088750 0.088750
0 0.482500 0.607500 0.045000 0.045000
0 0.325000 0.302500 0.082500 0.082500
0 0.138125 0.926875 0.093750 0.093750
0 0.515000 0.713125 0.080000 0.073750
0 0.195000 0.453750 0.027500 0.025000
0 0.740000 0.878750 0.030000 0.027500
0 0.271875 0.068750 0.108750 0.100000
0 0.729375 0.565625 0.058750 0.058750
0 0.510000 0.850000 0.077500 0.065000
0 0.106875 0.281875 0.088750 0.088750
0 0.553750 0.465000 0.055000 0.055000
0 0.262500 0.711250 0.092500 0.092500
0 0.945625 0.919375 0.046250 0.046250
0 0.249375 0.598125 0.106250 0.106250
0 0.880000 0.596250 0.105000 0.105000
0 0.324375 0.198125 0.056250 0.056250
0 0.810625 0.711875 0.071250 0.071250
0 0.086875 0.079375 0.071250 0.071250
0 0.650000 0.460000 0.027500 0.025000
0 0.765625 0.280625 0.086250 0.086250
0 0.498750 0.531250 0.025000 0.035000
0 0.841250 0.483125 0.060000 0.086250
0 0.096250 0.712500 0.100000 0.100000
0 0.442500 0.261250 0.100000 0.100000
0 0.435000 0.065000 0.097500 0.097500
0 0.061250 0.372500 0.035000 0.035000
0 0.934375 0.338125 0.043750 0.043750
0 0.255000 0.341250 0.042500 0.042500
0 0.401875 0.358125 0.026250 0.026250
0 0.637500 0.296250 0.052500 0.052500
0 0.141250 0.631250 0.045000 0.045000
0 0.928750 0.740000 0.057500 0.057500
0 0.688750 0.935000 0.047500 0.047500
0 0.151250 0.847500 0.050000 0.050000
0 0.255000 0.163750 0.067500 0.067500
0 0.733750 0.187500 0.037500 0.037500
0 0.596875 0.579375 0.056250 0.073750
0 0.796875 0.391875 0.051250 0.051250
0 0.125000 0.370000 0.072500 0.072500
0 0.948125 0.410625 0.048750 0.048750
0 0.538125 0.644375 0.031250 0.043750
0 0.623750 0.065000 0.067500 0.095000
0 0.492500 0.438750 0.045000 0.045000
0 0.191250 0.382500 0.042500 0.042500
0 0.655000 0.858750 0.025000 0.030000