0 0.667500 0.808750 0.052500 0.052500
0 0.798750 0.425000 0.090000 0.090000
0 0.540625 0.381875 0.101250 0.083750
0 0.213125 0.294375 0.031250 0.031250
0 0.410000 0.676250 0.082500 0.082500
0 0.928125 0.606250 0.063750 0.057500
0 0.739375 0.528125 0.051250 0.046250
0 0.578125 0.176250 0.031250 0.027500
0 0.215000 0.357500 0.080000 0.072500
0 0.078750 0.511250 0.067500 0.060000
0 0.666250 0.044375 0.032500 0.028750
0 0.534375 0.063750 0.056250 0.050000
0 0.441875 0.120000 0.026250 0.022500
0 0.919375 0.900625 0.098750 0.116250
0 0.308125 0.778125 0.046250 0.053750
0 0.328750 0.343125 0.027500 0.031250
0 0.241250 0.531250 0.030000 0.035000
0 0.370625 0.885000 0.093750 0.102500
0 0.335625 0.196875 0.036250 0.038750
0 0.856250 0.225625 0.090000 0.098750
0 0.773125 0.745625 0.093750 0.093750
0 0.680625 0.758125 0.028750 0.028750
0 0.583750 0.563750 0.105000 0.105000
0 0.037500 0.727500 0.037500 0.037500
0 0.605000 0.665000 0.052500 0.052500
0 0.103125 0.860625 0.083750 0.078750
0 0.824375 0.071250 0.061250 0.057500
0 0.465625 0.206250 0.103750 0.097500
0 0.456250 0.784375 0.052500 0.048750
0 0.236875 0.119375 0.101250 0.123750
0 0.679375 0.178750 0.088750 0.107500
0 0.375000 0.788750 0.065000 0.065000
0 0.089375 0.083125 0.081250 0.081250
0 0.936875 0.103750 0.061250 0.065000
0 0.748750 0.913125 0.102500 0.108750
0 0.365625 0.131250 0.068750 0.072500
0 0.856875 0.641875 0.061250 0.061250
0 0.918750 0.367500 0.102500 0.102500
0 0.313125 0.680000 0.071250 0.070000
0 0.565000 0.830625 0.100000 0.098750
0 0.850000 0.726250 0.042500 0.037500
0 0.148750 0.231250 0.102500 0.072500
0 0.163750 0.553125 0.087500 0.061250
0 0.440625 0.450000 0.026250 0.017500
0 0.179375 0.474375 0.066250 0.056250
0 0.080000 0.313750 0.065000 0.070000
0 0.390625 0.320625 0.066250 0.071250
0 0.058125 0.664375 0.061250 0.066250
0 0.165000 0.685625 0.105000 0.113750
0 0.402500 0.533125 0.092500 0.086250
0 0.574375 0.229375 0.058750 0.058750
0 0.756250 0.618750 0.097500 0.097500
0 0.216250 0.828750 0.047500 0.047500
0 0.526875 0.706875 0.048750 0.048750
0 0.673125 0.316250 0.103750 0.085000
0 0.902500 0.511250 0.087500 0.087500
0 0.302500 0.421250 0.075000 0.075000
0 0.630000 0.955000 0.032500 0.032500
0 0.240000 0.619375 0.027500 0.028750
0 0.791875 0.323125 0.081250 0.058750
0 0.477500 0.314375 0.050000 0.036250
0 0.460625 0.933750 0.051250 0.047500
0 0.266250 0.910000 0.067500 0.062500
0 0.813125 0.507500 0.048750 0.045000
0 0.078750 0.938750 0.055000 0.055000
0 0.938125 0.706875 0.066250 0.066250
0 0.730625 0.061875 0.066250 0.066250
0 0.875000 0.795000 0.075000 0.075000
0 0.386875 0.261875 0.031250 0.031250