0 0.541250 0.613750 0.060000 0.050000
0 0.866875 0.906875 0.056250 0.046250
0 0.175000 0.578125 0.107500 0.106250
0 0.825625 0.388750 0.031250 0.030000
0 0.653750 0.368125 0.110000 0.108750
0 0.169375 0.143125 0.083750 0.083750
0 0.197500 0.811250 0.070000 0.070000
0 0.379375 0.816875 0.073750 0.073750
0 0.586250 0.857500 0.087500 0.087500
0 0.700000 0.646250 0.035000 0.035000
0 0.875000 0.558125 0.050000 0.051250
0 0.319375 0.346250 0.076250 0.090000
0 0.066875 0.089375 0.068750 0.081250
0 0.833750 0.234375 0.087500 0.081250
0 0.128125 0.740625 0.053750 0.048750
0 0.030000 0.406250 0.035000 0.032500
0 0.553750 0.488125 0.112500 0.103750
0 0.793125 0.785625 0.083750 0.083750
0 0.241250 0.039375 0.030000 0.028750
0 0.373125 0.490625 0.038750 0.038750
0 0.058750 0.850000 0.065000 0.065000
0 0.360000 0.711250 0.082500 0.082500
0 0.486875 0.291875 0.078750 0.078750
0 0.745625 0.123125 0.028750 0.028750
0 0.562500 0.117500 0.082500 0.082500
0 0.331250 0.903750 0.060000 0.060000
0 0.765000 0.590000 0.052500 0.060000
0 0.846250 0.677500 0.067500 0.067500
0 0.381875 0.103125 0.096250 0.096250
0 0.430625 0.936875 0.046250 0.046250
0 0.236250 0.443750 0.060000 0.060000
0 0.869375 0.836875 0.028750 0.028750
0 0.610000 0.705000 0.112500 0.112500
0 0.772500 0.915000 0.092500 0.092500
0 0.196250 0.278750 0.095000 0.097500
0 0.521875 0.725625 0.048750 0.048750
0 0.200625 0.736250 0.048750 0.045000
0 0.043125 0.768125 0.058750 0.058750
0 0.761250 0.485000 0.110000 0.110000
0 0.418750 0.583750 0.100000 0.100000
0 0.948750 0.777500 0.035000 0.035000
0 0.158125 0.908125 0.093750 0.093750
0 0.898125 0.124375 0.096250 0.096250
0 0.906250 0.436250 0.097500 0.097500
0 0.608750 0.221250 0.077500 0.077500
0 0.668125 0.078125 0.103750 0.103750
0 0.044375 0.539375 0.061250 0.061250
0 0.425625 0.504375 0.026250 0.026250
0 0.676250 0.541250 0.042500 0.042500
0 0.285000 0.613750 0.070000 0.070000
0 0.453125 0.754375 0.046250 0.046250
0 0.738750 0.236250 0.067500 0.067500
0 0.345625 0.240625 0.063750 0.061250
0 0.935000 0.695000 0.060000 0.057500
0 0.480625 0.046875 0.053750 0.053750
0 0.809375 0.326875 0.026250 0.021250
0 0.625000 0.287500 0.042500 0.035000
0 0.205000 0.678750 0.035000 0.035000
0 0.248125 0.896875 0.056250 0.053750
0 0.153125 0.459375 0.088750 0.086250
0 0.932500 0.276250 0.090000 0.090000
0 0.949375 0.854375 0.046250 0.046250
0 0.135625 0.372500 0.066250 0.062500
0 0.062500 0.278125 0.072500 0.068750
0 0.080000 0.655000 0.045000 0.042500
0 0.348125 0.174375 0.031250 0.031250