0 0.725000 0.417500 0.062500 0.062500
0 0.403125 0.038125 0.038750 0.038750
0 0.878125 0.506875 0.076250 0.076250
0 0.141875 0.063750 0.041250 0.052500
0 0.105000 0.345625 0.065000 0.083750
0 0.589375 0.151250 0.081250 0.105000
0 0.824375 0.636875 0.068750 0.088750
0 0.232500 0.250000 0.030000 0.030000
0 0.225000 0.583125 0.050000 0.046250
0 0.352500 0.478750 0.102500 0.095000
0 0.853125 0.255000 0.088750 0.082500
0 0.790000 0.793750 0.112500 0.105000
0 0.416875 0.145625 0.033750 0.046250
0 0.658125 0.812500 0.048750 0.030000
0 0.117500 0.666250 0.027500 0.017500
0 0.331875 0.726875 0.101250 0.063750
0 0.524375 0.801875 0.061250 0.038750
0 0.268125 0.489375 0.033750 0.033750
0 0.249375 0.144375 0.041250 0.041250
0 0.519375 0.448125 0.028750 0.028750
0 0.727500 0.576250 0.102500 0.102500
0 0.902500 0.342500 0.027500 0.032500
0 0.236250 0.921875 0.042500 0.051250
0 0.801250 0.905625 0.077500 0.093750
0 0.441875 0.826875 0.066250 0.066250
0 0.915625 0.589375 0.033750 0.036250
0 0.563125 0.267500 0.068750 0.075000
0 0.690625 0.180625 0.028750 0.031250
0 0.733125 0.694375 0.031250 0.033750
0 0.920000 0.676250 0.087500 0.087500
0 0.504375 0.510625 0.073750 0.073750
0 0.920625 0.811875 0.101250 0.101250
0 0.747500 0.293750 0.052500 0.052500
0 0.057500 0.761250 0.075000 0.075000
0 0.435625 0.336875 0.088750 0.096250
0 0.930625 0.045625 0.031250 0.033750
0 0.658750 0.890625 0.047500 0.051250
0 0.488125 0.658750 0.078750 0.085000
0 0.203750 0.753750 0.067500 0.067500
0 0.807500 0.066250 0.035000 0.035000
0 0.161875 0.320625 0.031250 0.031250
0 0.542500 0.352500 0.075000 0.075000
0 0.700625 0.749375 0.043750 0.033750
0 0.604375 0.531875 0.098750 0.098750
0 0.915625 0.150625 0.108750 0.111250
0 0.689375 0.315625 0.031250 0.031250
0 0.332500 0.635625 0.085000 0.086250
0 0.796875 0.151875 0.091250 0.073750
0 0.584375 0.640625 0.088750 0.088750
0 0.077500 0.528750 0.080000 0.080000
0 0.053125 0.255625 0.046250 0.046250
0 0.568750 0.903750 0.105000 0.105000
0 0.316875 0.816250 0.063750 0.072500
0 0.325625 0.326250 0.111250 0.080000
0 0.138125 0.180625 0.088750 0.063750
0 0.126875 0.848125 0.083750 0.083750
0 0.947500 0.505000 0.032500 0.032500
0 0.326875 0.146875 0.056250 0.056250
0 0.311875 0.058125 0.073750 0.073750
0 0.048125 0.679375 0.026250 0.026250
0 0.152500 0.433750 0.037500 0.037500
0 0.497500 0.087500 0.070000 0.070000
0 0.581875 0.056875 0.048750 0.043750
0 0.905000 0.413125 0.092500 0.091250
0 0.405625 0.232500 0.071250 0.070000
0 0.582500 0.428125 0.035000 0.033750
0 0.375000 0.924375 0.097500 0.096250
0 0.732500 0.056250 0.087500 0.087500
0 0.223125 0.659375 0.048750 0.058750
0 0.630000 0.733750 0.075000 0.075000
0 0.481250 0.219375 0.065000 0.063750
0 0.210000 0.033750 0.035000 0.035000
0 0.254375 0.094375 0.026250 0.026250
0 0.650000 0.423750 0.055000 0.045000
0 0.904375 0.945625 0.041250 0.041250
0 0.042500 0.618750 0.030000 0.030000
0 0.070000 0.933750 0.042500 0.042500
0 0.241875 0.421875 0.071250 0.071250
0 0.782500 0.482500 0.030000 0.030000
0 0.625000 0.345000 0.062500 0.065000
0 0.185000 0.276250 0.042500 0.042500
0 0.213125 0.516250 0.061250 0.065000
0 0.063750 0.107500 0.040000 0.040000
0 0.428125 0.760625 0.046250 0.046250
0 0.141250 0.615000 0.065000 0.065000
0 0.474375 0.448125 0.038750 0.033750
0 0.224375 0.193125 0.033750 0.031250
0 0.808750 0.376250 0.035000 0.035000
0 0.130625 0.718125 0.053750 0.056250
0 0.485000 0.750000 0.045000 0.045000