0 0.838750 0.478750 0.075000 0.075000
0 0.575000 0.867500 0.032500 0.032500
0 0.204375 0.486875 0.036250 0.036250
0 0.510625 0.644375 0.043750 0.043750
0 0.339375 0.068125 0.086250 0.086250
0 0.872500 0.710000 0.042500 0.042500
0 0.325000 0.357500 0.087500 0.087500
0 0.886875 0.925625 0.093750 0.028750
0 0.058750 0.076875 0.082500 0.078750
0 0.349375 0.624375 0.046250 0.046250
0 0.349375 0.155625 0.056250 0.056250
0 0.758125 0.718125 0.043750 0.038750
0 0.184375 0.553125 0.068750 0.068750
0 0.886875 0.645625 0.026250 0.026250
0 0.595625 0.785625 0.048750 0.048750
0 0.383750 0.728750 0.100000 0.090000
0 0.740625 0.074375 0.026250 0.023750
0 0.955000 0.754375 0.062500 0.056250
0 0.084375 0.563125 0.081250 0.081250
0 0.153750 0.357500 0.067500 0.077500
0 0.600000 0.216875 0.110000 0.126250
0 0.547500 0.526250 0.080000 0.080000
0 0.831250 0.160000 0.100000 0.100000
0 0.624375 0.684375 0.106250 0.106250
0 0.221875 0.875000 0.078750 0.052500
0 0.069375 0.305625 0.048750 0.048750
0 0.721250 0.270000 0.092500 0.092500
0 0.737500 0.488750 0.025000 0.025000
0 0.081250 0.651250 0.027500 0.027500
0 0.164375 0.073125 0.106250 0.106250
0 0.705625 0.719375 0.036250 0.036250
0 0.936875 0.270000 0.086250 0.072500
0 0.296250 0.806250 0.027500 0.022500
0 0.463750 0.032500 0.027500 0.027500
0 0.878750 0.388750 0.055000 0.075000
0 0.616875 0.454375 0.036250 0.033750
0 0.664375 0.518125 0.041250 0.041250
0 0.473750 0.218750 0.052500 0.052500
0 0.545625 0.398125 0.063750 0.063750
0 0.386250 0.502500 0.102500 0.102500
0 0.762500 0.943750 0.040000 0.040000
0 0.438750 0.880625 0.057500 0.053750
0 0.496250 0.751875 0.067500 0.063750
0 0.090000 0.722500 0.097500 0.097500
0 0.338750 0.901250 0.085000 0.085000
0 0.926875 0.563125 0.061250 0.061250
0 0.674375 0.095625 0.088750 0.088750
0 0.686875 0.931875 0.066250 0.066250
0 0.777500 0.613750 0.092500 0.092500
0 0.277500 0.620000 0.080000 0.080000
0 0.231250 0.202500 0.032500 0.032500
0 0.265000 0.480000 0.042500 0.045000
0 0.778125 0.840000 0.033750 0.035000
0 0.475625 0.507500 0.033750 0.035000