0 0.595625 0.682500 0.108750 0.107500
0 0.328125 0.341250 0.093750 0.092500
0 0.555625 0.088125 0.066250 0.043750
0 0.933750 0.191250 0.090000 0.090000
0 0.440625 0.454375 0.041250 0.041250
0 0.370000 0.622500 0.072500 0.072500
0 0.865000 0.367500 0.110000 0.110000
0 0.434375 0.864375 0.028750 0.028750
0 0.671875 0.356875 0.111250 0.111250
0 0.107500 0.150000 0.045000 0.045000
0 0.799375 0.925625 0.053750 0.053750
0 0.081250 0.505000 0.110000 0.110000
0 0.543125 0.875625 0.041250 0.041250
0 0.778750 0.060000 0.087500 0.087500
0 0.684375 0.215625 0.066250 0.066250
0 0.330000 0.067500 0.032500 0.032500
0 0.868125 0.676875 0.088750 0.088750
0 0.621250 0.897500 0.045000 0.045000
0 0.197500 0.515000 0.080000 0.080000
0 0.218125 0.759375 0.088750 0.088750
0 0.058125 0.679375 0.053750 0.053750
0 0.693125 0.886875 0.076250 0.076250
0 0.271250 0.883750 0.030000 0.030000
0 0.165625 0.045000 0.076250 0.062500
0 0.614375 0.549375 0.071250 0.058750
0 0.534375 0.440000 0.081250 0.067500
0 0.350625 0.123750 0.076250 0.062500
0 0.844375 0.473750 0.058750 0.072500
0 0.749375 0.549375 0.076250 0.076250
0 0.317500 0.455000 0.055000 0.055000
0 0.385625 0.778125 0.083750 0.083750
0 0.666875 0.799375 0.053750 0.053750
0 0.508125 0.576875 0.081250 0.081250
0 0.226250 0.196250 0.090000 0.090000
0 0.220000 0.838750 0.047500 0.047500
0 0.091875 0.403125 0.066250 0.066250
0 0.932500 0.271250 0.025000 0.025000
0 0.935000 0.581250 0.077500 0.077500
0 0.568750 0.780000 0.032500 0.032500
0 0.780625 0.686250 0.071250 0.060000
0 0.449375 0.096875 0.061250 0.061250
0 0.896250 0.102500 0.062500 0.057500
0 0.830000 0.771875 0.047500 0.043750
0 0.922500 0.461875 0.070000 0.063750
0 0.693750 0.666250 0.057500 0.052500
0 0.080625 0.788125 0.106250 0.106250
0 0.191875 0.666875 0.073750 0.073750
0 0.645625 0.048125 0.061250 0.061250
0 0.135000 0.301250 0.065000 0.065000
0 0.362500 0.233750 0.097500 0.097500
0 0.199375 0.414375 0.103750 0.103750
0 0.542500 0.246250 0.062500 0.062500
0 0.804375 0.194375 0.088750 0.088750
0 0.257500 0.488125 0.025000 0.026250
0 0.768125 0.360625 0.066250 0.076250
0 0.451250 0.926250 0.052500 0.060000
0 0.110625 0.889375 0.066250 0.066250
0 0.388125 0.523125 0.066250 0.066250
0 0.559375 0.333750 0.096250 0.097500
0 0.748125 0.740625 0.026250 0.026250
0 0.899375 0.761875 0.053750 0.053750
0 0.369375 0.865625 0.066250 0.066250