0 0.715000 0.930000 0.070000 0.070000
0 0.183125 0.584375 0.111250 0.111250
0 0.951875 0.640625 0.061250 0.061250
0 0.124375 0.336875 0.026250 0.026250
0 0.904375 0.786875 0.111250 0.111250
0 0.316875 0.904375 0.053750 0.031250
0 0.506875 0.635625 0.106250 0.106250
0 0.336250 0.198750 0.080000 0.080000
0 0.690000 0.478750 0.042500 0.042500
0 0.252500 0.191250 0.055000 0.055000
0 0.118750 0.842500 0.105000 0.105000
0 0.145625 0.465625 0.031250 0.031250
0 0.805000 0.576250 0.065000 0.065000
0 0.886875 0.159375 0.111250 0.111250
0 0.356875 0.088125 0.086250 0.086250
0 0.278125 0.346875 0.053750 0.068750
0 0.651875 0.053125 0.073750 0.073750
0 0.566250 0.417500 0.110000 0.110000
0 0.063125 0.660625 0.033750 0.033750
0 0.271875 0.573125 0.031250 0.028750
0 0.553125 0.888125 0.036250 0.033750
0 0.492500 0.533750 0.085000 0.082500
0 0.443125 0.178125 0.043750 0.043750
0 0.295000 0.273750 0.045000 0.045000
0 0.268125 0.420625 0.058750 0.058750
0 0.458125 0.894375 0.076250 0.076250
0 0.183750 0.187500 0.052500 0.052500
0 0.586875 0.120000 0.036250 0.035000
0 0.686250 0.288750 0.065000 0.062500
0 0.318125 0.649375 0.108750 0.106250
0 0.948125 0.938125 0.031250 0.028750
0 0.508125 0.828750 0.106250 0.040000
0 0.440000 0.216250 0.040000 0.015000
0 0.405625 0.309375 0.076250 0.076250
0 0.592500 0.777500 0.035000 0.035000
0 0.822500 0.488750 0.055000 0.055000
0 0.417500 0.763750 0.075000 0.075000
0 0.703750 0.768750 0.062500 0.062500
0 0.038125 0.328125 0.033750 0.033750
0 0.268750 0.100000 0.057500 0.057500
0 0.908750 0.343750 0.092500 0.092500
0 0.688750 0.572500 0.110000 0.110000
0 0.418125 0.694375 0.028750 0.028750
0 0.780625 0.820625 0.056250 0.056250
0 0.027500 0.203125 0.030000 0.028750
0 0.773125 0.183750 0.088750 0.090000
0 0.413750 0.610000 0.042500 0.042500
0 0.069375 0.483750 0.066250 0.057500
0 0.679375 0.868750 0.026250 0.022500
0 0.402500 0.478750 0.075000 0.065000
0 0.232500 0.805000 0.092500 0.092500
0 0.933750 0.491250 0.100000 0.100000
0 0.508125 0.295625 0.081250 0.081250
0 0.634375 0.773125 0.033750 0.033750
0 0.129375 0.726250 0.086250 0.070000
0 0.071250 0.590625 0.080000 0.063750
0 0.310000 0.502500 0.090000 0.090000
0 0.813750 0.705000 0.055000 0.055000
0 0.210000 0.296875 0.040000 0.056250
0 0.813125 0.322500 0.078750 0.077500
0 0.862500 0.908125 0.100000 0.098750
0 0.183750 0.079375 0.097500 0.096250
0 0.064375 0.411250 0.073750 0.072500
0 0.203750 0.450000 0.050000 0.060000
0 0.470625 0.058750 0.056250 0.067500
0 0.609375 0.210625 0.073750 0.088750
0 0.384375 0.404375 0.028750 0.028750
0 0.338750 0.799375 0.067500 0.066250
0 0.855000 0.051875 0.060000 0.058750
0 0.056875 0.076250 0.076250 0.075000
0 0.107500 0.158125 0.027500 0.031250
0 0.691875 0.378750 0.076250 0.087500
0 0.933750 0.883125 0.027500 0.028750
0 0.573750 0.506875 0.050000 0.046250
0 0.065000 0.952500 0.035000 0.035000
0 0.233125 0.933125 0.033750 0.033750
0 0.708750 0.698750 0.052500 0.052500
0 0.203125 0.388125 0.048750 0.031250
0 0.149375 0.274375 0.026250 0.026250