0 0.330000 0.931250 0.087500 0.087500
0 0.148125 0.165625 0.043750 0.043750
0 0.802500 0.600000 0.032500 0.032500
0 0.442500 0.278125 0.112500 0.076250
0 0.132500 0.876250 0.110000 0.110000
0 0.154375 0.707500 0.106250 0.112500
0 0.568750 0.575000 0.090000 0.090000
0 0.331875 0.736250 0.071250 0.075000
0 0.425625 0.823125 0.058750 0.061250
0 0.629375 0.461875 0.056250 0.058750
0 0.172500 0.081875 0.035000 0.036250
0 0.213125 0.291875 0.086250 0.083750
0 0.601875 0.297500 0.111250 0.107500
0 0.608125 0.066875 0.068750 0.066250
0 0.905000 0.093750 0.060000 0.057500
0 0.332500 0.551250 0.112500 0.112500
0 0.711250 0.800625 0.082500 0.093750
0 0.856250 0.593125 0.050000 0.056250
0 0.558125 0.731875 0.081250 0.081250
0 0.464375 0.483125 0.076250 0.071250
0 0.667500 0.384375 0.040000 0.038750
0 0.298125 0.055000 0.073750 0.045000
0 0.206250 0.216875 0.035000 0.021250
0 0.353125 0.826250 0.048750 0.030000
0 0.850625 0.397500 0.083750 0.085000
0 0.455625 0.103750 0.078750 0.080000
0 0.887500 0.850000 0.025000 0.025000
0 0.586875 0.194375 0.053750 0.058750
0 0.163125 0.460625 0.071250 0.071250
0 0.674375 0.694375 0.078750 0.078750
0 0.895000 0.910000 0.075000 0.075000
0 0.446875 0.390625 0.083750 0.096250
0 0.746875 0.189375 0.071250 0.081250
0 0.428125 0.688125 0.103750 0.103750
0 0.248750 0.718750 0.042500 0.042500
0 0.570625 0.919375 0.093750 0.093750
0 0.061875 0.506875 0.048750 0.048750
0 0.883125 0.220625 0.083750 0.101250
0 0.349375 0.163750 0.098750 0.120000
0 0.638125 0.781875 0.033750 0.041250
0 0.765625 0.428125 0.071250 0.086250
0 0.246250 0.931250 0.047500 0.047500
0 0.255625 0.415000 0.088750 0.105000
0 0.842500 0.768125 0.075000 0.088750
0 0.680625 0.121250 0.046250 0.055000
0 0.936250 0.702500 0.097500 0.115000
0 0.855625 0.311250 0.063750 0.050000
0 0.076875 0.290625 0.088750 0.068750
0 0.062500 0.382500 0.100000 0.100000
0 0.408750 0.930000 0.042500 0.042500
0 0.548750 0.396250 0.035000 0.035000
0 0.926250 0.575000 0.032500 0.032500
0 0.941250 0.481250 0.067500 0.087500
0 0.713750 0.533750 0.085000 0.110000
0 0.159375 0.564375 0.111250 0.108750