0 0.248125 0.217500 0.108750 0.122500
0 0.576250 0.200000 0.097500 0.110000
0 0.415000 0.793750 0.095000 0.107500
0 0.521250 0.753125 0.070000 0.101250
0 0.553750 0.629375 0.092500 0.091250
0 0.290000 0.701875 0.030000 0.028750
0 0.212500 0.124375 0.047500 0.046250
0 0.441875 0.546250 0.071250 0.070000
0 0.137500 0.244375 0.080000 0.083750
0 0.076250 0.659375 0.042500 0.043750
0 0.521875 0.440000 0.051250 0.052500
0 0.830625 0.626875 0.073750 0.103750
0 0.348750 0.541875 0.052500 0.073750
0 0.261250 0.503750 0.025000 0.035000
0 0.035000 0.910625 0.045000 0.063750
0 0.181875 0.885625 0.081250 0.081250
0 0.159375 0.434375 0.026250 0.026250
0 0.848125 0.144375 0.043750 0.043750
0 0.732500 0.338750 0.090000 0.090000
0 0.813750 0.883750 0.057500 0.057500
0 0.756250 0.825000 0.035000 0.035000
0 0.630000 0.052500 0.065000 0.065000
0 0.891250 0.306250 0.032500 0.032500
0 0.475000 0.166250 0.085000 0.085000
0 0.156875 0.759375 0.068750 0.068750
0 0.299375 0.868125 0.056250 0.058750
0 0.449375 0.075625 0.071250 0.071250
0 0.707500 0.617500 0.065000 0.065000
0 0.088125 0.133750 0.108750 0.087500
0 0.925000 0.627500 0.047500 0.037500
0 0.845625 0.745625 0.098750 0.078750
0 0.366250 0.200000 0.107500 0.107500
0 0.733125 0.220625 0.066250 0.066250
0 0.326250 0.383750 0.060000 0.062500
0 0.276875 0.106875 0.026250 0.026250
0 0.645625 0.887500 0.088750 0.092500
0 0.880000 0.483125 0.105000 0.108750
0 0.433125 0.366875 0.093750 0.093750
0 0.177500 0.666250 0.075000 0.077500
0 0.265000 0.781875 0.030000 0.031250
0 0.811250 0.233750 0.062500 0.065000
0 0.940625 0.890625 0.078750 0.078750
0 0.748125 0.494375 0.066250 0.066250
0 0.698750 0.115000 0.045000 0.052500
0 0.610000 0.771250 0.090000 0.090000
0 0.368750 0.456250 0.032500 0.032500
0 0.076250 0.543750 0.110000 0.110000
0 0.442500 0.918750 0.107500 0.107500
0 0.565000 0.525000 0.080000 0.082500
0 0.345000 0.055000 0.070000 0.070000
0 0.059375 0.380625 0.076250 0.076250
0 0.619375 0.426250 0.063750 0.077500
0 0.820000 0.328750 0.067500 0.067500
0 0.053125 0.769375 0.076250 0.076250
0 0.179375 0.340625 0.091250 0.091250
0 0.463125 0.625625 0.043750 0.043750
0 0.340000 0.296250 0.055000 0.055000
0 0.954375 0.748125 0.038750 0.038750
0 0.245000 0.441250 0.062500 0.062500
0 0.905000 0.231250 0.052500 0.052500
0 0.170625 0.471875 0.033750 0.033750
0 0.772500 0.078750 0.060000 0.060000
0 0.195625 0.532500 0.028750 0.035000
0 0.546875 0.905000 0.076250 0.095000
0 0.899375 0.132500 0.028750 0.032500
0 0.612500 0.323750 0.112500 0.100000
0 0.780000 0.426875 0.052500 0.048750
0 0.369375 0.703125 0.053750 0.053750
0 0.673750 0.527500 0.047500 0.057500
0 0.938750 0.065625 0.040000 0.048750
0 0.536250 0.069375 0.065000 0.078750
0 0.851250 0.055625 0.067500 0.066250
0 0.722500 0.700625 0.082500 0.076250
0 0.366875 0.630625 0.076250 0.076250
0 0.531875 0.286875 0.028750 0.028750
0 0.232500 0.591875 0.050000 0.051250
0 0.266875 0.050625 0.033750 0.041250