0 0.287500 0.358750 0.110000 0.110000
0 0.441250 0.865625 0.100000 0.121250
0 0.608750 0.701250 0.105000 0.127500
0 0.922500 0.416250 0.052500 0.052500
0 0.410000 0.670000 0.085000 0.085000
0 0.391875 0.099375 0.093750 0.088750
0 0.513125 0.353750 0.058750 0.055000
0 0.806875 0.873750 0.101250 0.095000
0 0.220625 0.608750 0.061250 0.057500
0 0.905625 0.894375 0.058750 0.058750
0 0.176250 0.090000 0.097500 0.097500
0 0.468750 0.525625 0.085000 0.096250
0 0.113750 0.381250 0.095000 0.095000
0 0.923750 0.337500 0.037500 0.037500
0 0.061250 0.901250 0.062500 0.062500
0 0.246875 0.506875 0.093750 0.093750
0 0.713750 0.210000 0.107500 0.107500
0 0.345000 0.183750 0.047500 0.047500
0 0.478125 0.049375 0.053750 0.053750
0 0.601250 0.068750 0.042500 0.032500
0 0.795625 0.187500 0.028750 0.022500
0 0.361875 0.576875 0.068750 0.068750
0 0.934375 0.284375 0.041250 0.041250
0 0.053750 0.577500 0.080000 0.080000
0 0.875000 0.761250 0.072500 0.072500
0 0.581875 0.848125 0.096250 0.036250
0 0.792500 0.387500 0.035000 0.012500
0 0.547500 0.182500 0.092500 0.092500
0 0.927500 0.522500 0.085000 0.075000
0 0.236250 0.827500 0.090000 0.080000
0 0.153125 0.738750 0.076250 0.067500
0 0.563125 0.925000 0.053750 0.047500
0 0.903125 0.111875 0.088750 0.088750
0 0.671250 0.326250 0.085000 0.085000
0 0.758125 0.700625 0.088750 0.088750
0 0.907500 0.635000 0.100000 0.100000
0 0.216875 0.229375 0.081250 0.048750
0 0.717500 0.551250 0.062500 0.060000
0 0.710625 0.090000 0.093750 0.090000
0 0.381875 0.418125 0.053750 0.051250
0 0.236875 0.679375 0.068750 0.068750
0 0.609375 0.553750 0.108750 0.107500
0 0.728125 0.456250 0.108750 0.107500
0 0.108125 0.252500 0.073750 0.072500
0 0.940000 0.192500 0.050000 0.050000
0 0.835625 0.281250 0.031250 0.017500
0 0.559375 0.280625 0.096250 0.056250
0 0.071250 0.063750 0.092500 0.092500
0 0.191250 0.924375 0.095000 0.096250
0 0.060000 0.838750 0.030000 0.030000
0 0.331250 0.873750 0.060000 0.060000
0 0.969375 0.868125 0.036250 0.036250
0 0.692500 0.931875 0.055000 0.048750
0 0.811250 0.596875 0.072500 0.063750
0 0.631250 0.896875 0.045000 0.043750
0 0.102500 0.171250 0.037500 0.035000
0 0.057500 0.716875 0.032500 0.031250
0 0.424375 0.242500 0.093750 0.090000
0 0.810000 0.334375 0.055000 0.038750
0 0.276875 0.055625 0.056250 0.056250
0 0.506250 0.757500 0.075000 0.075000
0 0.329375 0.775625 0.031250 0.031250
0 0.540000 0.086875 0.045000 0.046250
0 0.146875 0.610625 0.071250 0.071250
0 0.739375 0.333125 0.026250 0.031250
0 0.718125 0.811875 0.056250 0.056250
0 0.579375 0.452500 0.091250 0.080000
0 0.774375 0.955625 0.028750 0.028750
0 0.173750 0.173750 0.047500 0.047500
0 0.415625 0.361875 0.043750 0.043750
0 0.150625 0.463125 0.031250 0.031250