0 0.893125 0.215625 0.028750 0.028750
0 0.253750 0.256875 0.085000 0.078750
0 0.368750 0.594375 0.035000 0.031250
0 0.129375 0.855000 0.071250 0.065000
0 0.198750 0.402500 0.087500 0.080000
0 0.465625 0.848125 0.101250 0.091250
0 0.434375 0.509375 0.058750 0.058750
0 0.408125 0.383125 0.083750 0.083750
0 0.143125 0.084375 0.031250 0.031250
0 0.253750 0.796250 0.087500 0.095000
0 0.696250 0.919375 0.055000 0.058750
0 0.676250 0.430000 0.040000 0.042500
0 0.399375 0.714375 0.086250 0.086250
0 0.585000 0.591250 0.100000 0.100000
0 0.525000 0.288750 0.070000 0.070000
0 0.739375 0.056875 0.076250 0.076250
0 0.037500 0.872500 0.050000 0.040000
0 0.049375 0.577500 0.071250 0.057500
0 0.925625 0.445625 0.063750 0.051250
0 0.367500 0.234375 0.110000 0.088750
0 0.571250 0.769375 0.035000 0.033750
0 0.885000 0.083750 0.110000 0.110000
0 0.468125 0.096875 0.033750 0.033750
0 0.216875 0.620625 0.111250 0.111250
0 0.691250 0.345000 0.057500 0.057500
0 0.441875 0.596875 0.043750 0.043750
0 0.883125 0.810625 0.093750 0.093750
0 0.276875 0.483125 0.038750 0.038750
0 0.856875 0.331875 0.088750 0.088750
0 0.582500 0.870000 0.105000 0.105000
0 0.241250 0.103750 0.087500 0.087500
0 0.845000 0.498750 0.055000 0.055000
0 0.715000 0.212500 0.032500 0.032500
0 0.097500 0.348125 0.045000 0.053750
0 0.806250 0.632500 0.105000 0.127500
0 0.893125 0.694375 0.051250 0.061250
0 0.378750 0.095000 0.105000 0.127500
0 0.775625 0.300625 0.048750 0.058750
0 0.538750 0.693750 0.027500 0.032500
0 0.705625 0.798125 0.101250 0.101250
0 0.325625 0.901875 0.081250 0.081250
0 0.512500 0.491250 0.075000 0.075000
0 0.353125 0.514375 0.083750 0.083750
0 0.945000 0.347500 0.050000 0.047500
0 0.610000 0.220000 0.052500 0.045000
0 0.572500 0.133750 0.102500 0.087500
0 0.103125 0.491875 0.086250 0.073750
0 0.093750 0.199375 0.100000 0.086250
0 0.701250 0.669375 0.085000 0.106250
0 0.091875 0.668750 0.108750 0.110000
0 0.683125 0.564375 0.078750 0.078750
0 0.931875 0.926875 0.093750 0.093750
0 0.633125 0.356250 0.041250 0.042500
0 0.038750 0.288125 0.045000 0.046250
0 0.646250 0.488125 0.027500 0.028750
0 0.314375 0.719375 0.033750 0.033750
0 0.773750 0.910000 0.082500 0.082500
0 0.529375 0.955000 0.036250 0.035000
0 0.932500 0.599375 0.100000 0.093750
0 0.148125 0.771875 0.061250 0.061250
0 0.301250 0.367500 0.075000 0.075000
0 0.380000 0.823750 0.052500 0.052500
0 0.197500 0.537500 0.027500 0.027500
0 0.495000 0.393750 0.062500 0.060000
0 0.943750 0.511875 0.047500 0.053750
0 0.948125 0.281875 0.066250 0.066250
0 0.885625 0.172500 0.031250 0.035000
0 0.675625 0.153750 0.031250 0.030000
0 0.835625 0.235625 0.036250 0.036250
0 0.569375 0.353750 0.033750 0.037500
0 0.255000 0.188750 0.032500 0.032500
0 0.081250 0.125000 0.032500 0.032500
0 0.511250 0.757500 0.062500 0.062500
0 0.633125 0.303125 0.041250 0.041250
0 0.414375 0.934375 0.076250 0.061250
0 0.158750 0.315000 0.025000 0.020000
0 0.600625 0.422500 0.073750 0.072500
0 0.746875 0.417500 0.053750 0.052500
0 0.115625 0.273125 0.076250 0.046250
0 0.380625 0.305625 0.038750 0.023750
0 0.765625 0.480625 0.071250 0.043750