0 0.916250 0.328125 0.055000 0.048750
0 0.441875 0.078125 0.073750 0.066250
0 0.328750 0.340625 0.092500 0.083750
0 0.608125 0.203750 0.063750 0.057500
0 0.108125 0.475625 0.073750 0.073750
0 0.163750 0.272500 0.075000 0.075000
0 0.228750 0.106250 0.110000 0.110000
0 0.831250 0.422500 0.055000 0.055000
0 0.760625 0.631875 0.076250 0.091250
0 0.557500 0.566250 0.065000 0.075000
0 0.297500 0.595000 0.037500 0.042500
0 0.755000 0.148750 0.092500 0.092500
0 0.155000 0.870000 0.070000 0.092500
0 0.551875 0.368750 0.103750 0.137500
0 0.225625 0.410625 0.041250 0.053750
0 0.745625 0.748750 0.066250 0.065000
0 0.943750 0.106250 0.082500 0.072500
0 0.453750 0.855000 0.042500 0.042500
0 0.496250 0.171250 0.090000 0.090000
0 0.586875 0.880625 0.026250 0.026250
0 0.546875 0.791875 0.108750 0.108750
0 0.401875 0.834375 0.031250 0.031250
0 0.656875 0.908125 0.091250 0.091250
0 0.446875 0.261875 0.031250 0.031250
0 0.926875 0.709375 0.091250 0.091250
0 0.580625 0.671875 0.041250 0.041250
0 0.155625 0.765625 0.088750 0.088750
0 0.204375 0.543125 0.103750 0.103750
0 0.840000 0.495000 0.080000 0.052500
0 0.372500 0.614375 0.097500 0.063750
0 0.352500 0.762500 0.110000 0.072500
0 0.785625 0.287500 0.111250 0.072500
0 0.217500 0.679375 0.092500 0.053750
0 0.469375 0.608750 0.056250 0.032500
0 0.348125 0.258125 0.063750 0.063750
0 0.718125 0.488750 0.101250 0.115000
0 0.580000 0.122500 0.057500 0.047500
0 0.061250 0.176250 0.025000 0.025000
0 0.286250 0.905000 0.097500 0.097500
0 0.353750 0.077500 0.032500 0.032500
0 0.240000 0.815625 0.055000 0.056250
0 0.859375 0.868125 0.096250 0.096250
0 0.959375 0.606875 0.056250 0.056250
0 0.313125 0.193125 0.038750 0.038750
0 0.389375 0.480000 0.068750 0.067500
0 0.730000 0.383750 0.077500 0.077500
0 0.116250 0.653125 0.047500 0.033750
0 0.250000 0.186250 0.032500 0.032500
0 0.887500 0.628750 0.045000 0.045000
0 0.767500 0.833750 0.037500 0.037500
0 0.231875 0.324375 0.038750 0.041250
0 0.664375 0.594375 0.058750 0.053750
0 0.256250 0.243125 0.055000 0.051250
0 0.410000 0.150625 0.052500 0.048750
0 0.908125 0.193750 0.093750 0.087500
0 0.818125 0.791250 0.041250 0.040000
0 0.436250 0.935000 0.077500 0.075000
0 0.375625 0.200000 0.028750 0.027500
0 0.918125 0.501875 0.041250 0.041250
0 0.764375 0.923125 0.078750 0.078750
0 0.090000 0.102500 0.045000 0.045000
0 0.070000 0.398750 0.050000 0.050000
0 0.056875 0.039375 0.066250 0.051250
0 0.678750 0.657500 0.037500 0.037500
0 0.085625 0.585625 0.078750 0.078750
0 0.555000 0.630000 0.027500 0.022500
0 0.697500 0.304375 0.042500 0.036250
0 0.687500 0.239375 0.040000 0.033750
0 0.065000 0.838750 0.045000 0.037500
0 0.961250 0.556250 0.030000 0.020000
0 0.441875 0.396875 0.081250 0.081250
0 0.152500 0.363750 0.035000 0.035000
0 0.768750 0.042500 0.025000 0.025000
0 0.516250 0.706250 0.045000 0.045000
0 0.060625 0.230625 0.056250 0.061250
0 0.409375 0.690000 0.051250 0.050000
0 0.658750 0.781250 0.092500 0.090000
0 0.594375 0.063125 0.043750 0.043750
0 0.521875 0.261875 0.058750 0.058750
0 0.059375 0.754375 0.073750 0.073750
0 0.349375 0.143125 0.043750 0.043750
0 0.940000 0.426250 0.082500 0.082500
0 0.961875 0.885625 0.028750 0.028750