0 0.288125 0.270625 0.026250 0.028750
0 0.566875 0.086250 0.086250 0.097500
0 0.221250 0.616875 0.025000 0.021250
0 0.421875 0.579375 0.071250 0.086250
0 0.800000 0.321250 0.050000 0.060000
0 0.811250 0.161250 0.035000 0.042500
0 0.093750 0.703750 0.085000 0.085000
0 0.911250 0.271250 0.110000 0.110000
0 0.907500 0.746250 0.072500 0.072500
0 0.232500 0.268750 0.067500 0.077500
0 0.468750 0.742500 0.107500 0.107500
0 0.155000 0.427500 0.030000 0.030000
0 0.780000 0.911250 0.067500 0.067500
0 0.775000 0.681250 0.105000 0.105000
0 0.642500 0.762500 0.080000 0.102500
0 0.503750 0.220000 0.042500 0.042500
0 0.188750 0.833750 0.027500 0.027500
0 0.527500 0.491250 0.027500 0.027500
0 0.407500 0.111250 0.092500 0.092500
0 0.090000 0.120000 0.070000 0.070000
0 0.673750 0.087500 0.067500 0.067500
0 0.182500 0.336250 0.042500 0.042500
0 0.876250 0.668125 0.040000 0.036250
0 0.711250 0.332500 0.065000 0.060000
0 0.286250 0.464375 0.080000 0.073750
0 0.560625 0.269375 0.033750 0.021250
0 0.388750 0.929375 0.050000 0.031250
0 0.869375 0.491250 0.038750 0.047500
0 0.228125 0.700000 0.036250 0.045000
0 0.396250 0.301875 0.097500 0.121250
0 0.469375 0.898125 0.091250 0.091250
0 0.310000 0.742500 0.075000 0.075000
0 0.800625 0.400625 0.041250 0.041250
0 0.137500 0.582500 0.030000 0.030000
0 0.061875 0.383125 0.066250 0.066250
0 0.662500 0.533750 0.085000 0.085000
0 0.684375 0.206875 0.056250 0.056250
0 0.271875 0.890625 0.101250 0.101250
0 0.044375 0.201875 0.058750 0.056250
0 0.114375 0.249375 0.048750 0.048750
0 0.076875 0.576875 0.031250 0.031250
0 0.273125 0.116875 0.106250 0.103750
0 0.641875 0.636875 0.098750 0.088750
0 0.389375 0.815625 0.026250 0.026250
0 0.344375 0.564375 0.033750 0.033750
0 0.122500 0.913750 0.112500 0.112500
0 0.871250 0.885000 0.090000 0.090000
0 0.821875 0.071875 0.103750 0.103750
0 0.501250 0.623750 0.052500 0.050000
0 0.545625 0.304375 0.033750 0.033750
0 0.642500 0.435000 0.070000 0.070000
0 0.585000 0.910000 0.112500 0.100000