0 0.260625 0.506250 0.026250 0.040000
0 0.173750 0.053750 0.032500 0.032500
0 0.613750 0.203750 0.090000 0.090000
0 0.703750 0.667500 0.082500 0.082500
0 0.202500 0.348125 0.030000 0.043750
0 0.529375 0.830625 0.103750 0.151250
0 0.081875 0.326250 0.073750 0.107500
0 0.861875 0.198750 0.043750 0.045000
0 0.217500 0.138750 0.025000 0.025000
0 0.311250 0.035625 0.045000 0.046250
0 0.428125 0.186875 0.046250 0.046250
0 0.188125 0.583750 0.098750 0.120000
0 0.586250 0.701250 0.042500 0.042500
0 0.398125 0.300625 0.036250 0.036250
0 0.345000 0.177500 0.042500 0.042500
0 0.703125 0.073125 0.106250 0.106250
0 0.503125 0.341875 0.081250 0.111250
0 0.295000 0.331250 0.075000 0.102500
0 0.653750 0.927500 0.045000 0.045000
0 0.222500 0.936250 0.060000 0.060000
0 0.085000 0.206250 0.102500 0.102500
0 0.458125 0.059375 0.083750 0.083750
0 0.816875 0.684375 0.053750 0.056250
0 0.401875 0.811875 0.076250 0.078750
0 0.246875 0.808750 0.098750 0.102500
0 0.888750 0.491875 0.030000 0.031250
0 0.895625 0.073125 0.048750 0.048750
0 0.620625 0.816875 0.043750 0.043750
0 0.693125 0.418125 0.108750 0.108750
0 0.970000 0.520000 0.025000 0.025000
0 0.543750 0.502500 0.097500 0.097500
0 0.671250 0.560625 0.090000 0.086250
0 0.903125 0.390625 0.043750 0.041250
0 0.263125 0.221250 0.081250 0.077500
0 0.283750 0.672500 0.050000 0.047500
0 0.728750 0.221250 0.107500 0.107500
0 0.794375 0.564375 0.066250 0.066250
0 0.113750 0.713750 0.112500 0.112500
0 0.070625 0.518125 0.108750 0.153750
0 0.949375 0.066875 0.041250 0.038750
0 0.814375 0.853125 0.056250 0.056250
0 0.363750 0.500625 0.077500 0.131250
0 0.448750 0.645000 0.102500 0.102500
0 0.176250 0.443750 0.072500 0.072500
0 0.824375 0.138125 0.048750 0.046250
0 0.889375 0.655625 0.073750 0.073750
0 0.914375 0.824375 0.078750 0.078750
0 0.435000 0.123750 0.027500 0.027500
0 0.792500 0.777500 0.037500 0.037500
0 0.092500 0.895000 0.090000 0.090000
0 0.179375 0.278125 0.063750 0.063750
0 0.111250 0.081250 0.060000 0.082500