0 0.850000 0.596250 0.030000 0.030000
0 0.218125 0.068125 0.071250 0.071250
0 0.253750 0.591875 0.040000 0.038750
0 0.069375 0.616875 0.073750 0.078750
0 0.213125 0.490625 0.031250 0.033750
0 0.695000 0.694375 0.107500 0.116250
0 0.796875 0.829375 0.103750 0.103750
0 0.803750 0.490000 0.060000 0.060000
0 0.395625 0.610625 0.058750 0.058750
0 0.865000 0.171250 0.052500 0.052500
0 0.181875 0.368125 0.078750 0.078750
0 0.049375 0.320625 0.053750 0.056250
0 0.337500 0.515000 0.067500 0.070000
0 0.923750 0.375625 0.037500 0.036250
0 0.225000 0.921875 0.050000 0.048750
0 0.621875 0.126875 0.098750 0.088750
0 0.552500 0.545625 0.100000 0.103750
0 0.636875 0.836875 0.088750 0.088750
0 0.130000 0.233750 0.052500 0.052500
0 0.536250 0.833750 0.070000 0.070000
0 0.411250 0.195625 0.087500 0.053750
0 0.307500 0.368750 0.085000 0.052500
0 0.364375 0.755000 0.101250 0.062500
0 0.880000 0.697500 0.050000 0.030000
0 0.344375 0.075625 0.088750 0.088750
0 0.113750 0.818750 0.040000 0.040000
0 0.458125 0.073125 0.103750 0.103750
0 0.220000 0.763750 0.045000 0.045000
0 0.733750 0.301250 0.067500 0.067500
0 0.441875 0.258125 0.038750 0.038750
0 0.213750 0.170000 0.100000 0.100000
0 0.831875 0.079375 0.111250 0.111250
0 0.498750 0.332500 0.087500 0.057500
0 0.924375 0.475000 0.076250 0.050000
0 0.720625 0.217500 0.056250 0.037500
0 0.575000 0.950000 0.045000 0.030000
0 0.579375 0.235625 0.048750 0.048750
0 0.318125 0.193125 0.066250 0.066250
0 0.793125 0.571875 0.068750 0.068750
0 0.825625 0.936875 0.076250 0.076250
0 0.606250 0.422500 0.062500 0.062500
0 0.911250 0.758750 0.055000 0.052500
0 0.098750 0.515000 0.105000 0.102500
0 0.567500 0.637500 0.045000 0.045000
0 0.345000 0.851250 0.105000 0.102500
0 0.860000 0.303750 0.090000 0.090000
0 0.137500 0.731875 0.105000 0.093750
0 0.253125 0.476250 0.026250 0.022500
0 0.646250 0.929375 0.080000 0.071250
0 0.658750 0.231875 0.030000 0.026250
0 0.368750 0.943125 0.052500 0.051250
0 0.932500 0.892500 0.027500 0.027500
0 0.936875 0.561875 0.093750 0.078750
0 0.682500 0.517500 0.045000 0.037500
0 0.513750 0.253750 0.047500 0.040000
0 0.598125 0.333125 0.081250 0.081250
0 0.493750 0.425000 0.070000 0.070000
0 0.116250 0.155000 0.050000 0.050000
0 0.208125 0.839375 0.071250 0.071250
0 0.364375 0.306875 0.041250 0.041250
0 0.080625 0.899375 0.071250 0.071250
0 0.409375 0.676875 0.033750 0.033750
0 0.086250 0.073750 0.077500 0.077500
0 0.039375 0.248125 0.041250 0.041250
0 0.493125 0.716875 0.098750 0.098750
0 0.455000 0.521875 0.060000 0.043750
0 0.379375 0.261250 0.031250 0.030000
0 0.933125 0.216250 0.056250 0.055000
0 0.790000 0.392500 0.047500 0.047500
0 0.642500 0.045625 0.075000 0.046250
0 0.959375 0.848125 0.036250 0.036250
0 0.071250 0.430625 0.025000 0.018750
0 0.151875 0.637500 0.068750 0.080000
0 0.250000 0.679375 0.100000 0.093750
0 0.270625 0.295000 0.041250 0.042500
0 0.197500 0.284375 0.055000 0.051250
0 0.700625 0.385000 0.063750 0.060000
0 0.660000 0.577500 0.067500 0.062500
0 0.478750 0.928750 0.085000 0.080000
0 0.728750 0.095000 0.070000 0.070000