0 0.135000 0.217500 0.067500 0.067500
0 0.253750 0.231250 0.045000 0.045000
0 0.151250 0.445000 0.062500 0.062500
0 0.716250 0.081250 0.065000 0.060000
0 0.251250 0.285625 0.030000 0.023750
0 0.351875 0.478750 0.043750 0.035000
0 0.871875 0.102500 0.106250 0.085000
0 0.117500 0.723125 0.032500 0.026250
0 0.780625 0.431875 0.061250 0.061250
0 0.730625 0.305625 0.091250 0.091250
0 0.217500 0.946250 0.060000 0.052500
0 0.187500 0.073125 0.075000 0.066250
0 0.617500 0.713750 0.062500 0.060000
0 0.801250 0.676250 0.092500 0.090000
0 0.443750 0.721250 0.027500 0.027500
0 0.436875 0.286875 0.048750 0.048750
0 0.700625 0.196875 0.046250 0.046250
0 0.173750 0.767500 0.040000 0.040000
0 0.265000 0.432500 0.097500 0.095000
0 0.623750 0.413750 0.047500 0.045000
0 0.643125 0.115000 0.053750 0.065000
0 0.270000 0.585000 0.087500 0.105000
0 0.367500 0.903750 0.100000 0.120000
0 0.552500 0.095000 0.095000 0.095000
0 0.958125 0.803750 0.043750 0.042500
0 0.080625 0.828750 0.071250 0.070000
0 0.896875 0.295000 0.073750 0.072500
0 0.594375 0.303750 0.101250 0.100000
0 0.677500 0.912500 0.087500 0.112500
0 0.884375 0.757500 0.058750 0.075000
0 0.896875 0.479375 0.078750 0.101250
0 0.453750 0.587500 0.077500 0.077500
0 0.373750 0.261875 0.055000 0.053750
0 0.846875 0.918750 0.101250 0.100000
0 0.713125 0.546250 0.103750 0.102500
0 0.268125 0.842500 0.056250 0.055000
0 0.791250 0.376250 0.027500 0.032500
0 0.693750 0.796250 0.080000 0.080000
0 0.386250 0.387500 0.112500 0.112500
0 0.307500 0.140625 0.047500 0.046250
0 0.505000 0.875000 0.087500 0.087500
0 0.695000 0.684375 0.072500 0.093750
0 0.151875 0.602500 0.108750 0.140000
0 0.361875 0.746875 0.106250 0.103750
0 0.060000 0.355000 0.092500 0.090000
0 0.520000 0.472500 0.082500 0.082500
0 0.422500 0.062500 0.050000 0.050000
0 0.562500 0.220000 0.030000 0.030000
0 0.841250 0.200000 0.055000 0.050000
0 0.055625 0.088750 0.076250 0.070000
0 0.923125 0.196875 0.088750 0.081250
0 0.920000 0.606250 0.092500 0.092500
0 0.080625 0.920625 0.096250 0.096250
0 0.593750 0.590000 0.105000 0.105000
0 0.511875 0.746875 0.026250 0.026250
0 0.056875 0.189375 0.071250 0.066250
0 0.286250 0.058750 0.097500 0.090000
0 0.815000 0.523750 0.067500 0.062500
0 0.757500 0.918125 0.035000 0.031250
0 0.420625 0.124375 0.053750 0.048750
0 0.153125 0.337500 0.068750 0.060000
0 0.370000 0.566875 0.075000 0.066250
0 0.374375 0.648125 0.036250 0.031250
0 0.958750 0.306250 0.025000 0.025000
0 0.271875 0.755625 0.048750 0.048750
0 0.968125 0.474375 0.026250 0.026250
0 0.968125 0.038750 0.028750 0.022500
0 0.491875 0.381875 0.051250 0.051250
0 0.061875 0.651875 0.031250 0.031250
0 0.242500 0.181250 0.040000 0.040000
0 0.467500 0.205000 0.055000 0.055000
0 0.615000 0.812500 0.047500 0.047500
0 0.251250 0.693125 0.055000 0.056250
0 0.921250 0.379375 0.060000 0.061250
0 0.953750 0.904375 0.062500 0.063750
0 0.680000 0.417500 0.040000 0.040000
0 0.815000 0.314375 0.057500 0.058750
0 0.394375 0.188125 0.041250 0.041250
0 0.600625 0.908750 0.031250 0.032500
0 0.754375 0.140625 0.036250 0.038750
0 0.062500 0.452500 0.037500 0.040000
0 0.779375 0.194375 0.051250 0.046250
0 0.195625 0.230625 0.038750 0.038750
0 0.798750 0.818750 0.052500 0.052500