0 0.628125 0.141875 0.043750 0.043750
0 0.591875 0.625000 0.043750 0.045000
0 0.657500 0.271250 0.110000 0.110000
0 0.333125 0.576875 0.103750 0.103750
0 0.549375 0.490625 0.041250 0.041250
0 0.165000 0.096250 0.082500 0.082500
0 0.545000 0.383125 0.037500 0.033750
0 0.833750 0.500000 0.035000 0.032500
0 0.096875 0.245625 0.108750 0.101250
0 0.401250 0.832500 0.110000 0.102500
0 0.709375 0.675625 0.061250 0.068750
0 0.693750 0.803750 0.057500 0.065000
0 0.450000 0.725625 0.070000 0.078750
0 0.314375 0.295000 0.101250 0.130000
0 0.206875 0.655000 0.083750 0.095000
0 0.816250 0.897500 0.112500 0.127500
0 0.052500 0.786250 0.055000 0.062500
0 0.893125 0.166875 0.061250 0.068750
0 0.506875 0.174375 0.078750 0.078750
0 0.216875 0.192500 0.063750 0.060000
0 0.080000 0.581250 0.082500 0.077500
0 0.624375 0.525625 0.028750 0.028750
0 0.215625 0.536875 0.053750 0.053750
0 0.191250 0.385000 0.042500 0.042500
0 0.543750 0.046250 0.030000 0.030000
0 0.743125 0.166875 0.083750 0.083750
0 0.538125 0.276875 0.026250 0.026250
0 0.627500 0.932500 0.045000 0.045000
0 0.268125 0.414375 0.058750 0.071250
0 0.157500 0.800625 0.100000 0.121250
0 0.066250 0.072500 0.085000 0.102500
0 0.486875 0.454375 0.063750 0.061250
0 0.191875 0.915625 0.073750 0.071250
0 0.635000 0.745625 0.032500 0.031250
0 0.578125 0.575000 0.041250 0.032500
0 0.886250 0.739375 0.102500 0.103750
0 0.808750 0.410625 0.090000 0.091250
0 0.670625 0.396250 0.098750 0.100000
0 0.508750 0.345000 0.025000 0.025000
0 0.122500 0.425000 0.047500 0.047500
0 0.353750 0.699375 0.097500 0.098750
0 0.211250 0.308750 0.042500 0.042500
0 0.525625 0.858125 0.068750 0.068750
0 0.719375 0.594375 0.056250 0.056250
0 0.436250 0.370000 0.055000 0.055000
0 0.342500 0.400000 0.065000 0.065000
0 0.923125 0.519375 0.093750 0.093750
0 0.957500 0.262500 0.030000 0.030000
0 0.781250 0.602500 0.032500 0.032500
0 0.465000 0.272500 0.037500 0.037500
0 0.406250 0.311875 0.045000 0.038750
0 0.866875 0.627500 0.111250 0.097500
0 0.838750 0.287500 0.102500 0.090000
0 0.078125 0.655000 0.026250 0.035000
0 0.926875 0.392500 0.071250 0.097500
0 0.284375 0.836250 0.078750 0.107500
0 0.353125 0.141875 0.106250 0.106250
0 0.058750 0.326250 0.045000 0.045000
0 0.472500 0.626250 0.082500 0.082500
0 0.740625 0.076875 0.038750 0.038750
0 0.614375 0.079375 0.048750 0.048750