0 0.529375 0.916250 0.111250 0.107500
0 0.604375 0.232500 0.111250 0.097500
0 0.606250 0.491250 0.110000 0.097500
0 0.246875 0.617500 0.066250 0.057500
0 0.177500 0.216875 0.095000 0.083750
0 0.840000 0.792500 0.062500 0.077500
0 0.851875 0.316250 0.026250 0.032500
0 0.318125 0.279375 0.098750 0.123750
0 0.838750 0.958750 0.025000 0.025000
0 0.135000 0.679375 0.105000 0.166250
0 0.363125 0.851875 0.108750 0.108750
0 0.735625 0.826250 0.106250 0.082500
0 0.714375 0.339375 0.091250 0.091250
0 0.260000 0.536250 0.082500 0.085000
0 0.268750 0.711250 0.085000 0.087500
0 0.925625 0.245625 0.031250 0.031250
0 0.623750 0.651250 0.077500 0.077500
0 0.860625 0.590625 0.063750 0.051250
0 0.518750 0.728750 0.090000 0.090000
0 0.902500 0.426250 0.080000 0.080000
0 0.890000 0.201875 0.027500 0.031250
0 0.266875 0.906875 0.063750 0.063750
0 0.220000 0.841250 0.050000 0.050000
0 0.467500 0.195000 0.090000 0.090000
0 0.643750 0.093750 0.032500 0.032500
0 0.164375 0.404375 0.058750 0.076250
0 0.788750 0.150625 0.055000 0.071250
0 0.191250 0.124375 0.055000 0.071250
0 0.628125 0.813125 0.041250 0.041250
0 0.785000 0.667500 0.042500 0.037500
0 0.663750 0.935000 0.067500 0.067500
0 0.128125 0.842500 0.071250 0.070000
0 0.332500 0.136875 0.080000 0.076250
0 0.388750 0.457500 0.095000 0.095000
0 0.456875 0.590625 0.103750 0.126250
0 0.431875 0.079375 0.071250 0.068750
0 0.581875 0.141250 0.046250 0.045000
0 0.915625 0.118125 0.066250 0.063750
0 0.860000 0.051250 0.040000 0.037500
0 0.616250 0.398750 0.065000 0.062500
0 0.038125 0.113125 0.046250 0.043750
0 0.350625 0.381250 0.031250 0.030000
0 0.351250 0.061250 0.060000 0.060000
0 0.803750 0.441250 0.087500 0.087500
0 0.964375 0.654375 0.031250 0.031250
0 0.438750 0.342500 0.112500 0.112500
0 0.846250 0.702500 0.060000 0.060000
0 0.061875 0.276875 0.083750 0.083750
0 0.712500 0.628750 0.082500 0.112500
0 0.793750 0.942500 0.050000 0.050000
0 0.946250 0.747500 0.062500 0.062500
0 0.800000 0.232500 0.055000 0.055000
0 0.219375 0.313125 0.068750 0.066250
0 0.733125 0.733750 0.103750 0.075000
0 0.908750 0.895000 0.087500 0.087500
0 0.710000 0.517500 0.040000 0.040000
0 0.506250 0.453750 0.072500 0.072500
0 0.090000 0.508750 0.082500 0.082500
0 0.108750 0.931250 0.082500 0.082500
0 0.939375 0.564375 0.063750 0.063750
0 0.516250 0.053750 0.080000 0.080000
0 0.734375 0.059375 0.091250 0.091250
0 0.228125 0.421875 0.031250 0.031250
0 0.090625 0.067500 0.041250 0.050000
0 0.543125 0.365000 0.058750 0.067500
0 0.702500 0.431250 0.067500 0.065000
0 0.699375 0.220625 0.063750 0.061250
0 0.410000 0.743125 0.045000 0.043750
0 0.921250 0.350000 0.047500 0.047500
0 0.930625 0.041875 0.066250 0.058750
0 0.193125 0.930625 0.046250 0.046250
0 0.136250 0.158750 0.027500 0.015000