0 0.453125 0.195000 0.071250 0.095000
0 0.647500 0.162500 0.050000 0.050000
0 0.125000 0.439375 0.102500 0.116250
0 0.513750 0.036250 0.037500 0.042500
0 0.405625 0.563125 0.081250 0.073750
0 0.409375 0.655625 0.091250 0.091250
0 0.341250 0.276250 0.110000 0.110000
0 0.467500 0.846250 0.110000 0.110000
0 0.263125 0.078125 0.078750 0.078750
0 0.627500 0.551250 0.067500 0.067500
0 0.790625 0.509375 0.093750 0.068750
0 0.096875 0.211875 0.063750 0.063750
0 0.185625 0.594375 0.073750 0.073750
0 0.678750 0.848125 0.082500 0.073750
0 0.613125 0.775625 0.036250 0.036250
0 0.213750 0.757500 0.110000 0.110000
0 0.601250 0.078750 0.072500 0.072500
0 0.518750 0.538750 0.105000 0.105000
0 0.900000 0.687500 0.107500 0.107500
0 0.902500 0.816250 0.072500 0.072500
0 0.822500 0.802500 0.047500 0.047500
0 0.734375 0.721875 0.106250 0.128750
0 0.738125 0.191875 0.103750 0.126250
0 0.320000 0.859375 0.062500 0.076250
0 0.398125 0.380000 0.088750 0.055000
0 0.273750 0.941250 0.057500 0.057500
0 0.080625 0.738125 0.051250 0.051250
0 0.374375 0.763125 0.048750 0.048750
0 0.828750 0.312500 0.055000 0.055000
0 0.825625 0.913750 0.103750 0.100000
0 0.198125 0.265625 0.078750 0.076250
0 0.367500 0.940625 0.042500 0.046250
0 0.504375 0.376250 0.038750 0.035000
0 0.973750 0.443750 0.027500 0.025000
0 0.576250 0.391250 0.057500 0.052500
0 0.739375 0.328750 0.043750 0.040000
0 0.950625 0.353750 0.036250 0.020000
0 0.946250 0.086250 0.060000 0.035000
0 0.686875 0.441875 0.051250 0.028750
0 0.393125 0.493125 0.088750 0.051250
0 0.903750 0.939375 0.030000 0.036250
0 0.041875 0.945625 0.038750 0.046250
0 0.781250 0.060000 0.062500 0.075000
0 0.902500 0.503750 0.072500 0.087500
0 0.652500 0.237500 0.047500 0.047500
0 0.251250 0.383750 0.055000 0.055000
0 0.098125 0.316875 0.078750 0.076250
0 0.158750 0.051250 0.070000 0.067500
0 0.274375 0.662500 0.048750 0.047500
0 0.623125 0.663125 0.081250 0.081250
0 0.971250 0.037500 0.025000 0.025000
0 0.927500 0.243750 0.095000 0.095000
0 0.074375 0.845625 0.088750 0.088750
0 0.288125 0.490625 0.083750 0.103750
0 0.561875 0.218125 0.083750 0.103750
0 0.058750 0.573125 0.077500 0.096250
0 0.256250 0.871250 0.025000 0.025000
0 0.653750 0.492500 0.035000 0.035000
0 0.870000 0.401250 0.045000 0.045000
0 0.441250 0.090625 0.092500 0.086250
0 0.701250 0.045625 0.060000 0.056250
0 0.770625 0.405000 0.098750 0.092500
0 0.160625 0.944375 0.036250 0.036250
0 0.178750 0.860000 0.057500 0.052500
0 0.300000 0.176875 0.080000 0.073750
0 0.202500 0.160000 0.065000 0.065000
0 0.713750 0.590000 0.057500 0.060000
0 0.535625 0.450000 0.026250 0.027500