0 0.511250 0.870000 0.077500 0.077500
0 0.045000 0.592500 0.045000 0.045000
0 0.829375 0.868750 0.101250 0.100000
0 0.234375 0.231875 0.036250 0.036250
0 0.371875 0.864375 0.066250 0.066250
0 0.372500 0.686250 0.105000 0.105000
0 0.611875 0.459375 0.038750 0.038750
0 0.638125 0.378125 0.046250 0.046250
0 0.396875 0.463125 0.078750 0.078750
0 0.861875 0.410625 0.066250 0.066250
0 0.314375 0.209375 0.071250 0.071250
0 0.101250 0.328125 0.102500 0.098750
0 0.257500 0.934375 0.065000 0.058750
0 0.348125 0.316875 0.081250 0.073750
0 0.578750 0.086250 0.055000 0.050000
0 0.302500 0.562500 0.110000 0.100000
0 0.397500 0.059375 0.060000 0.063750
0 0.753750 0.251875 0.075000 0.071250
0 0.129375 0.916875 0.073750 0.073750
0 0.865625 0.726250 0.041250 0.037500
0 0.115000 0.563750 0.027500 0.025000
0 0.256875 0.421875 0.106250 0.106250
0 0.083750 0.778750 0.035000 0.035000
0 0.665625 0.129375 0.086250 0.056250
0 0.583125 0.311875 0.101250 0.066250
0 0.696875 0.065000 0.076250 0.050000
0 0.558125 0.383125 0.036250 0.023750
0 0.495000 0.740625 0.072500 0.066250
0 0.553125 0.664375 0.068750 0.068750
0 0.216875 0.086875 0.028750 0.028750
0 0.284375 0.087500 0.068750 0.070000
0 0.703750 0.488750 0.055000 0.055000
0 0.957500 0.668750 0.032500 0.032500
0 0.491875 0.650625 0.036250 0.036250
0 0.731875 0.359375 0.091250 0.091250
0 0.675000 0.637500 0.050000 0.050000
0 0.943750 0.084375 0.062500 0.061250
0 0.673125 0.788125 0.076250 0.076250
0 0.107500 0.448750 0.042500 0.042500
0 0.471250 0.113750 0.037500 0.037500
0 0.866250 0.320000 0.072500 0.072500
0 0.203125 0.620625 0.073750 0.056250
0 0.872500 0.640625 0.110000 0.083750
0 0.806875 0.166250 0.066250 0.050000
0 0.477500 0.350000 0.095000 0.095000
0 0.079375 0.185000 0.093750 0.105000
0 0.663750 0.583125 0.035000 0.038750
0 0.470000 0.253125 0.035000 0.038750
0 0.650000 0.866250 0.060000 0.062500
0 0.206875 0.811250 0.096250 0.100000
0 0.104375 0.663125 0.068750 0.071250
0 0.823125 0.530625 0.046250 0.046250
0 0.408750 0.785000 0.065000 0.065000
0 0.545625 0.520625 0.056250 0.056250
0 0.753750 0.677500 0.092500 0.092500
0 0.446250 0.558750 0.090000 0.090000
0 0.836875 0.075625 0.106250 0.106250
0 0.650625 0.237500 0.058750 0.047500
0 0.081250 0.065000 0.075000 0.075000
0 0.566875 0.204375 0.033750 0.033750
0 0.583125 0.928125 0.026250 0.026250
0 0.945625 0.531875 0.048750 0.048750
0 0.195625 0.541250 0.073750 0.080000
0 0.588125 0.773125 0.053750 0.053750
0 0.044375 0.415625 0.048750 0.048750
0 0.253750 0.717500 0.057500 0.057500
0 0.920000 0.842500 0.057500 0.057500
0 0.910000 0.168750 0.042500 0.042500