0 0.671875 0.904375 0.081250 0.081250
0 0.570625 0.710625 0.046250 0.046250
0 0.866875 0.363125 0.053750 0.053750
0 0.573125 0.588125 0.033750 0.028750
0 0.075625 0.350000 0.053750 0.045000
0 0.390000 0.324375 0.092500 0.078750
0 0.582500 0.295000 0.110000 0.145000
0 0.333750 0.720000 0.100000 0.132500
0 0.798125 0.761250 0.058750 0.077500
0 0.770000 0.316875 0.097500 0.128750
0 0.216875 0.838125 0.026250 0.026250
0 0.713125 0.558125 0.106250 0.106250
0 0.847500 0.881250 0.110000 0.110000
0 0.296250 0.212500 0.067500 0.067500
0 0.414375 0.955625 0.028750 0.028750
0 0.536250 0.131250 0.090000 0.090000
0 0.572500 0.772500 0.052500 0.052500
0 0.431250 0.196250 0.050000 0.050000
0 0.486875 0.048125 0.051250 0.051250
0 0.375625 0.173125 0.031250 0.031250
0 0.230625 0.933125 0.061250 0.061250
0 0.079375 0.774375 0.081250 0.151250
0 0.441250 0.660000 0.097500 0.182500
0 0.876250 0.500625 0.102500 0.191250
0 0.108750 0.551250 0.100000 0.187500
0 0.756875 0.210625 0.036250 0.031250
0 0.271875 0.075000 0.091250 0.080000
0 0.951250 0.198125 0.057500 0.071250
0 0.538750 0.477500 0.090000 0.090000
0 0.387500 0.090000 0.070000 0.070000
0 0.401250 0.462500 0.060000 0.060000
0 0.548125 0.896250 0.088750 0.067500
0 0.321875 0.576875 0.091250 0.091250
0 0.158750 0.116250 0.105000 0.105000
0 0.286250 0.296250 0.065000 0.065000
0 0.873750 0.061250 0.047500 0.047500
0 0.907500 0.730000 0.090000 0.127500
0 0.175000 0.748750 0.032500 0.045000
0 0.175000 0.360000 0.105000 0.147500
0 0.301250 0.463125 0.100000 0.088750
0 0.233750 0.632500 0.067500 0.067500
0 0.669375 0.776875 0.086250 0.086250
0 0.659375 0.053125 0.056250 0.056250
0 0.688750 0.130625 0.060000 0.046250
0 0.134375 0.241250 0.071250 0.075000
0 0.729375 0.679375 0.058750 0.061250
0 0.438125 0.845000 0.038750 0.040000
0 0.861250 0.146250 0.100000 0.105000
0 0.333750 0.877500 0.105000 0.105000
0 0.870000 0.300625 0.025000 0.028750
0 0.623750 0.548125 0.052500 0.061250
0 0.049375 0.225625 0.061250 0.066250
0 0.448125 0.906875 0.031250 0.033750
0 0.719375 0.437500 0.081250 0.087500
0 0.659375 0.283125 0.028750 0.026250
0 0.740625 0.042500 0.063750 0.060000
0 0.477500 0.338125 0.057500 0.068750
0 0.067500 0.909375 0.077500 0.093750
0 0.232500 0.720625 0.065000 0.078750
0 0.686875 0.841875 0.026250 0.026250
0 0.176250 0.861250 0.030000 0.030000
0 0.788750 0.523750 0.030000 0.030000
0 0.949375 0.274375 0.066250 0.066250
0 0.625000 0.183750 0.032500 0.032500
0 0.034375 0.620625 0.028750 0.028750
0 0.490625 0.224375 0.051250 0.051250