0 0.321875 0.358750 0.043750 0.035000
0 0.392500 0.617500 0.100000 0.080000
0 0.141875 0.578750 0.043750 0.035000
0 0.789375 0.500000 0.093750 0.075000
0 0.375625 0.101875 0.066250 0.066250
0 0.266250 0.513750 0.042500 0.080000
0 0.912500 0.567500 0.092500 0.092500
0 0.178750 0.446250 0.050000 0.047500
0 0.502500 0.133750 0.035000 0.032500
0 0.826250 0.732500 0.045000 0.042500
0 0.151875 0.920625 0.091250 0.086250
0 0.890625 0.375625 0.061250 0.061250
0 0.866250 0.140000 0.080000 0.080000
0 0.685625 0.135625 0.028750 0.028750
0 0.960625 0.460000 0.048750 0.062500
0 0.270625 0.093125 0.103750 0.133750
0 0.276875 0.726250 0.101250 0.130000
0 0.498125 0.756875 0.108750 0.108750
0 0.826875 0.823125 0.071250 0.071250
0 0.234375 0.294375 0.038750 0.038750
0 0.629375 0.716875 0.088750 0.088750
0 0.676875 0.211250 0.038750 0.045000
0 0.341250 0.216875 0.065000 0.076250
0 0.153125 0.184375 0.041250 0.048750
0 0.908125 0.739375 0.066250 0.066250
0 0.408125 0.425000 0.106250 0.202500
0 0.045000 0.248750 0.045000 0.085000
0 0.756875 0.205000 0.078750 0.150000
0 0.685625 0.603125 0.061250 0.116250
0 0.543125 0.944375 0.031250 0.031250
0 0.670000 0.431250 0.035000 0.035000
0 0.493125 0.273125 0.088750 0.063750
0 0.825000 0.675000 0.042500 0.042500
0 0.527500 0.674375 0.037500 0.028750
0 0.414375 0.915000 0.103750 0.080000
0 0.741250 0.095000 0.030000 0.022500
0 0.231250 0.360625 0.100000 0.076250
0 0.100625 0.794375 0.073750 0.073750
0 0.613125 0.329375 0.081250 0.081250
0 0.597500 0.068750 0.032500 0.032500
0 0.503125 0.399375 0.026250 0.026250
0 0.831250 0.930625 0.027500 0.021250
0 0.895625 0.443750 0.066250 0.052500
0 0.708750 0.865000 0.067500 0.067500
0 0.521875 0.526875 0.083750 0.083750
0 0.796875 0.585625 0.056250 0.056250
0 0.365000 0.695000 0.050000 0.050000
0 0.081250 0.076250 0.090000 0.102500
0 0.307500 0.880000 0.077500 0.077500
0 0.126250 0.688750 0.112500 0.112500
0 0.093750 0.396250 0.087500 0.087500
0 0.382500 0.548750 0.025000 0.025000
0 0.811875 0.395625 0.081250 0.081250
0 0.931875 0.211250 0.028750 0.027500
0 0.133750 0.520000 0.057500 0.062500
0 0.648750 0.050000 0.047500 0.047500
0 0.033125 0.895625 0.036250 0.036250
0 0.563750 0.125625 0.052500 0.061250
0 0.248125 0.206250 0.063750 0.075000
0 0.781875 0.927500 0.046250 0.055000
0 0.142500 0.305000 0.055000 0.055000
0 0.582500 0.808750 0.040000 0.040000
0 0.942500 0.825625 0.070000 0.076250
0 0.922500 0.068125 0.047500 0.041250
0 0.630000 0.453750 0.030000 0.030000
0 0.884375 0.306250 0.048750 0.035000
0 0.119375 0.236250 0.033750 0.032500
0 0.303125 0.955000 0.043750 0.035000
0 0.249375 0.435000 0.028750 0.025000
0 0.734375 0.765625 0.098750 0.111250
0 0.438750 0.180000 0.042500 0.047500
0 0.581875 0.887500 0.033750 0.037500
0 0.647500 0.509375 0.050000 0.046250
0 0.176250 0.043125 0.052500 0.048750
0 0.938125 0.921875 0.058750 0.058750
0 0.945000 0.272500 0.037500 0.037500
0 0.243125 0.608750 0.076250 0.072500
0 0.183750 0.818750 0.062500 0.062500
0 0.550000 0.411250 0.042500 0.042500
0 0.656250 0.097500 0.025000 0.025000
0 0.942500 0.646250 0.042500 0.042500
0 0.721250 0.955000 0.040000 0.040000
0 0.956875 0.391875 0.036250 0.036250
0 0.606875 0.200625 0.031250 0.031250
0 0.544375 0.615625 0.056250 0.056250
0 0.193125 0.530625 0.031250 0.031250
0 0.060000 0.530000 0.065000 0.065000