0 0.482500 0.931250 0.025000 0.025000
0 0.446250 0.925000 0.025000 0.025000
0 0.298750 0.426250 0.062500 0.062500
0 0.186875 0.345000 0.041250 0.037500
0 0.558125 0.524375 0.048750 0.048750
0 0.383750 0.355000 0.050000 0.050000
0 0.623750 0.810000 0.060000 0.060000
0 0.459375 0.763750 0.026250 0.015000
0 0.366250 0.763125 0.102500 0.058750
0 0.936250 0.475625 0.092500 0.053750
0 0.078750 0.600625 0.105000 0.061250
0 0.775625 0.675625 0.088750 0.088750
0 0.586250 0.310000 0.035000 0.035000
0 0.387500 0.147500 0.077500 0.077500
0 0.851250 0.715625 0.032500 0.028750
0 0.290000 0.063125 0.092500 0.081250
0 0.185625 0.721875 0.103750 0.091250
0 0.151875 0.222500 0.093750 0.082500
0 0.749375 0.541875 0.078750 0.078750
0 0.599375 0.215625 0.106250 0.106250
0 0.638750 0.697500 0.080000 0.080000
0 0.211250 0.467500 0.072500 0.072500
0 0.086250 0.108750 0.110000 0.110000
0 0.856250 0.356250 0.112500 0.112500
0 0.458750 0.510000 0.055000 0.055000
0 0.341875 0.628125 0.041250 0.041250
0 0.108750 0.430000 0.075000 0.075000
0 0.917500 0.093750 0.052500 0.052500
0 0.210625 0.829375 0.031250 0.031250
0 0.287500 0.257500 0.035000 0.035000
0 0.915625 0.616250 0.083750 0.077500
0 0.498750 0.134375 0.077500 0.071250
0 0.888750 0.812500 0.027500 0.025000
0 0.871250 0.890000 0.027500 0.027500
0 0.291250 0.881875 0.110000 0.111250
0 0.121875 0.858750 0.111250 0.112500
0 0.387500 0.692500 0.065000 0.065000
0 0.226250 0.560000 0.025000 0.025000
0 0.735000 0.418125 0.102500 0.103750
0 0.496875 0.628125 0.026250 0.026250
0 0.613125 0.366875 0.043750 0.043750
0 0.476875 0.303125 0.071250 0.071250
0 0.756875 0.227500 0.076250 0.077500
0 0.613750 0.073125 0.070000 0.098750
0 0.731250 0.845625 0.077500 0.108750
0 0.588750 0.915625 0.077500 0.108750
0 0.923750 0.848750 0.027500 0.030000
0 0.204375 0.064375 0.051250 0.051250
0 0.308125 0.698125 0.046250 0.046250
0 0.465625 0.388125 0.078750 0.078750
0 0.933125 0.936875 0.058750 0.058750
0 0.851875 0.231875 0.098750 0.098750
0 0.452500 0.057500 0.025000 0.025000
0 0.821875 0.114375 0.111250 0.111250
0 0.951875 0.399375 0.041250 0.041250
0 0.252500 0.166250 0.052500 0.052500
0 0.821875 0.880625 0.033750 0.033750
0 0.506250 0.782500 0.035000 0.035000
0 0.514375 0.721875 0.061250 0.061250
0 0.099375 0.760625 0.046250 0.046250
0 0.386875 0.281875 0.078750 0.078750
0 0.251250 0.616250 0.062500 0.062500
0 0.326875 0.203125 0.028750 0.028750
0 0.700625 0.080625 0.086250 0.086250
0 0.315625 0.127500 0.026250 0.020000
0 0.771875 0.321250 0.036250 0.035000
0 0.616875 0.486875 0.048750 0.048750
0 0.088125 0.349375 0.053750 0.053750
0 0.313750 0.518750 0.082500 0.082500
0 0.485000 0.824375 0.025000 0.021250
0 0.385000 0.068750 0.042500 0.042500
0 0.645625 0.593125 0.098750 0.098750
0 0.826250 0.813750 0.055000 0.055000
0 0.406250 0.887500 0.030000 0.032500
0 0.287500 0.336250 0.075000 0.082500
0 0.838125 0.603125 0.036250 0.041250
0 0.375625 0.423750 0.051250 0.057500
0 0.430625 0.601875 0.061250 0.068750
0 0.674375 0.303750 0.038750 0.022500
0 0.064375 0.510625 0.046250 0.026250
0 0.083125 0.943125 0.066250 0.038750
0 0.066875 0.678125 0.088750 0.066250
0 0.427500 0.836250 0.062500 0.047500
0 0.838125 0.475625 0.068750 0.056250
0 0.711250 0.728750 0.025000 0.020000