0 0.297500 0.724375 0.052500 0.043750
0 0.858125 0.439375 0.111250 0.038750
0 0.055625 0.773125 0.041250 0.013750
0 0.912500 0.051250 0.045000 0.015000
0 0.403750 0.055625 0.092500 0.031250
0 0.765625 0.813750 0.111250 0.125000
0 0.894375 0.328125 0.081250 0.091250
0 0.392500 0.270000 0.102500 0.115000
0 0.183125 0.078125 0.081250 0.091250
0 0.465000 0.716250 0.065000 0.045000
0 0.257500 0.480625 0.052500 0.036250
0 0.623750 0.901250 0.027500 0.027500
0 0.453125 0.619375 0.111250 0.111250
0 0.176875 0.351875 0.078750 0.078750
0 0.853125 0.593125 0.093750 0.093750
0 0.810000 0.721250 0.027500 0.027500
0 0.661250 0.250000 0.052500 0.052500
0 0.481250 0.911250 0.090000 0.090000
0 0.076875 0.704375 0.036250 0.036250
0 0.560625 0.623125 0.063750 0.063750
0 0.821250 0.242500 0.060000 0.060000
0 0.173125 0.476875 0.068750 0.068750
0 0.156250 0.617500 0.090000 0.127500
0 0.068125 0.081875 0.058750 0.058750
0 0.546875 0.230625 0.048750 0.048750
0 0.371875 0.420625 0.088750 0.088750
0 0.758750 0.452500 0.072500 0.072500
0 0.651875 0.138125 0.101250 0.101250
0 0.251250 0.908750 0.105000 0.105000
0 0.613125 0.316875 0.028750 0.028750
0 0.658125 0.777500 0.041250 0.035000
0 0.626250 0.531250 0.062500 0.052500
0 0.851250 0.136250 0.097500 0.082500
0 0.664375 0.403750 0.051250 0.042500
0 0.367500 0.702500 0.025000 0.022500
0 0.051875 0.170000 0.068750 0.062500
0 0.515000 0.770625 0.040000 0.036250
0 0.871250 0.855000 0.035000 0.035000
0 0.428125 0.143125 0.103750 0.103750
0 0.755625 0.615625 0.033750 0.033750
0 0.290000 0.121250 0.092500 0.092500
0 0.456875 0.826875 0.048750 0.048750
0 0.327500 0.787500 0.045000 0.042500
0 0.530000 0.061875 0.080000 0.076250
0 0.501875 0.485000 0.083750 0.087500
0 0.808125 0.322500 0.058750 0.060000
0 0.163750 0.739375 0.087500 0.088750
0 0.060000 0.898125 0.077500 0.078750
0 0.560000 0.328125 0.047500 0.041250
0 0.271250 0.406250 0.040000 0.040000
0 0.663750 0.656250 0.032500 0.032500
0 0.670625 0.853125 0.028750 0.026250
0 0.317500 0.597500 0.105000 0.100000
0 0.137500 0.837500 0.037500 0.035000
0 0.934375 0.923750 0.076250 0.072500
0 0.945000 0.802500 0.080000 0.080000
0 0.559375 0.704375 0.058750 0.058750
0 0.328750 0.677500 0.027500 0.027500
0 0.736875 0.345625 0.066250 0.066250
0 0.068125 0.548125 0.068750 0.068750
0 0.753750 0.550000 0.050000 0.050000
0 0.155000 0.203750 0.110000 0.110000
0 0.614375 0.679375 0.033750 0.033750