0 0.815000 0.742500 0.080000 0.080000
0 0.516875 0.234375 0.081250 0.081250
0 0.465625 0.796875 0.078750 0.078750
0 0.558125 0.825625 0.038750 0.038750
0 0.773750 0.533750 0.045000 0.045000
0 0.526250 0.596250 0.110000 0.110000
0 0.840625 0.376875 0.093750 0.093750
0 0.197500 0.486250 0.027500 0.027500
0 0.471250 0.703750 0.110000 0.072500
0 0.050000 0.849375 0.032500 0.021250
0 0.616875 0.927500 0.058750 0.037500
0 0.206250 0.627500 0.095000 0.095000
0 0.293125 0.434375 0.093750 0.093750
0 0.793750 0.272500 0.090000 0.090000
0 0.216250 0.376250 0.040000 0.040000
0 0.233750 0.146250 0.095000 0.100000
0 0.689375 0.247500 0.101250 0.082500
0 0.751250 0.471250 0.062500 0.055000
0 0.836250 0.087500 0.057500 0.050000
0 0.656875 0.798750 0.063750 0.070000
0 0.115625 0.418125 0.051250 0.051250
0 0.340000 0.796250 0.105000 0.102500
0 0.420625 0.334375 0.096250 0.093750
0 0.271875 0.026250 0.028750 0.027500
0 0.074375 0.078125 0.096250 0.093750
0 0.330625 0.606250 0.073750 0.067500
0 0.060000 0.702500 0.032500 0.042500
0 0.577500 0.413125 0.097500 0.101250
0 0.373750 0.205625 0.102500 0.106250
0 0.868750 0.543125 0.105000 0.108750
0 0.226250 0.740000 0.095000 0.080000
0 0.425000 0.048125 0.070000 0.058750
0 0.068125 0.531250 0.088750 0.075000
0 0.904375 0.911250 0.111250 0.095000
0 0.150000 0.280000 0.097500 0.082500
0 0.678750 0.675000 0.050000 0.050000
0 0.843125 0.038750 0.053750 0.030000
0 0.513750 0.908750 0.055000 0.055000
0 0.686250 0.592500 0.092500 0.092500
0 0.046250 0.440000 0.060000 0.060000
0 0.891875 0.685625 0.053750 0.053750
0 0.295000 0.316250 0.060000 0.060000
0 0.480625 0.120625 0.058750 0.058750
0 0.924375 0.065625 0.061250 0.078750
0 0.215000 0.881875 0.112500 0.086250
0 0.884375 0.240000 0.053750 0.042500
0 0.768750 0.681250 0.035000 0.027500
0 0.763125 0.912500 0.083750 0.082500
0 0.929375 0.168125 0.058750 0.058750
0 0.660625 0.099375 0.091250 0.091250
0 0.425625 0.523125 0.071250 0.071250
0 0.350000 0.125000 0.037500 0.037500
0 0.962500 0.623125 0.047500 0.053750
0 0.671250 0.888750 0.035000 0.035000
0 0.913750 0.773750 0.100000 0.100000
0 0.290625 0.665625 0.038750 0.036250
0 0.943125 0.347500 0.073750 0.067500
0 0.822500 0.458750 0.035000 0.032500
0 0.597500 0.701250 0.082500 0.082500
0 0.953125 0.524375 0.046250 0.046250
0 0.353750 0.920625 0.100000 0.091250
0 0.045000 0.251875 0.027500 0.023750
0 0.745000 0.407500 0.055000 0.052500
0 0.105000 0.626250 0.055000 0.052500
0 0.387500 0.684375 0.042500 0.051250
0 0.595625 0.320625 0.036250 0.036250
0 0.661250 0.346250 0.055000 0.060000
0 0.615000 0.490000 0.030000 0.032500
0 0.082500 0.772500 0.072500 0.072500
0 0.560000 0.093750 0.082500 0.082500
0 0.043750 0.598750 0.025000 0.025000
0 0.113125 0.916875 0.076250 0.076250
0 0.143750 0.357500 0.052500 0.052500
0 0.126875 0.186875 0.083750 0.083750
0 0.948750 0.233750 0.040000 0.040000
0 0.964375 0.695625 0.028750 0.026250
0 0.151875 0.763750 0.038750 0.025000
0 0.740625 0.788750 0.053750 0.065000
0 0.747500 0.098750 0.055000 0.045000
0 0.195000 0.035000 0.027500 0.022500
0 0.305625 0.100000 0.031250 0.025000
0 0.613750 0.622500 0.035000 0.060000