0 0.078125 0.895625 0.038750 0.038750
0 0.271875 0.574375 0.038750 0.036250
0 0.558125 0.258750 0.043750 0.040000
0 0.560000 0.479375 0.082500 0.076250
0 0.195625 0.485625 0.108750 0.108750
0 0.111875 0.065625 0.073750 0.073750
0 0.701250 0.857500 0.087500 0.087500
0 0.897500 0.497500 0.035000 0.032500
0 0.786875 0.416250 0.061250 0.057500
0 0.768125 0.146875 0.036250 0.036250
0 0.697500 0.700000 0.112500 0.112500
0 0.236875 0.289375 0.083750 0.083750
0 0.525625 0.628125 0.046250 0.046250
0 0.196250 0.801250 0.072500 0.072500
0 0.064375 0.539375 0.051250 0.051250
0 0.100625 0.825000 0.063750 0.060000
0 0.195625 0.385000 0.078750 0.077500
0 0.684375 0.564375 0.098750 0.098750
0 0.520000 0.382500 0.080000 0.100000
0 0.213750 0.095000 0.080000 0.100000
0 0.653750 0.386250 0.085000 0.085000
0 0.395000 0.353750 0.050000 0.065000
0 0.428750 0.190625 0.090000 0.078750
0 0.601250 0.627500 0.032500 0.030000
0 0.770625 0.328125 0.053750 0.053750
0 0.572500 0.154375 0.110000 0.141250
0 0.673125 0.236250 0.066250 0.070000
0 0.429375 0.071875 0.068750 0.068750
0 0.356250 0.492500 0.105000 0.105000
0 0.558750 0.812500 0.050000 0.050000
0 0.079375 0.680625 0.101250 0.101250
0 0.906875 0.344375 0.041250 0.041250
0 0.098750 0.172500 0.097500 0.097500
0 0.200000 0.892500 0.047500 0.047500
0 0.628750 0.801250 0.040000 0.022500
0 0.476250 0.901250 0.092500 0.052500
0 0.450625 0.563750 0.056250 0.032500
0 0.921250 0.601875 0.110000 0.141250
0 0.449375 0.743125 0.043750 0.031250
0 0.836250 0.818750 0.090000 0.090000
0 0.853125 0.206875 0.048750 0.048750
0 0.443750 0.622500 0.067500 0.067500
0 0.688750 0.098750 0.097500 0.097500
0 0.879375 0.918125 0.083750 0.083750
0 0.347500 0.678750 0.102500 0.102500
0 0.351875 0.891875 0.073750 0.073750
0 0.306875 0.109375 0.091250 0.091250
0 0.543750 0.685000 0.027500 0.027500
0 0.580000 0.930625 0.052500 0.048750
0 0.130000 0.296250 0.075000 0.075000
0 0.785000 0.502500 0.025000 0.025000
0 0.831250 0.552500 0.037500 0.037500
0 0.051875 0.394375 0.066250 0.066250
0 0.932500 0.215000 0.087500 0.087500
0 0.241875 0.718750 0.048750 0.042500
0 0.296875 0.791875 0.061250 0.053750
0 0.846250 0.099375 0.090000 0.078750
0 0.038750 0.300000 0.050000 0.050000
0 0.573750 0.305000 0.035000 0.035000
0 0.935625 0.833125 0.063750 0.061250
0 0.816250 0.618125 0.077500 0.073750