0 0.398125 0.868125 0.053750 0.053750
0 0.401250 0.736875 0.070000 0.081250
0 0.899375 0.101250 0.041250 0.047500
0 0.335625 0.635625 0.036250 0.041250
0 0.645000 0.606250 0.030000 0.030000
0 0.432500 0.082500 0.045000 0.045000
0 0.575625 0.321875 0.093750 0.093750
0 0.816250 0.898750 0.035000 0.035000
0 0.760000 0.117500 0.090000 0.090000
0 0.934375 0.695625 0.066250 0.066250
0 0.453125 0.280625 0.056250 0.056250
0 0.357500 0.215000 0.042500 0.042500
0 0.659375 0.478125 0.101250 0.101250
0 0.145625 0.522500 0.088750 0.100000
0 0.630000 0.166875 0.075000 0.073750
0 0.220625 0.311875 0.108750 0.103750
0 0.691250 0.822500 0.097500 0.092500
0 0.848750 0.485000 0.055000 0.052500
0 0.087500 0.620625 0.075000 0.071250
0 0.391250 0.275000 0.037500 0.037500
0 0.519375 0.530625 0.076250 0.076250
0 0.858125 0.850625 0.036250 0.036250
0 0.532500 0.220625 0.062500 0.063750
0 0.391250 0.353750 0.042500 0.042500
0 0.835625 0.328750 0.093750 0.145000
0 0.518750 0.433125 0.052500 0.081250
0 0.525625 0.813125 0.088750 0.088750
0 0.461250 0.432500 0.035000 0.035000
0 0.534375 0.084375 0.078750 0.078750
0 0.333125 0.694375 0.046250 0.046250
0 0.945000 0.828750 0.070000 0.062500
0 0.116875 0.078125 0.053750 0.048750
0 0.845625 0.592500 0.091250 0.082500
0 0.196875 0.824375 0.096250 0.086250
0 0.856250 0.039375 0.045000 0.038750
0 0.943750 0.322500 0.075000 0.075000
0 0.294375 0.898750 0.046250 0.042500
0 0.161875 0.716875 0.101250 0.101250
0 0.564375 0.721875 0.046250 0.046250
0 0.712500 0.605000 0.090000 0.090000
0 0.250000 0.182500 0.087500 0.100000
0 0.791250 0.736875 0.067500 0.076250
0 0.383750 0.508750 0.102500 0.117500
0 0.530625 0.922500 0.106250 0.105000
0 0.704375 0.893750 0.028750 0.032500
0 0.086250 0.400625 0.077500 0.071250
0 0.711875 0.318750 0.101250 0.105000
0 0.323750 0.818750 0.067500 0.067500
0 0.081250 0.172500 0.085000 0.095000
0 0.966875 0.060625 0.026250 0.026250
0 0.933125 0.945625 0.058750 0.058750
0 0.064375 0.883125 0.093750 0.093750
0 0.936875 0.196250 0.058750 0.035000
0 0.059375 0.516875 0.038750 0.038750
0 0.245000 0.418125 0.092500 0.088750
0 0.858125 0.755625 0.048750 0.043750
0 0.538750 0.626250 0.090000 0.080000
0 0.234375 0.053750 0.076250 0.067500
0 0.256875 0.685625 0.073750 0.066250
0 0.933750 0.253125 0.035000 0.033750
0 0.066875 0.296875 0.103750 0.103750
0 0.853750 0.166250 0.067500 0.067500
0 0.633125 0.675625 0.036250 0.036250