0 0.129375 0.306875 0.103750 0.091250
0 0.887500 0.228125 0.025000 0.021250
0 0.961875 0.328750 0.038750 0.060000
0 0.743750 0.455625 0.095000 0.146250
0 0.954375 0.705000 0.043750 0.067500
0 0.360000 0.899375 0.097500 0.151250
0 0.164375 0.181875 0.031250 0.033750
0 0.346875 0.600000 0.056250 0.040000
0 0.526250 0.648125 0.097500 0.128750
0 0.071875 0.729375 0.038750 0.051250
0 0.363750 0.274375 0.097500 0.128750
0 0.775625 0.804375 0.033750 0.043750
0 0.648750 0.385000 0.060000 0.060000
0 0.093125 0.483125 0.083750 0.091250
0 0.713750 0.281875 0.047500 0.051250
0 0.461250 0.318125 0.025000 0.026250
0 0.278750 0.432500 0.035000 0.037500
0 0.707500 0.605000 0.075000 0.067500
0 0.514375 0.817500 0.041250 0.032500
0 0.252500 0.551875 0.067500 0.053750
0 0.845000 0.220625 0.030000 0.023750
0 0.640000 0.469375 0.030000 0.023750
0 0.417500 0.707500 0.095000 0.095000
0 0.120000 0.410000 0.027500 0.035000
0 0.527500 0.888750 0.052500 0.052500
0 0.530000 0.162500 0.090000 0.090000
0 0.382500 0.395625 0.060000 0.078750
0 0.705625 0.943125 0.048750 0.063750
0 0.768125 0.578125 0.031250 0.041250
0 0.417500 0.086875 0.082500 0.083750
0 0.762500 0.183750 0.075000 0.075000
0 0.641250 0.193750 0.057500 0.057500
0 0.515000 0.456250 0.087500 0.087500
0 0.065000 0.608750 0.085000 0.065000
0 0.155625 0.880000 0.038750 0.040000
0 0.240625 0.284375 0.056250 0.051250
0 0.184375 0.810625 0.036250 0.033750
0 0.313125 0.731875 0.071250 0.066250
0 0.656875 0.721250 0.108750 0.102500
0 0.076875 0.193125 0.053750 0.053750
0 0.892500 0.903750 0.110000 0.110000
0 0.855000 0.566250 0.112500 0.112500
0 0.856250 0.371250 0.080000 0.080000
0 0.264375 0.080625 0.108750 0.108750
0 0.245625 0.926875 0.068750 0.068750
0 0.170000 0.727500 0.107500 0.107500
0 0.888750 0.093750 0.095000 0.095000
0 0.461250 0.843750 0.047500 0.047500
0 0.353750 0.483750 0.055000 0.055000
0 0.901875 0.461875 0.066250 0.066250
0 0.942500 0.231250 0.065000 0.065000
0 0.874375 0.713125 0.061250 0.061250
0 0.771250 0.286250 0.025000 0.025000
0 0.255000 0.358750 0.052500 0.052500
0 0.488125 0.265625 0.028750 0.028750
0 0.307500 0.655000 0.050000 0.050000
0 0.658125 0.063125 0.066250 0.066250
0 0.674375 0.839375 0.033750 0.033750
0 0.048750 0.908750 0.030000 0.030000
0 0.858750 0.778750 0.040000 0.040000
0 0.191250 0.536250 0.040000 0.040000
0 0.764375 0.068125 0.083750 0.083750
0 0.640000 0.920625 0.055000 0.051250
0 0.066250 0.842500 0.092500 0.087500
0 0.561250 0.296250 0.077500 0.077500
0 0.795000 0.863750 0.055000 0.055000
0 0.060000 0.106250 0.087500 0.087500
0 0.529375 0.060625 0.088750 0.088750
0 0.260625 0.200625 0.086250 0.086250
0 0.185000 0.461250 0.075000 0.075000
0 0.441250 0.941250 0.037500 0.037500
0 0.800000 0.661250 0.062500 0.062500
0 0.046875 0.396875 0.061250 0.061250
0 0.421875 0.608125 0.063750 0.066250