0 0.242500 0.108750 0.092500 0.092500
0 0.800625 0.077500 0.073750 0.070000
0 0.782500 0.496250 0.110000 0.105000
0 0.220625 0.803750 0.071250 0.067500
0 0.454375 0.761875 0.061250 0.058750
0 0.158750 0.897500 0.025000 0.022500
0 0.947500 0.048750 0.067500 0.060000
0 0.113125 0.160000 0.026250 0.022500
0 0.642500 0.603750 0.095000 0.095000
0 0.237500 0.438750 0.027500 0.027500
0 0.085625 0.778125 0.083750 0.083750
0 0.881250 0.252500 0.072500 0.072500
0 0.675000 0.316250 0.045000 0.045000
0 0.875000 0.951250 0.030000 0.030000
0 0.409375 0.534375 0.098750 0.098750
0 0.173750 0.483750 0.080000 0.057500
0 0.694375 0.888125 0.041250 0.041250
0 0.682500 0.791250 0.092500 0.092500
0 0.318125 0.661875 0.101250 0.101250
0 0.425000 0.090000 0.047500 0.047500
0 0.785625 0.370625 0.111250 0.111250
0 0.788125 0.191875 0.061250 0.061250
0 0.822500 0.794375 0.075000 0.096250
0 0.966250 0.668750 0.032500 0.032500
0 0.053750 0.688750 0.060000 0.065000
0 0.480000 0.332500 0.085000 0.092500
0 0.125000 0.343750 0.085000 0.092500
0 0.201250 0.683750 0.107500 0.117500
0 0.647500 0.461875 0.040000 0.038750
0 0.323750 0.368125 0.047500 0.051250
0 0.642500 0.063750 0.035000 0.035000
0 0.401250 0.163750 0.032500 0.032500
0 0.468750 0.916250 0.082500 0.082500
0 0.620625 0.141250 0.101250 0.102500
0 0.821250 0.686875 0.100000 0.101250
0 0.561250 0.498125 0.080000 0.081250
0 0.093125 0.414375 0.028750 0.028750
0 0.314375 0.793750 0.101250 0.122500
0 0.249375 0.228125 0.088750 0.086250
0 0.570000 0.913750 0.092500 0.090000
0 0.596875 0.253125 0.086250 0.083750
0 0.700000 0.262500 0.067500 0.045000
0 0.695625 0.943750 0.048750 0.032500
0 0.943750 0.596250 0.050000 0.032500
0 0.531875 0.656875 0.111250 0.073750
0 0.650625 0.385625 0.066250 0.066250
0 0.243750 0.353750 0.087500 0.087500
0 0.358125 0.240625 0.083750 0.083750
0 0.086250 0.068750 0.077500 0.077500
0 0.324375 0.889375 0.051250 0.051250
0 0.516875 0.159375 0.038750 0.038750
0 0.944375 0.269375 0.026250 0.026250
0 0.960000 0.166250 0.047500 0.047500
0 0.300000 0.567500 0.030000 0.020000
0 0.886875 0.436875 0.058750 0.058750
0 0.056875 0.596875 0.076250 0.076250
0 0.226250 0.901250 0.075000 0.072500
0 0.558125 0.819375 0.036250 0.036250
0 0.388125 0.820625 0.026250 0.026250
0 0.326250 0.441250 0.067500 0.067500
0 0.068750 0.911250 0.100000 0.100000
0 0.726875 0.076875 0.056250 0.056250
0 0.156250 0.073750 0.035000 0.035000
0 0.433125 0.648125 0.071250 0.071250
0 0.060000 0.502500 0.062500 0.062500
0 0.886875 0.541875 0.053750 0.053750
0 0.496250 0.111250 0.042500 0.042500
0 0.798125 0.905625 0.088750 0.088750
0 0.348750 0.080000 0.080000 0.080000
0 0.743750 0.597500 0.062500 0.062500
0 0.886250 0.162500 0.065000 0.065000
0 0.083125 0.246250 0.088750 0.087500
0 0.731875 0.718125 0.026250 0.021250
0 0.515000 0.728750 0.040000 0.040000
0 0.431875 0.836875 0.041250 0.041250