0 0.160000 0.156875 0.045000 0.038750
0 0.389375 0.776250 0.083750 0.072500
0 0.875000 0.672500 0.092500 0.080000
0 0.358125 0.245000 0.061250 0.052500
0 0.315625 0.348125 0.098750 0.093750
0 0.078750 0.517500 0.102500 0.067500
0 0.584375 0.173125 0.091250 0.128750
0 0.700625 0.359375 0.038750 0.038750
0 0.946250 0.066250 0.082500 0.082500
0 0.048750 0.681250 0.057500 0.057500
0 0.292500 0.728750 0.035000 0.035000
0 0.628125 0.920625 0.078750 0.078750
0 0.940625 0.298125 0.043750 0.043750
0 0.069375 0.922500 0.091250 0.097500
0 0.250000 0.578125 0.062500 0.056250
0 0.458125 0.156875 0.096250 0.116250
0 0.795000 0.483750 0.092500 0.112500
0 0.611250 0.514375 0.095000 0.086250
0 0.173125 0.684375 0.028750 0.026250
0 0.598125 0.828125 0.078750 0.078750
0 0.837500 0.135000 0.090000 0.090000
0 0.315000 0.955000 0.025000 0.025000
0 0.168125 0.274375 0.048750 0.048750
0 0.776250 0.879375 0.085000 0.056250
0 0.415625 0.426250 0.076250 0.050000
0 0.924375 0.893750 0.046250 0.030000
0 0.340625 0.140000 0.091250 0.095000
0 0.140625 0.786250 0.071250 0.067500
0 0.693125 0.244375 0.073750 0.043750
0 0.158125 0.075625 0.083750 0.083750
0 0.749375 0.378125 0.028750 0.028750
0 0.493125 0.345625 0.081250 0.081250
0 0.899375 0.503125 0.101250 0.101250
0 0.085625 0.590625 0.051250 0.051250
0 0.055000 0.753750 0.060000 0.060000
0 0.236875 0.483125 0.088750 0.088750
0 0.614375 0.413125 0.071250 0.071250
0 0.450000 0.898750 0.057500 0.057500
0 0.315000 0.885000 0.075000 0.075000
0 0.276875 0.273125 0.026250 0.026250
0 0.049375 0.168125 0.033750 0.033750
0 0.056875 0.231875 0.046250 0.046250
0 0.745625 0.791875 0.096250 0.096250
0 0.854375 0.786875 0.043750 0.043750
0 0.610000 0.643125 0.052500 0.038750
0 0.660625 0.675625 0.031250 0.023750
0 0.405000 0.666875 0.097500 0.073750
0 0.448750 0.538750 0.102500 0.100000
0 0.783125 0.030000 0.031250 0.030000
0 0.280000 0.785000 0.047500 0.047500
0 0.745000 0.631250 0.107500 0.107500
0 0.188750 0.906875 0.087500 0.096250
0 0.802500 0.323750 0.102500 0.057500
0 0.106875 0.847500 0.036250 0.020000
0 0.791875 0.230625 0.103750 0.058750
0 0.601250 0.292500 0.045000 0.045000
0 0.149375 0.380625 0.066250 0.066250
0 0.054375 0.061875 0.078750 0.078750
0 0.338750 0.486250 0.032500 0.032500
0 0.303750 0.666250 0.055000 0.055000
0 0.224375 0.671875 0.053750 0.053750
0 0.651875 0.051875 0.071250 0.063750
0 0.505000 0.435000 0.072500 0.072500
0 0.542500 0.745000 0.040000 0.040000
0 0.541250 0.936875 0.077500 0.073750
0 0.926250 0.203125 0.052500 0.071250
0 0.918125 0.385625 0.068750 0.093750
0 0.718125 0.075625 0.033750 0.046250
0 0.063125 0.404375 0.071250 0.071250
0 0.638125 0.734375 0.066250 0.066250
0 0.396250 0.352500 0.037500 0.035000
0 0.950000 0.823750 0.060000 0.057500
0 0.340625 0.044375 0.053750 0.053750
0 0.060625 0.309375 0.063750 0.063750