0 0.281875 0.474375 0.028750 0.021250
0 0.819375 0.305625 0.026250 0.026250
0 0.794375 0.831875 0.041250 0.041250
0 0.533750 0.767500 0.085000 0.052500
0 0.368750 0.390625 0.102500 0.063750
0 0.579375 0.670625 0.096250 0.096250
0 0.928750 0.406250 0.055000 0.052500
0 0.638750 0.328125 0.082500 0.078750
0 0.525625 0.158125 0.091250 0.091250
0 0.625000 0.148750 0.077500 0.077500
0 0.939375 0.806875 0.081250 0.081250
0 0.070625 0.851250 0.038750 0.030000
0 0.426875 0.099375 0.056250 0.043750
0 0.150625 0.093125 0.106250 0.083750
0 0.409375 0.653750 0.103750 0.082500
0 0.188125 0.323125 0.076250 0.076250
0 0.488125 0.335625 0.098750 0.098750
0 0.113750 0.735000 0.065000 0.065000
0 0.907500 0.567500 0.037500 0.042500
0 0.797500 0.448750 0.085000 0.085000
0 0.574375 0.873125 0.051250 0.051250
0 0.290000 0.063750 0.090000 0.090000
0 0.921250 0.116875 0.030000 0.036250
0 0.835625 0.235625 0.028750 0.033750
0 0.758750 0.685000 0.072500 0.087500
0 0.443125 0.868125 0.048750 0.058750
0 0.436875 0.548125 0.066250 0.066250
0 0.268750 0.818750 0.110000 0.115000
0 0.140625 0.553750 0.028750 0.030000
0 0.194375 0.551875 0.051250 0.043750
0 0.385625 0.741250 0.061250 0.052500
0 0.101875 0.425625 0.111250 0.096250
0 0.619375 0.475625 0.108750 0.093750
0 0.886250 0.678750 0.102500 0.102500
0 0.765625 0.554375 0.076250 0.091250
0 0.920625 0.208125 0.063750 0.076250
0 0.792500 0.918750 0.097500 0.097500
0 0.308750 0.215000 0.105000 0.105000
0 0.536875 0.235625 0.026250 0.026250
0 0.496875 0.465625 0.058750 0.038750
0 0.493125 0.040000 0.071250 0.047500
0 0.137500 0.936250 0.105000 0.070000
0 0.273125 0.616875 0.083750 0.068750
0 0.625000 0.808750 0.037500 0.037500
0 0.695625 0.906875 0.078750 0.078750
0 0.896250 0.935000 0.080000 0.080000
0 0.579375 0.058125 0.068750 0.068750
0 0.055000 0.311250 0.067500 0.067500
0 0.820000 0.100625 0.070000 0.061250
0 0.759375 0.331875 0.073750 0.071250
0 0.280625 0.335625 0.053750 0.053750
0 0.768750 0.193750 0.087500 0.087500
0 0.131875 0.634375 0.048750 0.048750
0 0.673750 0.697500 0.062500 0.062500
0 0.341875 0.481875 0.066250 0.066250
0 0.376250 0.885000 0.067500 0.067500
0 0.522500 0.576250 0.042500 0.042500
0 0.147500 0.241250 0.070000 0.070000
0 0.681875 0.561875 0.038750 0.038750
0 0.070625 0.537500 0.056250 0.055000
0 0.188125 0.400625 0.026250 0.026250
0 0.394375 0.265625 0.051250 0.051250
0 0.719375 0.054375 0.081250 0.081250
0 0.138750 0.848750 0.052500 0.052500
0 0.728125 0.809375 0.053750 0.053750
0 0.233750 0.933750 0.065000 0.065000
0 0.910000 0.296250 0.067500 0.067500
0 0.659375 0.244375 0.048750 0.048750
0 0.046875 0.195625 0.058750 0.066250
0 0.712500 0.438750 0.062500 0.070000