0 0.446875 0.652500 0.083750 0.082500
0 0.591875 0.888750 0.098750 0.105000
0 0.104375 0.439375 0.051250 0.051250
0 0.054375 0.560000 0.058750 0.080000
0 0.898125 0.614375 0.103750 0.103750
0 0.930000 0.066250 0.060000 0.060000
0 0.929375 0.504375 0.048750 0.048750
0 0.045000 0.142500 0.045000 0.045000
0 0.493125 0.429375 0.068750 0.068750
0 0.576250 0.071250 0.092500 0.092500
0 0.378125 0.860625 0.076250 0.076250
0 0.193125 0.508125 0.103750 0.103750
0 0.650625 0.331250 0.098750 0.087500
0 0.250625 0.209375 0.111250 0.111250
0 0.690000 0.145000 0.087500 0.087500
0 0.199375 0.679375 0.101250 0.101250
0 0.743125 0.498125 0.108750 0.108750
0 0.636875 0.524375 0.026250 0.026250
0 0.163125 0.940625 0.041250 0.041250
0 0.343125 0.515625 0.111250 0.108750
0 0.512500 0.333750 0.080000 0.077500
0 0.844375 0.335625 0.076250 0.073750
0 0.936875 0.864375 0.068750 0.066250
0 0.920625 0.782500 0.076250 0.055000
0 0.820000 0.071250 0.100000 0.072500
0 0.396875 0.229375 0.091250 0.088750
0 0.161250 0.848750 0.062500 0.060000
0 0.066250 0.799375 0.080000 0.061250
0 0.506875 0.771875 0.083750 0.063750
0 0.714375 0.679375 0.063750 0.048750
0 0.812500 0.916875 0.057500 0.043750
0 0.118125 0.911875 0.031250 0.031250
0 0.096250 0.223750 0.077500 0.077500
0 0.356250 0.626250 0.067500 0.067500
0 0.171875 0.319375 0.078750 0.068750
0 0.640000 0.230000 0.062500 0.055000
0 0.308125 0.909375 0.041250 0.036250
0 0.485625 0.891875 0.083750 0.073750
0 0.577500 0.428750 0.035000 0.065000
0 0.742500 0.804375 0.047500 0.046250
0 0.931875 0.731250 0.031250 0.030000
0 0.133125 0.116250 0.053750 0.052500
0 0.371875 0.775000 0.056250 0.050000
0 0.283125 0.329375 0.058750 0.051250
0 0.922500 0.218125 0.097500 0.086250
0 0.815000 0.782500 0.077500 0.077500
0 0.552500 0.561250 0.110000 0.110000
0 0.509375 0.211875 0.028750 0.028750
0 0.406250 0.376250 0.070000 0.070000
0 0.280625 0.072500 0.086250 0.090000
0 0.585000 0.642500 0.042500 0.032500
0 0.956875 0.390625 0.056250 0.056250
0 0.748125 0.314375 0.058750 0.058750
0 0.288750 0.763750 0.045000 0.045000
0 0.397500 0.110000 0.110000 0.110000
0 0.446250 0.543750 0.077500 0.077500
0 0.231875 0.838125 0.058750 0.066250
0 0.637500 0.567500 0.025000 0.027500
0 0.801875 0.186875 0.086250 0.093750
0 0.706250 0.918750 0.042500 0.042500
0 0.108125 0.674375 0.051250 0.051250
0 0.092500 0.382500 0.062500 0.037500
0 0.090625 0.869375 0.048750 0.028750
0 0.791250 0.638750 0.072500 0.050000
0 0.241875 0.920625 0.076250 0.076250
0 0.620000 0.766250 0.025000 0.025000
0 0.085625 0.305625 0.063750 0.063750
0 0.162500 0.599375 0.035000 0.023750
0 0.219375 0.402500 0.061250 0.070000