0 0.534375 0.899375 0.053750 0.053750
0 0.493125 0.590625 0.048750 0.048750
0 0.070000 0.628750 0.040000 0.040000
0 0.776875 0.753125 0.073750 0.073750
0 0.290625 0.751875 0.078750 0.078750
0 0.655000 0.139375 0.067500 0.063750
0 0.951250 0.441875 0.037500 0.033750
0 0.738125 0.206250 0.061250 0.055000
0 0.696250 0.891250 0.110000 0.100000
0 0.592500 0.406250 0.080000 0.072500
0 0.393750 0.813750 0.112500 0.112500
0 0.405000 0.547500 0.072500 0.072500
0 0.459375 0.248125 0.071250 0.071250
0 0.466875 0.688750 0.088750 0.070000
0 0.032500 0.808750 0.037500 0.030000
0 0.730625 0.296250 0.026250 0.020000
0 0.805000 0.061250 0.100000 0.080000
0 0.165000 0.113750 0.080000 0.087500
0 0.584375 0.795625 0.063750 0.068750
0 0.856875 0.597500 0.091250 0.100000
0 0.240625 0.654375 0.058750 0.058750
0 0.923750 0.367500 0.032500 0.032500
0 0.600000 0.511250 0.077500 0.077500
0 0.272500 0.208750 0.087500 0.087500
0 0.646250 0.065000 0.035000 0.035000
0 0.958125 0.815625 0.028750 0.026250
0 0.315000 0.420000 0.062500 0.047500
0 0.445625 0.415625 0.056250 0.056250
0 0.661250 0.677500 0.087500 0.087500
0 0.898125 0.810625 0.031250 0.031250
0 0.898750 0.691250 0.067500 0.045000
0 0.348750 0.936250 0.097500 0.065000
0 0.175000 0.863750 0.110000 0.072500
0 0.116250 0.267500 0.075000 0.050000
0 0.709375 0.523750 0.091250 0.090000
0 0.633750 0.333750 0.032500 0.032500
0 0.711875 0.420625 0.071250 0.071250
0 0.305625 0.104375 0.063750 0.076250
0 0.229375 0.337500 0.086250 0.082500
0 0.041250 0.423750 0.055000 0.052500
0 0.125000 0.551875 0.090000 0.086250
0 0.571875 0.081875 0.048750 0.046250
0 0.212500 0.547500 0.062500 0.050000
0 0.843750 0.179375 0.087500 0.086250
0 0.906875 0.915000 0.111250 0.110000
0 0.881250 0.359375 0.037500 0.036250
0 0.382500 0.138750 0.042500 0.042500
0 0.850625 0.495625 0.061250 0.061250
0 0.748125 0.660625 0.061250 0.053750
0 0.036875 0.548750 0.026250 0.025000
0 0.150000 0.196875 0.032500 0.028750
0 0.946875 0.231250 0.071250 0.112500
0 0.265625 0.935625 0.053750 0.053750
0 0.207500 0.743750 0.067500 0.067500
0 0.441875 0.901875 0.036250 0.036250
0 0.683750 0.778750 0.095000 0.095000
0 0.095625 0.720625 0.108750 0.108750
0 0.546875 0.333125 0.036250 0.036250
0 0.289375 0.495625 0.048750 0.058750
0 0.505625 0.150625 0.066250 0.066250
0 0.061250 0.925000 0.082500 0.082500