0 0.951875 0.769375 0.046250 0.046250
0 0.527500 0.248750 0.067500 0.055000
0 0.085625 0.621875 0.056250 0.056250
0 0.136250 0.352500 0.062500 0.062500
0 0.123750 0.427500 0.057500 0.057500
0 0.260625 0.374375 0.081250 0.086250
0 0.811250 0.581250 0.042500 0.045000
0 0.240625 0.143125 0.108750 0.116250
0 0.775625 0.865625 0.053750 0.063750
0 0.653125 0.385625 0.111250 0.133750
0 0.758750 0.721250 0.105000 0.105000
0 0.403125 0.871875 0.111250 0.111250
0 0.635000 0.620000 0.102500 0.102500
0 0.343750 0.350000 0.055000 0.055000
0 0.933125 0.666875 0.026250 0.026250
0 0.878125 0.068125 0.053750 0.053750
0 0.824375 0.183125 0.053750 0.053750
0 0.849375 0.500625 0.076250 0.076250
0 0.460000 0.391250 0.090000 0.090000
0 0.149375 0.798125 0.098750 0.098750
0 0.920000 0.536250 0.042500 0.042500
0 0.640625 0.073125 0.046250 0.046250
0 0.321250 0.521250 0.105000 0.100000
0 0.079375 0.526875 0.093750 0.088750
0 0.656875 0.784375 0.056250 0.053750
0 0.580625 0.876875 0.108750 0.103750
0 0.266250 0.290000 0.042500 0.055000
0 0.783750 0.390625 0.095000 0.078750
0 0.263750 0.734375 0.037500 0.031250
0 0.852500 0.300625 0.032500 0.026250
0 0.317500 0.636875 0.080000 0.066250
0 0.133125 0.921875 0.036250 0.028750
0 0.196875 0.555000 0.098750 0.080000
0 0.623125 0.245625 0.106250 0.086250
0 0.498125 0.730625 0.061250 0.048750
0 0.063750 0.913750 0.057500 0.057500
0 0.355625 0.216875 0.103750 0.103750
0 0.915625 0.135625 0.061250 0.061250
0 0.105625 0.086875 0.091250 0.091250
0 0.064375 0.318125 0.058750 0.058750
0 0.421875 0.494375 0.076250 0.076250
0 0.516875 0.566875 0.093750 0.093750
0 0.455000 0.080000 0.057500 0.057500
0 0.500625 0.641875 0.031250 0.031250
0 0.843750 0.636250 0.032500 0.032500
0 0.555000 0.026250 0.025000 0.025000
0 0.950000 0.826250 0.025000 0.025000
0 0.690625 0.871875 0.056250 0.053750
0 0.938125 0.325625 0.033750 0.033750
0 0.868750 0.860000 0.075000 0.075000
0 0.630625 0.514375 0.093750 0.093750
0 0.856875 0.770625 0.073750 0.088750
0 0.347500 0.764375 0.095000 0.088750
0 0.264375 0.883125 0.086250 0.086250
0 0.187500 0.275000 0.042500 0.042500
0 0.553125 0.471875 0.041250 0.041250
0 0.920000 0.420625 0.037500 0.026250
0 0.764375 0.060000 0.066250 0.087500
0 0.173750 0.677500 0.100000 0.100000
0 0.750000 0.584375 0.060000 0.061250
0 0.458125 0.316875 0.046250 0.043750
0 0.511875 0.171875 0.048750 0.046250
0 0.053125 0.684375 0.051250 0.048750
0 0.971250 0.959375 0.025000 0.023750
0 0.379375 0.066875 0.078750 0.078750
0 0.075625 0.196875 0.088750 0.088750
0 0.770000 0.257500 0.030000 0.032500
0 0.051875 0.817500 0.056250 0.060000
0 0.780625 0.513125 0.036250 0.038750
0 0.398750 0.320000 0.032500 0.032500
0 0.670000 0.938750 0.042500 0.042500
0 0.425625 0.610625 0.051250 0.051250
0 0.755625 0.950625 0.048750 0.048750
0 0.375000 0.955000 0.042500 0.030000