0 0.734375 0.718125 0.096250 0.096250
0 0.193125 0.418125 0.038750 0.023750
0 0.517500 0.557500 0.047500 0.042500
0 0.476875 0.425625 0.056250 0.056250
0 0.350625 0.124375 0.091250 0.091250
0 0.803750 0.519375 0.087500 0.113750
0 0.486250 0.903750 0.057500 0.057500
0 0.866250 0.265000 0.080000 0.080000
0 0.910000 0.877500 0.035000 0.035000
0 0.750625 0.356875 0.076250 0.076250
0 0.075625 0.655625 0.071250 0.071250
0 0.316875 0.689375 0.041250 0.041250
0 0.616250 0.495625 0.067500 0.053750
0 0.867500 0.834375 0.042500 0.033750
0 0.532500 0.766250 0.027500 0.027500
0 0.138125 0.390625 0.048750 0.048750
0 0.293750 0.791250 0.050000 0.050000
0 0.228750 0.171250 0.102500 0.102500
0 0.096875 0.074375 0.091250 0.091250
0 0.761875 0.849375 0.096250 0.096250
0 0.065625 0.198125 0.031250 0.031250
0 0.377500 0.258750 0.055000 0.055000
0 0.704375 0.246250 0.086250 0.097500
0 0.198125 0.813750 0.086250 0.097500
0 0.288125 0.465625 0.111250 0.126250
0 0.430000 0.702500 0.092500 0.105000
0 0.108750 0.731875 0.052500 0.058750
0 0.160625 0.921875 0.091250 0.103750
0 0.939375 0.386875 0.091250 0.103750
0 0.492500 0.161250 0.040000 0.042500
0 0.294375 0.280625 0.043750 0.041250
0 0.367500 0.923125 0.105000 0.103750
0 0.844375 0.082500 0.103750 0.110000
0 0.890625 0.723750 0.096250 0.077500
0 0.397500 0.365000 0.087500 0.070000
0 0.513750 0.235000 0.092500 0.075000
0 0.940000 0.145625 0.040000 0.031250
0 0.675625 0.384375 0.046250 0.046250
0 0.195625 0.701250 0.068750 0.070000
0 0.036875 0.840000 0.043750 0.030000
0 0.501875 0.607500 0.033750 0.022500
0 0.241875 0.910625 0.033750 0.033750
0 0.166250 0.537500 0.102500 0.112500
0 0.600000 0.767500 0.082500 0.090000
0 0.902500 0.495625 0.090000 0.098750
0 0.726875 0.046875 0.051250 0.051250
0 0.610625 0.081875 0.111250 0.111250
0 0.566875 0.875625 0.088750 0.088750
0 0.136250 0.311250 0.072500 0.072500
0 0.596250 0.213750 0.055000 0.055000
0 0.563125 0.405625 0.093750 0.093750
0 0.057500 0.898750 0.070000 0.070000
0 0.847500 0.926875 0.050000 0.071250
0 0.428125 0.546875 0.088750 0.126250
0 0.621875 0.294375 0.053750 0.076250
0 0.926250 0.623750 0.092500 0.092500
0 0.827500 0.625000 0.047500 0.047500
0 0.474375 0.820625 0.066250 0.066250
0 0.176250 0.091250 0.045000 0.042500
0 0.585625 0.648750 0.078750 0.075000
0 0.718750 0.618125 0.065000 0.061250
0 0.671250 0.918125 0.070000 0.066250
0 0.483750 0.346250 0.037500 0.045000
0 0.053750 0.340000 0.035000 0.042500
0 0.699375 0.550625 0.046250 0.046250
0 0.368125 0.808125 0.073750 0.058750
0 0.770625 0.115000 0.028750 0.022500
0 0.266250 0.031250 0.035000 0.027500
0 0.779375 0.921875 0.031250 0.026250
0 0.695625 0.142500 0.036250 0.030000
0 0.948125 0.290625 0.031250 0.031250
0 0.458125 0.081875 0.076250 0.076250
0 0.061875 0.463125 0.081250 0.081250
0 0.940625 0.076875 0.073750 0.073750
0 0.823750 0.190000 0.032500 0.037500
0 0.300000 0.586875 0.092500 0.046250
0 0.250625 0.339375 0.068750 0.033750
0 0.077500 0.791875 0.077500 0.038750
0 0.837500 0.396875 0.055000 0.048750
0 0.061875 0.562500 0.078750 0.095000
0 0.585625 0.566875 0.026250 0.031250
0 0.678750 0.796250 0.037500 0.045000
0 0.318750 0.035000 0.035000 0.035000
0 0.547500 0.326250 0.045000 0.045000
0 0.710625 0.482500 0.081250 0.067500
0 0.533125 0.509375 0.046250 0.033750
0 0.440000 0.165000 0.040000 0.037500
0 0.043125 0.725625 0.051250 0.051250