0 0.488750 0.486250 0.070000 0.100000
0 0.221250 0.417500 0.062500 0.090000
0 0.660000 0.725625 0.090000 0.128750
0 0.411250 0.158750 0.060000 0.062500
0 0.596875 0.516250 0.093750 0.097500
0 0.100625 0.313750 0.096250 0.100000
0 0.774375 0.639375 0.076250 0.078750
0 0.621250 0.416875 0.067500 0.063750
0 0.627500 0.900000 0.110000 0.130000
0 0.358125 0.450625 0.091250 0.091250
0 0.951250 0.792500 0.050000 0.050000
0 0.534375 0.216875 0.073750 0.073750
0 0.323125 0.789375 0.051250 0.051250
0 0.835000 0.333750 0.090000 0.090000
0 0.086250 0.762500 0.107500 0.107500
0 0.895625 0.614375 0.103750 0.103750
0 0.948125 0.851875 0.048750 0.048750
0 0.630625 0.276875 0.093750 0.093750
0 0.783125 0.779375 0.081250 0.081250
0 0.400000 0.816250 0.087500 0.085000
0 0.410000 0.670000 0.072500 0.067500
0 0.216875 0.589375 0.071250 0.071250
0 0.806250 0.239375 0.062500 0.056250
0 0.970625 0.220625 0.026250 0.026250
0 0.341250 0.543750 0.062500 0.062500
0 0.933125 0.108125 0.106250 0.106250
0 0.072500 0.111250 0.060000 0.060000
0 0.896250 0.463750 0.112500 0.112500
0 0.351250 0.290000 0.102500 0.102500
0 0.336250 0.722500 0.060000 0.060000
0 0.946250 0.326250 0.062500 0.047500
0 0.725625 0.182500 0.081250 0.077500
0 0.082500 0.625000 0.055000 0.052500
0 0.218125 0.895000 0.073750 0.070000
0 0.343750 0.066250 0.102500 0.102500
0 0.155000 0.913750 0.025000 0.020000
0 0.731250 0.890000 0.040000 0.040000
0 0.130000 0.478750 0.105000 0.105000
0 0.749375 0.513125 0.108750 0.108750
0 0.220000 0.181250 0.112500 0.112500
0 0.494375 0.715625 0.066250 0.066250
0 0.450625 0.064375 0.086250 0.086250
0 0.456875 0.351875 0.053750 0.053750
0 0.816875 0.065625 0.096250 0.096250
0 0.707500 0.260000 0.035000 0.035000
0 0.690000 0.621250 0.057500 0.057500
0 0.902500 0.250000 0.057500 0.057500
0 0.238750 0.745000 0.055000 0.055000
0 0.496875 0.900625 0.058750 0.058750
0 0.950625 0.928125 0.061250 0.061250
0 0.583750 0.111250 0.105000 0.105000
0 0.091875 0.885625 0.066250 0.066250
0 0.722500 0.395000 0.107500 0.107500
0 0.235000 0.281250 0.082500 0.070000
0 0.307500 0.609375 0.057500 0.048750
0 0.206875 0.076875 0.073750 0.073750
0 0.531250 0.353750 0.077500 0.077500
0 0.689375 0.045625 0.066250 0.066250
0 0.843750 0.926250 0.095000 0.095000
0 0.329375 0.173125 0.078750 0.078750
0 0.551875 0.603125 0.038750 0.038750
0 0.481250 0.628750 0.055000 0.055000
0 0.311250 0.923750 0.095000 0.095000
0 0.924375 0.715625 0.068750 0.053750
0 0.165000 0.671875 0.040000 0.031250
0 0.438125 0.238125 0.056250 0.056250
0 0.033750 0.853750 0.030000 0.030000
0 0.421875 0.906875 0.076250 0.076250
0 0.489375 0.821875 0.063750 0.063750
0 0.228750 0.507500 0.045000 0.045000
0 0.040000 0.186250 0.050000 0.050000
0 0.873750 0.815000 0.075000 0.102500
0 0.264375 0.673125 0.053750 0.053750
0 0.421875 0.532500 0.048750 0.042500
0 0.132500 0.402500 0.037500 0.032500
0 0.123750 0.191250 0.065000 0.057500
0 0.799375 0.148125 0.028750 0.028750
0 0.030000 0.673750 0.030000 0.027500
0 0.177500 0.821250 0.057500 0.057500
0 0.554375 0.799375 0.041250 0.041250
0 0.148750 0.071875 0.027500 0.023750
0 0.053750 0.388750 0.035000 0.035000
0 0.046250 0.042500 0.035000 0.035000
0 0.174375 0.719375 0.036250 0.036250