0 0.915000 0.881250 0.107500 0.107500
0 0.057500 0.430625 0.075000 0.053750
0 0.537500 0.127500 0.050000 0.050000
0 0.124375 0.658125 0.063750 0.053750
0 0.920625 0.447500 0.048750 0.040000
0 0.823125 0.831250 0.048750 0.045000
0 0.514375 0.363125 0.038750 0.038750
0 0.218125 0.493125 0.081250 0.081250
0 0.414375 0.781875 0.071250 0.071250
0 0.673125 0.705625 0.106250 0.106250
0 0.511250 0.597500 0.040000 0.040000
0 0.188125 0.409375 0.066250 0.066250
0 0.281875 0.743125 0.083750 0.083750
0 0.763750 0.471250 0.060000 0.060000
0 0.131250 0.905000 0.090000 0.090000
0 0.669375 0.340625 0.101250 0.101250
0 0.326875 0.071875 0.043750 0.043750
0 0.515000 0.772500 0.077500 0.077500
0 0.925000 0.171250 0.057500 0.035000
0 0.429375 0.255000 0.058750 0.035000
0 0.084375 0.530625 0.108750 0.066250
0 0.950625 0.778125 0.048750 0.028750
0 0.308750 0.866250 0.025000 0.020000
0 0.508125 0.483125 0.076250 0.076250
0 0.058125 0.775000 0.043750 0.057500
0 0.804375 0.655000 0.078750 0.062500
0 0.632500 0.834375 0.037500 0.028750
0 0.323750 0.538750 0.095000 0.095000
0 0.952500 0.099375 0.045000 0.041250
0 0.229375 0.677500 0.031250 0.025000
0 0.593125 0.158125 0.036250 0.036250
0 0.078750 0.307500 0.112500 0.112500
0 0.408750 0.100000 0.035000 0.035000
0 0.589375 0.464375 0.056250 0.056250
0 0.716250 0.126875 0.107500 0.106250
0 0.278750 0.355625 0.045000 0.043750
0 0.253750 0.930625 0.060000 0.058750
0 0.931250 0.604375 0.062500 0.061250
0 0.181250 0.783750 0.100000 0.100000
0 0.850000 0.554375 0.080000 0.091250
0 0.250625 0.179375 0.103750 0.118750
0 0.831875 0.109375 0.093750 0.093750
0 0.076250 0.152500 0.072500 0.072500
0 0.600625 0.898125 0.076250 0.076250
0 0.536250 0.671250 0.090000 0.090000
0 0.412500 0.317500 0.035000 0.035000
0 0.368125 0.875625 0.066250 0.066250
0 0.809375 0.733125 0.048750 0.048750
0 0.783125 0.313750 0.091250 0.125000
0 0.692500 0.236250 0.065000 0.052500
0 0.230625 0.304375 0.051250 0.041250
0 0.914375 0.686875 0.071250 0.071250
0 0.517500 0.870000 0.042500 0.042500
0 0.360625 0.160625 0.046250 0.046250
0 0.900625 0.320625 0.111250 0.143750
0 0.381875 0.396250 0.056250 0.072500
0 0.430000 0.565000 0.025000 0.030000
0 0.095000 0.065000 0.100000 0.082500