0 0.611875 0.641875 0.101250 0.101250
0 0.088125 0.418125 0.086250 0.086250
0 0.726250 0.690000 0.040000 0.040000
0 0.132500 0.112500 0.070000 0.070000
0 0.511250 0.603750 0.075000 0.075000
0 0.836250 0.721250 0.110000 0.110000
0 0.791250 0.201250 0.067500 0.067500
0 0.278750 0.100000 0.055000 0.055000
0 0.902500 0.121250 0.047500 0.047500
0 0.923750 0.758750 0.030000 0.030000
0 0.096875 0.551875 0.078750 0.063750
0 0.247500 0.365625 0.045000 0.043750
0 0.676875 0.958125 0.028750 0.026250
0 0.543750 0.133750 0.062500 0.057500
0 0.263125 0.546875 0.081250 0.081250
0 0.736250 0.942500 0.027500 0.027500
0 0.371875 0.176875 0.103750 0.103750
0 0.676250 0.273750 0.065000 0.065000
0 0.232500 0.747500 0.100000 0.100000
0 0.322500 0.316250 0.090000 0.077500
0 0.921875 0.233125 0.073750 0.063750
0 0.696250 0.050625 0.040000 0.043750
0 0.493750 0.279375 0.040000 0.043750
0 0.458750 0.704375 0.065000 0.071250
0 0.845625 0.883125 0.101250 0.111250
0 0.865625 0.524375 0.086250 0.086250
0 0.093125 0.786875 0.098750 0.098750
0 0.665000 0.157500 0.095000 0.115000
0 0.763125 0.549375 0.053750 0.051250
0 0.541250 0.880625 0.070000 0.066250
0 0.645625 0.490625 0.101250 0.096250
0 0.246250 0.180625 0.060000 0.061250
0 0.468750 0.086875 0.052500 0.053750
0 0.545000 0.214375 0.060000 0.061250
0 0.163125 0.340625 0.028750 0.028750
0 0.385625 0.603125 0.043750 0.043750
0 0.241250 0.613750 0.032500 0.022500
0 0.444375 0.810625 0.091250 0.081250
0 0.458125 0.411875 0.036250 0.031250
0 0.360625 0.906875 0.091250 0.081250
0 0.930000 0.062500 0.042500 0.037500
0 0.438125 0.581875 0.046250 0.046250
0 0.333125 0.428125 0.098750 0.098750
0 0.031875 0.056875 0.031250 0.031250
0 0.063125 0.920625 0.071250 0.066250
0 0.095000 0.643750 0.045000 0.045000
0 0.818125 0.345625 0.053750 0.048750
0 0.811250 0.426250 0.052500 0.047500
0 0.912500 0.331250 0.110000 0.110000
0 0.180000 0.420625 0.042500 0.038750
0 0.153750 0.220625 0.087500 0.081250
0 0.561875 0.327500 0.078750 0.072500
0 0.173125 0.884375 0.061250 0.056250
0 0.400625 0.036875 0.028750 0.028750
0 0.211875 0.115000 0.056250 0.045000
0 0.650000 0.845625 0.085000 0.068750
0 0.533750 0.404375 0.027500 0.021250
0 0.677500 0.396250 0.047500 0.037500
0 0.753750 0.616250 0.062500 0.062500
0 0.539375 0.485625 0.086250 0.111250
0 0.648125 0.048750 0.038750 0.050000
0 0.956250 0.828125 0.040000 0.056250
0 0.598750 0.069375 0.032500 0.046250
0 0.801875 0.071250 0.101250 0.100000
0 0.104375 0.313750 0.063750 0.062500
0 0.259375 0.865000 0.081250 0.080000
0 0.378750 0.722500 0.072500 0.072500
0 0.729375 0.798125 0.058750 0.058750
0 0.036875 0.206875 0.048750 0.048750