0 0.474375 0.295625 0.056250 0.056250
0 0.892500 0.126250 0.077500 0.077500
0 0.095625 0.079375 0.026250 0.026250
0 0.585000 0.098750 0.082500 0.070000
0 0.618750 0.606875 0.110000 0.093750
0 0.098125 0.128125 0.048750 0.048750
0 0.518750 0.041250 0.030000 0.030000
0 0.873750 0.450000 0.077500 0.075000
0 0.925000 0.863125 0.110000 0.106250
0 0.795625 0.702500 0.043750 0.042500
0 0.481250 0.117500 0.095000 0.095000
0 0.221875 0.751875 0.058750 0.058750
0 0.727500 0.591250 0.092500 0.065000
0 0.224375 0.468125 0.073750 0.051250
0 0.572500 0.895625 0.095000 0.066250
0 0.680000 0.425625 0.042500 0.028750
0 0.131875 0.661875 0.096250 0.176250
0 0.186250 0.886250 0.035000 0.035000
0 0.439375 0.219375 0.038750 0.038750
0 0.349375 0.629375 0.053750 0.053750
0 0.421250 0.653125 0.060000 0.113750
0 0.908750 0.730625 0.110000 0.093750
0 0.545625 0.256250 0.066250 0.062500
0 0.048750 0.648750 0.052500 0.050000
0 0.885625 0.266250 0.098750 0.102500
0 0.109375 0.231875 0.086250 0.086250
0 0.768750 0.823750 0.082500 0.082500
0 0.366875 0.314375 0.036250 0.036250
0 0.283750 0.367500 0.105000 0.105000
0 0.201875 0.134375 0.071250 0.071250
0 0.654375 0.745625 0.088750 0.083750
0 0.694375 0.088125 0.046250 0.043750
0 0.445000 0.362500 0.042500 0.040000
0 0.236875 0.577500 0.041250 0.037500
0 0.108750 0.531875 0.035000 0.031250
0 0.331875 0.089375 0.073750 0.066250
0 0.380000 0.488125 0.090000 0.081250
0 0.333750 0.810000 0.050000 0.070000
0 0.331250 0.242500 0.055000 0.055000
0 0.456250 0.903750 0.052500 0.052500
0 0.785625 0.411875 0.056250 0.056250
0 0.559375 0.391875 0.093750 0.093750
0 0.616875 0.214375 0.058750 0.053750
0 0.445000 0.755000 0.025000 0.022500
0 0.836875 0.598750 0.093750 0.085000
0 0.775625 0.470625 0.028750 0.026250
0 0.109375 0.874375 0.098750 0.078750
0 0.907500 0.370625 0.040000 0.031250
0 0.459375 0.805625 0.061250 0.048750
0 0.748125 0.175625 0.071250 0.056250
0 0.543125 0.753125 0.061250 0.061250
0 0.700000 0.306250 0.097500 0.097500
0 0.328750 0.936250 0.037500 0.037500
0 0.516875 0.513125 0.051250 0.051250
0 0.939375 0.589375 0.066250 0.066250
0 0.796250 0.061875 0.052500 0.036250
0 0.261875 0.650625 0.068750 0.076250
0 0.033750 0.508750 0.030000 0.030000
0 0.259375 0.875625 0.061250 0.061250
0 0.448125 0.566875 0.041250 0.041250
0 0.117500 0.387500 0.055000 0.055000
0 0.252500 0.262500 0.077500 0.062500
0 0.692500 0.484375 0.067500 0.033750
0 0.726875 0.923750 0.056250 0.070000