0 0.869375 0.379375 0.053750 0.053750
0 0.638750 0.750625 0.052500 0.028750
0 0.136250 0.621250 0.062500 0.087500
0 0.835625 0.185625 0.038750 0.053750
0 0.905625 0.711250 0.081250 0.115000
0 0.421250 0.348750 0.080000 0.112500
0 0.208750 0.886250 0.102500 0.102500
0 0.736875 0.230625 0.081250 0.081250
0 0.181875 0.126875 0.066250 0.066250
0 0.795625 0.703125 0.063750 0.068750
0 0.265000 0.522500 0.060000 0.060000
0 0.376250 0.887500 0.037500 0.037500
0 0.300000 0.156250 0.060000 0.060000
0 0.384375 0.180000 0.056250 0.045000
0 0.491250 0.656875 0.070000 0.078750
0 0.397500 0.516250 0.110000 0.125000
0 0.704375 0.090625 0.076250 0.076250
0 0.188750 0.270000 0.032500 0.032500
0 0.184375 0.435625 0.093750 0.093750
0 0.082500 0.868750 0.072500 0.072500
0 0.304375 0.925625 0.053750 0.053750
0 0.793750 0.876250 0.065000 0.065000
0 0.531250 0.531250 0.095000 0.095000
0 0.533750 0.852500 0.105000 0.105000
0 0.061875 0.474375 0.041250 0.041250
0 0.955625 0.866875 0.058750 0.058750
0 0.691875 0.384375 0.058750 0.056250
0 0.896250 0.485000 0.092500 0.092500
0 0.663125 0.675625 0.028750 0.028750
0 0.860625 0.305625 0.041250 0.041250
0 0.206875 0.664375 0.063750 0.063750
0 0.148750 0.326250 0.032500 0.032500
0 0.933750 0.145000 0.030000 0.030000
0 0.365625 0.691875 0.091250 0.091250
0 0.780625 0.608125 0.091250 0.088750
0 0.668125 0.937500 0.041250 0.040000
0 0.531875 0.278125 0.058750 0.056250
0 0.653750 0.283750 0.065000 0.065000
0 0.507500 0.171875 0.062500 0.058750
0 0.218750 0.787500 0.112500 0.075000
0 0.111875 0.243750 0.068750 0.045000
0 0.858125 0.089375 0.093750 0.093750
0 0.265000 0.235000 0.042500 0.042500
0 0.922500 0.572500 0.042500 0.057500
0 0.423125 0.086250 0.096250 0.095000
0 0.655625 0.578125 0.091250 0.091250
0 0.253125 0.588125 0.056250 0.056250
0 0.337500 0.767500 0.110000 0.037500
0 0.220625 0.312500 0.086250 0.030000
0 0.638125 0.875000 0.088750 0.030000
0 0.637500 0.804375 0.047500 0.016250
0 0.267500 0.037500 0.030000 0.030000
0 0.743750 0.502500 0.067500 0.067500
0 0.753750 0.784375 0.077500 0.056250
0 0.591250 0.401875 0.060000 0.043750
0 0.155000 0.545000 0.055000 0.040000
0 0.883750 0.831250 0.067500 0.067500
0 0.530000 0.056250 0.077500 0.077500
0 0.088125 0.721875 0.073750 0.073750
0 0.932500 0.301250 0.070000 0.070000
0 0.088125 0.108125 0.086250 0.086250
0 0.616875 0.120625 0.078750 0.078750
0 0.558750 0.743125 0.060000 0.056250
0 0.513125 0.386250 0.078750 0.075000
0 0.933750 0.213750 0.080000 0.080000
0 0.316875 0.398125 0.073750 0.073750
0 0.041875 0.634375 0.056250 0.056250
0 0.794375 0.395625 0.046250 0.046250
0 0.350000 0.251875 0.075000 0.053750
0 0.086250 0.343750 0.067500 0.067500
0 0.447500 0.863750 0.032500 0.032500
0 0.495625 0.930625 0.036250 0.036250
0 0.105000 0.425000 0.037500 0.037500
0 0.726875 0.924375 0.038750 0.041250
0 0.468125 0.738750 0.071250 0.057500
0 0.561250 0.657500 0.047500 0.037500
0 0.761250 0.311250 0.047500 0.047500
0 0.448125 0.229375 0.033750 0.033750
0 0.277500 0.682500 0.047500 0.047500
0 0.390000 0.942500 0.035000 0.035000
0 0.671250 0.461250 0.057500 0.057500
0 0.180625 0.055625 0.048750 0.048750
0 0.058750 0.566250 0.042500 0.042500
0 0.824375 0.946875 0.043750 0.043750