0 0.498125 0.939375 0.061250 0.068750
0 0.825000 0.485000 0.050000 0.050000
0 0.171250 0.293750 0.045000 0.045000
0 0.115000 0.462500 0.052500 0.052500
0 0.113750 0.928750 0.065000 0.052500
0 0.680625 0.546250 0.043750 0.035000
0 0.339375 0.920625 0.068750 0.066250
0 0.564375 0.921250 0.051250 0.050000
0 0.243125 0.107500 0.051250 0.050000
0 0.524375 0.364375 0.066250 0.063750
0 0.551250 0.641875 0.097500 0.063750
0 0.463125 0.259375 0.083750 0.083750
0 0.272500 0.492500 0.057500 0.057500
0 0.872500 0.316250 0.087500 0.117500
0 0.875625 0.598750 0.098750 0.132500
0 0.706875 0.899375 0.073750 0.098750
0 0.786250 0.087500 0.075000 0.100000
0 0.096875 0.718125 0.046250 0.046250
0 0.842500 0.791250 0.085000 0.085000
0 0.101250 0.812500 0.070000 0.070000
0 0.660000 0.217500 0.067500 0.067500
0 0.393125 0.766875 0.111250 0.138750
0 0.296250 0.209375 0.027500 0.033750
0 0.218750 0.786250 0.110000 0.155000
0 0.541875 0.781250 0.081250 0.115000
0 0.290000 0.664375 0.052500 0.073750
0 0.608750 0.087500 0.050000 0.070000
0 0.501250 0.112500 0.095000 0.095000
0 0.095000 0.115000 0.080000 0.080000
0 0.659375 0.696250 0.076250 0.087500
0 0.433125 0.408750 0.091250 0.102500
0 0.596875 0.511250 0.036250 0.035000
0 0.906875 0.930625 0.066250 0.063750
0 0.828750 0.206250 0.090000 0.087500
0 0.533750 0.546250 0.065000 0.067500
0 0.755625 0.369375 0.083750 0.083750
0 0.402500 0.633750 0.065000 0.065000
0 0.200625 0.613125 0.103750 0.103750
0 0.313750 0.367500 0.110000 0.100000
0 0.198125 0.368750 0.088750 0.080000
0 0.373750 0.148750 0.032500 0.037500
0 0.718125 0.478125 0.081250 0.081250
0 0.793750 0.905000 0.077500 0.077500
0 0.076250 0.211250 0.067500 0.067500
0 0.620625 0.393125 0.098750 0.098750
0 0.040625 0.645625 0.041250 0.041250
0 0.350000 0.533750 0.045000 0.045000
0 0.167500 0.481875 0.032500 0.043750
0 0.911250 0.441250 0.062500 0.085000
0 0.922500 0.840000 0.042500 0.057500
0 0.062500 0.397500 0.060000 0.062500
0 0.755000 0.755000 0.075000 0.077500
0 0.082500 0.558750 0.110000 0.115000
0 0.726250 0.276875 0.037500 0.038750
0 0.318750 0.056250 0.075000 0.075000
0 0.639375 0.806875 0.071250 0.071250
0 0.236250 0.915625 0.047500 0.048750
0 0.045625 0.288125 0.033750 0.041250
0 0.913750 0.169375 0.027500 0.033750
0 0.288750 0.277500 0.055000 0.055000
0 0.194375 0.434375 0.026250 0.023750
0 0.421250 0.868750 0.037500 0.037500
0 0.534375 0.428125 0.048750 0.048750
0 0.541875 0.236875 0.051250 0.051250
0 0.778750 0.572500 0.055000 0.055000
0 0.920625 0.091875 0.093750 0.093750
0 0.691875 0.074375 0.083750 0.083750
0 0.950625 0.344375 0.038750 0.038750
0 0.945625 0.738125 0.066250 0.066250
0 0.361250 0.197500 0.045000 0.045000
0 0.607500 0.295000 0.050000 0.050000
0 0.751875 0.226875 0.043750 0.043750
0 0.950625 0.273750 0.053750 0.060000
0 0.775000 0.293750 0.042500 0.042500
0 0.772500 0.641250 0.052500 0.052500
0 0.436875 0.526250 0.111250 0.110000
0 0.593750 0.158125 0.025000 0.026250
0 0.213750 0.049375 0.027500 0.016250
0 0.186875 0.162500 0.053750 0.032500
0 0.092500 0.869375 0.040000 0.023750
0 0.478750 0.191250 0.057500 0.035000
0 0.961250 0.216250 0.042500 0.032500
0 0.964375 0.644375 0.043750 0.043750