0 0.189375 0.228125 0.088750 0.071250
0 0.048750 0.338750 0.032500 0.032500
0 0.898750 0.761250 0.025000 0.025000
0 0.240625 0.558125 0.096250 0.096250
0 0.872500 0.897500 0.075000 0.075000
0 0.603125 0.924375 0.101250 0.096250
0 0.221250 0.790625 0.080000 0.076250
0 0.490000 0.755000 0.082500 0.082500
0 0.461250 0.907500 0.045000 0.045000
0 0.895625 0.533125 0.036250 0.036250
0 0.127500 0.488750 0.075000 0.075000
0 0.553125 0.521875 0.088750 0.096250
0 0.362500 0.912500 0.090000 0.090000
0 0.736250 0.092500 0.055000 0.055000
0 0.055000 0.782500 0.027500 0.027500
0 0.749375 0.458125 0.108750 0.108750
0 0.643125 0.594375 0.046250 0.046250
0 0.210625 0.441875 0.056250 0.056250
0 0.866875 0.076250 0.111250 0.112500
0 0.764375 0.884375 0.061250 0.061250
0 0.643125 0.765625 0.058750 0.058750
0 0.213125 0.139375 0.088750 0.088750
0 0.597500 0.208750 0.112500 0.112500
0 0.089375 0.318750 0.028750 0.020000
0 0.490625 0.100625 0.071250 0.071250
0 0.305625 0.333125 0.078750 0.078750
0 0.348750 0.812500 0.030000 0.030000
0 0.737500 0.208750 0.110000 0.110000
0 0.801250 0.371250 0.035000 0.035000
0 0.731875 0.690000 0.058750 0.097500
0 0.366250 0.604375 0.085000 0.141250
0 0.805000 0.720625 0.062500 0.103750
0 0.480000 0.320625 0.082500 0.076250
0 0.129375 0.378125 0.048750 0.048750
0 0.240000 0.668750 0.105000 0.105000
0 0.058125 0.919375 0.063750 0.063750
0 0.386875 0.088125 0.048750 0.048750
0 0.575625 0.625625 0.071250 0.071250
0 0.498125 0.838125 0.041250 0.041250
0 0.061250 0.106250 0.090000 0.090000
0 0.461250 0.204375 0.107500 0.116250
0 0.940000 0.642500 0.035000 0.037500
0 0.106875 0.716875 0.073750 0.078750
0 0.063125 0.551250 0.091250 0.035000
0 0.643125 0.483125 0.041250 0.041250
0 0.053125 0.205000 0.053750 0.057500
0 0.191250 0.353750 0.040000 0.042500
0 0.610625 0.082500 0.091250 0.097500
0 0.178125 0.890625 0.086250 0.091250
0 0.809375 0.539375 0.036250 0.036250