0 0.273125 0.503125 0.056250 0.056250
0 0.491250 0.593750 0.050000 0.050000
0 0.358750 0.862500 0.097500 0.097500
0 0.691875 0.913125 0.076250 0.076250
0 0.140625 0.923125 0.061250 0.061250
0 0.798125 0.251875 0.111250 0.113750
0 0.431250 0.216875 0.065000 0.066250
0 0.287500 0.302500 0.080000 0.080000
0 0.801875 0.537500 0.108750 0.115000
0 0.501250 0.715000 0.110000 0.110000
0 0.586875 0.236875 0.093750 0.093750
0 0.242500 0.820000 0.025000 0.025000
0 0.148750 0.709375 0.102500 0.106250
0 0.700625 0.272500 0.053750 0.055000
0 0.605000 0.361250 0.105000 0.092500
0 0.030625 0.300000 0.033750 0.032500
0 0.285000 0.067500 0.082500 0.082500
0 0.595000 0.873750 0.097500 0.097500
0 0.615000 0.760000 0.067500 0.067500
0 0.921250 0.063750 0.080000 0.080000
0 0.099375 0.559375 0.066250 0.086250
0 0.393750 0.330625 0.105000 0.126250
0 0.327500 0.202500 0.065000 0.077500
0 0.176250 0.176250 0.087500 0.105000
0 0.929375 0.451875 0.073750 0.073750
0 0.589375 0.121875 0.101250 0.101250
0 0.623125 0.593125 0.053750 0.053750
0 0.806875 0.934375 0.061250 0.061250
0 0.403750 0.516250 0.100000 0.107500
0 0.808125 0.855000 0.053750 0.057500
0 0.595625 0.491250 0.061250 0.087500
0 0.788125 0.681875 0.106250 0.151250
0 0.321875 0.680000 0.096250 0.137500
0 0.919375 0.826875 0.088750 0.126250
0 0.766875 0.457500 0.038750 0.022500
0 0.260625 0.173750 0.026250 0.015000
0 0.134375 0.406875 0.101250 0.101250
0 0.484375 0.830000 0.046250 0.045000
0 0.668125 0.681875 0.068750 0.068750
0 0.819375 0.076875 0.103750 0.103750
0 0.918125 0.689375 0.098750 0.098750
0 0.070625 0.834375 0.046250 0.046250
0 0.921250 0.342500 0.050000 0.050000
0 0.134375 0.311875 0.048750 0.048750
0 0.505625 0.404375 0.031250 0.031250
0 0.924375 0.574375 0.041250 0.041250
0 0.406250 0.147500 0.030000 0.017500
0 0.080625 0.052500 0.101250 0.060000
0 0.363125 0.774375 0.033750 0.033750
0 0.489375 0.895625 0.061250 0.061250
0 0.692500 0.097500 0.070000 0.070000
0 0.060625 0.153125 0.043750 0.043750
0 0.790000 0.369375 0.087500 0.088750
0 0.606875 0.666875 0.038750 0.038750
0 0.866250 0.346250 0.030000 0.030000
0 0.186875 0.546875 0.051250 0.051250
0 0.685625 0.358125 0.038750 0.038750
0 0.261875 0.405000 0.086250 0.077500
0 0.688125 0.499375 0.068750 0.061250
0 0.683750 0.773750 0.050000 0.045000
0 0.161250 0.091875 0.032500 0.041250
0 0.464375 0.152500 0.038750 0.037500
0 0.244375 0.952500 0.041250 0.040000
0 0.403125 0.062500 0.068750 0.065000
0 0.947500 0.199375 0.080000 0.076250
0 0.238125 0.887500 0.078750 0.075000
0 0.206875 0.266250 0.026250 0.017500
0 0.142500 0.836250 0.072500 0.082500
0 0.913125 0.270000 0.041250 0.047500
0 0.055625 0.733750 0.046250 0.052500
0 0.881250 0.156875 0.032500 0.033750
0 0.486875 0.483125 0.036250 0.036250
0 0.576250 0.618750 0.025000 0.040000
0 0.074375 0.900000 0.048750 0.047500
0 0.045000 0.673750 0.045000 0.045000
0 0.250000 0.585000 0.037500 0.037500
0 0.501875 0.211875 0.043750 0.041250
0 0.681250 0.195000 0.065000 0.065000
0 0.694375 0.838750 0.051250 0.055000
0 0.506875 0.336875 0.063750 0.063750
0 0.406250 0.783750 0.035000 0.035000