0 0.210625 0.535625 0.098750 0.098750
0 0.464375 0.784375 0.078750 0.078750
0 0.481250 0.900000 0.047500 0.047500
0 0.148125 0.235625 0.076250 0.076250
0 0.522500 0.301875 0.025000 0.023750
0 0.483750 0.170000 0.040000 0.040000
0 0.399375 0.121875 0.101250 0.101250
0 0.566875 0.495625 0.076250 0.076250
0 0.222500 0.827500 0.112500 0.092500
0 0.212500 0.723125 0.045000 0.061250
0 0.670000 0.537500 0.087500 0.120000
0 0.495000 0.661875 0.085000 0.116250
0 0.743750 0.202500 0.080000 0.110000
0 0.797500 0.953750 0.035000 0.035000
0 0.071875 0.715000 0.083750 0.062500
0 0.277500 0.620000 0.045000 0.045000
0 0.648125 0.111875 0.038750 0.038750
0 0.271250 0.258750 0.080000 0.080000
0 0.177500 0.046250 0.057500 0.057500
0 0.896250 0.225000 0.107500 0.107500
0 0.050000 0.331250 0.067500 0.067500
0 0.762500 0.763750 0.042500 0.042500
0 0.680625 0.320625 0.066250 0.066250
0 0.440000 0.393750 0.097500 0.097500
0 0.924375 0.441875 0.106250 0.106250
0 0.087500 0.591250 0.097500 0.097500
0 0.211875 0.401250 0.031250 0.027500
0 0.765000 0.443750 0.025000 0.022500
0 0.606250 0.737500 0.052500 0.057500
0 0.073125 0.449375 0.081250 0.088750
0 0.908125 0.602500 0.073750 0.075000
0 0.065625 0.072500 0.061250 0.062500
0 0.701875 0.396875 0.031250 0.031250
0 0.300000 0.071250 0.075000 0.075000
0 0.841875 0.845000 0.106250 0.082500
0 0.529375 0.087500 0.111250 0.110000
0 0.173750 0.136875 0.065000 0.063750
0 0.314375 0.534375 0.076250 0.076250
0 0.663750 0.938750 0.050000 0.050000
0 0.716875 0.688125 0.073750 0.073750
0 0.833750 0.330000 0.062500 0.062500
0 0.075000 0.909375 0.100000 0.121250
0 0.587500 0.225000 0.110000 0.110000
0 0.261250 0.937500 0.037500 0.040000
0 0.370000 0.211250 0.047500 0.047500
0 0.943125 0.851875 0.033750 0.033750
0 0.598750 0.367500 0.062500 0.062500
0 0.733750 0.838750 0.060000 0.060000
0 0.641875 0.859375 0.073750 0.073750
0 0.907500 0.082500 0.112500 0.112500
0 0.920625 0.733125 0.098750 0.098750
0 0.379375 0.671250 0.111250 0.120000
0 0.479375 0.296875 0.026250 0.031250
0 0.421875 0.516875 0.101250 0.101250
0 0.273125 0.435625 0.038750 0.038750
0 0.776250 0.062500 0.100000 0.100000
0 0.285625 0.149375 0.056250 0.056250
0 0.369375 0.933125 0.041250 0.041250
0 0.798125 0.652500 0.066250 0.065000
0 0.591250 0.598750 0.055000 0.055000
0 0.838125 0.505625 0.038750 0.036250
0 0.186250 0.916875 0.052500 0.051250
0 0.373750 0.813750 0.070000 0.067500
0 0.553750 0.927500 0.062500 0.062500
0 0.165000 0.336250 0.055000 0.055000
0 0.329375 0.356875 0.101250 0.091250
0 0.204375 0.656875 0.033750 0.033750
0 0.903125 0.317500 0.056250 0.050000
0 0.950625 0.931250 0.073750 0.065000
0 0.807500 0.587500 0.027500 0.027500