0 0.824375 0.741875 0.058750 0.058750
0 0.262500 0.082500 0.042500 0.042500
0 0.855000 0.153750 0.047500 0.047500
0 0.355000 0.616250 0.075000 0.075000
0 0.397500 0.445000 0.040000 0.040000
0 0.393125 0.790625 0.078750 0.078750
0 0.622500 0.566250 0.107500 0.130000
0 0.411875 0.343750 0.086250 0.080000
0 0.296250 0.162500 0.100000 0.092500
0 0.452500 0.503750 0.057500 0.052500
0 0.080000 0.055000 0.067500 0.062500
0 0.530000 0.702500 0.090000 0.090000
0 0.128750 0.660000 0.062500 0.062500
0 0.511250 0.401250 0.085000 0.080000
0 0.612500 0.085000 0.055000 0.055000
0 0.858750 0.857500 0.052500 0.052500
0 0.445000 0.627500 0.037500 0.037500
0 0.697500 0.395000 0.035000 0.035000
0 0.848750 0.222500 0.067500 0.067500
0 0.813125 0.375625 0.026250 0.026250
0 0.595000 0.412500 0.030000 0.030000
0 0.926875 0.603750 0.048750 0.045000
0 0.715000 0.916875 0.110000 0.103750
0 0.770000 0.303750 0.040000 0.037500
0 0.171875 0.289375 0.073750 0.068750
0 0.160625 0.180625 0.106250 0.106250
0 0.466875 0.814375 0.041250 0.041250
0 0.916250 0.488750 0.060000 0.047500
0 0.524375 0.090000 0.101250 0.080000
0 0.923125 0.338750 0.081250 0.087500
0 0.103750 0.800000 0.102500 0.110000
0 0.589375 0.916250 0.076250 0.082500
0 0.217500 0.666250 0.075000 0.075000
0 0.141875 0.923125 0.088750 0.088750
0 0.717500 0.053750 0.042500 0.042500
0 0.432500 0.093750 0.047500 0.047500
0 0.705625 0.723125 0.028750 0.028750
0 0.288750 0.885000 0.085000 0.075000
0 0.249375 0.438750 0.096250 0.085000
0 0.828125 0.526250 0.101250 0.090000
0 0.650625 0.161875 0.066250 0.066250
0 0.793750 0.058750 0.092500 0.092500
0 0.420625 0.870625 0.038750 0.038750
0 0.285625 0.296875 0.066250 0.066250
0 0.064375 0.465625 0.103750 0.103750
0 0.537500 0.270000 0.090000 0.090000
0 0.667500 0.285000 0.090000 0.090000
0 0.798125 0.646875 0.098750 0.098750
0 0.255625 0.528125 0.076250 0.076250
0 0.353750 0.527500 0.075000 0.075000
0 0.160625 0.551875 0.058750 0.058750
0 0.080000 0.283750 0.085000 0.085000
0 0.292500 0.753750 0.082500 0.082500
0 0.735625 0.169375 0.081250 0.071250
0 0.591875 0.820625 0.103750 0.091250
0 0.088750 0.548125 0.035000 0.021250
0 0.321875 0.087500 0.056250 0.035000
0 0.639375 0.441875 0.038750 0.023750
0 0.395000 0.685000 0.035000 0.032500
0 0.918750 0.710000 0.107500 0.107500
0 0.034375 0.897500 0.038750 0.040000
0 0.058750 0.661250 0.057500 0.095000
0 0.926250 0.193750 0.072500 0.120000
0 0.374375 0.135625 0.033750 0.036250
0 0.968125 0.955000 0.038750 0.037500
0 0.893125 0.945000 0.038750 0.037500
0 0.489375 0.910000 0.053750 0.052500
0 0.431875 0.198125 0.051250 0.051250
0 0.737500 0.827500 0.057500 0.057500
0 0.949375 0.883125 0.038750 0.038750
0 0.689375 0.668125 0.058750 0.058750
0 0.448750 0.706250 0.057500 0.057500
0 0.730000 0.505000 0.050000 0.050000
0 0.577500 0.178125 0.050000 0.078750
0 0.926250 0.054375 0.050000 0.068750
0 0.803125 0.921250 0.048750 0.055000