0 0.596250 0.597500 0.065000 0.055000
0 0.851875 0.375000 0.073750 0.062500
0 0.816250 0.231875 0.087500 0.073750
0 0.086875 0.122500 0.096250 0.080000
0 0.302500 0.449375 0.112500 0.101250
0 0.405000 0.928750 0.045000 0.040000
0 0.068750 0.466250 0.102500 0.102500
0 0.306250 0.898750 0.097500 0.097500
0 0.111875 0.764375 0.048750 0.048750
0 0.430625 0.251250 0.068750 0.070000
0 0.451250 0.500625 0.082500 0.083750
0 0.233750 0.926250 0.027500 0.027500
0 0.107500 0.285000 0.102500 0.122500
0 0.638125 0.156875 0.061250 0.056250
0 0.046875 0.665625 0.048750 0.043750
0 0.275000 0.665000 0.025000 0.022500
0 0.739375 0.791875 0.076250 0.076250
0 0.492500 0.702500 0.082500 0.082500
0 0.750000 0.051250 0.050000 0.050000
0 0.690625 0.371250 0.036250 0.035000
0 0.768750 0.523750 0.060000 0.072500
0 0.631875 0.277500 0.043750 0.052500
0 0.197500 0.838125 0.092500 0.111250
0 0.360625 0.267500 0.053750 0.065000
0 0.688125 0.429375 0.043750 0.043750
0 0.778750 0.928750 0.085000 0.085000
0 0.576875 0.916875 0.103750 0.103750
0 0.193125 0.590000 0.086250 0.067500
0 0.483750 0.151250 0.067500 0.052500
0 0.565000 0.473125 0.072500 0.056250
0 0.626875 0.075625 0.068750 0.066250
0 0.875000 0.646250 0.057500 0.057500
0 0.301250 0.108750 0.100000 0.100000
0 0.928125 0.546875 0.026250 0.026250
0 0.408750 0.828750 0.075000 0.075000
0 0.212500 0.218750 0.087500 0.087500
0 0.224375 0.334375 0.108750 0.108750
0 0.941250 0.043750 0.057500 0.057500
0 0.605625 0.725000 0.081250 0.087500
0 0.361875 0.695625 0.096250 0.096250
0 0.539375 0.345625 0.111250 0.111250
0 0.483125 0.843125 0.058750 0.056250
0 0.116875 0.606250 0.046250 0.045000
0 0.748750 0.131250 0.067500 0.065000
0 0.475625 0.595625 0.066250 0.063750
0 0.923125 0.245625 0.093750 0.093750
0 0.918750 0.927500 0.082500 0.082500
0 0.094375 0.921875 0.086250 0.093750
0 0.894375 0.766875 0.081250 0.081250
0 0.683125 0.523750 0.091250 0.120000
0 0.751250 0.714375 0.035000 0.046250
0 0.752500 0.455000 0.025000 0.032500
0 0.586250 0.818125 0.060000 0.078750
0 0.666250 0.868750 0.060000 0.060000
0 0.863125 0.471875 0.108750 0.108750
0 0.890625 0.133125 0.093750 0.093750
0 0.171250 0.682500 0.080000 0.080000
0 0.450625 0.388125 0.036250 0.036250
0 0.969375 0.638125 0.033750 0.033750
0 0.211250 0.098750 0.047500 0.045000
0 0.774375 0.364375 0.066250 0.061250
0 0.479375 0.960625 0.026250 0.026250
0 0.536250 0.607500 0.030000 0.030000
0 0.958750 0.680000 0.030000 0.030000
0 0.291875 0.555625 0.058750 0.058750
0 0.048750 0.593750 0.065000 0.065000
0 0.654375 0.945000 0.028750 0.025000
0 0.312500 0.812500 0.045000 0.045000
0 0.600625 0.215625 0.046250 0.046250
0 0.553125 0.128125 0.053750 0.053750
0 0.158750 0.478750 0.062500 0.062500
0 0.400625 0.058750 0.078750 0.075000
0 0.066250 0.188125 0.032500 0.028750
0 0.968125 0.866250 0.028750 0.025000
0 0.280625 0.756250 0.051250 0.045000
0 0.836875 0.840625 0.041250 0.041250
0 0.943750 0.372500 0.075000 0.075000
0 0.360625 0.335000 0.058750 0.055000
0 0.380000 0.140000 0.040000 0.040000
0 0.730000 0.244375 0.062500 0.058750
0 0.068125 0.820625 0.043750 0.041250
0 0.520625 0.041875 0.038750 0.036250
0 0.439375 0.320625 0.048750 0.038750
0 0.585625 0.535000 0.056250 0.052500