0 0.245625 0.541250 0.068750 0.055000
0 0.448750 0.403125 0.085000 0.053750
0 0.221875 0.855625 0.068750 0.043750
0 0.885000 0.712500 0.095000 0.097500
0 0.924375 0.598125 0.096250 0.096250
0 0.531250 0.556875 0.032500 0.031250
0 0.320625 0.276875 0.083750 0.081250
0 0.851875 0.277500 0.036250 0.035000
0 0.591250 0.361250 0.100000 0.097500
0 0.821250 0.893750 0.040000 0.040000
0 0.265625 0.410625 0.111250 0.111250
0 0.711250 0.097500 0.087500 0.087500
0 0.359375 0.883125 0.053750 0.053750
0 0.074375 0.253125 0.076250 0.076250
0 0.832500 0.431250 0.102500 0.102500
0 0.890000 0.061250 0.045000 0.045000
0 0.153125 0.664375 0.108750 0.108750
0 0.068125 0.393125 0.106250 0.113750
0 0.758750 0.684375 0.035000 0.033750
0 0.287500 0.060000 0.047500 0.080000
0 0.545000 0.736875 0.077500 0.131250
0 0.361250 0.663750 0.080000 0.135000
0 0.636250 0.497500 0.065000 0.070000
0 0.675625 0.901875 0.096250 0.096250
0 0.940625 0.344375 0.078750 0.078750
0 0.548750 0.231250 0.067500 0.067500
0 0.751250 0.514375 0.037500 0.033750
0 0.570000 0.858750 0.082500 0.082500
0 0.468750 0.913750 0.097500 0.097500
0 0.062500 0.096250 0.072500 0.072500
0 0.731875 0.421875 0.038750 0.038750
0 0.377500 0.825000 0.032500 0.032500
0 0.253750 0.601250 0.025000 0.022500
0 0.777500 0.311875 0.095000 0.088750
0 0.711875 0.809375 0.076250 0.071250
0 0.840000 0.559375 0.047500 0.043750
0 0.439375 0.660625 0.048750 0.048750
0 0.248750 0.163125 0.100000 0.098750
0 0.048750 0.829375 0.047500 0.046250
0 0.440625 0.185000 0.093750 0.092500
0 0.070625 0.512500 0.096250 0.095000
0 0.756250 0.913750 0.047500 0.037500
0 0.534375 0.055625 0.058750 0.058750
0 0.162500 0.524375 0.062500 0.076250
0 0.448750 0.501250 0.102500 0.102500
0 0.793750 0.168750 0.037500 0.037500
0 0.532500 0.475000 0.037500 0.037500
0 0.800625 0.730000 0.036250 0.032500
0 0.271250 0.753750 0.067500 0.060000
0 0.523750 0.142500 0.032500 0.032500