0 0.381875 0.460625 0.033750 0.033750
0 0.530000 0.672500 0.110000 0.110000
0 0.286875 0.921875 0.083750 0.083750
0 0.060625 0.431875 0.071250 0.071250
0 0.929375 0.744375 0.111250 0.111250
0 0.280000 0.514375 0.112500 0.158750
0 0.904375 0.920000 0.026250 0.035000
0 0.456250 0.408750 0.040000 0.055000
0 0.793750 0.925000 0.030000 0.030000
0 0.705625 0.431250 0.106250 0.090000
0 0.080000 0.699375 0.087500 0.073750
0 0.057500 0.169375 0.047500 0.036250
0 0.743750 0.556875 0.057500 0.043750
0 0.407500 0.905625 0.072500 0.056250
0 0.680625 0.224375 0.103750 0.103750
0 0.326875 0.695625 0.106250 0.106250
0 0.681250 0.331250 0.057500 0.057500
0 0.108125 0.240625 0.111250 0.058750
0 0.838125 0.476875 0.111250 0.058750
0 0.206875 0.329375 0.108750 0.103750
0 0.506250 0.526250 0.032500 0.030000
0 0.825000 0.261250 0.057500 0.057500
0 0.147500 0.142500 0.057500 0.057500
0 0.493750 0.792500 0.080000 0.080000
0 0.343750 0.192500 0.025000 0.025000
0 0.170625 0.862500 0.103750 0.122500
0 0.885625 0.329375 0.066250 0.063750
0 0.725000 0.688750 0.080000 0.080000
0 0.768125 0.063125 0.101250 0.101250
0 0.195000 0.616250 0.027500 0.017500
0 0.485625 0.470625 0.028750 0.018750
0 0.955625 0.438750 0.061250 0.040000
0 0.288750 0.270000 0.027500 0.027500
0 0.432500 0.697500 0.055000 0.055000
0 0.320625 0.114375 0.061250 0.061250
0 0.631875 0.685625 0.038750 0.038750
0 0.653750 0.553750 0.067500 0.067500
0 0.898125 0.565000 0.058750 0.057500
0 0.938750 0.055625 0.060000 0.058750
0 0.926250 0.624375 0.042500 0.041250
0 0.853125 0.055000 0.033750 0.035000
0 0.728750 0.946875 0.035000 0.033750
0 0.451250 0.286250 0.112500 0.110000
0 0.843750 0.879375 0.052500 0.051250
0 0.885625 0.153125 0.108750 0.108750
0 0.477500 0.065625 0.060000 0.058750
0 0.675000 0.091875 0.050000 0.048750
0 0.575625 0.031250 0.036250 0.035000
0 0.768125 0.186250 0.036250 0.035000
0 0.645625 0.850625 0.038750 0.038750
0 0.183750 0.556250 0.042500 0.042500
0 0.062500 0.787500 0.052500 0.052500
0 0.135625 0.455625 0.033750 0.033750
0 0.761250 0.790000 0.070000 0.070000
0 0.113125 0.355625 0.053750 0.053750
0 0.405625 0.056875 0.038750 0.031250
0 0.093125 0.068125 0.061250 0.061250
0 0.386875 0.385625 0.043750 0.043750
0 0.558750 0.250625 0.085000 0.068750
0 0.568125 0.388750 0.026250 0.025000
0 0.210000 0.044375 0.035000 0.033750
0 0.534375 0.116875 0.033750 0.033750
0 0.418750 0.558750 0.072500 0.072500
0 0.280000 0.830000 0.082500 0.082500
0 0.509375 0.913750 0.066250 0.100000
0 0.188750 0.716875 0.100000 0.106250
0 0.690625 0.788125 0.036250 0.038750
0 0.300000 0.315000 0.037500 0.040000
0 0.103125 0.570625 0.098750 0.081250
0 0.372500 0.835625 0.057500 0.051250
0 0.814375 0.656875 0.066250 0.096250
0 0.553750 0.558750 0.047500 0.047500
0 0.596250 0.911875 0.072500 0.051250
0 0.954375 0.932500 0.053750 0.037500
0 0.936250 0.486875 0.060000 0.041250
0 0.079375 0.939375 0.058750 0.058750
0 0.615000 0.327500 0.055000 0.055000
0 0.809375 0.570625 0.031250 0.031250
0 0.438750 0.147500 0.080000 0.080000
0 0.815625 0.335625 0.043750 0.038750
0 0.669375 0.940625 0.046250 0.041250
0 0.602500 0.796250 0.035000 0.050000
0 0.407500 0.643750 0.030000 0.032500
0 0.186250 0.413750 0.035000 0.037500
0 0.283125 0.223125 0.036250 0.048750
0 0.930000 0.848750 0.032500 0.032500
0 0.220625 0.231875 0.068750 0.068750