0 0.266250 0.790625 0.065000 0.071250
0 0.236875 0.243750 0.086250 0.095000
0 0.330000 0.151250 0.052500 0.057500
0 0.631250 0.381250 0.052500 0.057500
0 0.517500 0.090000 0.095000 0.095000
0 0.614375 0.680000 0.046250 0.040000
0 0.894375 0.923750 0.078750 0.075000
0 0.252500 0.890625 0.047500 0.061250
0 0.715625 0.816250 0.026250 0.017500
0 0.695625 0.268750 0.078750 0.052500
0 0.493750 0.771250 0.087500 0.057500
0 0.671875 0.480000 0.093750 0.062500
0 0.942500 0.312500 0.087500 0.087500
0 0.343125 0.589375 0.103750 0.103750
0 0.399375 0.771875 0.086250 0.086250
0 0.900625 0.778125 0.043750 0.043750
0 0.721250 0.155000 0.092500 0.092500
0 0.426875 0.459375 0.051250 0.051250
0 0.091875 0.678125 0.088750 0.088750
0 0.799375 0.423125 0.091250 0.073750
0 0.506875 0.178125 0.048750 0.048750
0 0.171875 0.666875 0.053750 0.053750
0 0.230625 0.576875 0.106250 0.106250
0 0.210625 0.336875 0.051250 0.051250
0 0.427500 0.891250 0.050000 0.060000
0 0.405000 0.100000 0.082500 0.082500
0 0.635625 0.905625 0.071250 0.071250
0 0.175000 0.900000 0.090000 0.090000
0 0.938125 0.090000 0.086250 0.092500
0 0.774375 0.795000 0.053750 0.057500
0 0.305625 0.412500 0.086250 0.092500
0 0.521875 0.893125 0.091250 0.091250
0 0.498125 0.305000 0.091250 0.097500
0 0.065625 0.316250 0.033750 0.035000
0 0.815625 0.535000 0.058750 0.062500
0 0.816875 0.310625 0.081250 0.086250
0 0.120625 0.770625 0.058750 0.063750
0 0.715625 0.648125 0.086250 0.093750
0 0.511875 0.568750 0.078750 0.085000
0 0.591250 0.269375 0.057500 0.058750
0 0.888125 0.668125 0.106250 0.106250
0 0.070000 0.070000 0.095000 0.095000
0 0.081875 0.464375 0.036250 0.036250
0 0.816875 0.890625 0.041250 0.041250
0 0.383750 0.271250 0.102500 0.102500
0 0.151875 0.208125 0.038750 0.038750
0 0.731250 0.852500 0.042500 0.032500
0 0.553125 0.429375 0.041250 0.031250
0 0.147500 0.459375 0.065000 0.081250
0 0.815625 0.070625 0.076250 0.076250
0 0.041875 0.916250 0.056250 0.070000
0 0.600625 0.046875 0.028750 0.033750
0 0.946875 0.528750 0.031250 0.037500
0 0.343750 0.890000 0.070000 0.070000
0 0.260625 0.063125 0.086250 0.086250
0 0.096250 0.258750 0.052500 0.052500
0 0.622500 0.751250 0.100000 0.070000
0 0.931250 0.440000 0.097500 0.100000
0 0.095000 0.392500 0.042500 0.035000
0 0.404375 0.031875 0.038750 0.038750
0 0.068125 0.540625 0.061250 0.056250
0 0.788750 0.932500 0.025000 0.022500
0 0.039375 0.855625 0.026250 0.026250
0 0.507500 0.671875 0.075000 0.056250
0 0.741250 0.066250 0.057500 0.042500
0 0.182500 0.157500 0.060000 0.045000
0 0.913125 0.837500 0.063750 0.047500
0 0.492500 0.432500 0.050000 0.050000
0 0.850625 0.168125 0.063750 0.063750
0 0.071250 0.170000 0.055000 0.055000
0 0.783125 0.738750 0.036250 0.035000
0 0.628750 0.170625 0.077500 0.093750