0 0.684375 0.452500 0.073750 0.115000
0 0.102500 0.695000 0.050000 0.077500
0 0.365625 0.721875 0.091250 0.091250
0 0.053750 0.592500 0.030000 0.030000
0 0.480625 0.550625 0.091250 0.091250
0 0.796250 0.847500 0.050000 0.050000
0 0.662500 0.121250 0.107500 0.140000
0 0.766250 0.477500 0.035000 0.045000
0 0.723125 0.243125 0.086250 0.078750
0 0.508750 0.474375 0.025000 0.023750
0 0.953750 0.315000 0.067500 0.065000
0 0.524375 0.158125 0.058750 0.056250
0 0.162500 0.363750 0.107500 0.105000
0 0.338750 0.512500 0.100000 0.100000
0 0.883125 0.220625 0.066250 0.066250
0 0.737500 0.651250 0.110000 0.092500
0 0.122500 0.217500 0.072500 0.060000
0 0.815625 0.146875 0.073750 0.061250
0 0.097500 0.508125 0.102500 0.086250
0 0.291250 0.921250 0.040000 0.035000
0 0.605625 0.505625 0.033750 0.033750
0 0.086875 0.791875 0.101250 0.101250
0 0.427500 0.080000 0.042500 0.042500
0 0.498125 0.308125 0.111250 0.111250
0 0.929375 0.859375 0.063750 0.063750
0 0.940625 0.489375 0.086250 0.086250
0 0.954375 0.171875 0.028750 0.028750
0 0.157500 0.602500 0.067500 0.067500
0 0.389375 0.848125 0.046250 0.046250
0 0.240000 0.181250 0.100000 0.100000
0 0.433750 0.413750 0.027500 0.027500
0 0.881875 0.329375 0.058750 0.058750
0 0.938125 0.076875 0.086250 0.086250
0 0.636250 0.592500 0.052500 0.052500
0 0.230000 0.701250 0.092500 0.092500
0 0.510000 0.798750 0.095000 0.095000
0 0.286250 0.086250 0.030000 0.030000
0 0.476875 0.659375 0.063750 0.066250
0 0.284375 0.290000 0.086250 0.090000
0 0.901875 0.728125 0.061250 0.063750
0 0.703125 0.774375 0.088750 0.098750
0 0.291250 0.878750 0.032500 0.032500
0 0.335000 0.053125 0.035000 0.028750
0 0.215000 0.505000 0.047500 0.047500
0 0.549375 0.062500 0.031250 0.030000
0 0.373125 0.181875 0.086250 0.083750
0 0.096875 0.088125 0.108750 0.106250
0 0.829375 0.494375 0.063750 0.061250
0 0.175000 0.890000 0.062500 0.062500
0 0.858750 0.625000 0.105000 0.105000
0 0.291875 0.406875 0.061250 0.061250
0 0.716875 0.863125 0.056250 0.056250
0 0.267500 0.811250 0.075000 0.075000
0 0.508750 0.915625 0.112500 0.111250
0 0.045625 0.318750 0.066250 0.065000
0 0.058125 0.932500 0.028750 0.027500
0 0.633125 0.894375 0.088750 0.088750
0 0.717500 0.326250 0.045000 0.045000
0 0.038750 0.678750 0.045000 0.045000
0 0.941250 0.400000 0.060000 0.060000
0 0.600000 0.447500 0.052500 0.052500
0 0.620625 0.744375 0.026250 0.026250
0 0.512500 0.400000 0.040000 0.040000
0 0.311250 0.610000 0.057500 0.057500
0 0.385625 0.293125 0.093750 0.076250
0 0.600000 0.691250 0.080000 0.065000
0 0.830000 0.403750 0.067500 0.055000
0 0.216875 0.088750 0.048750 0.042500
0 0.746875 0.145000 0.046250 0.040000
0 0.788125 0.936250 0.076250 0.067500
0 0.605000 0.236250 0.035000 0.035000
0 0.628750 0.346250 0.077500 0.077500
0 0.781250 0.048750 0.070000 0.070000
0 0.193125 0.804375 0.028750 0.033750
0 0.823125 0.218750 0.031250 0.047500
0 0.916875 0.938125 0.041250 0.063750
0 0.372500 0.413750 0.065000 0.065000
0 0.391875 0.924375 0.083750 0.083750
0 0.848750 0.029375 0.035000 0.031250
0 0.755625 0.538125 0.048750 0.043750
0 0.043750 0.882500 0.052500 0.052500
0 0.788125 0.780625 0.051250 0.051250
0 0.492500 0.068750 0.057500 0.057500
0 0.953750 0.581250 0.030000 0.030000
0 0.773750 0.728750 0.037500 0.037500
0 0.493125 0.721875 0.043750 0.043750
0 0.572500 0.603125 0.055000 0.043750
0 0.201875 0.278750 0.043750 0.035000