0 0.616250 0.381250 0.100000 0.100000
0 0.926875 0.091875 0.026250 0.026250
0 0.108125 0.842500 0.088750 0.085000
0 0.935625 0.668750 0.026250 0.025000
0 0.653125 0.273750 0.091250 0.087500
0 0.420000 0.326250 0.110000 0.105000
0 0.666250 0.660000 0.070000 0.045000
0 0.272500 0.620625 0.030000 0.018750
0 0.620625 0.596875 0.093750 0.061250
0 0.374375 0.526250 0.081250 0.052500
0 0.340625 0.666875 0.066250 0.066250
0 0.560000 0.817500 0.025000 0.025000
0 0.873125 0.501875 0.091250 0.091250
0 0.263125 0.390000 0.098750 0.120000
0 0.307500 0.823750 0.092500 0.112500
0 0.601250 0.773750 0.025000 0.030000
0 0.806875 0.199375 0.038750 0.046250
0 0.773750 0.725625 0.107500 0.086250
0 0.900625 0.806250 0.031250 0.037500
0 0.718750 0.873125 0.082500 0.078750
0 0.530625 0.754375 0.086250 0.083750
0 0.125000 0.393750 0.072500 0.070000
0 0.481875 0.136250 0.026250 0.025000
0 0.368750 0.183750 0.097500 0.095000
0 0.638750 0.841250 0.052500 0.052500
0 0.665000 0.047500 0.060000 0.060000
0 0.565625 0.148125 0.056250 0.056250
0 0.340000 0.082500 0.052500 0.052500
0 0.216875 0.278125 0.081250 0.081250
0 0.479375 0.528125 0.086250 0.086250
0 0.800000 0.353750 0.050000 0.050000
0 0.050625 0.594375 0.041250 0.063750
0 0.521875 0.298750 0.066250 0.102500
0 0.081250 0.136875 0.095000 0.146250
0 0.162500 0.496875 0.050000 0.048750
0 0.241250 0.816875 0.025000 0.023750
0 0.882500 0.069375 0.030000 0.021250
0 0.747500 0.574375 0.105000 0.073750
0 0.894375 0.591250 0.096250 0.067500
0 0.227500 0.137500 0.075000 0.075000
0 0.427500 0.060000 0.087500 0.087500
0 0.531875 0.056875 0.083750 0.083750
0 0.353750 0.925000 0.050000 0.037500
0 0.497500 0.630625 0.092500 0.068750
0 0.086250 0.300625 0.087500 0.088750
0 0.910625 0.329375 0.083750 0.083750
0 0.431250 0.872500 0.060000 0.060000
0 0.902500 0.908125 0.112500 0.106250
0 0.183750 0.588750 0.095000 0.090000
0 0.204375 0.714375 0.086250 0.081250
0 0.703750 0.133125 0.060000 0.056250
0 0.393750 0.776250 0.047500 0.047500
0 0.073750 0.692500 0.040000 0.040000
0 0.288750 0.270000 0.040000 0.040000
0 0.737500 0.475000 0.107500 0.107500
0 0.733750 0.230000 0.052500 0.052500
0 0.553125 0.929375 0.078750 0.076250
0 0.923125 0.174375 0.076250 0.076250
0 0.873750 0.687500 0.072500 0.075000
0 0.405000 0.448750 0.042500 0.060000
0 0.302500 0.526250 0.045000 0.045000
0 0.081875 0.482500 0.051250 0.042500
0 0.053125 0.925000 0.046250 0.037500
0 0.246875 0.510625 0.051250 0.051250
0 0.499375 0.208125 0.061250 0.058750
0 0.846250 0.138750 0.052500 0.052500
0 0.621875 0.730000 0.033750 0.032500
0 0.283750 0.939375 0.067500 0.066250
0 0.689375 0.713750 0.033750 0.032500
0 0.576875 0.491875 0.051250 0.051250
0 0.786875 0.299375 0.043750 0.043750
0 0.212500 0.870000 0.037500 0.037500
0 0.245000 0.047500 0.067500 0.067500
0 0.646875 0.484375 0.028750 0.028750
0 0.451250 0.771250 0.050000 0.050000
0 0.491875 0.928125 0.028750 0.028750