0 0.616250 0.343750 0.095000 0.095000
0 0.543750 0.683750 0.102500 0.162500
0 0.410000 0.624375 0.082500 0.131250
0 0.205000 0.481875 0.037500 0.058750
0 0.115000 0.138750 0.072500 0.115000
0 0.730625 0.079375 0.093750 0.093750
0 0.440625 0.839375 0.041250 0.041250
0 0.435625 0.778125 0.048750 0.048750
0 0.366875 0.923125 0.083750 0.083750
0 0.090625 0.718125 0.103750 0.113750
0 0.738125 0.865000 0.073750 0.080000
0 0.405625 0.383125 0.033750 0.036250
0 0.917500 0.294375 0.055000 0.058750
0 0.248750 0.311250 0.087500 0.095000
0 0.063125 0.305625 0.061250 0.061250
0 0.938750 0.479375 0.030000 0.028750
0 0.649375 0.641250 0.056250 0.045000
0 0.178750 0.817500 0.030000 0.030000
0 0.783125 0.788125 0.058750 0.058750
0 0.566875 0.849375 0.073750 0.073750
0 0.371250 0.073750 0.070000 0.072500
0 0.946875 0.066875 0.081250 0.083750
0 0.268125 0.662500 0.051250 0.052500
0 0.745000 0.321250 0.040000 0.035000
0 0.414375 0.195625 0.071250 0.071250
0 0.602500 0.197500 0.100000 0.100000
0 0.810625 0.251875 0.073750 0.073750
0 0.800000 0.420625 0.112500 0.096250
0 0.917500 0.770625 0.087500 0.073750
0 0.940625 0.576875 0.081250 0.068750
0 0.939375 0.919375 0.078750 0.066250
0 0.079375 0.450000 0.093750 0.097500
0 0.420625 0.332500 0.038750 0.040000
0 0.724375 0.640625 0.071250 0.073750
0 0.668125 0.750000 0.028750 0.030000
0 0.464375 0.092500 0.093750 0.100000
0 0.228750 0.426250 0.030000 0.030000
0 0.262500 0.763750 0.107500 0.110000
0 0.438750 0.447500 0.047500 0.047500
0 0.731250 0.230000 0.037500 0.037500
0 0.216250 0.875000 0.047500 0.047500
0 0.608750 0.480000 0.107500 0.107500
0 0.850625 0.163125 0.086250 0.086250
0 0.276875 0.917500 0.051250 0.062500
0 0.815625 0.667500 0.061250 0.062500
0 0.365625 0.508750 0.071250 0.065000
0 0.516875 0.342500 0.076250 0.070000
0 0.077500 0.920625 0.105000 0.096250
0 0.085625 0.593750 0.073750 0.067500
0 0.838750 0.566875 0.107500 0.106250
0 0.230000 0.131875 0.095000 0.093750
0 0.923125 0.388125 0.066250 0.053750
0 0.470000 0.903750 0.065000 0.052500
0 0.357500 0.377500 0.025000 0.035000
0 0.042500 0.806250 0.030000 0.030000
0 0.316875 0.219375 0.056250 0.056250
0 0.147500 0.268750 0.052500 0.052500
0 0.096250 0.842500 0.040000 0.040000
0 0.122500 0.362500 0.037500 0.037500
0 0.320625 0.586875 0.058750 0.058750