0 0.099375 0.186250 0.108750 0.097500
0 0.695625 0.450625 0.088750 0.078750
0 0.538125 0.567500 0.058750 0.052500
0 0.433750 0.703125 0.060000 0.053750
0 0.320625 0.098125 0.043750 0.043750
0 0.776250 0.728750 0.035000 0.035000
0 0.195625 0.486250 0.076250 0.077500
0 0.071250 0.443750 0.110000 0.112500
0 0.568125 0.784375 0.056250 0.053750
0 0.441250 0.260000 0.077500 0.075000
0 0.339375 0.563750 0.106250 0.102500
0 0.575000 0.948125 0.027500 0.026250
0 0.935625 0.118125 0.081250 0.081250
0 0.866250 0.441250 0.040000 0.040000
0 0.795625 0.128125 0.043750 0.043750
0 0.660625 0.093125 0.036250 0.041250
0 0.935625 0.402500 0.063750 0.072500
0 0.175625 0.709375 0.103750 0.118750
0 0.791250 0.253750 0.105000 0.120000
0 0.109375 0.585625 0.028750 0.028750
0 0.720000 0.567500 0.080000 0.080000
0 0.222500 0.097500 0.065000 0.065000
0 0.178750 0.298750 0.047500 0.047500
0 0.153125 0.854375 0.061250 0.061250
0 0.070625 0.350625 0.053750 0.053750
0 0.038125 0.608125 0.026250 0.026250
0 0.461875 0.834375 0.106250 0.103750
0 0.785000 0.850625 0.047500 0.056250
0 0.576250 0.183125 0.087500 0.061250
0 0.055000 0.273750 0.050000 0.050000
0 0.881250 0.533750 0.092500 0.092500
0 0.102500 0.097500 0.037500 0.037500
0 0.893125 0.756875 0.081250 0.086250
0 0.160000 0.058125 0.032500 0.033750
0 0.363750 0.422500 0.102500 0.090000
0 0.038125 0.693750 0.051250 0.045000
0 0.686875 0.701250 0.048750 0.042500
0 0.883125 0.870625 0.108750 0.096250
0 0.583750 0.517500 0.030000 0.032500
0 0.258750 0.223125 0.067500 0.126250
0 0.672500 0.869375 0.107500 0.201250
0 0.245625 0.867500 0.091250 0.170000
0 0.833125 0.633125 0.033750 0.031250
0 0.928125 0.648125 0.111250 0.111250
0 0.568125 0.888125 0.073750 0.073750
0 0.355625 0.276875 0.036250 0.036250
0 0.353750 0.192500 0.072500 0.072500
0 0.541875 0.664375 0.106250 0.106250
0 0.851250 0.361250 0.035000 0.035000
0 0.055625 0.547500 0.058750 0.077500
0 0.046250 0.070000 0.035000 0.035000
0 0.576250 0.448750 0.042500 0.042500
0 0.183750 0.600000 0.065000 0.065000
0 0.806250 0.556250 0.042500 0.042500
0 0.356875 0.765000 0.056250 0.045000
0 0.383125 0.096250 0.048750 0.077500
0 0.553750 0.326875 0.070000 0.111250
0 0.910625 0.275625 0.103750 0.091250
0 0.444375 0.509375 0.063750 0.056250
0 0.946875 0.037500 0.051250 0.045000
0 0.503750 0.086875 0.072500 0.068750