0 0.561875 0.551875 0.096250 0.096250
0 0.124375 0.626875 0.033750 0.033750
0 0.500000 0.306250 0.102500 0.102500
0 0.353125 0.491875 0.051250 0.051250
0 0.950625 0.210625 0.063750 0.063750
0 0.535000 0.912500 0.097500 0.097500
0 0.163125 0.415625 0.033750 0.033750
0 0.241250 0.441250 0.032500 0.032500
0 0.196250 0.241250 0.090000 0.090000
0 0.880625 0.565625 0.101250 0.101250
0 0.603125 0.458750 0.041250 0.040000
0 0.761250 0.847500 0.060000 0.057500
0 0.902500 0.288125 0.047500 0.046250
0 0.684375 0.279375 0.038750 0.038750
0 0.096875 0.823125 0.081250 0.081250
0 0.472500 0.061250 0.037500 0.037500
0 0.626875 0.891875 0.071250 0.071250
0 0.615625 0.159375 0.053750 0.053750
0 0.435625 0.183125 0.046250 0.046250
0 0.838750 0.902500 0.047500 0.047500
0 0.447500 0.112500 0.035000 0.035000
0 0.070625 0.410625 0.103750 0.103750
0 0.925625 0.915625 0.038750 0.038750
0 0.340000 0.643750 0.075000 0.075000
0 0.868750 0.777500 0.080000 0.067500
0 0.058750 0.156250 0.085000 0.072500
0 0.405000 0.919375 0.092500 0.078750
0 0.876875 0.096875 0.028750 0.023750
0 0.754375 0.339375 0.063750 0.066250
0 0.542500 0.683750 0.105000 0.105000
0 0.852500 0.386250 0.097500 0.097500
0 0.411250 0.736250 0.092500 0.090000
0 0.420625 0.571250 0.033750 0.032500
0 0.772500 0.062500 0.102500 0.100000
0 0.509375 0.139375 0.058750 0.041250
0 0.737500 0.741250 0.085000 0.085000
0 0.063750 0.271250 0.047500 0.047500
0 0.751875 0.936875 0.048750 0.048750
0 0.310625 0.895625 0.081250 0.081250
0 0.258750 0.521250 0.082500 0.082500
0 0.241250 0.056250 0.055000 0.055000
0 0.196875 0.733125 0.066250 0.066250
0 0.684375 0.384375 0.033750 0.033750
0 0.284375 0.313125 0.038750 0.038750
0 0.394375 0.328125 0.086250 0.086250
0 0.110000 0.551875 0.067500 0.081250
0 0.520625 0.763125 0.031250 0.036250
0 0.110625 0.933125 0.073750 0.073750
0 0.475625 0.449375 0.091250 0.091250
0 0.698125 0.456875 0.083750 0.083750
0 0.361250 0.076250 0.105000 0.105000
0 0.701875 0.641875 0.098750 0.098750
0 0.861875 0.661875 0.061250 0.061250
0 0.684375 0.219375 0.073750 0.051250
0 0.222500 0.907500 0.075000 0.075000
0 0.757500 0.233750 0.027500 0.035000
0 0.358750 0.226250 0.030000 0.030000
0 0.840625 0.198125 0.106250 0.106250
0 0.795000 0.474375 0.062500 0.061250
0 0.582500 0.096875 0.057500 0.056250
0 0.132500 0.726250 0.037500 0.037500
0 0.288750 0.748125 0.097500 0.111250
0 0.199375 0.642500 0.031250 0.030000