0 0.331875 0.781875 0.091250 0.098750
0 0.671875 0.908750 0.078750 0.085000
0 0.117500 0.671250 0.065000 0.070000
0 0.456875 0.421875 0.026250 0.026250
0 0.465000 0.498750 0.102500 0.102500
0 0.169375 0.539375 0.086250 0.086250
0 0.480625 0.745000 0.028750 0.027500
0 0.946875 0.719375 0.053750 0.051250
0 0.934375 0.285000 0.036250 0.035000
0 0.509375 0.605000 0.081250 0.077500
0 0.310625 0.480000 0.081250 0.105000
0 0.266875 0.905625 0.093750 0.093750
0 0.890000 0.478750 0.060000 0.060000
0 0.150625 0.323125 0.088750 0.088750
0 0.738750 0.908750 0.030000 0.030000
0 0.831250 0.863750 0.052500 0.052500
0 0.805625 0.719375 0.088750 0.088750
0 0.599375 0.383125 0.078750 0.078750
0 0.793125 0.110625 0.093750 0.113750
0 0.090000 0.520625 0.042500 0.051250
0 0.479375 0.675000 0.033750 0.040000
0 0.432500 0.351250 0.070000 0.070000
0 0.510625 0.159375 0.038750 0.038750
0 0.748125 0.290625 0.058750 0.058750
0 0.623750 0.758750 0.090000 0.090000
0 0.599375 0.135625 0.098750 0.098750
0 0.679375 0.463750 0.091250 0.065000
0 0.336250 0.065000 0.050000 0.030000
0 0.718125 0.819375 0.046250 0.066250
0 0.253750 0.175000 0.067500 0.097500
0 0.658125 0.592500 0.086250 0.125000
0 0.584375 0.842500 0.026250 0.037500
0 0.930625 0.115000 0.038750 0.040000
0 0.191875 0.060000 0.036250 0.037500
0 0.106250 0.888750 0.112500 0.117500
0 0.180625 0.450625 0.051250 0.051250
0 0.118125 0.763125 0.043750 0.043750
0 0.600625 0.254375 0.101250 0.101250
0 0.305000 0.303750 0.065000 0.065000
0 0.105625 0.166250 0.046250 0.040000
0 0.099375 0.398750 0.053750 0.047500
0 0.486875 0.943125 0.048750 0.058750
0 0.058125 0.050625 0.028750 0.028750
0 0.423750 0.160000 0.085000 0.085000
0 0.916875 0.596875 0.078750 0.101250
0 0.935625 0.390000 0.051250 0.047500
0 0.924375 0.898750 0.081250 0.075000
0 0.446250 0.863750 0.067500 0.062500
0 0.961250 0.059375 0.050000 0.046250
0 0.349375 0.586875 0.048750 0.048750
0 0.787500 0.570000 0.110000 0.110000
0 0.572500 0.515000 0.027500 0.027500
0 0.218125 0.711875 0.078750 0.078750
0 0.929375 0.335625 0.041250 0.041250
0 0.851875 0.273125 0.096250 0.096250
0 0.122500 0.232500 0.045000 0.045000
0 0.791875 0.475625 0.051250 0.051250
0 0.183125 0.185625 0.048750 0.048750
0 0.331250 0.656875 0.090000 0.058750
0 0.387500 0.940625 0.087500 0.038750
0 0.924375 0.780000 0.068750 0.030000
0 0.760000 0.654375 0.027500 0.023750
0 0.231250 0.332500 0.050000 0.045000
0 0.536875 0.748125 0.063750 0.056250
0 0.413750 0.651875 0.055000 0.043750
0 0.508125 0.372500 0.028750 0.025000
0 0.865000 0.367500 0.032500 0.030000
0 0.031875 0.207500 0.038750 0.035000
0 0.271250 0.041250 0.057500 0.052500
0 0.333750 0.168750 0.077500 0.077500
0 0.705000 0.192500 0.037500 0.065000
0 0.047500 0.296875 0.045000 0.043750
0 0.497500 0.065625 0.052500 0.046250
0 0.222500 0.805625 0.025000 0.021250
0 0.420000 0.070000 0.080000 0.070000
0 0.481250 0.243750 0.067500 0.067500
0 0.118125 0.053125 0.058750 0.058750
0 0.406875 0.241875 0.043750 0.043750
0 0.960625 0.478125 0.053750 0.053750
0 0.841250 0.915000 0.035000 0.035000
0 0.707500 0.375000 0.032500 0.032500
0 0.048125 0.343125 0.026250 0.026250
0 0.563125 0.913125 0.031250 0.031250