0 0.376250 0.400000 0.075000 0.077500
0 0.471875 0.371250 0.098750 0.102500
0 0.141250 0.265625 0.110000 0.096250
0 0.422500 0.523750 0.072500 0.062500
0 0.269375 0.283750 0.041250 0.042500
0 0.228125 0.256250 0.026250 0.027500
0 0.653125 0.301875 0.083750 0.083750
0 0.610000 0.682500 0.102500 0.102500
0 0.908125 0.721875 0.041250 0.041250
0 0.288750 0.546250 0.032500 0.032500
0 0.043750 0.353750 0.062500 0.062500
0 0.223125 0.069375 0.066250 0.066250
0 0.933750 0.548750 0.027500 0.022500
0 0.401875 0.661875 0.098750 0.083750
0 0.925625 0.653125 0.086250 0.073750
0 0.380000 0.271250 0.065000 0.055000
0 0.325000 0.840000 0.097500 0.082500
0 0.262500 0.717500 0.050000 0.042500
0 0.843750 0.150000 0.075000 0.075000
0 0.146875 0.598750 0.103750 0.107500
0 0.116250 0.792500 0.027500 0.027500
0 0.853125 0.238125 0.058750 0.058750
0 0.454375 0.101875 0.061250 0.053750
0 0.128125 0.908750 0.111250 0.097500
0 0.078125 0.736875 0.043750 0.038750
0 0.666250 0.540625 0.050000 0.043750
0 0.705000 0.595000 0.035000 0.035000
0 0.610000 0.445000 0.035000 0.035000
0 0.511875 0.844375 0.051250 0.063750
0 0.835625 0.616875 0.058750 0.073750
0 0.787500 0.361875 0.047500 0.058750
0 0.566875 0.156250 0.103750 0.130000
0 0.724375 0.820625 0.093750 0.111250
0 0.527500 0.560000 0.067500 0.067500
0 0.830000 0.527500 0.050000 0.050000
0 0.933125 0.791875 0.041250 0.041250
0 0.715000 0.463750 0.050000 0.050000
0 0.607500 0.844375 0.087500 0.086250
0 0.027500 0.821875 0.025000 0.023750
0 0.213125 0.425625 0.058750 0.056250
0 0.491875 0.913125 0.053750 0.051250
0 0.071250 0.141250 0.107500 0.107500
0 0.690000 0.112500 0.082500 0.082500
0 0.365000 0.187500 0.087500 0.087500
0 0.813750 0.877500 0.060000 0.060000
0 0.323125 0.055625 0.063750 0.063750
0 0.488750 0.778750 0.045000 0.045000
0 0.110000 0.441250 0.095000 0.095000
0 0.947500 0.206250 0.077500 0.077500
0 0.470625 0.196875 0.066250 0.066250
0 0.828750 0.791250 0.025000 0.025000
0 0.935625 0.896875 0.053750 0.053750
0 0.747500 0.242500 0.070000 0.070000
0 0.794375 0.710625 0.086250 0.061250
0 0.935625 0.480625 0.038750 0.038750
0 0.885625 0.358750 0.108750 0.117500
0 0.831875 0.056875 0.046250 0.056250
0 0.185000 0.724375 0.087500 0.106250
0 0.353125 0.930000 0.053750 0.065000
0 0.848125 0.949375 0.026250 0.026250
0 0.344375 0.502500 0.046250 0.042500
0 0.503125 0.671875 0.058750 0.056250
0 0.163125 0.147500 0.058750 0.070000
0 0.503750 0.278750 0.055000 0.055000
0 0.673125 0.391875 0.033750 0.033750
0 0.047500 0.036250 0.047500 0.047500
0 0.785625 0.466875 0.066250 0.053750
0 0.571250 0.351250 0.062500 0.062500
0 0.417500 0.845000 0.047500 0.047500
0 0.579375 0.948750 0.026250 0.025000
0 0.763750 0.299375 0.032500 0.018750
0 0.760000 0.936250 0.035000 0.035000
0 0.097500 0.515000 0.032500 0.032500
0 0.031875 0.756875 0.026250 0.026250
0 0.302500 0.426250 0.055000 0.055000