0 0.333125 0.656250 0.076250 0.075000
0 0.135000 0.601875 0.040000 0.038750
0 0.053125 0.486250 0.053750 0.052500
0 0.594375 0.522500 0.083750 0.082500
0 0.900000 0.653750 0.057500 0.057500
0 0.133750 0.886250 0.062500 0.062500
0 0.433125 0.246875 0.101250 0.101250
0 0.758125 0.043125 0.036250 0.036250
0 0.661250 0.764375 0.057500 0.041250
0 0.871250 0.094375 0.080000 0.073750
0 0.783750 0.145000 0.052500 0.047500
0 0.693125 0.251250 0.041250 0.037500
0 0.147500 0.513125 0.042500 0.038750
0 0.664375 0.668125 0.048750 0.048750
0 0.936250 0.201250 0.095000 0.095000
0 0.290000 0.380000 0.097500 0.097500
0 0.860625 0.530625 0.033750 0.033750
0 0.488750 0.545000 0.085000 0.085000
0 0.653750 0.423750 0.035000 0.035000
0 0.155625 0.231875 0.101250 0.101250
0 0.946875 0.483125 0.031250 0.031250
0 0.904375 0.935625 0.076250 0.076250
0 0.597500 0.156875 0.107500 0.108750
0 0.525625 0.722500 0.106250 0.107500
0 0.056250 0.543750 0.037500 0.037500
0 0.338750 0.910000 0.055000 0.055000
0 0.132500 0.065000 0.050000 0.050000
0 0.675000 0.332500 0.090000 0.090000
0 0.131875 0.318125 0.041250 0.041250
0 0.756875 0.827500 0.058750 0.062500
0 0.756875 0.650000 0.096250 0.102500
0 0.350625 0.558750 0.061250 0.065000
0 0.466875 0.418125 0.091250 0.091250
0 0.663125 0.948125 0.031250 0.031250
0 0.286875 0.244375 0.108750 0.108750
0 0.226250 0.467500 0.045000 0.045000
0 0.260625 0.560625 0.083750 0.083750
0 0.797500 0.517500 0.050000 0.095000
0 0.468125 0.918125 0.028750 0.023750
0 0.731250 0.900000 0.065000 0.055000
0 0.913125 0.320000 0.076250 0.065000
0 0.213125 0.778125 0.101250 0.086250
0 0.282500 0.084375 0.027500 0.018750
0 0.383750 0.107500 0.107500 0.115000
0 0.075625 0.795625 0.093750 0.093750
0 0.719375 0.171875 0.036250 0.036250
0 0.798750 0.400000 0.105000 0.105000
0 0.191250 0.690000 0.067500 0.067500
0 0.894375 0.754375 0.108750 0.108750
0 0.097500 0.398750 0.057500 0.057500
0 0.405625 0.740625 0.076250 0.076250
0 0.488125 0.070625 0.068750 0.068750
0 0.060625 0.118125 0.048750 0.048750
0 0.540625 0.829375 0.083750 0.083750
0 0.706875 0.538125 0.068750 0.068750
0 0.526875 0.333125 0.063750 0.063750
0 0.191875 0.399375 0.046250 0.046250
0 0.801250 0.250000 0.087500 0.087500
0 0.048125 0.611250 0.068750 0.042500
0 0.071875 0.715625 0.038750 0.038750
0 0.916875 0.848125 0.066250 0.053750
0 0.480000 0.126875 0.027500 0.021250
0 0.420625 0.861250 0.093750 0.075000
0 0.579375 0.927500 0.068750 0.055000
0 0.635625 0.851875 0.081250 0.066250
0 0.051250 0.320000 0.067500 0.062500
0 0.185000 0.598750 0.035000 0.027500
0 0.585000 0.276250 0.045000 0.035000
0 0.593125 0.420625 0.061250 0.048750
0 0.695000 0.046250 0.065000 0.065000
0 0.797500 0.736250 0.040000 0.035000
0 0.583125 0.042500 0.066250 0.057500