0 0.900625 0.578125 0.078750 0.078750
0 0.176875 0.860625 0.068750 0.073750
0 0.549375 0.896875 0.096250 0.103750
0 0.508750 0.408125 0.102500 0.111250
0 0.590625 0.125000 0.026250 0.027500
0 0.056875 0.885625 0.036250 0.026250
0 0.380000 0.483750 0.110000 0.080000
0 0.478750 0.576875 0.097500 0.071250
0 0.113750 0.660000 0.072500 0.062500
0 0.907500 0.813750 0.037500 0.032500
0 0.798750 0.866875 0.107500 0.093750
0 0.421875 0.903750 0.028750 0.025000
0 0.286250 0.890625 0.082500 0.098750
0 0.303750 0.763750 0.077500 0.077500
0 0.915625 0.330625 0.111250 0.111250
0 0.756875 0.458125 0.108750 0.108750
0 0.463125 0.145625 0.103750 0.103750
0 0.676875 0.325625 0.096250 0.096250
0 0.373125 0.366875 0.071250 0.071250
0 0.030625 0.559375 0.031250 0.031250
0 0.637500 0.722500 0.087500 0.087500
0 0.970000 0.452500 0.032500 0.032500
0 0.758750 0.620000 0.050000 0.050000
0 0.254375 0.421875 0.101250 0.098750
0 0.900000 0.086875 0.107500 0.103750
0 0.891875 0.944375 0.051250 0.046250
0 0.253750 0.618750 0.060000 0.052500
0 0.397500 0.743125 0.092500 0.081250
0 0.187500 0.250625 0.092500 0.081250
0 0.396250 0.835000 0.065000 0.057500
0 0.636250 0.565000 0.075000 0.075000
0 0.633125 0.184375 0.056250 0.056250
0 0.788750 0.291250 0.105000 0.105000
0 0.338125 0.146875 0.078750 0.078750
0 0.343750 0.640000 0.030000 0.030000
0 0.098750 0.085000 0.100000 0.100000
0 0.498125 0.299375 0.056250 0.056250
0 0.688125 0.879375 0.083750 0.083750
0 0.616875 0.449375 0.088750 0.088750
0 0.263750 0.692500 0.050000 0.050000
0 0.748750 0.091250 0.030000 0.030000
0 0.329375 0.558750 0.058750 0.055000
0 0.371875 0.266875 0.091250 0.091250
0 0.555625 0.711875 0.031250 0.031250
0 0.152500 0.526250 0.077500 0.077500
0 0.520000 0.796250 0.080000 0.080000
0 0.855625 0.478125 0.071250 0.071250
0 0.830625 0.746875 0.066250 0.066250
0 0.119375 0.351875 0.078750 0.078750
0 0.233750 0.060000 0.045000 0.052500
0 0.605000 0.648125 0.025000 0.028750
0 0.470625 0.865625 0.036250 0.036250
0 0.888125 0.668125 0.048750 0.048750
0 0.930625 0.746875 0.061250 0.061250
0 0.618125 0.039375 0.053750 0.053750
0 0.056875 0.200625 0.083750 0.083750
0 0.218125 0.128125 0.036250 0.036250
0 0.671875 0.074375 0.028750 0.028750
0 0.914375 0.226875 0.053750 0.053750
0 0.763125 0.038750 0.093750 0.050000
0 0.271875 0.955000 0.028750 0.015000
0 0.051875 0.499375 0.066250 0.066250
0 0.737500 0.700000 0.032500 0.032500
0 0.221875 0.783125 0.068750 0.066250
0 0.515625 0.660625 0.033750 0.033750
0 0.816250 0.180000 0.060000 0.060000
0 0.071250 0.767500 0.085000 0.085000
0 0.825000 0.675000 0.047500 0.047500
0 0.719375 0.163125 0.063750 0.056250
0 0.397500 0.060625 0.072500 0.051250
0 0.551875 0.606875 0.031250 0.028750
0 0.780000 0.540000 0.027500 0.027500
0 0.817500 0.377500 0.027500 0.027500