0 0.376250 0.593750 0.060000 0.060000
0 0.685625 0.543750 0.083750 0.087500
0 0.661250 0.295000 0.025000 0.022500
0 0.500000 0.350625 0.112500 0.096250
0 0.101875 0.761875 0.103750 0.068750
0 0.232500 0.116250 0.080000 0.080000
0 0.623125 0.219375 0.106250 0.106250
0 0.373750 0.780000 0.092500 0.092500
0 0.777500 0.770000 0.095000 0.095000
0 0.643125 0.915625 0.038750 0.038750
0 0.638125 0.370625 0.101250 0.101250
0 0.888125 0.711875 0.073750 0.073750
0 0.578750 0.753750 0.032500 0.032500
0 0.260000 0.390625 0.032500 0.028750
0 0.638125 0.070625 0.078750 0.071250
0 0.359375 0.414375 0.081250 0.081250
0 0.116250 0.326250 0.100000 0.100000
0 0.090625 0.448125 0.103750 0.093750
0 0.465000 0.805000 0.027500 0.025000
0 0.881250 0.570000 0.110000 0.100000
0 0.254375 0.866250 0.086250 0.077500
0 0.776875 0.673750 0.081250 0.045000
0 0.496250 0.701875 0.052500 0.028750
0 0.698750 0.470625 0.052500 0.028750
0 0.360625 0.700000 0.033750 0.030000
0 0.106875 0.644375 0.066250 0.058750
0 0.938750 0.396250 0.060000 0.060000
0 0.933125 0.868125 0.078750 0.078750
0 0.787500 0.302500 0.047500 0.047500
0 0.665000 0.668750 0.110000 0.110000
0 0.091875 0.094375 0.108750 0.108750
0 0.254375 0.536875 0.088750 0.088750
0 0.866250 0.232500 0.067500 0.080000
0 0.547500 0.850000 0.090000 0.090000
0 0.258125 0.299375 0.101250 0.101250
0 0.446875 0.143125 0.101250 0.101250
0 0.121250 0.929375 0.035000 0.031250
0 0.243750 0.686250 0.110000 0.100000
0 0.823125 0.416875 0.101250 0.091250
0 0.932500 0.200000 0.025000 0.025000
0 0.548750 0.450625 0.055000 0.043750
0 0.509375 0.935625 0.078750 0.066250
0 0.468750 0.739375 0.035000 0.028750
0 0.551250 0.503750 0.050000 0.042500
0 0.121875 0.593125 0.026250 0.021250
0 0.672500 0.787500 0.087500 0.087500
0 0.783750 0.551250 0.070000 0.070000
0 0.805625 0.235000 0.031250 0.030000
0 0.059375 0.208750 0.058750 0.057500
0 0.817500 0.081250 0.040000 0.040000
0 0.183750 0.434375 0.032500 0.043750
0 0.424375 0.256875 0.053750 0.073750
0 0.707500 0.924375 0.052500 0.071250
0 0.505000 0.257500 0.042500 0.057500
0 0.325000 0.066875 0.072500 0.051250
0 0.733750 0.079375 0.055000 0.038750
0 0.806250 0.901250 0.107500 0.077500
0 0.615000 0.483750 0.037500 0.032500
0 0.441875 0.546250 0.051250 0.045000
0 0.950000 0.775000 0.030000 0.032500
0 0.323125 0.958125 0.031250 0.031250
0 0.925625 0.075625 0.111250 0.111250
0 0.063125 0.844375 0.076250 0.076250
0 0.049375 0.539375 0.068750 0.068750
0 0.448125 0.656875 0.031250 0.031250
0 0.585000 0.560000 0.050000 0.050000
0 0.525625 0.199375 0.041250 0.041250
0 0.363125 0.271875 0.038750 0.038750
0 0.399375 0.655625 0.033750 0.033750
0 0.893750 0.313750 0.042500 0.042500
0 0.440000 0.596250 0.027500 0.027500
0 0.385000 0.910000 0.062500 0.062500
0 0.793125 0.150625 0.028750 0.028750
0 0.266875 0.196875 0.048750 0.048750
0 0.940625 0.240625 0.038750 0.031250
0 0.338750 0.507500 0.050000 0.050000
0 0.530625 0.643125 0.066250 0.066250
0 0.038750 0.650000 0.042500 0.042500
0 0.740000 0.146250 0.062500 0.062500
0 0.141875 0.538750 0.088750 0.072500
0 0.543125 0.109375 0.051250 0.051250
0 0.750000 0.476250 0.025000 0.022500
0 0.255000 0.800625 0.040000 0.036250
0 0.150625 0.866875 0.076250 0.066250
0 0.940000 0.290000 0.032500 0.032500