0 0.193750 0.779375 0.092500 0.083750
0 0.658750 0.823125 0.092500 0.083750
0 0.312500 0.353750 0.107500 0.097500
0 0.854375 0.253125 0.073750 0.073750
0 0.126875 0.878125 0.051250 0.051250
0 0.343750 0.927500 0.070000 0.070000
0 0.518125 0.768125 0.108750 0.108750
0 0.798750 0.100000 0.075000 0.075000
0 0.448125 0.326875 0.086250 0.086250
0 0.273125 0.148125 0.078750 0.078750
0 0.127500 0.267500 0.062500 0.062500
0 0.511250 0.918750 0.050000 0.050000
0 0.501250 0.146875 0.035000 0.031250
0 0.919375 0.060625 0.083750 0.083750
0 0.423125 0.110000 0.088750 0.082500
0 0.221875 0.666875 0.078750 0.093750
0 0.925000 0.641875 0.097500 0.116250
0 0.110000 0.747500 0.042500 0.050000
0 0.916875 0.855625 0.066250 0.066250
0 0.230625 0.883125 0.103750 0.103750
0 0.693125 0.608125 0.048750 0.048750
0 0.712500 0.310000 0.112500 0.112500
0 0.078750 0.416875 0.030000 0.028750
0 0.930000 0.440625 0.055000 0.041250
0 0.119375 0.553750 0.066250 0.050000
0 0.623125 0.211875 0.063750 0.063750
0 0.570625 0.431875 0.086250 0.086250
0 0.853750 0.027500 0.027500 0.030000
0 0.692500 0.106250 0.087500 0.087500
0 0.183125 0.243125 0.026250 0.026250
0 0.416875 0.791875 0.058750 0.058750
0 0.693750 0.403750 0.057500 0.057500
0 0.824375 0.485625 0.051250 0.051250
0 0.431250 0.641250 0.112500 0.112500
0 0.161250 0.163125 0.065000 0.048750
0 0.739375 0.938750 0.066250 0.050000
0 0.047500 0.178125 0.062500 0.058750
0 0.876875 0.337500 0.076250 0.072500
0 0.921875 0.181875 0.036250 0.033750
0 0.791250 0.623125 0.085000 0.081250
0 0.803125 0.812500 0.051250 0.052500
0 0.426875 0.439375 0.093750 0.093750
0 0.542500 0.280000 0.037500 0.037500
0 0.040625 0.809375 0.056250 0.056250
0 0.536250 0.583750 0.080000 0.080000
0 0.669375 0.514375 0.086250 0.086250
0 0.248750 0.240000 0.045000 0.045000
0 0.286875 0.538125 0.091250 0.091250
0 0.344375 0.244375 0.091250 0.091250
0 0.155000 0.472500 0.080000 0.080000
0 0.136250 0.641250 0.077500 0.082500
0 0.338750 0.643125 0.055000 0.058750
0 0.129375 0.083125 0.086250 0.086250
0 0.532500 0.050000 0.075000 0.075000
0 0.620625 0.748125 0.036250 0.036250
0 0.348125 0.843125 0.038750 0.038750
0 0.890000 0.770000 0.037500 0.037500
0 0.173125 0.363125 0.053750 0.053750
0 0.918750 0.263750 0.025000 0.025000
0 0.641250 0.605000 0.030000 0.030000
0 0.620000 0.668750 0.062500 0.062500
0 0.798125 0.936875 0.028750 0.026250
0 0.758750 0.191875 0.072500 0.068750
0 0.606875 0.910000 0.073750 0.070000
0 0.701250 0.702500 0.060000 0.065000
0 0.456250 0.215625 0.060000 0.071250
0 0.611250 0.350625 0.025000 0.021250
0 0.906250 0.539375 0.042500 0.036250
0 0.258750 0.065625 0.077500 0.066250
0 0.445000 0.545625 0.035000 0.033750
0 0.839375 0.413125 0.086250 0.048750
0 0.287500 0.637500 0.032500 0.017500
0 0.802500 0.743125 0.077500 0.043750
0 0.564375 0.844375 0.053750 0.023750
0 0.328750 0.060000 0.037500 0.037500
0 0.356875 0.760000 0.046250 0.037500
0 0.608125 0.108125 0.051250 0.041250
0 0.043125 0.058125 0.053750 0.043750
0 0.050000 0.304375 0.070000 0.056250
0 0.116250 0.366250 0.025000 0.027500
0 0.743125 0.865625 0.048750 0.048750
0 0.878125 0.949375 0.048750 0.048750
0 0.063125 0.748125 0.031250 0.031250