0 0.106250 0.852500 0.060000 0.060000
0 0.665000 0.233750 0.047500 0.047500
0 0.791875 0.249375 0.031250 0.031250
0 0.375000 0.551875 0.082500 0.081250
0 0.540000 0.307500 0.047500 0.052500
0 0.885000 0.677500 0.027500 0.032500
0 0.195000 0.176250 0.055000 0.047500
0 0.463125 0.190625 0.071250 0.063750
0 0.740000 0.043125 0.047500 0.048750
0 0.539375 0.140000 0.058750 0.060000
0 0.900625 0.179375 0.036250 0.036250
0 0.338750 0.163125 0.057500 0.078750
0 0.225625 0.585625 0.073750 0.101250
0 0.305625 0.817500 0.111250 0.152500
0 0.061875 0.625000 0.033750 0.030000
0 0.709375 0.464375 0.086250 0.086250
0 0.178750 0.103125 0.065000 0.048750
0 0.921875 0.554375 0.106250 0.091250
0 0.494375 0.688750 0.111250 0.095000
0 0.838750 0.354375 0.112500 0.096250
0 0.665625 0.086875 0.028750 0.023750
0 0.111875 0.540625 0.098750 0.098750
0 0.176250 0.673750 0.042500 0.042500
0 0.110625 0.924375 0.058750 0.058750
0 0.181875 0.299375 0.088750 0.088750
0 0.108750 0.218750 0.047500 0.045000
0 0.391875 0.458750 0.091250 0.085000
0 0.239375 0.401875 0.026250 0.026250
0 0.811250 0.106250 0.080000 0.080000
0 0.756875 0.563125 0.091250 0.091250
0 0.658750 0.922500 0.070000 0.070000
0 0.589375 0.769375 0.031250 0.031250
0 0.366875 0.245000 0.091250 0.070000
0 0.498750 0.421250 0.095000 0.072500
0 0.282500 0.688125 0.035000 0.026250
0 0.695000 0.363750 0.072500 0.085000
0 0.552500 0.911250 0.097500 0.115000
0 0.463125 0.078750 0.066250 0.052500
0 0.651875 0.751875 0.071250 0.056250
0 0.551250 0.056250 0.060000 0.047500
0 0.938750 0.899375 0.077500 0.061250
0 0.875625 0.231875 0.026250 0.026250
0 0.928125 0.386875 0.048750 0.048750
0 0.620625 0.534375 0.048750 0.043750
0 0.766250 0.731250 0.097500 0.087500
0 0.893125 0.070000 0.061250 0.055000
0 0.878125 0.457500 0.086250 0.077500
0 0.768125 0.650000 0.046250 0.037500
0 0.270000 0.946250 0.052500 0.052500
0 0.120000 0.442500 0.032500 0.032500
0 0.367500 0.380000 0.055000 0.055000
0 0.718750 0.128125 0.045000 0.061250
0 0.653125 0.663125 0.066250 0.061250
0 0.450000 0.562500 0.030000 0.027500
0 0.730000 0.908125 0.040000 0.036250
0 0.088750 0.134375 0.075000 0.076250
0 0.838750 0.197500 0.032500 0.032500
0 0.349375 0.048125 0.028750 0.028750
0 0.243750 0.455000 0.057500 0.035000
0 0.061250 0.735625 0.087500 0.053750
0 0.168125 0.774375 0.056250 0.056250
0 0.813125 0.841875 0.078750 0.078750
0 0.746250 0.265625 0.035000 0.033750
0 0.280000 0.295000 0.060000 0.060000
0 0.938750 0.755000 0.067500 0.067500
0 0.925625 0.240625 0.028750 0.028750
0 0.370000 0.653125 0.095000 0.086250
0 0.618750 0.133750 0.050000 0.082500
0 0.603125 0.358125 0.048750 0.081250
0 0.127500 0.377500 0.025000 0.025000
0 0.093750 0.277500 0.047500 0.047500