0 0.487500 0.052500 0.040000 0.040000
0 0.195000 0.592500 0.100000 0.100000
0 0.750625 0.390625 0.038750 0.038750
0 0.913750 0.070000 0.082500 0.082500
0 0.739375 0.258125 0.076250 0.076250
0 0.584375 0.258125 0.033750 0.033750
0 0.397500 0.466250 0.072500 0.072500
0 0.870625 0.515000 0.028750 0.030000
0 0.526875 0.175625 0.061250 0.061250
0 0.233750 0.230000 0.040000 0.040000
0 0.186875 0.296875 0.073750 0.073750
0 0.610625 0.919375 0.101250 0.101250
0 0.346250 0.297500 0.085000 0.085000
0 0.496250 0.306250 0.052500 0.052500
0 0.559375 0.425625 0.083750 0.083750
0 0.820625 0.538125 0.036250 0.036250
0 0.090000 0.386875 0.085000 0.161250
0 0.881250 0.642500 0.075000 0.142500
0 0.236875 0.113125 0.031250 0.058750
0 0.940625 0.412500 0.081250 0.155000
0 0.589375 0.548125 0.103750 0.101250
0 0.232500 0.474375 0.077500 0.073750
0 0.862500 0.932500 0.035000 0.035000
0 0.245000 0.763750 0.045000 0.045000
0 0.111875 0.763125 0.086250 0.086250
0 0.966875 0.589375 0.033750 0.033750
0 0.602500 0.343750 0.025000 0.025000
0 0.550625 0.833125 0.028750 0.028750
0 0.459375 0.906875 0.056250 0.056250
0 0.691250 0.795625 0.107500 0.086250
0 0.411250 0.748750 0.087500 0.087500
0 0.403750 0.613750 0.050000 0.050000
0 0.804375 0.819375 0.076250 0.076250
0 0.833750 0.418750 0.110000 0.110000
0 0.561875 0.071875 0.041250 0.041250
0 0.716250 0.617500 0.080000 0.080000
0 0.070000 0.908750 0.110000 0.110000
0 0.144375 0.114375 0.061250 0.061250
0 0.111875 0.263750 0.051250 0.037500
0 0.828125 0.075000 0.031250 0.022500
0 0.580000 0.749375 0.045000 0.033750
0 0.077500 0.615000 0.082500 0.082500
0 0.375625 0.064375 0.098750 0.098750
0 0.723750 0.097500 0.077500 0.077500
0 0.650000 0.375000 0.042500 0.045000
0 0.710000 0.496875 0.090000 0.096250
0 0.936250 0.826250 0.102500 0.110000
0 0.638750 0.275625 0.055000 0.058750
0 0.846875 0.175000 0.111250 0.107500
0 0.293125 0.703750 0.033750 0.032500
0 0.286875 0.370625 0.046250 0.046250
0 0.082500 0.520000 0.077500 0.077500
0 0.375625 0.203125 0.088750 0.088750
0 0.203125 0.919375 0.051250 0.051250
0 0.752500 0.898750 0.065000 0.065000
0 0.508750 0.653750 0.085000 0.085000