0 0.959375 0.125625 0.036250 0.026250
0 0.346875 0.573125 0.091250 0.066250
0 0.230000 0.732500 0.045000 0.032500
0 0.403125 0.429375 0.081250 0.058750
0 0.258125 0.444375 0.036250 0.048750
0 0.735625 0.881875 0.081250 0.081250
0 0.628125 0.103750 0.043750 0.027500
0 0.358125 0.749375 0.071250 0.071250
0 0.519375 0.788125 0.111250 0.111250
0 0.150000 0.576250 0.027500 0.027500
0 0.551250 0.632500 0.092500 0.092500
0 0.886250 0.788750 0.075000 0.057500
0 0.529375 0.163125 0.036250 0.036250
0 0.842500 0.547500 0.110000 0.110000
0 0.196875 0.870625 0.046250 0.046250
0 0.160625 0.746250 0.041250 0.042500
0 0.685625 0.721875 0.076250 0.078750
0 0.664375 0.408125 0.103750 0.108750
0 0.848125 0.049375 0.038750 0.033750
0 0.441875 0.319375 0.041250 0.041250
0 0.711875 0.213750 0.068750 0.065000
0 0.292500 0.146875 0.112500 0.106250
0 0.105625 0.154375 0.091250 0.086250
0 0.947500 0.853750 0.045000 0.042500
0 0.820625 0.288125 0.086250 0.086250
0 0.312500 0.367500 0.057500 0.057500
0 0.258125 0.376875 0.031250 0.031250
0 0.538125 0.242500 0.048750 0.055000
0 0.937500 0.355625 0.097500 0.111250
0 0.465625 0.921875 0.088750 0.088750
0 0.430625 0.140625 0.108750 0.108750
0 0.685625 0.299375 0.086250 0.086250
0 0.088750 0.460000 0.110000 0.110000
0 0.338125 0.905625 0.053750 0.053750
0 0.409375 0.661875 0.081250 0.081250
0 0.433750 0.512500 0.042500 0.042500
0 0.076875 0.585625 0.071250 0.071250
0 0.550000 0.355000 0.082500 0.082500
0 0.712500 0.067500 0.097500 0.097500
0 0.603125 0.535000 0.053750 0.052500
0 0.559375 0.458750 0.071250 0.070000
0 0.251875 0.541250 0.081250 0.080000
0 0.703125 0.608750 0.086250 0.090000
0 0.705000 0.511875 0.055000 0.053750
0 0.090625 0.786875 0.078750 0.088750
0 0.364375 0.824375 0.043750 0.048750
0 0.125625 0.266875 0.081250 0.098750
0 0.346875 0.051875 0.038750 0.046250
0 0.799375 0.411250 0.091250 0.110000
0 0.125625 0.353750 0.041250 0.050000
0 0.953125 0.460000 0.041250 0.040000
0 0.480625 0.232500 0.041250 0.040000
0 0.802500 0.773125 0.040000 0.038750
0 0.870000 0.691250 0.107500 0.105000
0 0.863125 0.918750 0.096250 0.095000
0 0.071875 0.680000 0.081250 0.080000
0 0.953750 0.061875 0.055000 0.053750
0 0.202500 0.281875 0.052500 0.051250
0 0.846875 0.175625 0.081250 0.078750
0 0.960000 0.271250 0.040000 0.040000
0 0.321875 0.274375 0.096250 0.096250
0 0.651250 0.904375 0.035000 0.031250
0 0.238125 0.790000 0.068750 0.062500
0 0.194375 0.640625 0.053750 0.053750
0 0.419375 0.260625 0.061250 0.061250
0 0.530000 0.061875 0.062500 0.053750
0 0.611250 0.166250 0.072500 0.062500
0 0.621250 0.595000 0.025000 0.030000
0 0.621250 0.803125 0.072500 0.063750
0 0.471875 0.576250 0.051250 0.045000
0 0.583125 0.920625 0.086250 0.086250
0 0.101875 0.890625 0.086250 0.086250
0 0.184375 0.053125 0.061250 0.061250
0 0.944375 0.185000 0.078750 0.060000
0 0.958125 0.575625 0.056250 0.043750
0 0.196875 0.451250 0.056250 0.057500
0 0.439375 0.036875 0.056250 0.041250
0 0.743125 0.150000 0.051250 0.037500
0 0.809375 0.834375 0.033750 0.033750