0 0.415000 0.650625 0.105000 0.083750
0 0.647500 0.327500 0.110000 0.110000
0 0.310000 0.450000 0.050000 0.050000
0 0.736250 0.514375 0.052500 0.036250
0 0.115000 0.317500 0.050000 0.035000
0 0.077500 0.643750 0.095000 0.067500
0 0.485625 0.176875 0.036250 0.036250
0 0.848125 0.218125 0.073750 0.073750
0 0.068125 0.720625 0.048750 0.048750
0 0.688750 0.163750 0.080000 0.080000
0 0.356875 0.550625 0.086250 0.086250
0 0.633125 0.083125 0.051250 0.051250
0 0.818125 0.858750 0.043750 0.047500
0 0.421875 0.865625 0.056250 0.061250
0 0.828750 0.782500 0.030000 0.030000
0 0.336875 0.260000 0.061250 0.062500
0 0.233125 0.101250 0.091250 0.092500
0 0.550000 0.661875 0.090000 0.091250
0 0.117500 0.904375 0.090000 0.091250
0 0.765625 0.219375 0.028750 0.023750
0 0.115000 0.226875 0.050000 0.041250
0 0.911875 0.605000 0.073750 0.060000
0 0.205625 0.728750 0.048750 0.040000
0 0.790000 0.653750 0.025000 0.030000
0 0.641250 0.853750 0.095000 0.097500
0 0.461250 0.418750 0.040000 0.040000
0 0.473125 0.061875 0.086250 0.088750
0 0.066250 0.446250 0.092500 0.095000
0 0.218750 0.241250 0.062500 0.072500
0 0.920625 0.830000 0.086250 0.100000
0 0.775000 0.301250 0.050000 0.037500
0 0.296875 0.628750 0.073750 0.055000
0 0.722500 0.603750 0.090000 0.067500
0 0.351250 0.120000 0.070000 0.052500
0 0.853750 0.426250 0.107500 0.107500
0 0.383125 0.757500 0.098750 0.097500
0 0.460625 0.279375 0.071250 0.071250
0 0.926250 0.683750 0.047500 0.047500
0 0.473125 0.781875 0.066250 0.066250
0 0.213125 0.515000 0.098750 0.117500
0 0.604375 0.484375 0.073750 0.073750
0 0.323750 0.893750 0.102500 0.102500
0 0.721250 0.068125 0.035000 0.033750
0 0.496875 0.495000 0.083750 0.082500
0 0.641250 0.699375 0.065000 0.063750
0 0.889375 0.115625 0.093750 0.093750
0 0.293750 0.371250 0.092500 0.092500
0 0.309375 0.710625 0.031250 0.031250
0 0.061250 0.552500 0.095000 0.095000
0 0.199375 0.785000 0.081250 0.055000
0 0.066250 0.083750 0.107500 0.110000
0 0.905625 0.330625 0.068750 0.068750
0 0.503125 0.874375 0.088750 0.088750
0 0.751250 0.447500 0.062500 0.062500
0 0.338750 0.053750 0.065000 0.065000
0 0.581875 0.148125 0.061250 0.061250
0 0.145625 0.378125 0.046250 0.046250
0 0.710000 0.690000 0.052500 0.055000
0 0.074375 0.789375 0.063750 0.066250