0 0.687500 0.881875 0.080000 0.096250
0 0.859375 0.156250 0.043750 0.052500
0 0.851875 0.449375 0.081250 0.098750
0 0.545625 0.075625 0.048750 0.063750
0 0.633750 0.282500 0.110000 0.055000
0 0.168125 0.723750 0.106250 0.085000
0 0.317500 0.396250 0.037500 0.030000
0 0.395625 0.508125 0.088750 0.101250
0 0.619375 0.582500 0.048750 0.055000
0 0.467500 0.467500 0.035000 0.047500
0 0.286250 0.575625 0.092500 0.126250
0 0.785625 0.075000 0.088750 0.107500
0 0.557500 0.409375 0.080000 0.096250
0 0.230000 0.086250 0.077500 0.077500
0 0.406875 0.665625 0.081250 0.081250
0 0.747500 0.481250 0.080000 0.080000
0 0.945000 0.512500 0.075000 0.075000
0 0.334375 0.205625 0.078750 0.078750
0 0.835000 0.913750 0.027500 0.027500
0 0.388125 0.875000 0.046250 0.045000
0 0.156250 0.868125 0.055000 0.058750
0 0.432500 0.033750 0.035000 0.035000
0 0.617500 0.723750 0.082500 0.082500
0 0.771250 0.665000 0.090000 0.090000
0 0.322500 0.750000 0.065000 0.065000
0 0.055625 0.775625 0.068750 0.061250
0 0.120000 0.240000 0.077500 0.070000
0 0.558750 0.944375 0.055000 0.046250
0 0.239375 0.376875 0.086250 0.086250
0 0.888750 0.815625 0.110000 0.106250
0 0.945625 0.927500 0.046250 0.045000
0 0.422500 0.246250 0.077500 0.075000
0 0.107500 0.486875 0.110000 0.106250
0 0.866250 0.304375 0.102500 0.121250
0 0.031875 0.588125 0.026250 0.031250
0 0.431875 0.118125 0.098750 0.098750
0 0.505625 0.826875 0.096250 0.088750
0 0.653750 0.055000 0.085000 0.077500
0 0.510625 0.155625 0.038750 0.038750
0 0.373750 0.936250 0.052500 0.052500
0 0.081250 0.916250 0.075000 0.072500
0 0.607500 0.193750 0.060000 0.060000
0 0.140000 0.386250 0.060000 0.060000
0 0.213125 0.232500 0.056250 0.042500
0 0.261250 0.173125 0.045000 0.026250
0 0.952500 0.150625 0.025000 0.023750
0 0.929375 0.591250 0.043750 0.042500
0 0.923750 0.675000 0.082500 0.082500
0 0.512500 0.678750 0.105000 0.105000
0 0.127500 0.113750 0.097500 0.097500
0 0.526250 0.247500 0.065000 0.065000
0 0.302500 0.813125 0.040000 0.038750
0 0.766875 0.373125 0.073750 0.071250
0 0.936250 0.085000 0.090000 0.087500
0 0.412500 0.425000 0.032500 0.032500
0 0.719375 0.158125 0.043750 0.043750
0 0.523750 0.513750 0.052500 0.052500
0 0.763750 0.283750 0.082500 0.082500
0 0.283750 0.919375 0.107500 0.108750
0 0.438125 0.351875 0.063750 0.063750
0 0.681250 0.362500 0.067500 0.067500
0 0.060625 0.330625 0.031250 0.031250
0 0.145625 0.798125 0.048750 0.048750
0 0.116875 0.605625 0.101250 0.101250
0 0.609375 0.850625 0.033750 0.033750
0 0.412500 0.777500 0.060000 0.060000
0 0.856250 0.215000 0.042500 0.042500
0 0.645625 0.475625 0.061250 0.061250
0 0.235000 0.818750 0.072500 0.072500