0 0.753750 0.842500 0.107500 0.107500
0 0.775625 0.584375 0.111250 0.078750
0 0.347500 0.402500 0.032500 0.022500
0 0.530000 0.555000 0.025000 0.025000
0 0.555625 0.738750 0.051250 0.032500
0 0.216875 0.954375 0.066250 0.041250
0 0.150625 0.350625 0.096250 0.061250
0 0.756875 0.375000 0.043750 0.027500
0 0.396875 0.313125 0.046250 0.046250
0 0.463750 0.239375 0.050000 0.048750
0 0.191875 0.126875 0.083750 0.073750
0 0.846875 0.878125 0.061250 0.053750
0 0.280625 0.491875 0.033750 0.028750
0 0.404375 0.105625 0.083750 0.073750
0 0.720625 0.290625 0.073750 0.071250
0 0.476875 0.120000 0.036250 0.047500
0 0.100000 0.626875 0.060000 0.078750
0 0.571875 0.635625 0.071250 0.071250
0 0.197500 0.717500 0.080000 0.080000
0 0.860625 0.240625 0.058750 0.058750
0 0.308125 0.076875 0.071250 0.071250
0 0.931250 0.433750 0.102500 0.102500
0 0.934375 0.783750 0.078750 0.080000
0 0.468125 0.346250 0.073750 0.075000
0 0.601250 0.399375 0.047500 0.048750
0 0.263750 0.630625 0.030000 0.036250
0 0.445000 0.610625 0.050000 0.051250
0 0.033125 0.935000 0.041250 0.042500
0 0.438125 0.526875 0.061250 0.048750
0 0.703750 0.473125 0.027500 0.021250
0 0.422500 0.751250 0.105000 0.105000
0 0.506250 0.843750 0.062500 0.062500
0 0.690625 0.190625 0.111250 0.111250
0 0.846250 0.697500 0.060000 0.070000
0 0.112500 0.537500 0.082500 0.082500
0 0.369375 0.926875 0.041250 0.041250
0 0.675625 0.065625 0.081250 0.081250
0 0.710625 0.718125 0.106250 0.086250
0 0.121875 0.877500 0.046250 0.042500
0 0.667500 0.635000 0.060000 0.055000
0 0.301250 0.714375 0.085000 0.078750
0 0.054375 0.755625 0.036250 0.033750
0 0.183750 0.236875 0.082500 0.073750
0 0.909375 0.706875 0.048750 0.043750
0 0.256875 0.438750 0.053750 0.047500
0 0.162500 0.436250 0.100000 0.090000
0 0.920000 0.541875 0.070000 0.068750
0 0.956875 0.933750 0.026250 0.025000
0 0.055000 0.143125 0.057500 0.056250
0 0.777500 0.080625 0.057500 0.056250
0 0.359375 0.208125 0.111250 0.111250
0 0.547500 0.463750 0.052500 0.052500
0 0.539375 0.299375 0.048750 0.048750
0 0.562500 0.098750 0.107500 0.107500