0 0.181250 0.356250 0.050000 0.035000
0 0.755000 0.080000 0.055000 0.055000
0 0.648750 0.498750 0.060000 0.057500
0 0.071875 0.859375 0.073750 0.071250
0 0.392500 0.092500 0.097500 0.095000
0 0.128750 0.103125 0.042500 0.041250
0 0.583125 0.728125 0.086250 0.086250
0 0.763750 0.571250 0.045000 0.045000
0 0.414375 0.536875 0.088750 0.088750
0 0.813125 0.188125 0.056250 0.056250
0 0.859375 0.763750 0.033750 0.035000
0 0.851875 0.421875 0.041250 0.038750
0 0.675625 0.603750 0.091250 0.087500
0 0.114375 0.551875 0.061250 0.058750
0 0.850625 0.899375 0.071250 0.068750
0 0.241875 0.231875 0.086250 0.083750
0 0.533750 0.890000 0.047500 0.047500
0 0.588750 0.087500 0.045000 0.045000
0 0.206250 0.151250 0.060000 0.060000
0 0.660625 0.906250 0.093750 0.117500
0 0.238125 0.873750 0.038750 0.047500
0 0.176875 0.776875 0.086250 0.086250
0 0.289375 0.746250 0.046250 0.040000
0 0.773750 0.256250 0.037500 0.037500
0 0.415625 0.905000 0.078750 0.065000
0 0.852500 0.350000 0.040000 0.040000
0 0.638750 0.297500 0.047500 0.047500
0 0.873750 0.253125 0.057500 0.038750
0 0.617500 0.191250 0.110000 0.075000
0 0.111875 0.633125 0.051250 0.033750
0 0.365000 0.661875 0.082500 0.056250
0 0.543750 0.553750 0.102500 0.102500
0 0.772500 0.379375 0.077500 0.076250
0 0.353750 0.786875 0.062500 0.061250
0 0.251250 0.551250 0.102500 0.145000
0 0.676250 0.101250 0.065000 0.065000
0 0.331250 0.411250 0.100000 0.100000
0 0.282500 0.165000 0.025000 0.025000
0 0.845000 0.092500 0.102500 0.102500
0 0.427500 0.263125 0.082500 0.078750
0 0.050625 0.270625 0.046250 0.043750
0 0.917500 0.630000 0.092500 0.092500
0 0.556250 0.377500 0.100000 0.100000
0 0.431875 0.348125 0.076250 0.076250
0 0.771250 0.472500 0.055000 0.055000
0 0.153125 0.697500 0.056250 0.050000
0 0.503125 0.173125 0.043750 0.038750
0 0.774375 0.773125 0.071250 0.071250
0 0.065625 0.681875 0.048750 0.048750
0 0.933750 0.412500 0.095000 0.095000
0 0.034375 0.343125 0.036250 0.036250
0 0.939375 0.106250 0.053750 0.075000
0 0.127500 0.449375 0.090000 0.081250
0 0.471875 0.760000 0.098750 0.070000
0 0.093750 0.170000 0.100000 0.070000
0 0.186250 0.951875 0.037500 0.026250
0 0.503125 0.055625 0.048750 0.033750
0 0.097500 0.773125 0.030000 0.023750
0 0.881875 0.520625 0.098750 0.078750
0 0.042500 0.565625 0.052500 0.041250
0 0.294375 0.077500 0.056250 0.045000
0 0.886875 0.714375 0.046250 0.046250
0 0.224375 0.045625 0.063750 0.063750
0 0.833750 0.298750 0.037500 0.037500
0 0.115000 0.243750 0.055000 0.055000
0 0.545625 0.833125 0.051250 0.051250
0 0.683750 0.782500 0.082500 0.082500