0 0.305000 0.624375 0.097500 0.121250
0 0.448750 0.418125 0.035000 0.043750
0 0.628750 0.095000 0.030000 0.037500
0 0.591250 0.581250 0.077500 0.077500
0 0.591875 0.316875 0.111250 0.111250
0 0.313750 0.497500 0.040000 0.040000
0 0.397500 0.110000 0.047500 0.047500
0 0.701250 0.915000 0.035000 0.035000
0 0.489375 0.199375 0.031250 0.028750
0 0.425625 0.578750 0.036250 0.032500
0 0.377500 0.346250 0.052500 0.047500
0 0.721250 0.661250 0.067500 0.067500
0 0.815625 0.716875 0.083750 0.083750
0 0.711250 0.096250 0.032500 0.032500
0 0.915000 0.070000 0.040000 0.040000
0 0.801250 0.136875 0.055000 0.066250
0 0.448125 0.307500 0.073750 0.090000
0 0.300625 0.370000 0.043750 0.052500
0 0.618125 0.883125 0.093750 0.113750
0 0.946875 0.895625 0.041250 0.041250
0 0.110625 0.401875 0.103750 0.103750
0 0.790000 0.557500 0.090000 0.090000
0 0.123125 0.075625 0.031250 0.031250
0 0.145000 0.217500 0.060000 0.060000
0 0.123750 0.640000 0.055000 0.055000
0 0.602500 0.703750 0.085000 0.085000
0 0.779375 0.941875 0.066250 0.066250
0 0.186875 0.910625 0.056250 0.056250
0 0.871875 0.224375 0.071250 0.071250
0 0.126875 0.799375 0.071250 0.071250
0 0.741875 0.358125 0.101250 0.101250
0 0.521250 0.128750 0.092500 0.092500
0 0.130625 0.523125 0.081250 0.081250
0 0.879375 0.456875 0.086250 0.086250
0 0.920625 0.821875 0.046250 0.046250
0 0.328750 0.795000 0.102500 0.102500
0 0.834375 0.825000 0.073750 0.072500
0 0.063750 0.693125 0.032500 0.031250
0 0.697500 0.044375 0.042500 0.041250
0 0.285000 0.905625 0.105000 0.103750
0 0.482500 0.915000 0.075000 0.077500
0 0.427500 0.198750 0.075000 0.077500
0 0.907500 0.640625 0.062500 0.053750
0 0.244375 0.524375 0.058750 0.058750
0 0.350000 0.257500 0.065000 0.065000
0 0.228125 0.140625 0.088750 0.071250
0 0.045625 0.815625 0.048750 0.048750
0 0.274375 0.080625 0.028750 0.028750
0 0.368125 0.498125 0.028750 0.028750
0 0.224375 0.310625 0.048750 0.048750
0 0.519375 0.480625 0.066250 0.066250
0 0.812500 0.038750 0.042500 0.042500
0 0.048125 0.878125 0.028750 0.028750
0 0.735625 0.760000 0.058750 0.090000
0 0.436250 0.773125 0.090000 0.138750
0 0.908125 0.351875 0.068750 0.106250
0 0.199375 0.815625 0.038750 0.038750
0 0.060000 0.112500 0.035000 0.035000
0 0.870625 0.940625 0.063750 0.063750
0 0.940625 0.541875 0.031250 0.031250
0 0.813750 0.208750 0.030000 0.030000
0 0.721250 0.212500 0.070000 0.070000
0 0.242500 0.428750 0.057500 0.057500
0 0.220625 0.215625 0.048750 0.048750
0 0.121875 0.303750 0.048750 0.040000
0 0.204375 0.633125 0.071250 0.071250
0 0.523125 0.541875 0.026250 0.026250
0 0.688750 0.522500 0.087500 0.087500
0 0.504375 0.039375 0.041250 0.041250
0 0.357500 0.428750 0.045000 0.045000
0 0.052500 0.943750 0.050000 0.050000
0 0.042500 0.205000 0.052500 0.052500
0 0.142500 0.713125 0.052500 0.051250
0 0.618125 0.168125 0.078750 0.078750
0 0.322500 0.087500 0.032500 0.032500
0 0.400000 0.898750 0.072500 0.072500
0 0.043750 0.592500 0.050000 0.050000
0 0.461250 0.652500 0.080000 0.080000
0 0.532500 0.677500 0.027500 0.027500
0 0.615625 0.776250 0.048750 0.042500
0 0.570000 0.046875 0.057500 0.056250
0 0.439375 0.508750 0.038750 0.037500
0 0.886875 0.706875 0.026250 0.026250
0 0.595625 0.441875 0.041250 0.036250
0 0.219375 0.733125 0.081250 0.071250
0 0.936250 0.141250 0.070000 0.070000
0 0.530000 0.811250 0.050000 0.050000