0 0.800625 0.456875 0.028750 0.018750
0 0.638750 0.495000 0.032500 0.032500
0 0.070000 0.230000 0.080000 0.080000
0 0.445625 0.369375 0.043750 0.043750
0 0.795625 0.379375 0.071250 0.071250
0 0.153125 0.466875 0.101250 0.101250
0 0.865000 0.578750 0.095000 0.095000
0 0.346875 0.833125 0.031250 0.031250
0 0.792500 0.102500 0.072500 0.072500
0 0.685625 0.164375 0.078750 0.078750
0 0.881250 0.869375 0.092500 0.146250
0 0.336875 0.602500 0.066250 0.105000
0 0.230000 0.198750 0.040000 0.062500
0 0.063125 0.874375 0.063750 0.063750
0 0.873750 0.445000 0.032500 0.032500
0 0.929375 0.441875 0.038750 0.036250
0 0.626250 0.929375 0.082500 0.058750
0 0.503125 0.488125 0.043750 0.031250
0 0.726250 0.517500 0.105000 0.105000
0 0.296250 0.211250 0.040000 0.040000
0 0.451250 0.647500 0.090000 0.090000
0 0.527500 0.125625 0.025000 0.023750
0 0.078750 0.325625 0.042500 0.041250
0 0.731250 0.783125 0.027500 0.026250
0 0.881875 0.340000 0.051250 0.055000
0 0.419375 0.830000 0.048750 0.052500
0 0.621250 0.858125 0.032500 0.038750
0 0.616875 0.338125 0.048750 0.048750
0 0.487500 0.435000 0.042500 0.042500
0 0.761250 0.607500 0.050000 0.050000
0 0.250000 0.101250 0.097500 0.097500
0 0.610000 0.573750 0.097500 0.097500
0 0.120000 0.081250 0.090000 0.090000
0 0.441250 0.235000 0.112500 0.112500
0 0.543750 0.241875 0.030000 0.018750
0 0.807500 0.178125 0.077500 0.048750
0 0.777500 0.727500 0.072500 0.045000
0 0.585625 0.065625 0.041250 0.026250
0 0.164375 0.376875 0.046250 0.046250
0 0.490625 0.543125 0.036250 0.036250
0 0.924375 0.154375 0.093750 0.093750
0 0.448750 0.051875 0.027500 0.023750
0 0.551250 0.348125 0.045000 0.038750
0 0.725000 0.351250 0.030000 0.025000
0 0.810000 0.847500 0.027500 0.027500
0 0.368125 0.475625 0.101250 0.101250
0 0.635625 0.690625 0.073750 0.073750
0 0.201250 0.686250 0.045000 0.045000
0 0.594375 0.159375 0.043750 0.043750
0 0.441875 0.556875 0.041250 0.031250
0 0.248125 0.798125 0.108750 0.083750
0 0.765000 0.929375 0.035000 0.026250
0 0.711875 0.289375 0.088750 0.068750
0 0.147500 0.587500 0.107500 0.107500
0 0.596250 0.253750 0.060000 0.072500
0 0.363750 0.115625 0.085000 0.103750
0 0.103125 0.762500 0.086250 0.100000
0 0.545000 0.821250 0.075000 0.087500
0 0.877500 0.668750 0.057500 0.057500
0 0.255625 0.896875 0.093750 0.093750
0 0.276875 0.334375 0.101250 0.101250
0 0.894375 0.283125 0.036250 0.036250
0 0.757500 0.223750 0.025000 0.025000
0 0.259375 0.470625 0.096250 0.096250
0 0.155625 0.265625 0.068750 0.068750
0 0.884375 0.236875 0.031250 0.031250