0 0.552500 0.920000 0.090000 0.090000
0 0.701875 0.485625 0.041250 0.041250
0 0.336250 0.829375 0.107500 0.133750
0 0.220625 0.509375 0.026250 0.031250
0 0.636250 0.116250 0.107500 0.110000
0 0.833750 0.415000 0.035000 0.035000
0 0.887500 0.621250 0.040000 0.040000
0 0.304375 0.721875 0.031250 0.031250
0 0.766875 0.120625 0.053750 0.053750
0 0.370000 0.438750 0.085000 0.085000
0 0.085000 0.537500 0.085000 0.085000
0 0.213750 0.747500 0.042500 0.042500
0 0.445000 0.642500 0.112500 0.112500
0 0.184375 0.239375 0.086250 0.086250
0 0.529375 0.473125 0.108750 0.108750
0 0.863125 0.896875 0.033750 0.033750
0 0.773125 0.721875 0.026250 0.048750
0 0.129375 0.888125 0.081250 0.081250
0 0.665000 0.863750 0.082500 0.082500
0 0.748750 0.331250 0.105000 0.105000
0 0.324375 0.080625 0.076250 0.076250
0 0.964375 0.396875 0.036250 0.036250
0 0.801250 0.627500 0.057500 0.057500
0 0.198750 0.440625 0.105000 0.086250
0 0.485000 0.228750 0.100000 0.082500
0 0.336875 0.591250 0.046250 0.037500
0 0.790625 0.908125 0.096250 0.078750
0 0.652500 0.678750 0.092500 0.092500
0 0.407500 0.097500 0.072500 0.072500
0 0.289375 0.310625 0.063750 0.063750
0 0.611250 0.336875 0.110000 0.133750
0 0.529375 0.096250 0.083750 0.055000
0 0.523750 0.754375 0.097500 0.068750
0 0.458750 0.951250 0.025000 0.022500
0 0.933750 0.712500 0.077500 0.070000
0 0.740625 0.190000 0.066250 0.060000
0 0.911250 0.081250 0.080000 0.072500
0 0.928750 0.251875 0.090000 0.081250
0 0.199375 0.325000 0.028750 0.025000
0 0.225000 0.898750 0.025000 0.025000
0 0.114375 0.092500 0.108750 0.075000
0 0.261250 0.647500 0.077500 0.077500
0 0.109375 0.755625 0.111250 0.111250
0 0.932500 0.890000 0.070000 0.070000
0 0.961250 0.628750 0.040000 0.040000
0 0.815625 0.680625 0.031250 0.031250
0 0.335000 0.211250 0.105000 0.105000
0 0.604375 0.238125 0.041250 0.041250
0 0.055625 0.223125 0.068750 0.068750
0 0.873750 0.516250 0.110000 0.110000
0 0.733750 0.619375 0.055000 0.061250
0 0.359375 0.941875 0.046250 0.051250
0 0.930625 0.345000 0.056250 0.037500
0 0.077500 0.643125 0.112500 0.076250
0 0.062500 0.297500 0.040000 0.040000