0 0.876250 0.475000 0.032500 0.032500
0 0.365625 0.788125 0.048750 0.048750
0 0.919375 0.530625 0.028750 0.028750
0 0.551875 0.290625 0.038750 0.038750
0 0.321250 0.891250 0.067500 0.067500
0 0.461250 0.543750 0.097500 0.097500
0 0.331250 0.145000 0.045000 0.027500
0 0.082500 0.402500 0.067500 0.042500
0 0.096875 0.699375 0.046250 0.046250
0 0.730000 0.165000 0.097500 0.097500
0 0.532500 0.921250 0.090000 0.090000
0 0.625000 0.186250 0.067500 0.067500
0 0.416250 0.877500 0.047500 0.047500
0 0.855000 0.058125 0.077500 0.068750
0 0.258750 0.597500 0.037500 0.040000
0 0.122500 0.828125 0.072500 0.078750
0 0.748750 0.264375 0.072500 0.078750
0 0.485625 0.046875 0.038750 0.038750
0 0.716875 0.485000 0.058750 0.060000
0 0.095625 0.104375 0.091250 0.091250
0 0.070000 0.215000 0.077500 0.077500
0 0.492500 0.138750 0.075000 0.075000
0 0.540625 0.730000 0.091250 0.085000
0 0.466250 0.341250 0.032500 0.030000
0 0.653750 0.633750 0.110000 0.102500
0 0.448750 0.260625 0.092500 0.086250
0 0.583750 0.112500 0.060000 0.060000
0 0.806250 0.645000 0.090000 0.090000
0 0.623750 0.436250 0.085000 0.085000
0 0.710000 0.848750 0.055000 0.055000
0 0.310625 0.691875 0.063750 0.063750
0 0.831250 0.426250 0.032500 0.032500
0 0.411875 0.056875 0.056250 0.051250
0 0.276250 0.281875 0.107500 0.098750
0 0.901875 0.263125 0.043750 0.056250
0 0.183750 0.473750 0.107500 0.110000
0 0.203750 0.628750 0.055000 0.055000
0 0.229375 0.118125 0.106250 0.106250
0 0.220625 0.689375 0.048750 0.048750
0 0.931875 0.344375 0.058750 0.063750
0 0.856875 0.855000 0.081250 0.087500
0 0.451250 0.747500 0.035000 0.035000
0 0.256875 0.760625 0.043750 0.043750
0 0.100625 0.604375 0.046250 0.046250
0 0.476875 0.845625 0.028750 0.028750
0 0.530000 0.465000 0.042500 0.042500
0 0.858125 0.351875 0.068750 0.068750
0 0.791250 0.735000 0.062500 0.062500
0 0.731250 0.031875 0.032500 0.038750
0 0.654375 0.936875 0.051250 0.061250
0 0.918125 0.155000 0.046250 0.055000
0 0.308125 0.495625 0.101250 0.101250
0 0.623750 0.526250 0.067500 0.067500
0 0.118125 0.320625 0.098750 0.098750
0 0.938125 0.641875 0.078750 0.078750
0 0.337500 0.057500 0.035000 0.035000
0 0.415000 0.675000 0.082500 0.080000
0 0.221250 0.858125 0.095000 0.091250
0 0.895625 0.931875 0.051250 0.048750
0 0.728750 0.715000 0.032500 0.030000
0 0.766875 0.544375 0.043750 0.041250
0 0.193125 0.568125 0.031250 0.028750