0 0.119375 0.325625 0.108750 0.076250
0 0.237500 0.352500 0.095000 0.095000
0 0.225625 0.223125 0.078750 0.078750
0 0.503125 0.749375 0.036250 0.036250
0 0.661875 0.431250 0.096250 0.077500
0 0.254375 0.126875 0.028750 0.043750
0 0.673750 0.818750 0.062500 0.055000
0 0.875000 0.389375 0.082500 0.056250
0 0.790000 0.678750 0.055000 0.037500
0 0.758750 0.274375 0.092500 0.103750
0 0.888125 0.775000 0.081250 0.065000
0 0.750625 0.172500 0.096250 0.077500
0 0.265625 0.743750 0.098750 0.080000
0 0.342500 0.081250 0.052500 0.042500
0 0.800000 0.581250 0.052500 0.052500
0 0.648125 0.505625 0.038750 0.031250
0 0.653750 0.590000 0.110000 0.075000
0 0.044375 0.373125 0.026250 0.026250
0 0.500000 0.810625 0.077500 0.071250
0 0.104375 0.870625 0.101250 0.101250
0 0.123750 0.172500 0.077500 0.077500
0 0.490625 0.549375 0.041250 0.041250
0 0.311250 0.480000 0.062500 0.062500
0 0.435000 0.728750 0.065000 0.065000
0 0.211250 0.055000 0.072500 0.072500
0 0.928750 0.678750 0.037500 0.037500
0 0.074375 0.465625 0.111250 0.111250
0 0.472500 0.165000 0.082500 0.082500
0 0.398125 0.873750 0.083750 0.087500
0 0.341875 0.368750 0.041250 0.042500
0 0.540000 0.310625 0.082500 0.086250
0 0.525000 0.422500 0.057500 0.060000
0 0.652500 0.907500 0.070000 0.070000
0 0.120000 0.665000 0.075000 0.075000
0 0.444375 0.414375 0.051250 0.048750
0 0.801250 0.863125 0.062500 0.058750
0 0.916250 0.053750 0.025000 0.032500
0 0.197500 0.521875 0.105000 0.138750
0 0.251875 0.891875 0.066250 0.066250
0 0.713125 0.895625 0.026250 0.026250
0 0.347500 0.640000 0.097500 0.097500
0 0.725625 0.725625 0.051250 0.051250
0 0.663750 0.335000 0.075000 0.065000
0 0.911250 0.548125 0.087500 0.076250
0 0.396250 0.154375 0.045000 0.038750
0 0.493125 0.911250 0.083750 0.072500
0 0.422500 0.270000 0.107500 0.105000
0 0.428125 0.566250 0.041250 0.040000
0 0.826250 0.096250 0.057500 0.055000
0 0.912500 0.158750 0.097500 0.095000
0 0.763750 0.365625 0.027500 0.026250
0 0.568750 0.098750 0.095000 0.092500
0 0.591875 0.185625 0.033750 0.033750
0 0.614375 0.821250 0.036250 0.032500
0 0.079375 0.248125 0.036250 0.036250
0 0.950000 0.375000 0.025000 0.025000
0 0.660625 0.066875 0.073750 0.073750
0 0.783125 0.495625 0.103750 0.103750
0 0.907500 0.298750 0.110000 0.110000
0 0.740625 0.793125 0.056250 0.056250
0 0.322500 0.188750 0.077500 0.077500
0 0.858125 0.679375 0.051250 0.051250
0 0.233750 0.646250 0.062500 0.055000
0 0.345000 0.545000 0.047500 0.047500
0 0.441875 0.065625 0.053750 0.053750
0 0.078750 0.576250 0.072500 0.072500
0 0.513750 0.630000 0.060000 0.065000
0 0.065625 0.755625 0.068750 0.073750
0 0.590000 0.697500 0.072500 0.072500
0 0.163750 0.752500 0.075000 0.075000
0 0.934375 0.885625 0.083750 0.101250
0 0.115000 0.097500 0.052500 0.052500
0 0.044375 0.150625 0.058750 0.053750
0 0.560000 0.529375 0.055000 0.063750
0 0.035625 0.074375 0.043750 0.051250
0 0.876875 0.038125 0.028750 0.028750
0 0.641875 0.194375 0.041250 0.041250
0 0.323750 0.297500 0.057500 0.057500
0 0.190000 0.856250 0.035000 0.035000
0 0.620625 0.251875 0.026250 0.026250
0 0.561875 0.799375 0.028750 0.028750