0 0.341250 0.181250 0.092500 0.100000
0 0.475000 0.866250 0.072500 0.077500
0 0.808125 0.840625 0.061250 0.073750
0 0.626875 0.156875 0.058750 0.071250
0 0.455000 0.093750 0.082500 0.082500
0 0.510000 0.203750 0.040000 0.040000
0 0.168125 0.529375 0.048750 0.048750
0 0.351875 0.394375 0.058750 0.058750
0 0.110000 0.434375 0.042500 0.041250
0 0.098750 0.747500 0.102500 0.125000
0 0.330000 0.513750 0.050000 0.060000
0 0.245625 0.218750 0.031250 0.037500
0 0.496250 0.691250 0.045000 0.055000
0 0.876250 0.738750 0.110000 0.110000
0 0.633750 0.835000 0.060000 0.092500
0 0.600625 0.375625 0.106250 0.163750
0 0.450000 0.314375 0.090000 0.138750
0 0.317500 0.688750 0.072500 0.112500
0 0.763125 0.699375 0.101250 0.101250
0 0.728125 0.048125 0.063750 0.063750
0 0.239375 0.856875 0.053750 0.053750
0 0.775000 0.173750 0.092500 0.100000
0 0.795625 0.515000 0.051250 0.055000
0 0.632500 0.500625 0.055000 0.058750
0 0.155000 0.348750 0.035000 0.037500
0 0.936250 0.110000 0.057500 0.057500
0 0.781250 0.405000 0.092500 0.092500
0 0.501875 0.805625 0.026250 0.026250
0 0.173750 0.112500 0.085000 0.085000
0 0.771250 0.313750 0.055000 0.055000
0 0.531875 0.602500 0.088750 0.097500
0 0.913125 0.218750 0.091250 0.100000
0 0.729375 0.858750 0.068750 0.075000
0 0.925000 0.331875 0.092500 0.111250
0 0.036250 0.547500 0.045000 0.045000
0 0.880625 0.548125 0.088750 0.063750
0 0.114375 0.885000 0.073750 0.070000
0 0.242500 0.549375 0.072500 0.068750
0 0.075000 0.272500 0.045000 0.045000
0 0.899375 0.874375 0.071250 0.071250
0 0.648125 0.613125 0.058750 0.058750
0 0.389375 0.873125 0.063750 0.063750
0 0.890625 0.631250 0.058750 0.060000
0 0.551250 0.253750 0.045000 0.045000
0 0.417500 0.415000 0.045000 0.045000
0 0.228125 0.380625 0.066250 0.066250
0 0.562500 0.696875 0.055000 0.051250
0 0.733750 0.588125 0.057500 0.053750