0 0.895000 0.760000 0.090000 0.090000
0 0.279375 0.088125 0.103750 0.103750
0 0.828750 0.407500 0.025000 0.025000
0 0.311875 0.500625 0.068750 0.068750
0 0.653125 0.936875 0.086250 0.076250
0 0.381875 0.591250 0.111250 0.097500
0 0.415625 0.476875 0.101250 0.101250
0 0.533125 0.289375 0.096250 0.096250
0 0.631875 0.244375 0.061250 0.061250
0 0.106250 0.566250 0.095000 0.095000
0 0.208750 0.841250 0.047500 0.047500
0 0.453125 0.375625 0.056250 0.056250
0 0.940625 0.271875 0.041250 0.041250
0 0.084375 0.860625 0.086250 0.083750
0 0.453125 0.865625 0.083750 0.081250
0 0.360625 0.330625 0.101250 0.098750
0 0.665625 0.448125 0.106250 0.106250
0 0.468750 0.146250 0.040000 0.040000
0 0.922500 0.158750 0.030000 0.030000
0 0.538750 0.599375 0.112500 0.108750
0 0.080625 0.083750 0.043750 0.042500
0 0.241875 0.306875 0.106250 0.103750
0 0.611875 0.740000 0.051250 0.050000
0 0.901875 0.385625 0.053750 0.053750
0 0.403750 0.698750 0.095000 0.095000
0 0.756250 0.446875 0.037500 0.033750
0 0.099375 0.360000 0.073750 0.067500
0 0.850625 0.233125 0.093750 0.128750
0 0.569375 0.440000 0.048750 0.045000
0 0.714375 0.738750 0.071250 0.065000
0 0.790000 0.078750 0.102500 0.095000
0 0.259375 0.904375 0.038750 0.038750
0 0.185000 0.456875 0.100000 0.101250
0 0.666250 0.847500 0.042500 0.042500
0 0.751250 0.623750 0.047500 0.047500
0 0.833750 0.549375 0.102500 0.133750
0 0.145000 0.725625 0.097500 0.093750
0 0.348750 0.780000 0.045000 0.047500
0 0.793750 0.938125 0.032500 0.033750
0 0.583750 0.071875 0.102500 0.108750
0 0.863125 0.926875 0.041250 0.043750
0 0.288125 0.697500 0.088750 0.095000
0 0.067500 0.246250 0.072500 0.077500
0 0.754375 0.178125 0.071250 0.076250
0 0.043125 0.697500 0.051250 0.055000
0 0.521250 0.755000 0.097500 0.097500
0 0.637500 0.330000 0.060000 0.060000
0 0.328750 0.897500 0.047500 0.047500
0 0.803125 0.852500 0.111250 0.055000
0 0.602500 0.856875 0.067500 0.053750
0 0.153750 0.158750 0.075000 0.075000
0 0.445625 0.243750 0.046250 0.037500
0 0.680000 0.575000 0.065000 0.065000
0 0.730000 0.328750 0.080000 0.080000
0 0.380625 0.146875 0.061250 0.116250
0 0.948125 0.855625 0.036250 0.068750
0 0.889375 0.843125 0.036250 0.033750
0 0.898750 0.036250 0.050000 0.047500
0 0.487500 0.077500 0.055000 0.052500
0 0.195625 0.590000 0.053750 0.102500
0 0.280000 0.598750 0.042500 0.042500
0 0.643125 0.648125 0.063750 0.063750
0 0.274375 0.195625 0.096250 0.091250
0 0.957500 0.040625 0.050000 0.046250
0 0.125625 0.058750 0.028750 0.030000
0 0.835000 0.336875 0.057500 0.053750
0 0.945625 0.551875 0.041250 0.041250
0 0.183125 0.930000 0.061250 0.060000
0 0.106250 0.935625 0.052500 0.051250
0 0.059375 0.458750 0.086250 0.085000
0 0.781875 0.701875 0.043750 0.043750
0 0.726875 0.679375 0.031250 0.031250
0 0.702500 0.052500 0.055000 0.055000
0 0.913750 0.436250 0.030000 0.030000
0 0.066250 0.153750 0.082500 0.082500
0 0.061875 0.774375 0.051250 0.051250
0 0.532500 0.883125 0.035000 0.043750
0 0.733750 0.948750 0.052500 0.052500
0 0.613125 0.793125 0.028750 0.026250
0 0.266875 0.828125 0.048750 0.046250
0 0.672500 0.108750 0.042500 0.042500
0 0.513125 0.946875 0.053750 0.053750
0 0.509375 0.490625 0.056250 0.056250
0 0.926250 0.670000 0.062500 0.062500
0 0.936250 0.326250 0.040000 0.040000
0 0.648750 0.167500 0.070000 0.060000