0 0.421875 0.566875 0.073750 0.083750
0 0.298125 0.910000 0.058750 0.060000
0 0.613750 0.446875 0.025000 0.033750
0 0.550625 0.321250 0.106250 0.145000
0 0.800000 0.203125 0.032500 0.043750
0 0.623750 0.883750 0.080000 0.110000
0 0.238750 0.060625 0.057500 0.078750
0 0.740000 0.235000 0.057500 0.057500
0 0.157500 0.470000 0.045000 0.045000
0 0.264375 0.321875 0.088750 0.088750
0 0.440625 0.268125 0.056250 0.068750
0 0.897500 0.046250 0.030000 0.030000
0 0.858125 0.702500 0.048750 0.042500
0 0.661250 0.441250 0.035000 0.035000
0 0.750000 0.456250 0.105000 0.105000
0 0.646250 0.073750 0.050000 0.050000
0 0.269375 0.574375 0.031250 0.031250
0 0.076875 0.320625 0.073750 0.081250
0 0.880000 0.433750 0.100000 0.100000
0 0.308125 0.428125 0.051250 0.051250
0 0.308750 0.095000 0.055000 0.055000
0 0.262500 0.173750 0.050000 0.050000
0 0.535625 0.544375 0.111250 0.111250
0 0.060000 0.223750 0.030000 0.030000
0 0.905000 0.633125 0.095000 0.058750
0 0.059375 0.505625 0.063750 0.038750
0 0.592500 0.741250 0.072500 0.045000
0 0.068750 0.631250 0.110000 0.110000
0 0.520625 0.113125 0.073750 0.073750
0 0.436250 0.080000 0.047500 0.047500
0 0.668125 0.735625 0.063750 0.063750
0 0.946875 0.845625 0.046250 0.046250
0 0.116250 0.136250 0.112500 0.112500
0 0.912500 0.921250 0.090000 0.090000
0 0.329375 0.758125 0.078750 0.078750
0 0.136250 0.752500 0.055000 0.055000
0 0.774375 0.629375 0.063750 0.063750
0 0.931875 0.260000 0.071250 0.092500
0 0.649375 0.606250 0.088750 0.115000
0 0.903125 0.546875 0.086250 0.086250
0 0.424375 0.930625 0.043750 0.018750
0 0.135000 0.042500 0.072500 0.032500
0 0.043750 0.713750 0.035000 0.015000
0 0.326250 0.216250 0.057500 0.057500
0 0.153750 0.577500 0.037500 0.037500
0 0.433125 0.764375 0.103750 0.103750
0 0.175625 0.923125 0.088750 0.088750
0 0.826875 0.075000 0.048750 0.062500
0 0.387500 0.416250 0.087500 0.112500
0 0.155625 0.683125 0.046250 0.046250