0 0.723125 0.232500 0.066250 0.062500
0 0.752500 0.541875 0.107500 0.101250
0 0.395625 0.326250 0.098750 0.092500
0 0.921250 0.659375 0.050000 0.046250
0 0.412500 0.753750 0.067500 0.067500
0 0.530625 0.653125 0.083750 0.083750
0 0.312500 0.586250 0.072500 0.072500
0 0.105000 0.633750 0.110000 0.110000
0 0.709375 0.793125 0.063750 0.048750
0 0.888125 0.387500 0.046250 0.035000
0 0.959375 0.359375 0.028750 0.033750
0 0.571250 0.855000 0.072500 0.087500
0 0.355625 0.155625 0.093750 0.113750
0 0.433750 0.450000 0.097500 0.117500
0 0.785000 0.030625 0.035000 0.026250
0 0.931875 0.812500 0.088750 0.077500
0 0.905000 0.918750 0.027500 0.022500
0 0.146875 0.488125 0.101250 0.098750
0 0.565625 0.551875 0.093750 0.091250
0 0.755625 0.390625 0.098750 0.096250
0 0.055625 0.828125 0.078750 0.076250
0 0.926875 0.141875 0.026250 0.023750
0 0.202500 0.356250 0.107500 0.107500
0 0.420625 0.867500 0.078750 0.075000
0 0.672500 0.903750 0.100000 0.100000
0 0.835625 0.736250 0.076250 0.085000
0 0.225000 0.683750 0.085000 0.085000
0 0.659375 0.683125 0.043750 0.043750
0 0.574375 0.214375 0.048750 0.048750
0 0.868750 0.282500 0.045000 0.045000
0 0.100000 0.235000 0.102500 0.102500
0 0.642500 0.100000 0.052500 0.052500
0 0.118750 0.113750 0.100000 0.100000
0 0.477500 0.212500 0.100000 0.100000
0 0.559375 0.763750 0.048750 0.032500
0 0.238125 0.060000 0.098750 0.065000
0 0.766875 0.165000 0.086250 0.057500
0 0.621875 0.027500 0.031250 0.020000
0 0.899375 0.053125 0.041250 0.041250
0 0.907500 0.473750 0.077500 0.077500
0 0.250000 0.803750 0.100000 0.117500
0 0.276875 0.255000 0.053750 0.062500
0 0.664375 0.443750 0.048750 0.057500
0 0.050000 0.923125 0.025000 0.028750
0 0.804375 0.904375 0.093750 0.083750
0 0.093750 0.388750 0.065000 0.065000
0 0.580625 0.938750 0.061250 0.060000
0 0.490000 0.755625 0.050000 0.068750
0 0.657500 0.601250 0.060000 0.082500
0 0.546875 0.430625 0.081250 0.111250
0 0.732500 0.650000 0.062500 0.085000
0 0.318750 0.470000 0.102500 0.097500
0 0.230000 0.565000 0.037500 0.037500
0 0.435000 0.656250 0.065000 0.065000
0 0.858750 0.560000 0.072500 0.072500
0 0.836250 0.085000 0.060000 0.062500
0 0.431875 0.570000 0.088750 0.092500
0 0.527500 0.093750 0.057500 0.057500
0 0.298750 0.378750 0.067500 0.067500
0 0.927500 0.605000 0.025000 0.022500
0 0.151875 0.923750 0.058750 0.057500
0 0.638750 0.268750 0.065000 0.065000
0 0.231875 0.505625 0.041250 0.041250
0 0.186875 0.202500 0.043750 0.047500
0 0.133750 0.835000 0.057500 0.062500
0 0.403750 0.071250 0.035000 0.037500
0 0.812500 0.643750 0.052500 0.057500
0 0.930000 0.208125 0.037500 0.036250
0 0.396250 0.948125 0.050000 0.048750
0 0.038750 0.100625 0.042500 0.041250
0 0.656875 0.365625 0.053750 0.036250
0 0.050000 0.535000 0.057500 0.062500
0 0.333750 0.933750 0.037500 0.037500
0 0.805625 0.240625 0.058750 0.058750
0 0.312500 0.672500 0.035000 0.035000
0 0.053125 0.745625 0.073750 0.073750
0 0.719375 0.060625 0.073750 0.071250
0 0.249375 0.893125 0.043750 0.043750
0 0.131875 0.730625 0.048750 0.048750
0 0.092500 0.323750 0.040000 0.040000
0 0.683750 0.163750 0.057500 0.057500
0 0.523750 0.325000 0.067500 0.065000
0 0.811250 0.821875 0.050000 0.048750
0 0.494375 0.902500 0.031250 0.022500
0 0.767500 0.303750 0.050000 0.050000
0 0.868125 0.167500 0.066250 0.050000
0 0.947500 0.945000 0.037500 0.037500