0 0.843125 0.511875 0.086250 0.058750
0 0.165625 0.909375 0.083750 0.101250
0 0.590625 0.528750 0.038750 0.035000
0 0.589375 0.935625 0.028750 0.028750
0 0.701250 0.786250 0.042500 0.042500
0 0.636875 0.238125 0.063750 0.063750
0 0.750625 0.859375 0.066250 0.066250
0 0.908125 0.336875 0.066250 0.066250
0 0.412500 0.525000 0.075000 0.075000
0 0.073125 0.108750 0.051250 0.052500
0 0.885000 0.889375 0.087500 0.091250
0 0.638750 0.149375 0.090000 0.093750
0 0.519375 0.568125 0.071250 0.073750
0 0.271875 0.210625 0.088750 0.088750
0 0.091250 0.333750 0.102500 0.102500
0 0.750625 0.631875 0.051250 0.051250
0 0.630625 0.655625 0.111250 0.111250
0 0.300625 0.831875 0.086250 0.086250
0 0.268125 0.145625 0.026250 0.026250
0 0.258125 0.318750 0.091250 0.070000
0 0.281875 0.713125 0.096250 0.096250
0 0.544375 0.793750 0.083750 0.087500
0 0.039375 0.733750 0.031250 0.032500
0 0.119375 0.574375 0.073750 0.076250
0 0.456875 0.396250 0.036250 0.037500
0 0.918125 0.250625 0.048750 0.048750
0 0.461875 0.095625 0.098750 0.098750
0 0.416250 0.303750 0.085000 0.085000
0 0.865625 0.616875 0.061250 0.061250
0 0.756875 0.178125 0.076250 0.076250
0 0.788125 0.779375 0.071250 0.071250
0 0.911875 0.138125 0.108750 0.108750
0 0.431875 0.738750 0.088750 0.090000
0 0.515000 0.414375 0.052500 0.056250
0 0.049375 0.046875 0.043750 0.046250
0 0.768125 0.410625 0.076250 0.081250
0 0.226250 0.067500 0.045000 0.047500
0 0.870000 0.676250 0.032500 0.032500
0 0.361250 0.075000 0.037500 0.037500
0 0.948125 0.676875 0.076250 0.076250
0 0.248750 0.586250 0.052500 0.052500
0 0.137500 0.777500 0.075000 0.075000
0 0.263125 0.466875 0.071250 0.071250
0 0.757500 0.055625 0.070000 0.053750
0 0.120625 0.639375 0.031250 0.023750
0 0.182500 0.222500 0.067500 0.052500
0 0.548750 0.191250 0.070000 0.070000
0 0.371875 0.388750 0.066250 0.037500
0 0.612500 0.413750 0.110000 0.115000
0 0.391250 0.897500 0.067500 0.070000
0 0.086250 0.452500 0.110000 0.110000
0 0.824375 0.320625 0.076250 0.076250
0 0.059375 0.195000 0.093750 0.105000
0 0.337500 0.443750 0.057500 0.057500
0 0.205625 0.705625 0.041250 0.041250
0 0.091875 0.940625 0.028750 0.028750
0 0.663750 0.896875 0.072500 0.073750
0 0.394375 0.188125 0.041250 0.041250
0 0.731875 0.493125 0.053750 0.063750
0 0.410625 0.643125 0.083750 0.083750
0 0.943125 0.554375 0.078750 0.078750
0 0.455625 0.863125 0.028750 0.026250