0 0.640000 0.658125 0.100000 0.098750
0 0.070000 0.899375 0.067500 0.066250
0 0.863125 0.851250 0.066250 0.065000
0 0.094375 0.167500 0.083750 0.110000
0 0.796875 0.512500 0.066250 0.087500
0 0.129375 0.776250 0.066250 0.087500
0 0.792500 0.214375 0.097500 0.096250
0 0.216250 0.177500 0.072500 0.070000
0 0.051250 0.755000 0.035000 0.042500
0 0.235625 0.856875 0.056250 0.058750
0 0.166875 0.511875 0.086250 0.086250
0 0.750625 0.344375 0.033750 0.033750
0 0.357500 0.580000 0.045000 0.045000
0 0.499375 0.709375 0.073750 0.073750
0 0.698125 0.290625 0.063750 0.056250
0 0.398750 0.310625 0.037500 0.033750
0 0.891875 0.520625 0.028750 0.028750
0 0.624375 0.765625 0.073750 0.073750
0 0.567500 0.158750 0.102500 0.102500
0 0.076875 0.521250 0.063750 0.052500
0 0.315000 0.358750 0.112500 0.092500
0 0.685000 0.518750 0.092500 0.092500
0 0.483750 0.356250 0.062500 0.062500
0 0.596250 0.920000 0.100000 0.100000
0 0.081875 0.413750 0.076250 0.045000
0 0.340625 0.935000 0.101250 0.060000
0 0.553125 0.381875 0.033750 0.033750
0 0.301250 0.699375 0.085000 0.096250
0 0.536250 0.485625 0.085000 0.096250
0 0.831875 0.120000 0.033750 0.037500
0 0.433750 0.093750 0.107500 0.122500
0 0.206875 0.073125 0.041250 0.041250
0 0.391875 0.664375 0.038750 0.038750
0 0.791250 0.638750 0.105000 0.105000
0 0.740000 0.106250 0.102500 0.102500
0 0.160625 0.593750 0.046250 0.045000
0 0.070625 0.302500 0.103750 0.102500
0 0.129375 0.845625 0.026250 0.026250
0 0.307500 0.488750 0.027500 0.027500
0 0.390625 0.491875 0.098750 0.098750
0 0.794375 0.356875 0.026250 0.026250
0 0.770000 0.760625 0.075000 0.073750
0 0.870625 0.320625 0.101250 0.101250
0 0.044375 0.595625 0.056250 0.058750
0 0.911875 0.733750 0.081250 0.085000
0 0.936250 0.943750 0.047500 0.047500
0 0.752500 0.865000 0.052500 0.052500
0 0.515000 0.275000 0.072500 0.072500
0 0.460625 0.916875 0.086250 0.086250
0 0.701250 0.366250 0.042500 0.042500
0 0.080000 0.071250 0.067500 0.067500
0 0.696875 0.746875 0.038750 0.038750
0 0.913125 0.164375 0.108750 0.108750
0 0.962500 0.871250 0.035000 0.065000
0 0.958125 0.808125 0.043750 0.046250
0 0.218750 0.768750 0.062500 0.062500
0 0.318750 0.097500 0.092500 0.092500
0 0.946250 0.056250 0.045000 0.045000
0 0.480000 0.817500 0.097500 0.097500
0 0.284375 0.260625 0.036250 0.036250
0 0.163750 0.326875 0.067500 0.068750
0 0.960000 0.538750 0.037500 0.037500
0 0.930000 0.453125 0.097500 0.081250
0 0.380000 0.226250 0.045000 0.037500
0 0.898750 0.605000 0.087500 0.072500
0 0.413750 0.626875 0.037500 0.021250
0 0.299375 0.216250 0.048750 0.027500
0 0.672500 0.826875 0.052500 0.028750
0 0.188750 0.256250 0.067500 0.037500
0 0.339375 0.835625 0.083750 0.083750
0 0.500625 0.619375 0.038750 0.038750
0 0.264375 0.564375 0.083750 0.083750
0 0.111250 0.673750 0.060000 0.060000
0 0.772500 0.421250 0.045000 0.045000
0 0.601250 0.055000 0.072500 0.072500
0 0.210625 0.944375 0.061250 0.061250
0 0.681250 0.188750 0.030000 0.030000
0 0.856875 0.040625 0.048750 0.048750
0 0.185000 0.669375 0.067500 0.068750
0 0.508125 0.565625 0.031250 0.031250
0 0.916250 0.666250 0.037500 0.030000
0 0.800000 0.315000 0.025000 0.020000
0 0.832500 0.438750 0.060000 0.042500
0 0.781875 0.916875 0.026250 0.018750
0 0.616250 0.303750 0.057500 0.057500
0 0.456250 0.196875 0.092500 0.063750
0 0.485000 0.403125 0.027500 0.016250
0 0.629375 0.436250 0.053750 0.032500
0 0.250625 0.475000 0.041250 0.025000
0 0.963125 0.285625 0.028750 0.023750
0 0.438125 0.580625 0.041250 0.038750
0 0.853125 0.498750 0.026250 0.037500