0 0.918750 0.187500 0.112500 0.112500
0 0.231250 0.140625 0.030000 0.031250
0 0.570625 0.456250 0.091250 0.095000
0 0.476250 0.813750 0.080000 0.080000
0 0.470625 0.605625 0.081250 0.081250
0 0.827500 0.601250 0.047500 0.047500
0 0.313750 0.798750 0.082500 0.082500
0 0.943125 0.551875 0.083750 0.083750
0 0.133125 0.688125 0.051250 0.051250
0 0.563750 0.164375 0.112500 0.136250
0 0.057500 0.482500 0.035000 0.042500
0 0.941875 0.798125 0.058750 0.071250
0 0.718750 0.413750 0.067500 0.067500
0 0.938750 0.405000 0.035000 0.035000
0 0.670000 0.580000 0.095000 0.095000
0 0.118125 0.201250 0.046250 0.055000
0 0.392500 0.491250 0.065000 0.062500
0 0.227500 0.456875 0.077500 0.073750
0 0.455625 0.348125 0.058750 0.056250
0 0.346250 0.297500 0.100000 0.112500
0 0.848125 0.266875 0.028750 0.028750
0 0.661875 0.063125 0.028750 0.028750
0 0.058125 0.813750 0.078750 0.070000
0 0.507500 0.725000 0.055000 0.055000
0 0.693125 0.904375 0.103750 0.103750
0 0.836250 0.406875 0.075000 0.063750
0 0.104375 0.370625 0.101250 0.101250
0 0.600625 0.051250 0.061250 0.060000
0 0.735000 0.699375 0.052500 0.058750
0 0.716250 0.227500 0.052500 0.030000
0 0.321875 0.571250 0.086250 0.050000
0 0.150625 0.932500 0.086250 0.050000
0 0.601250 0.293125 0.055000 0.031250
0 0.183750 0.824375 0.050000 0.046250
0 0.569375 0.665625 0.041250 0.041250
0 0.579375 0.884375 0.103750 0.103750
0 0.331875 0.899375 0.103750 0.103750
0 0.226875 0.068750 0.083750 0.072500
0 0.460000 0.940625 0.042500 0.036250
0 0.563125 0.353125 0.053750 0.046250
0 0.788750 0.530000 0.025000 0.030000
0 0.888750 0.672500 0.077500 0.077500
0 0.149375 0.056875 0.043750 0.043750
0 0.790000 0.128750 0.095000 0.095000
0 0.056250 0.680625 0.072500 0.051250
0 0.450625 0.273750 0.046250 0.032500
0 0.838125 0.477500 0.053750 0.037500
0 0.191250 0.210000 0.075000 0.052500
0 0.563750 0.579375 0.065000 0.081250
0 0.775000 0.041875 0.035000 0.043750
0 0.885625 0.918750 0.073750 0.092500
0 0.424375 0.156875 0.068750 0.068750
0 0.195000 0.545000 0.075000 0.075000
0 0.666875 0.138750 0.051250 0.052500
0 0.093125 0.595625 0.068750 0.081250
0 0.351875 0.695625 0.058750 0.068750
0 0.226875 0.656875 0.086250 0.086250
0 0.385625 0.788125 0.046250 0.046250
0 0.036875 0.258125 0.036250 0.036250
0 0.563125 0.794375 0.026250 0.026250
0 0.877500 0.812500 0.052500 0.052500
0 0.207500 0.301250 0.087500 0.087500
0 0.617500 0.800000 0.035000 0.035000
0 0.913125 0.070000 0.093750 0.080000
0 0.077500 0.745000 0.042500 0.042500
0 0.642500 0.382500 0.040000 0.035000
0 0.325000 0.178750 0.085000 0.075000
0 0.631875 0.726250 0.068750 0.067500
0 0.235000 0.882500 0.035000 0.035000
0 0.685000 0.300000 0.055000 0.055000
0 0.742500 0.805000 0.062500 0.062500
0 0.412500 0.063750 0.062500 0.062500
0 0.812500 0.326250 0.062500 0.062500
0 0.366875 0.380625 0.036250 0.036250
0 0.478125 0.428125 0.078750 0.078750