0 0.130625 0.745000 0.033750 0.035000
0 0.475625 0.474375 0.101250 0.106250
0 0.310000 0.401250 0.102500 0.090000
0 0.142500 0.825625 0.030000 0.026250
0 0.138125 0.370000 0.088750 0.077500
0 0.271250 0.600000 0.100000 0.087500
0 0.736250 0.102500 0.032500 0.032500
0 0.170625 0.598125 0.026250 0.026250
0 0.255000 0.083125 0.057500 0.051250
0 0.454375 0.178750 0.098750 0.127500
0 0.888125 0.733125 0.088750 0.113750
0 0.746250 0.704375 0.092500 0.118750
0 0.736250 0.334375 0.050000 0.063750
0 0.618750 0.481875 0.110000 0.131250
0 0.286875 0.799375 0.053750 0.053750
0 0.653125 0.883125 0.038750 0.038750
0 0.652500 0.200000 0.077500 0.077500
0 0.029375 0.675625 0.028750 0.028750
0 0.893125 0.104375 0.058750 0.058750
0 0.885625 0.544375 0.086250 0.086250
0 0.786875 0.923125 0.031250 0.031250
0 0.893750 0.346250 0.082500 0.082500
0 0.228125 0.880625 0.091250 0.091250
0 0.360625 0.140625 0.068750 0.068750
0 0.471250 0.681250 0.097500 0.097500
0 0.264375 0.203750 0.046250 0.040000
0 0.406250 0.278125 0.047500 0.041250
0 0.164375 0.128125 0.076250 0.076250
0 0.311875 0.294375 0.051250 0.051250
0 0.058125 0.589375 0.071250 0.071250
0 0.506250 0.867500 0.060000 0.060000
0 0.266250 0.710000 0.107500 0.107500
0 0.526875 0.296875 0.091250 0.091250
0 0.801250 0.571250 0.055000 0.055000
0 0.557500 0.062500 0.105000 0.087500
0 0.066250 0.296875 0.045000 0.046250
0 0.609375 0.715000 0.111250 0.105000
0 0.392500 0.848750 0.027500 0.025000
0 0.428750 0.572500 0.050000 0.050000
0 0.401250 0.953750 0.027500 0.027500
0 0.913125 0.640625 0.046250 0.046250
0 0.791250 0.212500 0.085000 0.085000
0 0.136875 0.465625 0.073750 0.073750
0 0.208125 0.279375 0.071250 0.071250
0 0.897500 0.856250 0.082500 0.082500
0 0.083125 0.190625 0.048750 0.048750
0 0.075000 0.908750 0.077500 0.077500
0 0.903125 0.190625 0.081250 0.081250
0 0.061250 0.106250 0.087500 0.087500
0 0.061250 0.810000 0.077500 0.077500
0 0.061250 0.518750 0.032500 0.032500
0 0.750000 0.427500 0.082500 0.082500
0 0.858750 0.431250 0.062500 0.060000
0 0.623125 0.358750 0.073750 0.087500
0 0.782500 0.843125 0.085000 0.101250
0 0.727500 0.055000 0.030000 0.030000
0 0.370625 0.708125 0.048750 0.048750
0 0.650000 0.827500 0.035000 0.035000
0 0.642500 0.607500 0.090000 0.087500
0 0.389375 0.480625 0.043750 0.043750
0 0.520625 0.774375 0.038750 0.046250
0 0.170000 0.536250 0.052500 0.052500
0 0.075625 0.666875 0.046250 0.046250
0 0.330625 0.921250 0.096250 0.100000
0 0.791875 0.087500 0.031250 0.032500
0 0.444375 0.033125 0.058750 0.036250
0 0.426875 0.336250 0.063750 0.045000
0 0.578750 0.936250 0.057500 0.057500
0 0.676875 0.075625 0.038750 0.038750
0 0.583750 0.807500 0.060000 0.060000