0 0.668125 0.066250 0.098750 0.090000
0 0.186875 0.465000 0.026250 0.017500
0 0.550625 0.041875 0.076250 0.053750
0 0.146250 0.709375 0.030000 0.021250
0 0.609375 0.608125 0.076250 0.076250
0 0.497500 0.856250 0.095000 0.095000
0 0.211875 0.520625 0.076250 0.076250
0 0.318750 0.473750 0.090000 0.090000
0 0.887500 0.128750 0.090000 0.090000
0 0.711875 0.475625 0.108750 0.108750
0 0.620625 0.260625 0.111250 0.111250
0 0.188125 0.748125 0.031250 0.026250
0 0.108125 0.100625 0.111250 0.093750
0 0.595000 0.716250 0.092500 0.077500
0 0.840000 0.921250 0.080000 0.097500
0 0.112500 0.384375 0.035000 0.033750
0 0.105625 0.550625 0.026250 0.026250
0 0.315000 0.838750 0.070000 0.070000
0 0.251250 0.158125 0.065000 0.058750
0 0.889375 0.818125 0.063750 0.063750
0 0.505625 0.666875 0.066250 0.066250
0 0.062500 0.833750 0.075000 0.075000
0 0.473750 0.237500 0.110000 0.110000
0 0.779375 0.789375 0.106250 0.103750
0 0.378750 0.226875 0.047500 0.046250
0 0.771250 0.610625 0.037500 0.036250
0 0.403125 0.709375 0.103750 0.101250
0 0.510000 0.520000 0.100000 0.100000
0 0.108750 0.180000 0.042500 0.042500
0 0.740625 0.366875 0.083750 0.083750
0 0.850625 0.228750 0.033750 0.027500
0 0.918750 0.388125 0.095000 0.088750
0 0.708125 0.639375 0.046250 0.046250
0 0.929375 0.575000 0.056250 0.062500
0 0.353750 0.604375 0.075000 0.083750
0 0.090000 0.238750 0.027500 0.030000
0 0.210000 0.838750 0.102500 0.115000
0 0.514375 0.117500 0.031250 0.035000
0 0.716875 0.934375 0.071250 0.081250
0 0.393125 0.373125 0.066250 0.076250
0 0.281875 0.943750 0.043750 0.050000
0 0.272500 0.665000 0.040000 0.035000
0 0.231250 0.358750 0.110000 0.097500
0 0.494375 0.746875 0.063750 0.056250
0 0.588750 0.841250 0.057500 0.057500
0 0.890000 0.735000 0.080000 0.080000
0 0.295000 0.731250 0.065000 0.065000
0 0.046250 0.517500 0.042500 0.042500
0 0.400625 0.880625 0.046250 0.046250
0 0.627500 0.930000 0.065000 0.065000
0 0.828125 0.496875 0.108750 0.108750
0 0.735000 0.251250 0.092500 0.092500
0 0.032500 0.746250 0.037500 0.037500
0 0.921875 0.271875 0.086250 0.086250
0 0.086250 0.612500 0.090000 0.050000
0 0.517500 0.441875 0.057500 0.031250
0 0.406875 0.043750 0.058750 0.032500
0 0.563125 0.375625 0.071250 0.038750