0 0.183125 0.620625 0.098750 0.098750
0 0.546250 0.883750 0.030000 0.030000
0 0.783750 0.762500 0.057500 0.057500
0 0.624375 0.446875 0.033750 0.036250
0 0.328125 0.049375 0.026250 0.028750
0 0.673125 0.129375 0.033750 0.036250
0 0.111250 0.313750 0.110000 0.120000
0 0.221250 0.820625 0.070000 0.051250
0 0.502500 0.245000 0.075000 0.075000
0 0.872500 0.084375 0.105000 0.143750
0 0.301250 0.652500 0.102500 0.140000
0 0.538750 0.543125 0.052500 0.071250
0 0.796875 0.571250 0.086250 0.117500
0 0.354375 0.823125 0.091250 0.088750
0 0.442500 0.375625 0.037500 0.036250
0 0.393750 0.472500 0.060000 0.057500
0 0.298125 0.225000 0.031250 0.030000
0 0.203750 0.130000 0.090000 0.072500
0 0.037500 0.820000 0.040000 0.040000
0 0.163750 0.482500 0.077500 0.077500
0 0.541250 0.116250 0.025000 0.025000
0 0.941250 0.931250 0.065000 0.042500
0 0.901250 0.325625 0.062500 0.041250
0 0.155625 0.728750 0.098750 0.065000
0 0.664375 0.582500 0.076250 0.050000
0 0.805625 0.466875 0.033750 0.033750
0 0.398750 0.273750 0.102500 0.102500
0 0.274375 0.460625 0.091250 0.091250
0 0.438125 0.666875 0.103750 0.103750
0 0.544375 0.763125 0.086250 0.086250
0 0.683750 0.930000 0.042500 0.042500
0 0.770000 0.293125 0.052500 0.053750
0 0.726875 0.133125 0.048750 0.048750
0 0.705000 0.272500 0.060000 0.060000
0 0.698750 0.463125 0.092500 0.083750
0 0.629375 0.324375 0.043750 0.038750
0 0.585000 0.032500 0.042500 0.037500
0 0.278125 0.930000 0.091250 0.082500
0 0.098750 0.918750 0.097500 0.097500
0 0.868125 0.943125 0.038750 0.038750
0 0.075625 0.122500 0.101250 0.095000
0 0.907500 0.730000 0.027500 0.025000
0 0.428125 0.155000 0.053750 0.050000
0 0.853750 0.226875 0.100000 0.093750
0 0.785000 0.875000 0.067500 0.062500
0 0.940000 0.565625 0.095000 0.076250
0 0.216875 0.230625 0.086250 0.086250
0 0.906875 0.675625 0.053750 0.048750
0 0.094375 0.566250 0.031250 0.012500
0 0.258750 0.331875 0.085000 0.083750
0 0.285625 0.028750 0.033750 0.032500
0 0.513125 0.448125 0.066250 0.063750
0 0.313750 0.130000 0.102500 0.100000
0 0.873125 0.464375 0.071250 0.068750
0 0.946250 0.877500 0.047500 0.047500
0 0.110625 0.840625 0.048750 0.043750
0 0.455625 0.941875 0.056250 0.051250
0 0.668750 0.768750 0.075000 0.080000
0 0.813750 0.681250 0.097500 0.082500
0 0.523125 0.330625 0.083750 0.071250
0 0.461250 0.061875 0.100000 0.081250
0 0.468125 0.778750 0.046250 0.047500
0 0.044375 0.521875 0.056250 0.058750
0 0.618125 0.931875 0.038750 0.038750
0 0.031875 0.724375 0.028750 0.028750
0 0.676875 0.874375 0.048750 0.048750
0 0.909375 0.784375 0.041250 0.041250
0 0.666250 0.201250 0.060000 0.060000
0 0.546250 0.663125 0.072500 0.048750
0 0.736250 0.067500 0.075000 0.050000
0 0.420000 0.550000 0.082500 0.082500
0 0.540625 0.156250 0.053750 0.037500
0 0.335625 0.548125 0.028750 0.028750
0 0.060000 0.200625 0.060000 0.036250
0 0.130625 0.406875 0.046250 0.046250
0 0.450625 0.850625 0.071250 0.068750
0 0.376875 0.938750 0.081250 0.047500
0 0.853750 0.755000 0.045000 0.040000
0 0.685000 0.349375 0.050000 0.043750
0 0.198750 0.037500 0.042500 0.037500
0 0.361250 0.400000 0.032500 0.027500
0 0.791250 0.405000 0.072500 0.072500
0 0.756875 0.188125 0.041250 0.036250
0 0.601250 0.203750 0.052500 0.047500
0 0.066250 0.041875 0.055000 0.048750
0 0.955000 0.222500 0.052500 0.052500
0 0.587500 0.886250 0.025000 0.025000
0 0.688750 0.657500 0.067500 0.067500