0 0.481250 0.173750 0.070000 0.070000
0 0.209375 0.291875 0.038750 0.038750
0 0.262500 0.531250 0.070000 0.070000
0 0.334375 0.686875 0.056250 0.056250
0 0.053125 0.203125 0.061250 0.061250
0 0.617500 0.056250 0.032500 0.032500
0 0.670000 0.338750 0.050000 0.050000
0 0.922500 0.097500 0.030000 0.030000
0 0.904375 0.914375 0.091250 0.113750
0 0.456250 0.651250 0.032500 0.032500
0 0.899375 0.530625 0.063750 0.063750
0 0.788750 0.186250 0.087500 0.087500
0 0.500625 0.323125 0.063750 0.063750
0 0.333750 0.288750 0.070000 0.070000
0 0.048125 0.758750 0.026250 0.020000
0 0.575000 0.157500 0.055000 0.055000
0 0.970000 0.640000 0.032500 0.032500
0 0.902500 0.427500 0.112500 0.112500
0 0.948750 0.701250 0.027500 0.027500
0 0.676875 0.611875 0.048750 0.048750
0 0.278750 0.061250 0.080000 0.080000
0 0.334375 0.810625 0.103750 0.103750
0 0.230625 0.670625 0.066250 0.066250
0 0.541875 0.603125 0.098750 0.098750
0 0.080625 0.696875 0.038750 0.038750
0 0.711250 0.433750 0.082500 0.057500
0 0.860000 0.106250 0.065000 0.045000
0 0.194375 0.368750 0.053750 0.037500
0 0.692500 0.251875 0.047500 0.033750
0 0.192500 0.865625 0.092500 0.111250
0 0.688750 0.737500 0.102500 0.102500
0 0.728125 0.531875 0.071250 0.051250
0 0.523125 0.776875 0.093750 0.093750
0 0.707500 0.837500 0.037500 0.037500
0 0.813125 0.628750 0.086250 0.085000
0 0.203125 0.131250 0.051250 0.050000
0 0.617500 0.915000 0.057500 0.057500
0 0.316875 0.474375 0.026250 0.026250
0 0.522500 0.908750 0.077500 0.077500
0 0.664375 0.190625 0.053750 0.053750
0 0.417500 0.536250 0.110000 0.110000
0 0.061250 0.451250 0.075000 0.075000
0 0.380625 0.058125 0.078750 0.078750
0 0.642500 0.541250 0.070000 0.070000
0 0.857500 0.156250 0.032500 0.030000
0 0.085000 0.518750 0.027500 0.025000
0 0.789375 0.798125 0.063750 0.063750
0 0.551875 0.390625 0.056250 0.056250
0 0.043125 0.083125 0.061250 0.061250
0 0.118125 0.293125 0.036250 0.036250
0 0.290625 0.185000 0.103750 0.092500
0 0.894375 0.315625 0.093750 0.093750
0 0.136875 0.725625 0.041250 0.041250
0 0.089375 0.610625 0.093750 0.086250
0 0.307500 0.922500 0.077500 0.077500
0 0.086250 0.858750 0.087500 0.087500
0 0.374375 0.413750 0.056250 0.102500
0 0.426875 0.289375 0.046250 0.083750
0 0.051250 0.323125 0.065000 0.118750
0 0.170625 0.451875 0.098750 0.098750
0 0.140000 0.132500 0.057500 0.057500
0 0.680000 0.960000 0.025000 0.025000
0 0.283125 0.373125 0.058750 0.058750
0 0.270000 0.598125 0.047500 0.046250
0 0.799375 0.925000 0.056250 0.055000
0 0.693125 0.880000 0.033750 0.032500
0 0.387500 0.927500 0.067500 0.065000
0 0.774375 0.054375 0.091250 0.083750
0 0.951250 0.193750 0.055000 0.050000
0 0.519375 0.246875 0.066250 0.058750
0 0.800000 0.514375 0.042500 0.048750
0 0.799375 0.328125 0.036250 0.043750
0 0.859375 0.778125 0.058750 0.071250