0 0.391875 0.411875 0.086250 0.086250
0 0.916250 0.406250 0.060000 0.060000
0 0.341875 0.860625 0.076250 0.076250
0 0.123125 0.871875 0.083750 0.083750
0 0.465625 0.591250 0.028750 0.025000
0 0.528750 0.329375 0.100000 0.098750
0 0.575000 0.193125 0.107500 0.106250
0 0.913750 0.496875 0.090000 0.088750
0 0.480000 0.723125 0.102500 0.063750
0 0.386250 0.264375 0.067500 0.041250
0 0.098125 0.450625 0.031250 0.018750
0 0.548125 0.607500 0.031250 0.035000
0 0.657500 0.643750 0.052500 0.060000
0 0.188125 0.374375 0.041250 0.046250
0 0.800000 0.565625 0.032500 0.036250
0 0.198125 0.721250 0.111250 0.092500
0 0.889375 0.921250 0.058750 0.042500
0 0.198750 0.310625 0.075000 0.053750
0 0.348125 0.133125 0.108750 0.148750
0 0.940625 0.735625 0.088750 0.121250
0 0.558750 0.927500 0.047500 0.065000
0 0.038750 0.602500 0.027500 0.037500
0 0.642500 0.442500 0.045000 0.045000
0 0.545000 0.527500 0.097500 0.097500
0 0.795625 0.084375 0.063750 0.063750
0 0.775000 0.318750 0.090000 0.090000
0 0.248125 0.519375 0.056250 0.056250
0 0.923750 0.237500 0.095000 0.095000
0 0.658125 0.720625 0.076250 0.076250
0 0.832500 0.212500 0.032500 0.032500
0 0.357500 0.750625 0.052500 0.071250
0 0.766875 0.680625 0.096250 0.131250
0 0.095625 0.313750 0.098750 0.135000
0 0.381250 0.558125 0.065000 0.088750
0 0.110625 0.088125 0.053750 0.053750
0 0.911875 0.615625 0.101250 0.101250
0 0.468125 0.807500 0.058750 0.052500
0 0.641875 0.546875 0.036250 0.036250
0 0.799375 0.789375 0.036250 0.036250
0 0.270000 0.380000 0.042500 0.042500
0 0.041875 0.844375 0.038750 0.046250
0 0.661250 0.306250 0.100000 0.100000
0 0.255625 0.616875 0.076250 0.076250
0 0.897500 0.855000 0.062500 0.062500
0 0.753750 0.448750 0.090000 0.090000
0 0.072500 0.157500 0.055000 0.052500
0 0.063750 0.748125 0.067500 0.063750
0 0.468750 0.081875 0.097500 0.078750
0 0.705625 0.083125 0.088750 0.053750
0 0.645000 0.890000 0.060000 0.060000
0 0.880000 0.056250 0.027500 0.012500
0 0.125000 0.552500 0.087500 0.072500
0 0.758750 0.906250 0.095000 0.095000
0 0.261250 0.838750 0.050000 0.050000
0 0.701875 0.153125 0.048750 0.048750
0 0.465625 0.911875 0.088750 0.088750
0 0.834375 0.456875 0.046250 0.046250
0 0.189375 0.251875 0.041250 0.041250
0 0.675625 0.789375 0.043750 0.043750
0 0.208125 0.134375 0.108750 0.108750
0 0.234375 0.926875 0.088750 0.088750
0 0.403750 0.323750 0.050000 0.050000
0 0.595000 0.068750 0.085000 0.077500
0 0.142500 0.491875 0.032500 0.028750
0 0.963750 0.101875 0.042500 0.041250
0 0.286250 0.298750 0.060000 0.057500
0 0.286875 0.441250 0.053750 0.052500
0 0.192500 0.615000 0.027500 0.027500
0 0.136250 0.638750 0.047500 0.047500
0 0.564375 0.405000 0.036250 0.032500
0 0.793125 0.161875 0.026250 0.033750
0 0.745000 0.791250 0.042500 0.055000
0 0.753750 0.145625 0.037500 0.036250
0 0.693125 0.832500 0.028750 0.027500
0 0.351875 0.669375 0.066250 0.068750
0 0.445000 0.651875 0.025000 0.028750
0 0.875000 0.118750 0.072500 0.072500
0 0.244375 0.239375 0.038750 0.038750
0 0.296875 0.786875 0.048750 0.036250
0 0.903125 0.315625 0.036250 0.036250
0 0.850000 0.744375 0.047500 0.033750
0 0.034375 0.091875 0.031250 0.021250
0 0.718125 0.535625 0.076250 0.053750
0 0.379375 0.936875 0.038750 0.038750
0 0.760000 0.215000 0.052500 0.052500