0 0.781875 0.196875 0.043750 0.043750
0 0.448750 0.260000 0.047500 0.047500
0 0.709375 0.366875 0.083750 0.083750
0 0.880000 0.247500 0.045000 0.045000
0 0.303750 0.770000 0.067500 0.067500
0 0.857500 0.420000 0.070000 0.070000
0 0.081875 0.779375 0.076250 0.078750
0 0.676875 0.536250 0.103750 0.107500
0 0.891250 0.571250 0.057500 0.060000
0 0.115000 0.626875 0.027500 0.028750
0 0.365000 0.321250 0.065000 0.065000
0 0.173750 0.346250 0.112500 0.137500
0 0.943125 0.071250 0.086250 0.105000
0 0.936875 0.773125 0.093750 0.113750
0 0.556250 0.696875 0.065000 0.078750
0 0.626250 0.885625 0.087500 0.061250
0 0.466875 0.053750 0.081250 0.057500
0 0.221875 0.603750 0.078750 0.055000
0 0.463750 0.567500 0.082500 0.057500
0 0.777500 0.076250 0.102500 0.102500
0 0.465625 0.645625 0.033750 0.033750
0 0.342500 0.482500 0.030000 0.030000
0 0.815000 0.325000 0.067500 0.067500
0 0.290625 0.531875 0.051250 0.048750
0 0.464375 0.848750 0.111250 0.100000
0 0.338125 0.642500 0.056250 0.067500
0 0.355625 0.213125 0.058750 0.058750
0 0.565000 0.398750 0.090000 0.090000
0 0.082500 0.112500 0.112500 0.112500
0 0.966875 0.419375 0.036250 0.036250
0 0.196875 0.498750 0.086250 0.085000
0 0.646250 0.177500 0.070000 0.070000
0 0.737500 0.701250 0.100000 0.100000
0 0.223125 0.060625 0.068750 0.068750
0 0.829375 0.934375 0.031250 0.038750
0 0.047500 0.551250 0.060000 0.060000
0 0.381250 0.416250 0.032500 0.032500
0 0.570625 0.545625 0.053750 0.053750
0 0.411250 0.500000 0.055000 0.055000
0 0.063125 0.690625 0.031250 0.031250
0 0.180625 0.903125 0.111250 0.103750
0 0.928125 0.910000 0.093750 0.092500
0 0.298750 0.859375 0.097500 0.096250
0 0.739375 0.871250 0.043750 0.042500
0 0.534375 0.249375 0.073750 0.073750
0 0.181875 0.749375 0.088750 0.088750
0 0.576875 0.618125 0.056250 0.056250
0 0.586875 0.081875 0.086250 0.086250
0 0.306875 0.134375 0.048750 0.048750
0 0.231875 0.189375 0.078750 0.078750
0 0.788125 0.543750 0.068750 0.082500
0 0.428125 0.731250 0.093750 0.112500
0 0.913750 0.486250 0.040000 0.030000
0 0.819375 0.794375 0.068750 0.068750
0 0.869375 0.108125 0.041250 0.041250
0 0.363125 0.056875 0.046250 0.046250
0 0.896250 0.181250 0.067500 0.067500
0 0.046875 0.293125 0.066250 0.066250
0 0.469375 0.398125 0.046250 0.051250
0 0.593750 0.771875 0.035000 0.026250
0 0.056250 0.633750 0.062500 0.062500
0 0.566250 0.175000 0.057500 0.050000
0 0.750000 0.929375 0.067500 0.058750
0 0.738125 0.173125 0.028750 0.028750
0 0.916875 0.655625 0.091250 0.091250
0 0.270000 0.683750 0.035000 0.035000
0 0.670625 0.808125 0.058750 0.058750
0 0.350000 0.549375 0.045000 0.041250
0 0.060000 0.413125 0.095000 0.086250
0 0.723125 0.443125 0.058750 0.046250
0 0.453750 0.146875 0.087500 0.068750
0 0.296250 0.340000 0.052500 0.052500
0 0.887500 0.343125 0.052500 0.048750
0 0.656875 0.444375 0.056250 0.051250
0 0.837500 0.696875 0.037500 0.036250
0 0.685625 0.290000 0.048750 0.047500
0 0.410000 0.944375 0.097500 0.061250
0 0.815000 0.246250 0.047500 0.030000
0 0.500625 0.503125 0.043750 0.043750
0 0.593750 0.820625 0.080000 0.048750
0 0.717500 0.143125 0.027500 0.016250
0 0.097500 0.496250 0.065000 0.035000
0 0.045625 0.865000 0.056250 0.055000
0 0.131250 0.233125 0.060000 0.058750
0 0.265625 0.952500 0.036250 0.027500
0 0.682500 0.089375 0.065000 0.048750
0 0.367500 0.111875 0.042500 0.036250
0 0.615625 0.270625 0.048750 0.041250
0 0.818125 0.649375 0.036250 0.038750
0 0.104375 0.575625 0.038750 0.038750
0 0.588125 0.475625 0.048750 0.048750
0 0.636875 0.635000 0.048750 0.035000