0 0.573125 0.125625 0.046250 0.086250
0 0.542500 0.272500 0.047500 0.047500
0 0.900000 0.215000 0.082500 0.082500
0 0.448125 0.751875 0.088750 0.086250
0 0.208125 0.913125 0.083750 0.071250
0 0.373750 0.498125 0.042500 0.051250
0 0.289375 0.773125 0.101250 0.101250
0 0.659375 0.579375 0.076250 0.076250
0 0.525625 0.676250 0.051250 0.047500
0 0.330625 0.879375 0.041250 0.041250
0 0.278750 0.030625 0.057500 0.028750
0 0.749375 0.899375 0.058750 0.028750
0 0.572500 0.946875 0.092500 0.046250
0 0.380000 0.347500 0.052500 0.052500
0 0.781875 0.313125 0.066250 0.066250
0 0.486875 0.089375 0.086250 0.086250
0 0.476875 0.625625 0.033750 0.033750
0 0.721250 0.217500 0.107500 0.107500
0 0.262500 0.235000 0.102500 0.102500
0 0.723125 0.649375 0.056250 0.046250
0 0.647500 0.668125 0.080000 0.066250
0 0.074375 0.843125 0.068750 0.068750
0 0.106250 0.306250 0.110000 0.110000
0 0.632500 0.217500 0.030000 0.030000
0 0.536875 0.516875 0.051250 0.051250
0 0.126875 0.651875 0.108750 0.108750
0 0.368125 0.113125 0.068750 0.068750
0 0.848750 0.521250 0.092500 0.092500
0 0.938125 0.925625 0.033750 0.033750
0 0.110000 0.176875 0.077500 0.106250
0 0.853750 0.681875 0.112500 0.111250
0 0.915625 0.365000 0.106250 0.105000
0 0.395625 0.236250 0.056250 0.055000
0 0.102500 0.950625 0.027500 0.026250
0 0.565625 0.445625 0.071250 0.071250
0 0.703125 0.109375 0.078750 0.078750
0 0.265625 0.105625 0.098750 0.088750
0 0.851250 0.847500 0.097500 0.087500
0 0.593750 0.770000 0.025000 0.022500
0 0.148750 0.438750 0.102500 0.092500
0 0.820625 0.138125 0.056250 0.051250
0 0.598125 0.375625 0.053750 0.048750
0 0.748125 0.812500 0.051250 0.060000
0 0.365625 0.684375 0.061250 0.058750
0 0.711875 0.370625 0.053750 0.051250
0 0.186875 0.818125 0.081250 0.078750
0 0.143125 0.933125 0.031250 0.031250
0 0.720000 0.452500 0.092500 0.092500
0 0.371875 0.943750 0.048750 0.047500
0 0.061875 0.528125 0.053750 0.053750
0 0.481250 0.354375 0.087500 0.091250
0 0.820625 0.418750 0.043750 0.045000
0 0.501250 0.855625 0.102500 0.106250
0 0.666875 0.762500 0.083750 0.087500
0 0.077500 0.070000 0.055000 0.055000
0 0.153125 0.046875 0.058750 0.058750
0 0.278125 0.658125 0.093750 0.093750
0 0.888750 0.045000 0.087500 0.047500
0 0.452500 0.475000 0.097500 0.097500
0 0.141250 0.551250 0.055000 0.055000
0 0.253125 0.491875 0.048750 0.048750
0 0.051875 0.763125 0.068750 0.068750
0 0.321250 0.379375 0.032500 0.021250
0 0.445000 0.569375 0.075000 0.048750
0 0.466875 0.275625 0.048750 0.031250
0 0.341250 0.573750 0.050000 0.050000
0 0.958125 0.690625 0.046250 0.046250
0 0.943125 0.120625 0.061250 0.061250