0 0.666875 0.069375 0.031250 0.031250
0 0.258125 0.713125 0.096250 0.096250
0 0.090000 0.187500 0.042500 0.047500
0 0.287500 0.392500 0.067500 0.067500
0 0.185625 0.316875 0.038750 0.038750
0 0.263750 0.931250 0.062500 0.062500
0 0.287500 0.258750 0.085000 0.085000
0 0.465000 0.090000 0.045000 0.045000
0 0.845000 0.793750 0.102500 0.102500
0 0.733750 0.545000 0.035000 0.035000
0 0.200000 0.108750 0.060000 0.060000
0 0.568750 0.528750 0.095000 0.095000
0 0.515625 0.654375 0.058750 0.058750
0 0.250625 0.847500 0.103750 0.075000
0 0.881875 0.204375 0.061250 0.101250
0 0.915625 0.505625 0.076250 0.061250
0 0.052500 0.076250 0.040000 0.032500
0 0.405625 0.071875 0.048750 0.038750
0 0.849375 0.640625 0.076250 0.061250
0 0.035625 0.256875 0.043750 0.028750
0 0.418750 0.430625 0.067500 0.043750
0 0.653125 0.857500 0.111250 0.072500
0 0.778750 0.255000 0.107500 0.100000
0 0.822500 0.400000 0.055000 0.055000
0 0.481250 0.306875 0.087500 0.086250
0 0.133125 0.815000 0.103750 0.105000
0 0.122500 0.121875 0.057500 0.058750
0 0.941875 0.374375 0.076250 0.076250
0 0.370000 0.847500 0.097500 0.097500
0 0.640625 0.308125 0.103750 0.103750
0 0.098125 0.680625 0.108750 0.108750
0 0.782500 0.105000 0.060000 0.060000
0 0.295000 0.501250 0.107500 0.095000
0 0.576250 0.040000 0.032500 0.032500
0 0.120000 0.356250 0.047500 0.052500
0 0.770625 0.664375 0.051250 0.051250
0 0.655625 0.721875 0.091250 0.091250
0 0.156875 0.266875 0.041250 0.041250
0 0.817500 0.486250 0.090000 0.090000
0 0.171250 0.488125 0.072500 0.071250
0 0.533125 0.731875 0.098750 0.076250
0 0.073125 0.464375 0.098750 0.098750
0 0.044375 0.349375 0.041250 0.041250
0 0.581875 0.408125 0.066250 0.066250
0 0.905000 0.096250 0.092500 0.085000
0 0.607500 0.164375 0.110000 0.101250
0 0.314375 0.610625 0.093750 0.086250
0 0.678750 0.570000 0.027500 0.027500
0 0.196875 0.603125 0.063750 0.063750
0 0.453125 0.746875 0.033750 0.031250
0 0.425625 0.696875 0.038750 0.036250
0 0.667500 0.620000 0.040000 0.037500
0 0.419375 0.185625 0.033750 0.031250
0 0.865000 0.921250 0.055000 0.055000
0 0.566250 0.936250 0.062500 0.062500
0 0.388750 0.290000 0.082500 0.082500
0 0.528125 0.831875 0.108750 0.108750
0 0.425625 0.584375 0.096250 0.096250