0 0.914375 0.059375 0.051250 0.051250
0 0.411875 0.725625 0.103750 0.103750
0 0.253750 0.508125 0.067500 0.063750
0 0.763750 0.543750 0.052500 0.050000
0 0.577500 0.116250 0.035000 0.032500
0 0.366250 0.445625 0.060000 0.056250
0 0.767500 0.858125 0.060000 0.056250
0 0.541875 0.228750 0.046250 0.042500
0 0.048750 0.448750 0.042500 0.040000
0 0.881875 0.366250 0.106250 0.115000
0 0.503750 0.120000 0.065000 0.070000
0 0.416250 0.105000 0.025000 0.025000
0 0.218750 0.727500 0.105000 0.105000
0 0.230000 0.158750 0.110000 0.110000
0 0.185625 0.286875 0.026250 0.031250
0 0.558750 0.328750 0.067500 0.075000
0 0.843750 0.068750 0.055000 0.055000
0 0.570000 0.680000 0.072500 0.072500
0 0.908750 0.637500 0.112500 0.112500
0 0.700625 0.654375 0.083750 0.083750
0 0.689375 0.573750 0.056250 0.045000
0 0.575625 0.853750 0.098750 0.097500
0 0.056875 0.501250 0.041250 0.040000
0 0.365625 0.165625 0.038750 0.038750
0 0.266250 0.278750 0.090000 0.090000
0 0.139375 0.091875 0.056250 0.056250
0 0.379375 0.879375 0.071250 0.071250
0 0.088750 0.805000 0.112500 0.112500
0 0.506875 0.438125 0.071250 0.071250
0 0.105000 0.395000 0.025000 0.032500
0 0.561875 0.502500 0.028750 0.020000
0 0.150000 0.505625 0.067500 0.048750
0 0.325000 0.060625 0.097500 0.071250
0 0.463750 0.828750 0.037500 0.045000
0 0.624375 0.207500 0.098750 0.120000
0 0.938125 0.815000 0.093750 0.097500
0 0.731250 0.150000 0.082500 0.082500
0 0.075000 0.126250 0.040000 0.040000
0 0.396875 0.321875 0.043750 0.043750
0 0.425000 0.588750 0.065000 0.065000
0 0.673125 0.353750 0.086250 0.105000
0 0.148750 0.606875 0.090000 0.081250
0 0.929375 0.246250 0.046250 0.042500
0 0.091875 0.324375 0.048750 0.048750
0 0.863125 0.519375 0.093750 0.093750
0 0.583125 0.588750 0.088750 0.087500
0 0.430625 0.378750 0.056250 0.055000
0 0.935000 0.139375 0.092500 0.091250
0 0.823125 0.772500 0.041250 0.040000
0 0.602500 0.763750 0.102500 0.065000
0 0.215000 0.854375 0.095000 0.086250
0 0.800000 0.254375 0.067500 0.061250
0 0.614375 0.459375 0.028750 0.026250
0 0.718750 0.480000 0.080000 0.052500
0 0.101250 0.230000 0.100000 0.065000
0 0.262500 0.946250 0.085000 0.055000
0 0.251250 0.410000 0.112500 0.102500
0 0.721875 0.783125 0.076250 0.076250
0 0.681250 0.901250 0.092500 0.092500
0 0.500000 0.580000 0.027500 0.027500
0 0.700625 0.235625 0.038750 0.038750
0 0.643125 0.078125 0.068750 0.068750
0 0.770625 0.373125 0.058750 0.058750
0 0.075000 0.906250 0.070000 0.070000
0 0.443125 0.216250 0.101250 0.107500
0 0.366875 0.263750 0.031250 0.030000
0 0.295625 0.609375 0.071250 0.071250
0 0.798125 0.700625 0.068750 0.068750
0 0.143750 0.040000 0.027500 0.027500
0 0.911875 0.934375 0.061250 0.061250
0 0.786875 0.952500 0.033750 0.032500
0 0.316875 0.678125 0.048750 0.051250
0 0.423125 0.513750 0.063750 0.057500
0 0.821875 0.151250 0.078750 0.072500
0 0.886250 0.724375 0.045000 0.041250
0 0.845625 0.933125 0.053750 0.053750