0 0.675000 0.837500 0.052500 0.052500
0 0.266875 0.686875 0.066250 0.066250
0 0.185625 0.600625 0.066250 0.066250
0 0.326875 0.228125 0.061250 0.068750
0 0.297500 0.153750 0.045000 0.050000
0 0.371875 0.768125 0.111250 0.111250
0 0.504375 0.364375 0.061250 0.061250
0 0.165625 0.698750 0.091250 0.095000
0 0.534375 0.775625 0.041250 0.041250
0 0.749375 0.809375 0.046250 0.046250
0 0.190625 0.337500 0.101250 0.100000
0 0.620625 0.576875 0.093750 0.093750
0 0.858750 0.543750 0.060000 0.057500
0 0.765625 0.065625 0.101250 0.101250
0 0.793125 0.396875 0.083750 0.083750
0 0.299375 0.349375 0.036250 0.036250
0 0.063125 0.253125 0.041250 0.041250
0 0.066250 0.052500 0.040000 0.040000
0 0.184375 0.833750 0.083750 0.087500
0 0.943125 0.303125 0.068750 0.071250
0 0.684375 0.173125 0.058750 0.061250
0 0.178750 0.056250 0.075000 0.077500
0 0.562500 0.388750 0.027500 0.015000
0 0.156875 0.225625 0.046250 0.026250
0 0.170625 0.162500 0.068750 0.060000
0 0.441875 0.493750 0.066250 0.057500
0 0.391875 0.106875 0.086250 0.076250
0 0.081250 0.816875 0.107500 0.116250
0 0.743750 0.562500 0.085000 0.092500
0 0.890625 0.121875 0.111250 0.118750
0 0.516250 0.611250 0.070000 0.075000
0 0.696875 0.747500 0.056250 0.060000
0 0.765000 0.188750 0.070000 0.082500
0 0.965000 0.430625 0.032500 0.031250
0 0.440000 0.185000 0.065000 0.062500
0 0.533750 0.139375 0.105000 0.108750
0 0.803750 0.686250 0.100000 0.102500
0 0.313750 0.888750 0.095000 0.095000
0 0.918750 0.691250 0.100000 0.092500
0 0.081875 0.498750 0.033750 0.027500
0 0.692500 0.247500 0.035000 0.035000
0 0.118750 0.553750 0.030000 0.030000
0 0.841875 0.873125 0.026250 0.026250
0 0.090625 0.119375 0.071250 0.071250
0 0.376250 0.603750 0.087500 0.087500
0 0.388750 0.390625 0.075000 0.073750