0 0.565000 0.328750 0.032500 0.030000
0 0.420625 0.204375 0.033750 0.033750
0 0.325625 0.946875 0.048750 0.048750
0 0.553125 0.405625 0.058750 0.071250
0 0.501875 0.857500 0.068750 0.075000
0 0.239375 0.406250 0.098750 0.107500
0 0.093750 0.511250 0.105000 0.115000
0 0.035625 0.363750 0.036250 0.035000
0 0.301250 0.689375 0.080000 0.078750
0 0.438750 0.544375 0.107500 0.106250
0 0.670625 0.876250 0.066250 0.072500
0 0.258125 0.883125 0.063750 0.063750
0 0.807500 0.770000 0.102500 0.102500
0 0.280000 0.126250 0.080000 0.080000
0 0.779375 0.456875 0.031250 0.031250
0 0.380625 0.073125 0.081250 0.081250
0 0.141250 0.640000 0.050000 0.050000
0 0.367500 0.343750 0.085000 0.085000
0 0.277500 0.557500 0.110000 0.110000
0 0.580000 0.047500 0.042500 0.035000
0 0.044375 0.915000 0.033750 0.027500
0 0.598125 0.261875 0.083750 0.083750
0 0.140625 0.100625 0.056250 0.056250
0 0.828125 0.130625 0.088750 0.088750
0 0.754375 0.886875 0.056250 0.056250
0 0.111250 0.397500 0.055000 0.042500
0 0.148750 0.214375 0.030000 0.036250
0 0.623125 0.121875 0.088750 0.088750
0 0.483750 0.078750 0.097500 0.097500
0 0.935625 0.590625 0.093750 0.093750
0 0.350000 0.862500 0.087500 0.087500
0 0.648125 0.718750 0.091250 0.080000
0 0.834375 0.323125 0.058750 0.051250
0 0.123125 0.799375 0.088750 0.088750
0 0.834375 0.534375 0.068750 0.068750
0 0.896250 0.910000 0.107500 0.107500
0 0.153125 0.709375 0.053750 0.053750
0 0.138125 0.910625 0.106250 0.111250
0 0.635625 0.583125 0.111250 0.116250
0 0.680000 0.420000 0.062500 0.065000
0 0.741250 0.097500 0.065000 0.067500
0 0.183750 0.300000 0.090000 0.090000
0 0.106250 0.265625 0.047500 0.038750
0 0.060625 0.594375 0.026250 0.026250
0 0.497500 0.681250 0.040000 0.040000
0 0.325000 0.456250 0.027500 0.025000
0 0.060000 0.679375 0.052500 0.041250
0 0.784375 0.218125 0.068750 0.053750
0 0.469375 0.359375 0.093750 0.093750
0 0.775625 0.659375 0.098750 0.098750
0 0.465000 0.768750 0.085000 0.085000
0 0.932500 0.377500 0.097500 0.097500
0 0.923750 0.233750 0.065000 0.065000
0 0.061250 0.065000 0.075000 0.077500
0 0.318125 0.235000 0.093750 0.097500
0 0.524375 0.214375 0.041250 0.041250
0 0.426875 0.870625 0.048750 0.048750
0 0.456250 0.955000 0.045000 0.017500
0 0.958750 0.779375 0.045000 0.038750
0 0.940000 0.052500 0.077500 0.067500
0 0.731875 0.323125 0.096250 0.083750
0 0.416875 0.655625 0.091250 0.091250
0 0.878125 0.689375 0.041250 0.041250
0 0.570000 0.910625 0.047500 0.058750
0 0.073750 0.132500 0.035000 0.035000
0 0.653750 0.801250 0.040000 0.040000
0 0.692500 0.488750 0.047500 0.047500
0 0.238125 0.790625 0.066250 0.066250
0 0.715625 0.230625 0.051250 0.051250
0 0.410000 0.451250 0.107500 0.055000
0 0.040625 0.255000 0.046250 0.052500
0 0.645000 0.353750 0.042500 0.047500
0 0.539375 0.498125 0.056250 0.056250
0 0.041250 0.858750 0.052500 0.052500
0 0.672500 0.947500 0.047500 0.047500
0 0.790000 0.401875 0.065000 0.051250
0 0.303125 0.760625 0.038750 0.038750
0 0.576250 0.750000 0.035000 0.027500