0 0.420625 0.461250 0.076250 0.070000
0 0.743750 0.790625 0.047500 0.043750
0 0.885000 0.565625 0.042500 0.038750
0 0.354375 0.273750 0.073750 0.067500
0 0.565000 0.277500 0.085000 0.085000
0 0.082500 0.322500 0.085000 0.085000
0 0.871875 0.798125 0.053750 0.053750
0 0.815625 0.091875 0.051250 0.051250
0 0.552500 0.432500 0.102500 0.102500
0 0.768125 0.183125 0.088750 0.088750
0 0.746875 0.513125 0.078750 0.078750
0 0.252500 0.315000 0.047500 0.047500
0 0.470625 0.916875 0.063750 0.063750
0 0.071250 0.723750 0.107500 0.107500
0 0.656250 0.447500 0.075000 0.075000
0 0.195000 0.888750 0.102500 0.102500
0 0.090625 0.554375 0.073750 0.073750
0 0.527500 0.032500 0.030000 0.030000
0 0.316875 0.186875 0.068750 0.068750
0 0.117500 0.621250 0.045000 0.045000
0 0.560625 0.344375 0.033750 0.033750
0 0.493750 0.689375 0.105000 0.086250
0 0.400625 0.091875 0.108750 0.091250
0 0.193125 0.630625 0.073750 0.101250
0 0.935000 0.317500 0.032500 0.032500
0 0.574375 0.041875 0.048750 0.048750
0 0.076250 0.142500 0.080000 0.080000
0 0.905625 0.220625 0.103750 0.103750
0 0.347500 0.577500 0.102500 0.102500
0 0.331250 0.818750 0.085000 0.085000
0 0.593750 0.573750 0.095000 0.095000
0 0.175625 0.186875 0.103750 0.103750
0 0.622500 0.735000 0.075000 0.075000
0 0.856875 0.414375 0.078750 0.078750
0 0.935625 0.796250 0.043750 0.060000
0 0.518750 0.856250 0.042500 0.042500
0 0.487500 0.273750 0.037500 0.037500
0 0.328750 0.676250 0.045000 0.045000
0 0.755000 0.926250 0.052500 0.052500
0 0.320000 0.395000 0.057500 0.057500
0 0.928750 0.671250 0.042500 0.042500
0 0.487500 0.785000 0.070000 0.070000
0 0.045000 0.911250 0.060000 0.060000
0 0.355625 0.910625 0.033750 0.033750
0 0.091250 0.046250 0.065000 0.065000
0 0.765625 0.644375 0.096250 0.096250
0 0.216250 0.748125 0.102500 0.103750
0 0.430625 0.183750 0.071250 0.072500
0 0.643125 0.886875 0.068750 0.076250
0 0.607500 0.167500 0.085000 0.095000
0 0.177500 0.317500 0.072500 0.087500
0 0.866250 0.897500 0.060000 0.072500
0 0.255625 0.424375 0.031250 0.018750
0 0.920000 0.492500 0.050000 0.050000
0 0.763125 0.729375 0.053750 0.053750
0 0.481250 0.564375 0.062500 0.071250
0 0.753750 0.295000 0.100000 0.100000
0 0.751250 0.871250 0.037500 0.037500
0 0.931250 0.074375 0.055000 0.038750
0 0.932500 0.130000 0.082500 0.057500
0 0.263125 0.475625 0.076250 0.053750
0 0.516250 0.142500 0.082500 0.077500
0 0.952500 0.382500 0.030000 0.027500
0 0.810000 0.546875 0.030000 0.023750
0 0.660000 0.251875 0.070000 0.056250
0 0.742500 0.426250 0.062500 0.050000
0 0.071875 0.453125 0.068750 0.068750
0 0.675000 0.357500 0.030000 0.030000
0 0.466250 0.328125 0.045000 0.051250
0 0.681875 0.618125 0.043750 0.043750
0 0.232500 0.066250 0.082500 0.082500
0 0.052500 0.816250 0.027500 0.027500
0 0.828125 0.498125 0.066250 0.056250
0 0.308750 0.738750 0.057500 0.037500
0 0.410000 0.832500 0.042500 0.042500