0 0.430000 0.228750 0.055000 0.055000
0 0.878125 0.508125 0.086250 0.086250
0 0.691250 0.410000 0.047500 0.047500
0 0.079375 0.498125 0.056250 0.056250
0 0.054375 0.793125 0.053750 0.053750
0 0.923125 0.125625 0.051250 0.051250
0 0.396250 0.356250 0.100000 0.087500
0 0.344375 0.876875 0.063750 0.063750
0 0.320625 0.790000 0.103750 0.082500
0 0.050625 0.220625 0.053750 0.053750
0 0.087500 0.122500 0.035000 0.035000
0 0.540000 0.741250 0.070000 0.070000
0 0.835625 0.069375 0.071250 0.068750
0 0.154375 0.756875 0.066250 0.063750
0 0.688750 0.138125 0.042500 0.041250
0 0.776875 0.305000 0.033750 0.037500
0 0.383750 0.935625 0.035000 0.038750
0 0.225000 0.063750 0.042500 0.047500
0 0.325625 0.155625 0.058750 0.058750
0 0.440625 0.071875 0.058750 0.056250
0 0.470625 0.531875 0.111250 0.111250
0 0.081250 0.323750 0.095000 0.115000
0 0.896875 0.271875 0.093750 0.078750
0 0.566875 0.298750 0.103750 0.087500
0 0.879375 0.360000 0.033750 0.027500
0 0.606875 0.583750 0.086250 0.062500
0 0.826250 0.690000 0.110000 0.117500
0 0.427500 0.163125 0.062500 0.058750
0 0.284375 0.463125 0.026250 0.026250
0 0.208750 0.216250 0.040000 0.040000
0 0.678750 0.686250 0.032500 0.032500
0 0.838750 0.201250 0.025000 0.025000
0 0.760000 0.830000 0.082500 0.127500
0 0.475000 0.380625 0.030000 0.046250
0 0.525625 0.108125 0.096250 0.148750
0 0.170625 0.908125 0.068750 0.068750
0 0.760000 0.066250 0.057500 0.057500
0 0.501875 0.863750 0.091250 0.085000
0 0.639375 0.886875 0.073750 0.068750
0 0.801875 0.398750 0.096250 0.090000
0 0.238750 0.822500 0.037500 0.037500
0 0.784375 0.251875 0.028750 0.028750
0 0.335000 0.643750 0.080000 0.080000
0 0.100625 0.685625 0.041250 0.041250
0 0.245625 0.311875 0.096250 0.096250
0 0.672500 0.790000 0.060000 0.060000
0 0.311875 0.039375 0.053750 0.053750
0 0.195625 0.638125 0.093750 0.093750
0 0.461250 0.701250 0.040000 0.040000
0 0.130625 0.214375 0.043750 0.043750
0 0.718750 0.520000 0.047500 0.047500
0 0.694375 0.274375 0.081250 0.081250
0 0.557500 0.662500 0.065000 0.065000
0 0.795000 0.175000 0.042500 0.042500
0 0.929375 0.613125 0.078750 0.078750
0 0.615000 0.496875 0.107500 0.076250