0 0.140625 0.738125 0.106250 0.111250
0 0.339375 0.820625 0.063750 0.066250
0 0.891875 0.730625 0.088750 0.088750
0 0.848750 0.422500 0.070000 0.070000
0 0.751875 0.926875 0.063750 0.063750
0 0.696875 0.073750 0.093750 0.107500
0 0.530000 0.315625 0.042500 0.048750
0 0.545000 0.445625 0.077500 0.088750
0 0.345000 0.891250 0.057500 0.057500
0 0.374375 0.427500 0.056250 0.057500
0 0.817500 0.245000 0.040000 0.037500
0 0.573750 0.751250 0.060000 0.040000
0 0.440000 0.464375 0.060000 0.071250
0 0.801875 0.593125 0.078750 0.076250
0 0.528750 0.861250 0.070000 0.067500
0 0.197500 0.137500 0.100000 0.097500
0 0.568750 0.598750 0.062500 0.060000
0 0.593125 0.832500 0.028750 0.027500
0 0.384375 0.209375 0.106250 0.103750
0 0.688125 0.518125 0.073750 0.073750
0 0.705625 0.706250 0.056250 0.052500
0 0.371875 0.756875 0.031250 0.031250
0 0.100000 0.833125 0.047500 0.053750
0 0.268125 0.570625 0.066250 0.066250
0 0.669375 0.611250 0.046250 0.040000
0 0.211875 0.848750 0.068750 0.060000
0 0.842500 0.068750 0.047500 0.047500
0 0.235000 0.419375 0.082500 0.093750
0 0.598125 0.939375 0.041250 0.046250
0 0.126250 0.407500 0.057500 0.065000
0 0.133125 0.300000 0.086250 0.097500
0 0.546875 0.680000 0.081250 0.075000
0 0.718125 0.273125 0.066250 0.063750
0 0.416875 0.583125 0.106250 0.103750
0 0.903750 0.563750 0.035000 0.035000
0 0.461875 0.817500 0.031250 0.020000
0 0.430000 0.906875 0.025000 0.016250
0 0.893125 0.322500 0.068750 0.045000
0 0.250625 0.702500 0.086250 0.057500
0 0.065000 0.555000 0.082500 0.087500
0 0.362500 0.340000 0.090000 0.035000
0 0.435000 0.065000 0.092500 0.092500
0 0.940625 0.106250 0.061250 0.057500
0 0.924375 0.414375 0.058750 0.071250
0 0.120000 0.646250 0.062500 0.040000
0 0.736875 0.826875 0.101250 0.066250
0 0.847500 0.141250 0.100000 0.065000
0 0.848750 0.856250 0.057500 0.037500
0 0.568750 0.129375 0.065000 0.066250
0 0.063125 0.924375 0.033750 0.031250
0 0.278750 0.265625 0.082500 0.078750
0 0.728750 0.610000 0.040000 0.037500
0 0.436875 0.723125 0.058750 0.068750
0 0.092500 0.065625 0.072500 0.098750
0 0.762500 0.731250 0.030000 0.030000
0 0.547500 0.210000 0.080000 0.080000
0 0.479375 0.266875 0.033750 0.033750
0 0.567500 0.051250 0.057500 0.057500
0 0.913125 0.958125 0.033750 0.033750
0 0.611875 0.322500 0.033750 0.032500
0 0.683750 0.416875 0.110000 0.078750
0 0.695625 0.325625 0.026250 0.026250
0 0.253125 0.509375 0.028750 0.028750
0 0.938750 0.492500 0.065000 0.065000
0 0.300625 0.100625 0.076250 0.076250
0 0.782500 0.500000 0.065000 0.065000
0 0.816250 0.948750 0.047500 0.047500
0 0.932500 0.232500 0.087500 0.075000
0 0.763750 0.385625 0.027500 0.031250
0 0.929375 0.636875 0.048750 0.048750
0 0.735000 0.171250 0.027500 0.022500
0 0.161875 0.473125 0.041250 0.033750
0 0.941875 0.860625 0.086250 0.071250
0 0.543750 0.930000 0.027500 0.022500
0 0.057500 0.450625 0.042500 0.048750
0 0.870000 0.519375 0.040000 0.038750