0 0.905000 0.558750 0.065000 0.042500
0 0.415625 0.496875 0.051250 0.056250
0 0.170625 0.886875 0.073750 0.078750
0 0.671250 0.213125 0.087500 0.098750
0 0.442500 0.178125 0.067500 0.076250
0 0.687500 0.678750 0.080000 0.042500
0 0.929375 0.501250 0.028750 0.015000
0 0.075000 0.281875 0.085000 0.046250
0 0.300000 0.297500 0.080000 0.080000
0 0.073125 0.924375 0.078750 0.093750
0 0.948750 0.941250 0.027500 0.010000
0 0.187500 0.746250 0.072500 0.027500
0 0.433125 0.758750 0.111250 0.042500
0 0.896875 0.168750 0.043750 0.042500
0 0.621875 0.336250 0.071250 0.055000
0 0.157500 0.164375 0.102500 0.078750
0 0.492500 0.446250 0.042500 0.032500
0 0.442500 0.363750 0.070000 0.070000
0 0.190625 0.610625 0.106250 0.106250
0 0.521875 0.691875 0.073750 0.073750
0 0.341250 0.616250 0.080000 0.080000
0 0.053750 0.178125 0.040000 0.063750
0 0.630625 0.503750 0.056250 0.090000
0 0.226250 0.398750 0.077500 0.077500
0 0.486250 0.085000 0.080000 0.080000
0 0.081875 0.600000 0.043750 0.052500
0 0.708750 0.303125 0.025000 0.028750
0 0.300625 0.863125 0.083750 0.076250
0 0.236250 0.076250 0.067500 0.065000
0 0.348750 0.125000 0.087500 0.087500
0 0.913125 0.883125 0.058750 0.058750
0 0.466875 0.585625 0.058750 0.058750
0 0.120000 0.513750 0.047500 0.047500
0 0.415000 0.635625 0.027500 0.028750
0 0.905000 0.775000 0.060000 0.062500
0 0.862500 0.035000 0.025000 0.025000
0 0.319375 0.520000 0.043750 0.045000
0 0.190625 0.288125 0.103750 0.103750
0 0.518125 0.251875 0.036250 0.036250
0 0.511875 0.906875 0.036250 0.036250
0 0.515625 0.395000 0.051250 0.052500
0 0.917500 0.337500 0.092500 0.092500
0 0.373125 0.253750 0.043750 0.040000
0 0.706875 0.759375 0.081250 0.048750
0 0.635625 0.949375 0.073750 0.043750
0 0.855625 0.481875 0.091250 0.091250
0 0.594375 0.844375 0.101250 0.101250
0 0.696250 0.381250 0.032500 0.032500
0 0.393750 0.855000 0.085000 0.085000
0 0.145625 0.078125 0.053750 0.053750
0 0.786875 0.855625 0.081250 0.081250
0 0.715625 0.488125 0.048750 0.048750
0 0.800000 0.189375 0.105000 0.106250
0 0.800000 0.350000 0.050000 0.057500
0 0.619375 0.068750 0.061250 0.070000
0 0.771875 0.660625 0.028750 0.028750
0 0.120000 0.720625 0.030000 0.026250
0 0.595625 0.627500 0.056250 0.070000
0 0.827500 0.288125 0.042500 0.041250
0 0.058750 0.733125 0.072500 0.066250
0 0.815000 0.738125 0.072500 0.066250
0 0.933125 0.445000 0.043750 0.040000
0 0.456875 0.953750 0.043750 0.040000
0 0.770625 0.289375 0.038750 0.038750
0 0.761250 0.582500 0.087500 0.087500
0 0.326875 0.428125 0.068750 0.068750
0 0.758125 0.938125 0.066250 0.053750
0 0.058750 0.351250 0.077500 0.062500
0 0.730000 0.072500 0.112500 0.112500
0 0.888750 0.091250 0.070000 0.070000
0 0.471875 0.808750 0.036250 0.025000
0 0.081875 0.053750 0.053750 0.037500
0 0.955625 0.269375 0.041250 0.028750
0 0.540625 0.166250 0.061250 0.042500
0 0.931875 0.642500 0.066250 0.057500
0 0.316875 0.358125 0.026250 0.023750
0 0.079375 0.426250 0.053750 0.052500
0 0.242500 0.495000 0.042500 0.042500
0 0.323750 0.738750 0.077500 0.120000