0 0.198125 0.339375 0.063750 0.068750
0 0.118750 0.800625 0.097500 0.106250
0 0.359375 0.360000 0.053750 0.057500
0 0.494375 0.447500 0.083750 0.067500
0 0.937500 0.417500 0.082500 0.082500
0 0.529375 0.695000 0.096250 0.100000
0 0.084375 0.651250 0.048750 0.050000
0 0.488750 0.284375 0.027500 0.028750
0 0.373125 0.751875 0.081250 0.081250
0 0.825000 0.677500 0.032500 0.032500
0 0.438125 0.186875 0.076250 0.076250
0 0.300000 0.525000 0.075000 0.075000
0 0.366875 0.086875 0.093750 0.093750
0 0.470625 0.805625 0.048750 0.048750
0 0.290625 0.853125 0.103750 0.103750
0 0.423125 0.544375 0.093750 0.093750
0 0.687500 0.620000 0.097500 0.097500
0 0.850000 0.776250 0.042500 0.042500
0 0.245625 0.135625 0.096250 0.096250
0 0.903750 0.150000 0.072500 0.072500
0 0.735625 0.895000 0.078750 0.080000
0 0.630625 0.803125 0.046250 0.046250
0 0.665000 0.140000 0.100000 0.100000
0 0.559375 0.403125 0.026250 0.026250
0 0.554375 0.888125 0.091250 0.091250
0 0.155625 0.428125 0.071250 0.071250
0 0.938125 0.564375 0.096250 0.096250
0 0.829375 0.478125 0.106250 0.106250
0 0.810625 0.869375 0.028750 0.028750
0 0.663750 0.331250 0.090000 0.090000
0 0.615000 0.062500 0.030000 0.030000
0 0.771875 0.213125 0.041250 0.041250
0 0.743750 0.285000 0.037500 0.037500
0 0.898750 0.920625 0.095000 0.098750
0 0.680625 0.489375 0.026250 0.033750
0 0.710000 0.406250 0.040000 0.040000
0 0.211875 0.660625 0.063750 0.063750
0 0.110000 0.128750 0.107500 0.107500
0 0.090000 0.263750 0.077500 0.062500
0 0.162500 0.556875 0.110000 0.088750
0 0.760000 0.767500 0.087500 0.070000
0 0.373750 0.622500 0.040000 0.032500
0 0.533750 0.171250 0.092500 0.092500
0 0.112500 0.920000 0.107500 0.102500
0 0.384375 0.286875 0.031250 0.028750
0 0.783750 0.046250 0.037500 0.035000
0 0.238125 0.219375 0.058750 0.056250
0 0.872500 0.326250 0.077500 0.077500
0 0.566875 0.318125 0.083750 0.078750
0 0.445625 0.350625 0.048750 0.048750
0 0.849375 0.244375 0.066250 0.066250
0 0.500000 0.549375 0.037500 0.033750
0 0.941875 0.728125 0.048750 0.048750
0 0.597500 0.491250 0.060000 0.060000
0 0.778125 0.363125 0.081250 0.081250
0 0.657500 0.248750 0.042500 0.042500