0 0.425000 0.171875 0.062500 0.071250
0 0.109375 0.608125 0.081250 0.093750
0 0.817500 0.834375 0.042500 0.048750
0 0.134375 0.402500 0.048750 0.035000
0 0.370625 0.661875 0.098750 0.098750
0 0.152500 0.698125 0.067500 0.056250
0 0.652500 0.872500 0.065000 0.055000
0 0.201250 0.399375 0.035000 0.028750
0 0.791250 0.068125 0.087500 0.073750
0 0.814375 0.321250 0.088750 0.077500
0 0.910625 0.900625 0.103750 0.103750
0 0.752500 0.696250 0.102500 0.102500
0 0.202500 0.552500 0.067500 0.067500
0 0.533125 0.128125 0.091250 0.091250
0 0.595625 0.299375 0.111250 0.111250
0 0.515000 0.528750 0.025000 0.025000
0 0.283125 0.570625 0.061250 0.061250
0 0.078750 0.825000 0.090000 0.090000
0 0.560000 0.441875 0.095000 0.118750
0 0.915000 0.189375 0.065000 0.081250
0 0.595625 0.676250 0.036250 0.045000
0 0.328125 0.140625 0.108750 0.136250
0 0.160625 0.262500 0.063750 0.037500
0 0.249375 0.884375 0.096250 0.096250
0 0.677500 0.420000 0.112500 0.112500
0 0.871875 0.521875 0.038750 0.041250
0 0.495625 0.651250 0.103750 0.112500
0 0.293125 0.425000 0.101250 0.110000
0 0.643125 0.690625 0.028750 0.031250
0 0.472500 0.472500 0.042500 0.042500
0 0.140000 0.163750 0.030000 0.030000
0 0.519375 0.908125 0.081250 0.081250
0 0.260000 0.298750 0.105000 0.105000
0 0.640625 0.558125 0.071250 0.071250
0 0.848125 0.749375 0.033750 0.033750
0 0.630000 0.763750 0.062500 0.062500
0 0.076875 0.229375 0.061250 0.061250
0 0.369375 0.838125 0.078750 0.078750
0 0.734375 0.883125 0.081250 0.081250
0 0.102500 0.927500 0.095000 0.095000
0 0.930000 0.370000 0.102500 0.102500
0 0.139375 0.039375 0.041250 0.041250
0 0.107500 0.336250 0.042500 0.042500
0 0.949375 0.704375 0.076250 0.076250
0 0.919375 0.056875 0.068750 0.068750
0 0.658125 0.155625 0.108750 0.108750
0 0.085000 0.485625 0.092500 0.081250
0 0.263125 0.626875 0.036250 0.031250
0 0.762500 0.558125 0.050000 0.043750
0 0.223750 0.187500 0.085000 0.085000
0 0.192500 0.476250 0.060000 0.057500
0 0.437500 0.353750 0.065000 0.065000
0 0.480625 0.779375 0.096250 0.101250
0 0.203750 0.766250 0.037500 0.037500
0 0.944375 0.535625 0.076250 0.078750
0 0.069375 0.068750 0.048750 0.050000
0 0.411875 0.918750 0.066250 0.057500
0 0.508125 0.049375 0.051250 0.051250
0 0.289375 0.782500 0.066250 0.075000
0 0.036875 0.420625 0.026250 0.026250
0 0.796875 0.199375 0.108750 0.078750
0 0.906250 0.783750 0.037500 0.037500
0 0.841875 0.456875 0.043750 0.043750
0 0.231250 0.050000 0.055000 0.055000
0 0.778750 0.466250 0.027500 0.022500
0 0.431250 0.272500 0.080000 0.067500
0 0.861250 0.613125 0.045000 0.043750
0 0.817500 0.939375 0.037500 0.036250
0 0.400625 0.560625 0.051250 0.051250
0 0.902500 0.126250 0.035000 0.030000
0 0.778750 0.396875 0.067500 0.058750
0 0.565000 0.540000 0.060000 0.060000
0 0.480625 0.525625 0.026250 0.026250
0 0.256250 0.680000 0.055000 0.055000