0 0.441875 0.065625 0.103750 0.103750
0 0.881250 0.853750 0.037500 0.037500
0 0.773750 0.469375 0.095000 0.103750
0 0.542500 0.683750 0.105000 0.105000
0 0.613750 0.813750 0.052500 0.052500
0 0.802500 0.156250 0.042500 0.042500
0 0.232500 0.061875 0.045000 0.061250
0 0.735000 0.333750 0.027500 0.037500
0 0.278750 0.651250 0.105000 0.100000
0 0.616875 0.586250 0.063750 0.060000
0 0.398750 0.918750 0.090000 0.085000
0 0.602500 0.886250 0.037500 0.035000
0 0.082500 0.600000 0.040000 0.040000
0 0.406875 0.669375 0.093750 0.093750
0 0.488750 0.252500 0.085000 0.085000
0 0.566250 0.047500 0.060000 0.060000
0 0.078125 0.501875 0.083750 0.083750
0 0.293750 0.100000 0.055000 0.055000
0 0.829375 0.252500 0.046250 0.040000
0 0.901875 0.111250 0.091250 0.092500
0 0.248125 0.487500 0.063750 0.065000
0 0.108125 0.210625 0.091250 0.091250
0 0.358750 0.258750 0.090000 0.090000
0 0.118125 0.758125 0.063750 0.063750
0 0.921875 0.523125 0.108750 0.108750
0 0.455625 0.506875 0.103750 0.103750
0 0.759375 0.576875 0.036250 0.036250
0 0.891875 0.766875 0.073750 0.073750
0 0.226250 0.771250 0.097500 0.097500
0 0.426875 0.426875 0.036250 0.036250
0 0.693125 0.819375 0.071250 0.076250
0 0.777500 0.929375 0.092500 0.081250
0 0.443125 0.821875 0.083750 0.083750
0 0.227500 0.407500 0.085000 0.075000
0 0.846250 0.652500 0.102500 0.082500
0 0.658750 0.301875 0.087500 0.086250
0 0.119375 0.092500 0.096250 0.095000
0 0.870000 0.376250 0.037500 0.045000
0 0.099375 0.381875 0.093750 0.113750
0 0.238750 0.890000 0.107500 0.112500
0 0.674375 0.137500 0.081250 0.085000
0 0.357500 0.168750 0.085000 0.067500
0 0.240000 0.305000 0.107500 0.107500
0 0.584375 0.486875 0.096250 0.096250
0 0.356250 0.402500 0.080000 0.080000
0 0.802500 0.355000 0.067500 0.067500
0 0.157500 0.873750 0.027500 0.025000
0 0.699375 0.725000 0.096250 0.087500
0 0.097500 0.890625 0.065000 0.061250
0 0.940000 0.277500 0.055000 0.052500
0 0.470000 0.426875 0.027500 0.026250
0 0.168125 0.617500 0.091250 0.107500
0 0.929375 0.211875 0.071250 0.063750