0 0.660625 0.228125 0.043750 0.043750
0 0.480625 0.821250 0.036250 0.040000
0 0.804375 0.124375 0.101250 0.118750
0 0.936250 0.138750 0.062500 0.107500
0 0.148750 0.193750 0.092500 0.112500
0 0.368750 0.176875 0.097500 0.118750
0 0.946875 0.306250 0.078750 0.137500
0 0.928750 0.920625 0.052500 0.091250
0 0.410000 0.456250 0.047500 0.082500
0 0.921250 0.551875 0.112500 0.196250
0 0.443750 0.630000 0.065000 0.065000
0 0.295000 0.758125 0.087500 0.091250
0 0.316250 0.490000 0.110000 0.110000
0 0.392500 0.321250 0.037500 0.045000
0 0.667500 0.338750 0.095000 0.095000
0 0.671250 0.538750 0.030000 0.030000
0 0.843750 0.766250 0.085000 0.085000
0 0.559375 0.904375 0.061250 0.061250
0 0.285625 0.636250 0.088750 0.107500
0 0.323750 0.947500 0.060000 0.055000
0 0.073125 0.430000 0.108750 0.100000
0 0.573750 0.777500 0.097500 0.090000
0 0.668125 0.609375 0.028750 0.028750
0 0.518750 0.420000 0.107500 0.107500
0 0.683750 0.842500 0.055000 0.055000
0 0.161875 0.645000 0.066250 0.080000
0 0.473750 0.256250 0.070000 0.085000
0 0.800000 0.401875 0.090000 0.108750
0 0.372500 0.648125 0.055000 0.066250
0 0.818125 0.656250 0.041250 0.050000
0 0.590000 0.086250 0.112500 0.137500
0 0.701875 0.459375 0.056250 0.068750
0 0.195000 0.736875 0.030000 0.036250
0 0.053125 0.319375 0.036250 0.033750
0 0.168125 0.900625 0.093750 0.093750
0 0.188125 0.315625 0.041250 0.041250
0 0.685000 0.728750 0.100000 0.100000
0 0.780625 0.549375 0.076250 0.076250
0 0.291875 0.328125 0.098750 0.098750
0 0.803125 0.286875 0.036250 0.036250
0 0.211875 0.471250 0.063750 0.072500
0 0.290625 0.197500 0.031250 0.037500
0 0.221250 0.067500 0.025000 0.030000
0 0.918750 0.687500 0.095000 0.050000
0 0.479375 0.151875 0.093750 0.093750
0 0.280625 0.126875 0.056250 0.056250
0 0.602500 0.550000 0.067500 0.067500
0 0.710000 0.928750 0.085000 0.085000
0 0.287500 0.856875 0.032500 0.031250
0 0.083125 0.051250 0.078750 0.075000
0 0.062500 0.798750 0.095000 0.095000
0 0.465000 0.720000 0.097500 0.097500
0 0.056875 0.615625 0.066250 0.066250
0 0.868750 0.280000 0.060000 0.060000
0 0.967500 0.843750 0.040000 0.047500
0 0.912500 0.840000 0.037500 0.045000
0 0.066250 0.925000 0.072500 0.072500
0 0.813750 0.886875 0.107500 0.096250
0 0.467500 0.927500 0.087500 0.085000
0 0.088125 0.705625 0.066250 0.063750
0 0.849375 0.208750 0.028750 0.027500
0 0.710000 0.090625 0.050000 0.048750
0 0.431250 0.835000 0.035000 0.035000
0 0.725000 0.242500 0.045000 0.045000
0 0.390000 0.705000 0.037500 0.032500
0 0.085625 0.528125 0.081250 0.081250
0 0.185625 0.382500 0.081250 0.075000
0 0.718750 0.170000 0.050000 0.050000
0 0.209375 0.815000 0.041250 0.035000
0 0.521250 0.550625 0.042500 0.036250
0 0.275625 0.038750 0.041250 0.042500
0 0.565625 0.666875 0.056250 0.056250
0 0.376250 0.053750 0.082500 0.082500
0 0.575000 0.303750 0.075000 0.075000
0 0.935000 0.048750 0.055000 0.055000
0 0.491250 0.066250 0.062500 0.062500
0 0.365000 0.875000 0.025000 0.025000
0 0.241250 0.231250 0.047500 0.047500
0 0.158125 0.095625 0.056250 0.056250