0 0.880625 0.066250 0.066250 0.065000
0 0.436250 0.782500 0.042500 0.042500
0 0.235000 0.510000 0.110000 0.110000
0 0.105625 0.893750 0.058750 0.052500
0 0.532500 0.530000 0.042500 0.037500
0 0.203125 0.096875 0.068750 0.061250
0 0.120000 0.725625 0.037500 0.033750
0 0.098125 0.256875 0.088750 0.088750
0 0.854375 0.354375 0.108750 0.108750
0 0.651875 0.354375 0.078750 0.078750
0 0.831250 0.151250 0.027500 0.030000
0 0.851875 0.242500 0.051250 0.060000
0 0.350000 0.696250 0.077500 0.070000
0 0.910000 0.625625 0.070000 0.063750
0 0.670625 0.663125 0.053750 0.048750
0 0.517500 0.288750 0.025000 0.022500
0 0.249375 0.390625 0.041250 0.053750
0 0.263750 0.210000 0.052500 0.052500
0 0.854375 0.530625 0.108750 0.108750
0 0.564375 0.700625 0.091250 0.091250
0 0.441250 0.393125 0.077500 0.078750
0 0.730625 0.746875 0.096250 0.096250
0 0.340625 0.453125 0.043750 0.043750
0 0.507500 0.235000 0.055000 0.055000
0 0.366250 0.637500 0.027500 0.027500
0 0.258125 0.844375 0.096250 0.096250
0 0.398750 0.053750 0.070000 0.070000
0 0.575000 0.121250 0.040000 0.040000
0 0.720000 0.579375 0.035000 0.058750
0 0.838750 0.730000 0.057500 0.097500
0 0.669375 0.193125 0.111250 0.188750
0 0.554375 0.781875 0.038750 0.038750
0 0.369375 0.883125 0.086250 0.086250
0 0.452500 0.498750 0.097500 0.097500
0 0.360625 0.575000 0.068750 0.055000
0 0.786875 0.913125 0.056250 0.056250
0 0.095625 0.653125 0.073750 0.073750
0 0.115000 0.425000 0.077500 0.077500
0 0.942500 0.710000 0.065000 0.065000
0 0.503125 0.863125 0.091250 0.091250
0 0.679375 0.870000 0.098750 0.102500
0 0.916875 0.178750 0.048750 0.050000
0 0.256875 0.303125 0.071250 0.103750
0 0.580625 0.443750 0.091250 0.085000
0 0.908750 0.886250 0.082500 0.077500
0 0.060000 0.536875 0.095000 0.088750
0 0.475625 0.674375 0.068750 0.063750
0 0.637500 0.562500 0.085000 0.085000
0 0.230625 0.678125 0.098750 0.098750
0 0.509375 0.040000 0.033750 0.032500
0 0.911875 0.443125 0.051250 0.048750
0 0.068750 0.047500 0.065000 0.065000
0 0.745625 0.355625 0.061250 0.061250
0 0.192500 0.240000 0.035000 0.035000