0 0.853125 0.921875 0.101250 0.101250
0 0.613750 0.497500 0.097500 0.097500
0 0.432500 0.846250 0.112500 0.112500
0 0.296250 0.738750 0.047500 0.047500
0 0.232500 0.103750 0.047500 0.047500
0 0.825625 0.823125 0.081250 0.081250
0 0.485000 0.180000 0.040000 0.040000
0 0.766875 0.103125 0.081250 0.081250
0 0.526250 0.741250 0.030000 0.030000
0 0.953125 0.893125 0.051250 0.051250
0 0.649375 0.948125 0.046250 0.046250
0 0.035625 0.885625 0.043750 0.043750
0 0.056250 0.415000 0.087500 0.100000
0 0.489375 0.592500 0.073750 0.085000
0 0.630000 0.102500 0.065000 0.075000
0 0.292500 0.545625 0.097500 0.088750
0 0.166875 0.166875 0.036250 0.051250
0 0.895625 0.171250 0.046250 0.065000
0 0.725000 0.857500 0.085000 0.120000
0 0.128125 0.749375 0.088750 0.083750
0 0.865000 0.299375 0.112500 0.141250
0 0.810000 0.727500 0.070000 0.070000
0 0.132500 0.313750 0.080000 0.080000
0 0.608125 0.850625 0.076250 0.076250
0 0.440000 0.268750 0.072500 0.072500
0 0.646875 0.354375 0.101250 0.108750
0 0.570625 0.634375 0.073750 0.078750
0 0.194375 0.413125 0.096250 0.103750
0 0.097500 0.674375 0.025000 0.026250
0 0.931250 0.571250 0.032500 0.032500
0 0.233750 0.828750 0.090000 0.090000
0 0.321250 0.888750 0.047500 0.047500
0 0.410000 0.026250 0.027500 0.027500
0 0.270000 0.669375 0.025000 0.033750
0 0.764375 0.525000 0.103750 0.107500
0 0.756875 0.196250 0.078750 0.075000
0 0.243125 0.931875 0.038750 0.036250
0 0.163125 0.098125 0.028750 0.028750
0 0.555625 0.956875 0.038750 0.013750
0 0.326875 0.435625 0.073750 0.073750
0 0.926250 0.815000 0.055000 0.055000
0 0.261875 0.274375 0.048750 0.048750
0 0.923750 0.458750 0.112500 0.112500
0 0.380000 0.686250 0.100000 0.100000
0 0.455000 0.072500 0.042500 0.042500
0 0.628125 0.218125 0.026250 0.026250
0 0.611250 0.735000 0.055000 0.055000
0 0.552500 0.325000 0.055000 0.075000
0 0.854375 0.070625 0.073750 0.073750
0 0.135000 0.939375 0.050000 0.048750
0 0.229375 0.618125 0.028750 0.028750
0 0.103125 0.239375 0.038750 0.038750
0 0.516250 0.448750 0.082500 0.082500
0 0.063125 0.156875 0.093750 0.093750
0 0.547500 0.242500 0.065000 0.065000
0 0.420625 0.496875 0.041250 0.041250
0 0.306250 0.186250 0.025000 0.022500
0 0.121250 0.862500 0.095000 0.090000
0 0.057500 0.585000 0.065000 0.065000
0 0.923125 0.683125 0.111250 0.108750
0 0.327500 0.043125 0.052500 0.051250
0 0.710625 0.689375 0.091250 0.083750
0 0.400625 0.945625 0.061250 0.056250
0 0.329375 0.311250 0.036250 0.032500
0 0.192500 0.042500 0.032500 0.032500
0 0.543750 0.095000 0.055000 0.055000
0 0.768125 0.375625 0.061250 0.061250
0 0.194375 0.245625 0.031250 0.031250
0 0.420000 0.185000 0.070000 0.070000
0 0.528750 0.831250 0.027500 0.027500
0 0.327500 0.248750 0.062500 0.062500
0 0.518750 0.918750 0.030000 0.030000
0 0.691875 0.758125 0.033750 0.033750
0 0.148750 0.531250 0.100000 0.115000
0 0.116250 0.054375 0.042500 0.048750
0 0.491875 0.518125 0.043750 0.038750
0 0.968750 0.286250 0.027500 0.027500
0 0.845000 0.393750 0.025000 0.025000
0 0.571875 0.147500 0.036250 0.035000