0 0.234375 0.865000 0.068750 0.060000
0 0.173750 0.458750 0.040000 0.035000
0 0.330000 0.296875 0.052500 0.046250
0 0.593750 0.195625 0.072500 0.081250
0 0.225625 0.770625 0.108750 0.108750
0 0.403750 0.783750 0.047500 0.047500
0 0.416875 0.907500 0.056250 0.077500
0 0.636250 0.040000 0.032500 0.045000
0 0.656250 0.478125 0.102500 0.141250
0 0.435000 0.556875 0.045000 0.061250
0 0.795000 0.283125 0.100000 0.098750
0 0.735000 0.919375 0.057500 0.048750
0 0.520000 0.576875 0.110000 0.093750
0 0.116875 0.717500 0.071250 0.060000
0 0.365000 0.163125 0.092500 0.078750
0 0.776875 0.405625 0.058750 0.058750
0 0.092500 0.131875 0.100000 0.071250
0 0.573125 0.770625 0.096250 0.068750
0 0.487500 0.165000 0.075000 0.075000
0 0.894375 0.773125 0.068750 0.088750
0 0.083750 0.811875 0.095000 0.088750
0 0.879375 0.171250 0.091250 0.085000
0 0.690625 0.778750 0.096250 0.090000
0 0.875000 0.047500 0.060000 0.060000
0 0.527500 0.838750 0.032500 0.032500
0 0.880625 0.894375 0.083750 0.083750
0 0.425000 0.402500 0.105000 0.105000
0 0.344375 0.751875 0.041250 0.041250
0 0.230000 0.142500 0.065000 0.065000
0 0.657500 0.318750 0.102500 0.110000
0 0.913125 0.564375 0.071250 0.076250
0 0.145000 0.306875 0.090000 0.096250
0 0.380000 0.672500 0.082500 0.082500
0 0.319375 0.374375 0.038750 0.038750
0 0.742500 0.177500 0.047500 0.047500
0 0.266250 0.331250 0.042500 0.042500
0 0.091875 0.520000 0.106250 0.075000
0 0.525000 0.301875 0.035000 0.023750
0 0.256875 0.428125 0.051250 0.051250
0 0.520625 0.914375 0.101250 0.101250
0 0.230625 0.599375 0.098750 0.098750
0 0.103750 0.915000 0.057500 0.057500
0 0.683750 0.872500 0.025000 0.025000
0 0.917500 0.257500 0.067500 0.065000
0 0.072500 0.620000 0.102500 0.102500
0 0.297500 0.238750 0.042500 0.042500
0 0.536875 0.411875 0.073750 0.073750
0 0.775000 0.613125 0.097500 0.101250
0 0.268750 0.380000 0.025000 0.025000
0 0.310000 0.588125 0.045000 0.046250
0 0.783750 0.776250 0.040000 0.030000
0 0.628750 0.680625 0.070000 0.053750
0 0.870000 0.426250 0.062500 0.062500
0 0.715625 0.071875 0.091250 0.091250
0 0.566250 0.102500 0.062500 0.062500
0 0.150625 0.047500 0.083750 0.067500
0 0.335625 0.507500 0.096250 0.077500
0 0.213750 0.675000 0.037500 0.037500
0 0.409375 0.303125 0.068750 0.068750
0 0.795000 0.496250 0.050000 0.050000
0 0.961250 0.940000 0.045000 0.045000