0 0.865000 0.095000 0.057500 0.057500
0 0.377500 0.271875 0.047500 0.046250
0 0.153750 0.046875 0.055000 0.053750
0 0.303125 0.506875 0.106250 0.103750
0 0.675625 0.533750 0.028750 0.027500
0 0.165000 0.647500 0.030000 0.050000
0 0.965625 0.526875 0.038750 0.038750
0 0.344375 0.402500 0.063750 0.060000
0 0.882500 0.664375 0.077500 0.073750
0 0.609375 0.368125 0.051250 0.048750
0 0.789375 0.345625 0.096250 0.091250
0 0.428125 0.110625 0.101250 0.158750
0 0.289375 0.879375 0.051250 0.051250
0 0.446875 0.555625 0.081250 0.081250
0 0.705625 0.854375 0.033750 0.026250
0 0.628125 0.175000 0.058750 0.047500
0 0.285625 0.605625 0.053750 0.053750
0 0.060625 0.661875 0.076250 0.111250
0 0.454375 0.840000 0.088750 0.130000
0 0.320000 0.135625 0.047500 0.068750
0 0.848125 0.471250 0.096250 0.140000
0 0.811875 0.175625 0.071250 0.071250
0 0.098750 0.540000 0.095000 0.095000
0 0.775625 0.663125 0.101250 0.101250
0 0.607500 0.070000 0.077500 0.077500
0 0.228750 0.188750 0.090000 0.085000
0 0.168125 0.419375 0.098750 0.093750
0 0.495625 0.676875 0.051250 0.048750
0 0.267500 0.751250 0.090000 0.090000
0 0.635000 0.676250 0.075000 0.075000
0 0.481250 0.466250 0.032500 0.032500
0 0.045625 0.149375 0.051250 0.063750
0 0.861875 0.916250 0.048750 0.035000
0 0.695000 0.422500 0.050000 0.050000
0 0.930625 0.801875 0.033750 0.033750
0 0.561875 0.758125 0.073750 0.073750
0 0.058125 0.260625 0.091250 0.091250
0 0.425000 0.715625 0.032500 0.031250
0 0.475625 0.246875 0.093750 0.093750
0 0.457500 0.386250 0.085000 0.085000
0 0.701875 0.206875 0.028750 0.028750
0 0.870625 0.806875 0.028750 0.028750
0 0.906250 0.265000 0.080000 0.080000
0 0.714375 0.108125 0.073750 0.073750
0 0.565625 0.859375 0.043750 0.043750
0 0.173750 0.865000 0.112500 0.112500
0 0.721875 0.919375 0.088750 0.088750
0 0.585625 0.255625 0.098750 0.098750
0 0.891875 0.180625 0.058750 0.058750
0 0.198750 0.297500 0.110000 0.110000
0 0.961250 0.403750 0.037500 0.037500
0 0.831250 0.752500 0.047500 0.047500
0 0.671250 0.751250 0.042500 0.042500
0 0.943750 0.096250 0.060000 0.062500
0 0.201875 0.526875 0.066250 0.066250
0 0.376875 0.935625 0.048750 0.048750
0 0.675000 0.805000 0.045000 0.045000
0 0.602500 0.461250 0.082500 0.082500
0 0.690625 0.303125 0.036250 0.036250
0 0.281875 0.045625 0.063750 0.061250
0 0.353125 0.610625 0.051250 0.051250
0 0.431875 0.640625 0.046250 0.046250
0 0.171250 0.746875 0.067500 0.073750
0 0.346250 0.347500 0.030000 0.017500
0 0.811875 0.814375 0.048750 0.048750
0 0.248750 0.418125 0.037500 0.036250
0 0.118125 0.146875 0.078750 0.078750