0 0.123125 0.313125 0.061250 0.061250
0 0.366250 0.447500 0.047500 0.047500
0 0.711250 0.338750 0.105000 0.105000
0 0.219375 0.898125 0.051250 0.051250
0 0.813125 0.925625 0.093750 0.093750
0 0.906875 0.274375 0.043750 0.048750
0 0.886875 0.510625 0.046250 0.046250
0 0.358125 0.297500 0.083750 0.085000
0 0.568750 0.111250 0.037500 0.037500
0 0.442500 0.853750 0.050000 0.050000
0 0.269375 0.375625 0.043750 0.043750
0 0.196875 0.421875 0.073750 0.073750
0 0.896250 0.447500 0.042500 0.042500
0 0.058125 0.676875 0.081250 0.081250
0 0.641875 0.768125 0.068750 0.068750
0 0.521250 0.515000 0.035000 0.035000
0 0.640625 0.646250 0.096250 0.125000
0 0.061875 0.876250 0.038750 0.050000
0 0.331250 0.683125 0.072500 0.093750
0 0.826875 0.815625 0.033750 0.043750
0 0.750000 0.215625 0.085000 0.056250
0 0.521875 0.401875 0.088750 0.058750
0 0.608125 0.042500 0.048750 0.032500
0 0.585625 0.278750 0.108750 0.102500
0 0.283750 0.071875 0.092500 0.088750
0 0.786250 0.548750 0.052500 0.052500
0 0.820625 0.743125 0.048750 0.048750
0 0.849375 0.043125 0.033750 0.033750
0 0.252500 0.167500 0.080000 0.080000
0 0.449375 0.173125 0.078750 0.078750
0 0.458125 0.757500 0.103750 0.095000
0 0.341250 0.875000 0.085000 0.085000
0 0.090625 0.049375 0.031250 0.031250
0 0.193750 0.550000 0.070000 0.070000
0 0.078125 0.762500 0.033750 0.030000
0 0.037500 0.291250 0.050000 0.050000
0 0.543125 0.624375 0.036250 0.036250
0 0.439375 0.566875 0.096250 0.096250
0 0.835000 0.285000 0.075000 0.047500
0 0.887500 0.667500 0.102500 0.065000
0 0.332500 0.528750 0.075000 0.075000
0 0.063125 0.545625 0.098750 0.098750
0 0.573125 0.935625 0.071250 0.071250
0 0.818750 0.445625 0.037500 0.051250
0 0.109375 0.145625 0.093750 0.128750
0 0.708750 0.791250 0.040000 0.055000
0 0.958750 0.943750 0.027500 0.037500
0 0.863750 0.135625 0.040000 0.041250
0 0.108750 0.413750 0.062500 0.065000
0 0.728125 0.465625 0.096250 0.096250
0 0.201250 0.702500 0.050000 0.050000
0 0.543750 0.181875 0.052500 0.051250
0 0.050625 0.398750 0.031250 0.030000