0 0.348750 0.618750 0.105000 0.105000
0 0.475625 0.620625 0.073750 0.073750
0 0.055625 0.656875 0.086250 0.086250
0 0.645000 0.856250 0.067500 0.105000
0 0.816875 0.708125 0.066250 0.038750
0 0.926875 0.253125 0.098750 0.058750
0 0.071875 0.836875 0.091250 0.053750
0 0.855625 0.363125 0.066250 0.066250
0 0.265625 0.479375 0.111250 0.111250
0 0.752500 0.446250 0.065000 0.065000
0 0.644375 0.095625 0.068750 0.068750
0 0.048750 0.252500 0.065000 0.065000
0 0.713750 0.731875 0.072500 0.116250
0 0.640000 0.698125 0.025000 0.016250
0 0.367500 0.421250 0.030000 0.020000
0 0.948750 0.495000 0.047500 0.047500
0 0.200000 0.327500 0.052500 0.052500
0 0.172500 0.226250 0.077500 0.077500
0 0.625000 0.457500 0.052500 0.052500
0 0.752500 0.236250 0.097500 0.097500
0 0.597500 0.575000 0.045000 0.042500
0 0.395000 0.128125 0.080000 0.076250
0 0.518125 0.063125 0.048750 0.046250
0 0.534375 0.479375 0.046250 0.043750
0 0.925625 0.556875 0.073750 0.058750
0 0.542500 0.876875 0.105000 0.106250
0 0.768125 0.900625 0.073750 0.073750
0 0.932500 0.095000 0.052500 0.052500
0 0.111875 0.558125 0.041250 0.041250
0 0.357500 0.783750 0.095000 0.095000
0 0.550000 0.338750 0.065000 0.077500
0 0.849375 0.875625 0.046250 0.046250
0 0.906875 0.835625 0.026250 0.018750
0 0.891250 0.736875 0.042500 0.031250
0 0.376250 0.293125 0.105000 0.078750
0 0.731875 0.113125 0.081250 0.061250
0 0.446875 0.378125 0.031250 0.031250
0 0.119375 0.892500 0.028750 0.027500
0 0.076250 0.142500 0.067500 0.065000
0 0.235625 0.650000 0.101250 0.097500
0 0.373125 0.910625 0.038750 0.036250
0 0.663750 0.387500 0.025000 0.025000
0 0.445625 0.931875 0.046250 0.031250
0 0.478750 0.736875 0.072500 0.098750
0 0.768125 0.599375 0.033750 0.033750
0 0.160000 0.461250 0.062500 0.062500
0 0.527500 0.228750 0.045000 0.045000
0 0.636875 0.256250 0.093750 0.097500
0 0.445625 0.468125 0.081250 0.081250
0 0.770000 0.347500 0.090000 0.090000
0 0.693750 0.556250 0.062500 0.062500
0 0.293125 0.060000 0.053750 0.047500
0 0.278750 0.168750 0.085000 0.075000
0 0.178125 0.076875 0.091250 0.091250
0 0.861875 0.432500 0.068750 0.045000
0 0.820000 0.065000 0.037500 0.037500
0 0.041250 0.426250 0.055000 0.057500
0 0.078750 0.767500 0.055000 0.057500
0 0.223750 0.924375 0.090000 0.093750
0 0.718750 0.635625 0.030000 0.031250
0 0.475000 0.136250 0.060000 0.060000
0 0.171875 0.390000 0.056250 0.052500
0 0.897500 0.655000 0.077500 0.077500
0 0.201250 0.833750 0.062500 0.050000