0 0.403125 0.750000 0.031250 0.030000
0 0.921250 0.408125 0.045000 0.041250
0 0.731250 0.870625 0.045000 0.041250
0 0.114375 0.458125 0.056250 0.051250
0 0.090625 0.118125 0.101250 0.093750
0 0.483125 0.823125 0.071250 0.073750
0 0.089375 0.633125 0.066250 0.066250
0 0.475625 0.040625 0.026250 0.026250
0 0.921250 0.305000 0.040000 0.040000
0 0.045000 0.727500 0.057500 0.057500
0 0.613125 0.503125 0.106250 0.106250
0 0.358750 0.183750 0.090000 0.090000
0 0.601250 0.717500 0.095000 0.095000
0 0.906875 0.566250 0.111250 0.152500
0 0.432500 0.602500 0.082500 0.112500
0 0.082500 0.861250 0.082500 0.112500
0 0.393125 0.395000 0.058750 0.080000
0 0.092500 0.546250 0.067500 0.067500
0 0.739375 0.591875 0.071250 0.071250
0 0.565000 0.378125 0.110000 0.101250
0 0.805625 0.404375 0.033750 0.026250
0 0.761875 0.096875 0.076250 0.076250
0 0.239375 0.861875 0.046250 0.046250
0 0.666250 0.946250 0.045000 0.045000
0 0.281875 0.489375 0.093750 0.093750
0 0.146250 0.242500 0.025000 0.025000
0 0.837500 0.340000 0.045000 0.045000
0 0.623750 0.612500 0.092500 0.092500
0 0.723750 0.740000 0.075000 0.062500
0 0.968750 0.786250 0.035000 0.030000
0 0.196250 0.696250 0.037500 0.032500
0 0.713750 0.232500 0.075000 0.075000
0 0.331250 0.622500 0.067500 0.047500
0 0.216875 0.081875 0.043750 0.043750
0 0.171250 0.391250 0.042500 0.042500
0 0.610625 0.285625 0.046250 0.046250
0 0.778125 0.665625 0.051250 0.051250
0 0.781875 0.934375 0.051250 0.051250
0 0.875625 0.889375 0.058750 0.056250
0 0.859375 0.156875 0.101250 0.101250
0 0.328750 0.363750 0.042500 0.042500
0 0.929375 0.673125 0.033750 0.033750
0 0.867500 0.057500 0.045000 0.045000
0 0.496250 0.912500 0.065000 0.060000
0 0.250625 0.654375 0.028750 0.033750
0 0.567500 0.117500 0.095000 0.095000
0 0.060000 0.327500 0.090000 0.090000
0 0.255000 0.247500 0.027500 0.027500
0 0.968125 0.149375 0.026250 0.026250
0 0.702500 0.373750 0.112500 0.112500
0 0.160000 0.936250 0.055000 0.057500
0 0.860625 0.696250 0.076250 0.077500
0 0.374375 0.838125 0.076250 0.076250
0 0.483750 0.707500 0.037500 0.037500
0 0.260625 0.398125 0.051250 0.051250
0 0.170625 0.753125 0.046250 0.046250
0 0.347500 0.085000 0.080000 0.080000