0 0.910625 0.500000 0.026250 0.022500
0 0.288750 0.177500 0.085000 0.072500
0 0.776875 0.246875 0.108750 0.108750
0 0.445000 0.796250 0.032500 0.047500
0 0.064375 0.065625 0.056250 0.056250
0 0.676875 0.863750 0.031250 0.030000
0 0.104375 0.915625 0.066250 0.063750
0 0.643750 0.457500 0.092500 0.092500
0 0.882500 0.625000 0.107500 0.102500
0 0.180000 0.697500 0.045000 0.042500
0 0.398750 0.318125 0.087500 0.083750
0 0.101875 0.233750 0.106250 0.102500
0 0.084375 0.449375 0.086250 0.131250
0 0.543125 0.071875 0.088750 0.088750
0 0.720625 0.436875 0.036250 0.036250
0 0.785000 0.847500 0.062500 0.057500
0 0.733750 0.136875 0.090000 0.088750
0 0.645625 0.545000 0.058750 0.062500
0 0.796250 0.916250 0.037500 0.037500
0 0.729375 0.358125 0.043750 0.043750
0 0.201250 0.596250 0.105000 0.105000
0 0.537500 0.418750 0.025000 0.025000
0 0.528750 0.728750 0.077500 0.077500
0 0.188125 0.829375 0.088750 0.088750
0 0.477500 0.382500 0.042500 0.042500
0 0.593750 0.645000 0.070000 0.070000
0 0.285000 0.342500 0.032500 0.032500
0 0.507500 0.227500 0.035000 0.032500
0 0.779375 0.496875 0.036250 0.033750
0 0.443125 0.710000 0.071250 0.072500
0 0.346875 0.728125 0.103750 0.096250
0 0.571875 0.908125 0.036250 0.036250
0 0.576250 0.317500 0.050000 0.050000
0 0.956875 0.829375 0.046250 0.046250
0 0.960625 0.053125 0.038750 0.038750
0 0.218125 0.478125 0.108750 0.088750
0 0.295000 0.916250 0.087500 0.087500
0 0.616250 0.198750 0.105000 0.105000
0 0.243125 0.269375 0.056250 0.056250
0 0.304375 0.273125 0.038750 0.038750
0 0.373750 0.188750 0.035000 0.037500
0 0.431250 0.640000 0.025000 0.025000
0 0.075000 0.832500 0.080000 0.080000
0 0.739375 0.693125 0.108750 0.108750
0 0.889375 0.889375 0.048750 0.048750
0 0.389375 0.453125 0.028750 0.028750
0 0.409375 0.911875 0.063750 0.063750
0 0.816875 0.399375 0.108750 0.108750
0 0.106875 0.754375 0.048750 0.048750
0 0.526250 0.543750 0.090000 0.090000
0 0.076875 0.645625 0.101250 0.113750
0 0.816250 0.120625 0.030000 0.033750
0 0.894375 0.232500 0.111250 0.125000
0 0.349375 0.580000 0.091250 0.080000
0 0.562500 0.826250 0.107500 0.095000
0 0.838750 0.743750 0.067500 0.060000
0 0.440625 0.056875 0.081250 0.071250
0 0.143750 0.115625 0.087500 0.101250
0 0.940000 0.752500 0.070000 0.070000
0 0.391250 0.646250 0.030000 0.030000
0 0.488125 0.316875 0.026250 0.026250
0 0.938125 0.361875 0.083750 0.083750
0 0.229375 0.081875 0.058750 0.058750
0 0.661250 0.931250 0.077500 0.077500
0 0.069375 0.348125 0.051250 0.051250
0 0.248125 0.735625 0.066250 0.066250