0 0.178125 0.189375 0.106250 0.106250
0 0.363750 0.513750 0.090000 0.090000
0 0.712500 0.673750 0.035000 0.035000
0 0.205000 0.827500 0.052500 0.052500
0 0.437500 0.862500 0.030000 0.030000
0 0.596875 0.561875 0.076250 0.126250
0 0.734375 0.598125 0.031250 0.051250
0 0.440000 0.107500 0.080000 0.132500
0 0.080625 0.678125 0.071250 0.118750
0 0.920625 0.684375 0.048750 0.043750
0 0.566250 0.860625 0.040000 0.036250
0 0.395000 0.945000 0.040000 0.040000
0 0.905625 0.126875 0.101250 0.101250
0 0.148125 0.639375 0.031250 0.031250
0 0.778750 0.115000 0.087500 0.087500
0 0.769375 0.254375 0.056250 0.056250
0 0.084375 0.516250 0.108750 0.125000
0 0.711875 0.916250 0.071250 0.065000
0 0.423125 0.722500 0.071250 0.107500
0 0.542500 0.413125 0.080000 0.121250
0 0.295000 0.780000 0.097500 0.097500
0 0.500625 0.541875 0.076250 0.053750
0 0.335000 0.629375 0.062500 0.043750
0 0.341875 0.042500 0.078750 0.055000
0 0.216875 0.389375 0.031250 0.026250
0 0.906875 0.561875 0.036250 0.031250
0 0.094375 0.848125 0.066250 0.066250
0 0.184375 0.734375 0.098750 0.098750
0 0.889375 0.893125 0.111250 0.111250
0 0.825000 0.601875 0.080000 0.063750
0 0.507500 0.295000 0.060000 0.047500
0 0.545000 0.146250 0.072500 0.072500
0 0.806875 0.783125 0.076250 0.076250
0 0.278125 0.564375 0.046250 0.046250
0 0.901875 0.310625 0.068750 0.068750
0 0.133750 0.290000 0.042500 0.025000
0 0.599375 0.044375 0.068750 0.063750
0 0.136875 0.385625 0.073750 0.068750
0 0.859375 0.401250 0.088750 0.082500
0 0.721250 0.368750 0.110000 0.102500
0 0.466875 0.241875 0.038750 0.038750
0 0.721250 0.500000 0.100000 0.092500
0 0.275625 0.921875 0.053750 0.053750
0 0.629375 0.370625 0.038750 0.038750
0 0.676875 0.181875 0.073750 0.071250
0 0.772500 0.708125 0.052500 0.051250
0 0.387500 0.375000 0.067500 0.065000
0 0.618125 0.788125 0.096250 0.093750
0 0.325000 0.200625 0.070000 0.063750
0 0.115000 0.054375 0.032500 0.028750
0 0.255625 0.485625 0.081250 0.068750
0 0.315000 0.381250 0.027500 0.027500
0 0.539375 0.039375 0.026250 0.026250
0 0.296875 0.320000 0.076250 0.070000
0 0.344375 0.701875 0.028750 0.026250
0 0.227500 0.576250 0.025000 0.017500
0 0.072500 0.166875 0.047500 0.033750
0 0.593125 0.929375 0.066250 0.046250
0 0.506250 0.683750 0.077500 0.102500
0 0.305625 0.138750 0.028750 0.027500
0 0.591875 0.230000 0.046250 0.045000
0 0.193125 0.079375 0.076250 0.076250
0 0.865625 0.503125 0.033750 0.033750
0 0.191250 0.926875 0.045000 0.058750
0 0.697500 0.070000 0.040000 0.040000
0 0.068750 0.935000 0.077500 0.077500
0 0.588750 0.290000 0.047500 0.057500
0 0.080000 0.110625 0.052500 0.063750
0 0.910000 0.771250 0.102500 0.087500
0 0.054375 0.041250 0.038750 0.032500
0 0.055625 0.356875 0.071250 0.061250
0 0.710625 0.814375 0.058750 0.058750
0 0.874375 0.240625 0.051250 0.051250
0 0.462500 0.950000 0.035000 0.042500
0 0.935000 0.236250 0.052500 0.052500
0 0.955000 0.427500 0.052500 0.052500
0 0.523125 0.905625 0.038750 0.038750
0 0.463125 0.395625 0.061250 0.061250
0 0.349375 0.886875 0.036250 0.068750