0 0.533750 0.394375 0.105000 0.081250
0 0.323750 0.952500 0.032500 0.025000
0 0.898750 0.498750 0.030000 0.022500
0 0.912500 0.589375 0.092500 0.096250
0 0.447500 0.635625 0.102500 0.106250
0 0.329375 0.541875 0.053750 0.053750
0 0.111875 0.151875 0.026250 0.026250
0 0.800625 0.245625 0.081250 0.081250
0 0.405000 0.279375 0.025000 0.023750
0 0.309375 0.603750 0.031250 0.030000
0 0.744375 0.482500 0.106250 0.122500
0 0.237500 0.221250 0.077500 0.077500
0 0.756250 0.651250 0.095000 0.092500
0 0.091875 0.491250 0.106250 0.107500
0 0.739375 0.951250 0.028750 0.027500
0 0.784375 0.103750 0.078750 0.107500
0 0.693125 0.129375 0.036250 0.048750
0 0.711250 0.779375 0.052500 0.071250
0 0.423125 0.152500 0.078750 0.092500
0 0.535000 0.111875 0.112500 0.133750
0 0.174375 0.624375 0.058750 0.068750
0 0.412500 0.502500 0.097500 0.097500
0 0.301250 0.740000 0.050000 0.050000
0 0.568750 0.705000 0.077500 0.077500
0 0.960000 0.743750 0.050000 0.050000
0 0.099375 0.284375 0.076250 0.076250
0 0.921250 0.913750 0.095000 0.095000
0 0.131250 0.956250 0.025000 0.025000
0 0.828750 0.811250 0.060000 0.060000
0 0.285000 0.445000 0.112500 0.112500
0 0.615625 0.856875 0.086250 0.086250
0 0.441875 0.414375 0.051250 0.051250
0 0.216875 0.846875 0.038750 0.038750
0 0.191250 0.095000 0.057500 0.057500
0 0.936250 0.283750 0.087500 0.087500
0 0.578125 0.525625 0.048750 0.048750
0 0.064375 0.379375 0.056250 0.056250
0 0.791875 0.363125 0.096250 0.096250
0 0.217500 0.786250 0.050000 0.050000
0 0.059375 0.920625 0.093750 0.093750
0 0.447500 0.857500 0.082500 0.082500
0 0.464375 0.301875 0.078750 0.078750
0 0.274375 0.320625 0.103750 0.103750
0 0.916875 0.164375 0.106250 0.106250
0 0.290625 0.116875 0.066250 0.066250
0 0.646875 0.321875 0.076250 0.026250
0 0.088125 0.756250 0.078750 0.027500
0 0.196250 0.693125 0.075000 0.026250
0 0.957500 0.045625 0.032500 0.011250
0 0.143125 0.854375 0.051250 0.051250
0 0.650000 0.236250 0.085000 0.067500
0 0.340000 0.649375 0.025000 0.018750
0 0.318750 0.861250 0.107500 0.105000
0 0.335625 0.203750 0.026250 0.025000
0 0.644375 0.601250 0.031250 0.030000
0 0.712500 0.353125 0.025000 0.023750
0 0.661875 0.945625 0.048750 0.048750