0 0.230000 0.352500 0.037500 0.037500
0 0.570625 0.591875 0.071250 0.071250
0 0.334375 0.639375 0.101250 0.101250
0 0.187500 0.886875 0.105000 0.131250
0 0.518750 0.353125 0.047500 0.058750
0 0.418125 0.385000 0.088750 0.110000
0 0.563750 0.502500 0.030000 0.030000
0 0.073125 0.288125 0.038750 0.038750
0 0.791875 0.797500 0.066250 0.067500
0 0.183125 0.444375 0.036250 0.036250
0 0.714375 0.478125 0.026250 0.026250
0 0.422500 0.101250 0.100000 0.100000
0 0.186875 0.578125 0.041250 0.041250
0 0.746250 0.653750 0.040000 0.040000
0 0.916875 0.553750 0.071250 0.042500
0 0.065000 0.758125 0.070000 0.041250
0 0.313125 0.815625 0.048750 0.028750
0 0.338125 0.881250 0.086250 0.070000
0 0.901875 0.728125 0.108750 0.088750
0 0.708750 0.096250 0.095000 0.062500
0 0.148125 0.630625 0.026250 0.026250
0 0.658750 0.538750 0.032500 0.032500
0 0.284375 0.151875 0.066250 0.066250
0 0.096250 0.113750 0.060000 0.060000
0 0.067500 0.386250 0.055000 0.055000
0 0.091875 0.561875 0.071250 0.071250
0 0.596250 0.126250 0.100000 0.100000
0 0.761875 0.463125 0.053750 0.053750
0 0.637500 0.908750 0.100000 0.100000
0 0.235625 0.715625 0.058750 0.058750
0 0.488750 0.785000 0.072500 0.072500
0 0.397500 0.761250 0.057500 0.050000
0 0.454375 0.856250 0.053750 0.047500
0 0.150625 0.305625 0.061250 0.053750
0 0.718750 0.239375 0.077500 0.068750
0 0.438750 0.605000 0.067500 0.067500
0 0.835000 0.212500 0.082500 0.082500
0 0.934375 0.273125 0.063750 0.063750
0 0.741250 0.545000 0.080000 0.080000
0 0.225625 0.058125 0.083750 0.083750
0 0.295625 0.333125 0.026250 0.026250
0 0.781250 0.900000 0.112500 0.112500
0 0.665625 0.678125 0.096250 0.088750
0 0.715000 0.364375 0.077500 0.071250
0 0.333750 0.531875 0.107500 0.098750
0 0.945000 0.831250 0.080000 0.080000
0 0.888750 0.434375 0.095000 0.173750
0 0.168750 0.208125 0.067500 0.123750
0 0.663750 0.790000 0.042500 0.077500
0 0.470000 0.216875 0.062500 0.113750
0 0.825000 0.083750 0.110000 0.110000
0 0.333125 0.244375 0.106250 0.101250
0 0.082500 0.192500 0.067500 0.067500
0 0.546875 0.435625 0.076250 0.076250
0 0.607500 0.420000 0.025000 0.025000
0 0.601250 0.231250 0.065000 0.065000
0 0.932500 0.143125 0.090000 0.116250
0 0.079375 0.844375 0.078750 0.101250
0 0.573125 0.735000 0.056250 0.072500
0 0.606250 0.321875 0.065000 0.083750
0 0.290000 0.441875 0.077500 0.063750
0 0.907500 0.631875 0.105000 0.086250
0 0.473125 0.698125 0.068750 0.058750
0 0.266875 0.876250 0.026250 0.022500
0 0.095625 0.045625 0.048750 0.041250
0 0.800000 0.383750 0.047500 0.072500
0 0.213125 0.296875 0.038750 0.036250
0 0.115625 0.476875 0.068750 0.066250
0 0.606250 0.816250 0.047500 0.045000
0 0.236875 0.525625 0.048750 0.048750
0 0.162500 0.725000 0.060000 0.060000
0 0.704375 0.429375 0.028750 0.028750
0 0.071250 0.657500 0.102500 0.102500
0 0.870000 0.827500 0.032500 0.032500
0 0.118125 0.376875 0.031250 0.031250
0 0.530000 0.866250 0.062500 0.062500
0 0.148125 0.537500 0.026250 0.015000
0 0.053125 0.951875 0.031250 0.018750
0 0.812500 0.313750 0.085000 0.050000
0 0.203125 0.645625 0.063750 0.063750
0 0.889375 0.920000 0.058750 0.047500
0 0.645625 0.468750 0.058750 0.057500
0 0.756875 0.178125 0.051250 0.033750
0 0.729375 0.300625 0.028750 0.033750
0 0.538750 0.275000 0.040000 0.047500
0 0.564375 0.674375 0.028750 0.026250
0 0.461250 0.520000 0.055000 0.052500
0 0.582500 0.043750 0.052500 0.050000
0 0.521875 0.051250 0.043750 0.030000
0 0.443750 0.923750 0.047500 0.032500
0 0.318125 0.741875 0.051250 0.051250
0 0.235625 0.785000 0.048750 0.047500