0 0.390000 0.701250 0.040000 0.040000
0 0.843125 0.723125 0.061250 0.061250
0 0.079375 0.643125 0.081250 0.081250
0 0.481875 0.323125 0.043750 0.043750
0 0.885000 0.127500 0.030000 0.030000
0 0.619375 0.665625 0.106250 0.106250
0 0.857500 0.488750 0.102500 0.112500
0 0.625625 0.246250 0.043750 0.042500
0 0.205625 0.445625 0.078750 0.078750
0 0.696875 0.858125 0.046250 0.046250
0 0.374375 0.546875 0.053750 0.053750
0 0.163750 0.232500 0.037500 0.037500
0 0.666875 0.430625 0.033750 0.033750
0 0.663750 0.509375 0.102500 0.096250
0 0.073750 0.526250 0.025000 0.022500
0 0.762500 0.193125 0.102500 0.096250
0 0.232500 0.591250 0.050000 0.050000
0 0.748750 0.356250 0.107500 0.107500
0 0.897500 0.057500 0.090000 0.090000
0 0.866250 0.365000 0.102500 0.102500
0 0.709375 0.054375 0.061250 0.061250
0 0.941875 0.268750 0.058750 0.045000
0 0.717500 0.661875 0.025000 0.018750
0 0.076250 0.136875 0.075000 0.053750
0 0.625000 0.116250 0.060000 0.042500
0 0.179375 0.813750 0.093750 0.067500
0 0.066875 0.341875 0.083750 0.083750
0 0.548750 0.191250 0.082500 0.082500
0 0.873125 0.168125 0.033750 0.033750
0 0.340000 0.695000 0.030000 0.030000
0 0.067500 0.721250 0.037500 0.037500
0 0.379375 0.098125 0.056250 0.056250
0 0.295000 0.437500 0.042500 0.042500
0 0.444375 0.513125 0.046250 0.046250
0 0.273750 0.083750 0.032500 0.032500
0 0.857500 0.647500 0.067500 0.067500
0 0.784375 0.851875 0.061250 0.061250
0 0.457500 0.850000 0.040000 0.040000
0 0.399375 0.266875 0.051250 0.051250
0 0.345625 0.181875 0.061250 0.061250
0 0.929375 0.840625 0.068750 0.068750
0 0.499375 0.425625 0.108750 0.108750
0 0.550625 0.905000 0.108750 0.107500
0 0.215625 0.318750 0.083750 0.082500
0 0.247500 0.685625 0.112500 0.111250
0 0.752500 0.766875 0.105000 0.083750
0 0.132500 0.553750 0.050000 0.050000
0 0.413125 0.458125 0.041250 0.041250
0 0.547500 0.817500 0.025000 0.025000
0 0.180625 0.915625 0.096250 0.096250
0 0.686875 0.926875 0.061250 0.061250
0 0.078125 0.825625 0.048750 0.048750
0 0.301875 0.600625 0.026250 0.026250
0 0.380625 0.363125 0.071250 0.071250
0 0.641875 0.783125 0.061250 0.061250
0 0.198125 0.088125 0.093750 0.093750
0 0.470625 0.655000 0.103750 0.100000
0 0.373750 0.835000 0.092500 0.092500
0 0.286250 0.872500 0.045000 0.045000
0 0.966250 0.902500 0.035000 0.035000
0 0.388750 0.937500 0.057500 0.057500
0 0.589375 0.370625 0.053750 0.053750
0 0.370625 0.615625 0.048750 0.048750
0 0.047500 0.042500 0.052500 0.052500
0 0.096250 0.236875 0.082500 0.076250
0 0.838125 0.939375 0.068750 0.068750
0 0.550000 0.290000 0.077500 0.077500
0 0.961875 0.155625 0.048750 0.088750