0 0.426250 0.757500 0.035000 0.035000
0 0.538750 0.552500 0.072500 0.072500
0 0.298750 0.383750 0.107500 0.107500
0 0.265000 0.858750 0.060000 0.060000
0 0.053750 0.677500 0.057500 0.057500
0 0.929375 0.719375 0.081250 0.081250
0 0.247500 0.931875 0.065000 0.071250
0 0.631875 0.328125 0.111250 0.138750
0 0.208750 0.078750 0.072500 0.072500
0 0.366875 0.154375 0.036250 0.036250
0 0.271875 0.719375 0.078750 0.078750
0 0.550000 0.773125 0.065000 0.088750
0 0.086875 0.530000 0.098750 0.135000
0 0.641250 0.183750 0.042500 0.057500
0 0.915000 0.116875 0.090000 0.123750
0 0.392500 0.456250 0.037500 0.030000
0 0.058125 0.057500 0.043750 0.035000
0 0.741875 0.461875 0.078750 0.063750
0 0.914375 0.903125 0.066250 0.066250
0 0.820625 0.150625 0.063750 0.063750
0 0.443750 0.891250 0.077500 0.077500
0 0.811875 0.460625 0.038750 0.038750
0 0.248750 0.603750 0.100000 0.100000
0 0.465000 0.780000 0.027500 0.027500
0 0.773125 0.640625 0.048750 0.048750
0 0.116250 0.796250 0.092500 0.092500
0 0.510000 0.212500 0.110000 0.110000
0 0.783750 0.736250 0.107500 0.107500
0 0.613750 0.918750 0.080000 0.080000
0 0.814375 0.266875 0.053750 0.053750
0 0.576250 0.636250 0.080000 0.080000
0 0.910000 0.841250 0.042500 0.042500
0 0.203125 0.498125 0.086250 0.086250
0 0.075000 0.122500 0.035000 0.035000
0 0.896250 0.470000 0.045000 0.067500
0 0.046250 0.883750 0.040000 0.060000
0 0.334375 0.560625 0.053750 0.081250
0 0.141250 0.700625 0.050000 0.076250
0 0.725625 0.161250 0.098750 0.120000
0 0.797500 0.843750 0.075000 0.090000
0 0.174375 0.335000 0.111250 0.135000
0 0.596250 0.043750 0.047500 0.057500
0 0.922500 0.581250 0.067500 0.067500
0 0.638125 0.463125 0.091250 0.091250
0 0.635000 0.767500 0.085000 0.085000
0 0.226250 0.196250 0.090000 0.090000
0 0.444375 0.086250 0.081250 0.072500
0 0.120000 0.215000 0.045000 0.040000
0 0.791875 0.570625 0.086250 0.076250
0 0.713125 0.914375 0.071250 0.063750
0 0.439375 0.557500 0.091250 0.110000
0 0.714375 0.618750 0.053750 0.065000
0 0.932500 0.342500 0.092500 0.112500
0 0.039375 0.184375 0.051250 0.051250
0 0.478750 0.387500 0.060000 0.065000
0 0.351250 0.691875 0.047500 0.051250
0 0.805000 0.055000 0.030000 0.030000
0 0.765000 0.344375 0.025000 0.023750
0 0.736250 0.300625 0.032500 0.028750
0 0.050625 0.393125 0.076250 0.068750
0 0.349375 0.294375 0.053750 0.051250
0 0.551250 0.476250 0.042500 0.040000
0 0.451250 0.450625 0.032500 0.021250
0 0.465625 0.704375 0.056250 0.056250
0 0.288750 0.477500 0.042500 0.042500
0 0.693750 0.846250 0.055000 0.055000
0 0.145000 0.898750 0.075000 0.075000
0 0.318750 0.920000 0.047500 0.047500
0 0.323125 0.626875 0.026250 0.033750
0 0.406875 0.636250 0.033750 0.032500
0 0.038750 0.961875 0.025000 0.023750
0 0.345000 0.833750 0.040000 0.040000
0 0.524375 0.895625 0.036250 0.036250
0 0.761875 0.408125 0.026250 0.021250
0 0.945000 0.958750 0.027500 0.025000
0 0.317500 0.090000 0.067500 0.062500
0 0.298125 0.153125 0.036250 0.036250
0 0.847500 0.642500 0.052500 0.052500
0 0.710000 0.547500 0.030000 0.027500
0 0.446875 0.312500 0.041250 0.040000
0 0.524375 0.075000 0.043750 0.042500
0 0.705625 0.052500 0.106250 0.042500
0 0.928125 0.245000 0.093750 0.037500