0 0.028750 0.766250 0.030000 0.030000
0 0.168750 0.422500 0.082500 0.082500
0 0.960000 0.166250 0.045000 0.045000
0 0.378125 0.301875 0.028750 0.028750
0 0.800625 0.090625 0.071250 0.086250
0 0.071875 0.248125 0.093750 0.093750
0 0.922500 0.291250 0.072500 0.072500
0 0.530625 0.841875 0.108750 0.108750
0 0.379375 0.450625 0.033750 0.033750
0 0.313125 0.915625 0.076250 0.076250
0 0.061875 0.907500 0.036250 0.037500
0 0.186250 0.813125 0.092500 0.086250
0 0.766875 0.721875 0.061250 0.058750
0 0.571875 0.714375 0.108750 0.106250
0 0.171250 0.265625 0.030000 0.038750
0 0.747500 0.565000 0.110000 0.110000
0 0.232500 0.903750 0.047500 0.047500
0 0.522500 0.175000 0.090000 0.090000
0 0.778125 0.420625 0.103750 0.093750
0 0.733125 0.074375 0.041250 0.041250
0 0.448750 0.513750 0.065000 0.062500
0 0.650625 0.083125 0.033750 0.033750
0 0.417500 0.208750 0.100000 0.100000
0 0.075000 0.056250 0.040000 0.040000
0 0.341250 0.645000 0.027500 0.027500
0 0.430000 0.661250 0.087500 0.087500
0 0.681875 0.178125 0.103750 0.063750
0 0.135000 0.101875 0.042500 0.026250
0 0.741250 0.841875 0.102500 0.063750
0 0.698125 0.245625 0.076250 0.046250
0 0.398750 0.093125 0.082500 0.081250
0 0.253125 0.221875 0.108750 0.098750
0 0.435000 0.328125 0.030000 0.026250
0 0.851250 0.806250 0.025000 0.022500
0 0.248125 0.596875 0.048750 0.048750
0 0.536250 0.507500 0.075000 0.075000
0 0.873125 0.206875 0.073750 0.073750
0 0.461875 0.390625 0.038750 0.038750
0 0.145625 0.626875 0.106250 0.106250
0 0.854375 0.591875 0.088750 0.088750
0 0.681875 0.703125 0.078750 0.078750
0 0.572500 0.365000 0.112500 0.112500
0 0.080625 0.425625 0.026250 0.026250
0 0.056875 0.358125 0.088750 0.088750
0 0.886250 0.897500 0.107500 0.107500
0 0.888125 0.089375 0.071250 0.071250
0 0.545625 0.056875 0.076250 0.076250
0 0.879375 0.495625 0.068750 0.068750
0 0.320625 0.726875 0.106250 0.106250
0 0.156875 0.935625 0.056250 0.056250
0 0.668750 0.362500 0.032500 0.032500
0 0.748125 0.663125 0.036250 0.036250
0 0.678750 0.432500 0.030000 0.047500