0 0.900625 0.353125 0.106250 0.106250
0 0.039375 0.661875 0.043750 0.053750
0 0.570000 0.230000 0.040000 0.040000
0 0.897500 0.110625 0.062500 0.051250
0 0.074375 0.072500 0.048750 0.040000
0 0.513750 0.597500 0.095000 0.077500
0 0.686875 0.750625 0.053750 0.053750
0 0.090625 0.414375 0.108750 0.148750
0 0.140625 0.274375 0.028750 0.038750
0 0.566875 0.888750 0.086250 0.117500
0 0.851250 0.518750 0.060000 0.082500
0 0.074375 0.768125 0.048750 0.048750
0 0.818750 0.230000 0.105000 0.105000
0 0.946250 0.472500 0.062500 0.075000
0 0.874375 0.845625 0.026250 0.026250
0 0.720625 0.595625 0.028750 0.028750
0 0.385625 0.784375 0.093750 0.093750
0 0.143125 0.636875 0.066250 0.066250
0 0.576250 0.405000 0.107500 0.107500
0 0.373750 0.611875 0.102500 0.098750
0 0.624375 0.772500 0.048750 0.032500
0 0.376250 0.286250 0.087500 0.115000
0 0.878125 0.910625 0.066250 0.068750
0 0.230000 0.857500 0.077500 0.077500
0 0.214375 0.280625 0.048750 0.048750
0 0.311250 0.112500 0.102500 0.097500
0 0.789375 0.361875 0.043750 0.041250
0 0.088750 0.666875 0.025000 0.023750
0 0.642500 0.120000 0.080000 0.080000
0 0.842500 0.606875 0.095000 0.073750
0 0.621250 0.518125 0.050000 0.046250
0 0.428125 0.417500 0.053750 0.050000
0 0.723750 0.389375 0.052500 0.048750
0 0.236250 0.484375 0.110000 0.101250
0 0.795625 0.678125 0.053750 0.053750
0 0.901250 0.706250 0.110000 0.110000
0 0.316875 0.898125 0.071250 0.068750
0 0.160625 0.140625 0.076250 0.073750
0 0.465625 0.358750 0.036250 0.035000
0 0.761875 0.838125 0.101250 0.098750
0 0.756250 0.449375 0.030000 0.028750
0 0.055625 0.298125 0.071250 0.068750
0 0.105000 0.925625 0.040000 0.038750
0 0.508750 0.718750 0.102500 0.102500
0 0.608125 0.056250 0.036250 0.032500
0 0.722500 0.269375 0.045000 0.041250
0 0.436250 0.113125 0.082500 0.078750
0 0.198750 0.757500 0.100000 0.100000
0 0.367500 0.496250 0.060000 0.060000
0 0.728125 0.130625 0.061250 0.061250
0 0.455625 0.909375 0.076250 0.076250
0 0.536250 0.182500 0.030000 0.030000
0 0.105000 0.546250 0.092500 0.092500
0 0.740625 0.530625 0.076250 0.076250
0 0.688750 0.675000 0.072500 0.072500
0 0.085000 0.226250 0.060000 0.060000
0 0.134375 0.870000 0.046250 0.052500
0 0.771875 0.944375 0.053750 0.061250
0 0.650000 0.225000 0.060000 0.060000
0 0.971250 0.177500 0.032500 0.032500
0 0.211250 0.373750 0.072500 0.072500
0 0.360625 0.425625 0.053750 0.053750
0 0.251875 0.196250 0.056250 0.047500
0 0.868750 0.042500 0.032500 0.032500
0 0.073750 0.161250 0.030000 0.030000
0 0.287500 0.560000 0.027500 0.027500
0 0.076875 0.862500 0.043750 0.052500
0 0.296875 0.260625 0.053750 0.053750
0 0.027500 0.888750 0.025000 0.025000
0 0.460000 0.491250 0.075000 0.075000
0 0.281875 0.715625 0.043750 0.043750
0 0.190625 0.048125 0.036250 0.036250
0 0.238125 0.605625 0.041250 0.041250
0 0.564375 0.321875 0.041250 0.041250
0 0.674375 0.336250 0.038750 0.035000
0 0.515000 0.293125 0.035000 0.031250
0 0.158125 0.956250 0.036250 0.032500
0 0.291875 0.643125 0.046250 0.046250