0 0.475000 0.515000 0.047500 0.037500
0 0.173125 0.548125 0.078750 0.063750
0 0.374375 0.361250 0.028750 0.022500
0 0.438750 0.088750 0.065000 0.052500
0 0.672500 0.118125 0.050000 0.068750
0 0.139375 0.396875 0.111250 0.111250
0 0.512500 0.421250 0.085000 0.085000
0 0.353750 0.307500 0.035000 0.035000
0 0.956875 0.203125 0.053750 0.053750
0 0.070625 0.823125 0.103750 0.103750
0 0.944375 0.356875 0.058750 0.058750
0 0.318125 0.734375 0.061250 0.061250
0 0.883125 0.943125 0.058750 0.058750
0 0.245000 0.397500 0.085000 0.085000
0 0.177500 0.732500 0.077500 0.082500
0 0.384375 0.560000 0.063750 0.067500
0 0.300625 0.577500 0.051250 0.050000
0 0.515625 0.773125 0.106250 0.103750
0 0.181875 0.185000 0.041250 0.040000
0 0.241250 0.494375 0.030000 0.028750
0 0.252500 0.137500 0.065000 0.065000
0 0.597500 0.322500 0.090000 0.085000
0 0.456250 0.185625 0.072500 0.051250
0 0.779375 0.314375 0.106250 0.106250
0 0.356250 0.208750 0.040000 0.047500
0 0.945625 0.073125 0.063750 0.063750
0 0.896875 0.729375 0.051250 0.051250
0 0.682500 0.228125 0.055000 0.056250
0 0.426875 0.453750 0.038750 0.040000
0 0.574375 0.636875 0.071250 0.073750
0 0.646875 0.872500 0.091250 0.095000
0 0.747500 0.627500 0.045000 0.045000
0 0.508125 0.896875 0.028750 0.028750
0 0.950625 0.468125 0.056250 0.056250
0 0.188125 0.846875 0.111250 0.111250
0 0.236250 0.227500 0.027500 0.027500
0 0.787500 0.076250 0.100000 0.100000
0 0.275000 0.053750 0.067500 0.067500
0 0.786250 0.501250 0.055000 0.055000
0 0.557500 0.182500 0.087500 0.087500
0 0.888750 0.393750 0.035000 0.035000
0 0.808125 0.780625 0.093750 0.178750
0 0.403125 0.763750 0.026250 0.025000
0 0.650000 0.459375 0.112500 0.111250
0 0.693750 0.751250 0.112500 0.112500
0 0.145625 0.953125 0.038750 0.038750
0 0.495000 0.309375 0.075000 0.056250
0 0.128750 0.072500 0.090000 0.090000
0 0.890000 0.158750 0.057500 0.057500
0 0.255000 0.961250 0.025000 0.025000
0 0.362500 0.848750 0.112500 0.112500
0 0.792500 0.572500 0.025000 0.025000
0 0.081875 0.229375 0.088750 0.088750
0 0.666875 0.614375 0.056250 0.056250
0 0.912500 0.851875 0.070000 0.061250
0 0.076875 0.555000 0.083750 0.087500
0 0.428125 0.657500 0.071250 0.065000
0 0.306250 0.654375 0.075000 0.068750
0 0.813125 0.928125 0.058750 0.058750
0 0.045000 0.110000 0.040000 0.040000
0 0.827500 0.633125 0.035000 0.036250
0 0.756875 0.177500 0.038750 0.040000
0 0.241875 0.291250 0.091250 0.077500
0 0.212500 0.653125 0.067500 0.058750
0 0.057500 0.653750 0.087500 0.090000
0 0.560000 0.061250 0.097500 0.097500
0 0.827500 0.567500 0.025000 0.025000
0 0.243750 0.567500 0.047500 0.037500
0 0.906250 0.285000 0.055000 0.055000
0 0.947500 0.658125 0.070000 0.076250
0 0.960000 0.735000 0.032500 0.035000
0 0.305625 0.953125 0.031250 0.031250
0 0.068125 0.924375 0.073750 0.073750
0 0.936250 0.550000 0.067500 0.067500