0 0.305000 0.076250 0.047500 0.047500
0 0.485000 0.041250 0.047500 0.047500
0 0.850000 0.520000 0.082500 0.082500
0 0.185625 0.596875 0.093750 0.093750
0 0.129375 0.200625 0.076250 0.076250
0 0.538750 0.602500 0.067500 0.067500
0 0.613750 0.496250 0.050000 0.050000
0 0.480000 0.237500 0.062500 0.062500
0 0.736250 0.180000 0.082500 0.082500
0 0.324375 0.751875 0.028750 0.028750
0 0.592500 0.841250 0.077500 0.077500
0 0.436875 0.347500 0.106250 0.105000
0 0.348125 0.592500 0.036250 0.035000
0 0.054375 0.308750 0.076250 0.075000
0 0.693125 0.598750 0.093750 0.117500
0 0.921875 0.868125 0.106250 0.093750
0 0.135625 0.316875 0.026250 0.026250
0 0.280000 0.887500 0.032500 0.032500
0 0.875625 0.269375 0.103750 0.103750
0 0.935625 0.613125 0.088750 0.088750
0 0.265000 0.361250 0.040000 0.040000
0 0.187500 0.075000 0.040000 0.040000
0 0.593125 0.276875 0.098750 0.098750
0 0.428125 0.606875 0.108750 0.108750
0 0.642500 0.931250 0.080000 0.080000
0 0.385000 0.921250 0.097500 0.097500
0 0.823125 0.639375 0.101250 0.101250
0 0.743750 0.397500 0.057500 0.057500
0 0.282500 0.493750 0.087500 0.087500
0 0.726875 0.791875 0.053750 0.053750
0 0.580000 0.695000 0.085000 0.095000
0 0.368750 0.220000 0.112500 0.092500
0 0.079375 0.574375 0.096250 0.078750
0 0.440000 0.482500 0.092500 0.075000
0 0.186250 0.390625 0.070000 0.056250
0 0.167500 0.465000 0.025000 0.017500
0 0.376250 0.148125 0.040000 0.028750
0 0.921875 0.768125 0.083750 0.061250
0 0.157500 0.794375 0.105000 0.076250
0 0.905625 0.394375 0.056250 0.056250
0 0.230000 0.881250 0.032500 0.032500
0 0.211250 0.510000 0.030000 0.030000
0 0.596875 0.134375 0.111250 0.111250
0 0.277500 0.840000 0.047500 0.047500
0 0.658750 0.030000 0.025000 0.025000
0 0.076875 0.426250 0.108750 0.107500
0 0.479375 0.871875 0.058750 0.058750
0 0.525625 0.361875 0.048750 0.048750
0 0.886875 0.131875 0.091250 0.091250
0 0.295625 0.934375 0.048750 0.043750
0 0.846250 0.409375 0.045000 0.041250
0 0.115625 0.864375 0.026250 0.023750
0 0.444375 0.798125 0.071250 0.071250
0 0.041250 0.061250 0.052500 0.052500
0 0.237500 0.240625 0.100000 0.098750
0 0.735625 0.081250 0.098750 0.097500
0 0.778125 0.917500 0.043750 0.042500
0 0.802500 0.838125 0.062500 0.061250
0 0.716250 0.700000 0.060000 0.065000
0 0.660000 0.373750 0.055000 0.062500
0 0.809375 0.756250 0.076250 0.087500
0 0.566875 0.926875 0.041250 0.041250
0 0.524375 0.450625 0.046250 0.046250
0 0.538750 0.522500 0.055000 0.055000
0 0.177500 0.690000 0.082500 0.077500
0 0.695625 0.260625 0.063750 0.063750
0 0.380625 0.054375 0.078750 0.078750
0 0.043750 0.681250 0.062500 0.062500
0 0.115000 0.933750 0.027500 0.027500
0 0.038750 0.221250 0.042500 0.042500
0 0.920625 0.710625 0.033750 0.038750
0 0.950000 0.519375 0.072500 0.083750
0 0.488750 0.698750 0.032500 0.037500
0 0.260000 0.146875 0.065000 0.066250
0 0.756875 0.478750 0.053750 0.055000
0 0.051250 0.920625 0.070000 0.071250
0 0.071875 0.820625 0.048750 0.048750
0 0.297500 0.673750 0.105000 0.105000
0 0.770625 0.295625 0.058750 0.058750
0 0.795625 0.243750 0.028750 0.025000
0 0.802500 0.165000 0.032500 0.032500
0 0.578125 0.407500 0.033750 0.030000
0 0.472500 0.929375 0.040000 0.036250
0 0.652500 0.694375 0.027500 0.026250
0 0.779375 0.549375 0.041250 0.041250
0 0.177500 0.873750 0.030000 0.030000
0 0.728125 0.930000 0.038750 0.040000
0 0.401875 0.716875 0.068750 0.071250
0 0.478125 0.149375 0.028750 0.028750
0 0.910625 0.940625 0.026250 0.026250
0 0.844375 0.894375 0.026250 0.026250
0 0.168125 0.910625 0.026250 0.026250
0 0.695625 0.481250 0.046250 0.052500
0 0.187500 0.136250 0.032500 0.020000
0 0.115625 0.133125 0.071250 0.043750
0 0.953125 0.030625 0.038750 0.023750