0 0.742500 0.738750 0.082500 0.065000
0 0.266250 0.608750 0.110000 0.110000
0 0.061250 0.758750 0.042500 0.042500
0 0.754375 0.116875 0.068750 0.063750
0 0.430625 0.752500 0.048750 0.045000
0 0.156875 0.671875 0.041250 0.038750
0 0.786875 0.485625 0.093750 0.091250
0 0.481875 0.084375 0.103750 0.101250
0 0.406875 0.349375 0.063750 0.071250
0 0.728750 0.333750 0.082500 0.092500
0 0.156250 0.171875 0.092500 0.103750
0 0.575625 0.820625 0.046250 0.051250
0 0.947500 0.538750 0.075000 0.052500
0 0.673750 0.956875 0.030000 0.028750
0 0.845625 0.612500 0.066250 0.065000
0 0.218125 0.422500 0.108750 0.107500
0 0.891875 0.366875 0.093750 0.093750
0 0.660625 0.203125 0.058750 0.058750
0 0.206250 0.285000 0.032500 0.032500
0 0.675000 0.595000 0.085000 0.085000
0 0.075625 0.343125 0.111250 0.111250
0 0.289375 0.289375 0.073750 0.073750
0 0.268750 0.888750 0.090000 0.090000
0 0.879375 0.470625 0.033750 0.033750
0 0.071875 0.874375 0.056250 0.056250
0 0.903125 0.720625 0.088750 0.076250
0 0.180000 0.780625 0.100000 0.076250
0 0.545625 0.919375 0.048750 0.036250
0 0.318750 0.160000 0.092500 0.070000
0 0.389375 0.493125 0.103750 0.103750
0 0.866875 0.919375 0.101250 0.101250
0 0.934375 0.181875 0.043750 0.043750
0 0.772500 0.223125 0.110000 0.113750
0 0.503750 0.426250 0.090000 0.090000
0 0.632500 0.065625 0.087500 0.061250
0 0.751875 0.842500 0.111250 0.090000
0 0.340000 0.698750 0.045000 0.045000
0 0.085625 0.548125 0.093750 0.093750
0 0.481875 0.656875 0.108750 0.108750
0 0.057500 0.056250 0.072500 0.072500
0 0.540000 0.291250 0.097500 0.097500
0 0.424375 0.838125 0.103750 0.103750
0 0.632500 0.426250 0.090000 0.090000
0 0.517500 0.557500 0.025000 0.025000
0 0.823750 0.758750 0.052500 0.052500
0 0.409375 0.284375 0.043750 0.043750
0 0.604375 0.603750 0.028750 0.027500
0 0.607500 0.691250 0.092500 0.092500
0 0.631875 0.305625 0.046250 0.046250
0 0.250625 0.078125 0.041250 0.041250
0 0.362500 0.593125 0.065000 0.066250
0 0.213125 0.691875 0.033750 0.038750
0 0.893750 0.089375 0.107500 0.126250
0 0.451250 0.186875 0.097500 0.086250
0 0.903125 0.256250 0.078750 0.070000
0 0.740625 0.034375 0.036250 0.036250
0 0.777500 0.933750 0.062500 0.070000
0 0.585000 0.526250 0.055000 0.062500
0 0.638750 0.511875 0.037500 0.043750
0 0.596250 0.215000 0.032500 0.032500
0 0.416250 0.933750 0.077500 0.067500
0 0.062500 0.669375 0.097500 0.086250
0 0.271875 0.515000 0.066250 0.057500
0 0.661250 0.911250 0.030000 0.030000
0 0.941250 0.801875 0.042500 0.041250
0 0.115000 0.455625 0.080000 0.061250
0 0.275000 0.801875 0.055000 0.053750
0 0.639375 0.826250 0.033750 0.032500
0 0.158125 0.872500 0.091250 0.085000
0 0.941250 0.463750 0.060000 0.055000
0 0.308125 0.056875 0.048750 0.048750
0 0.162500 0.599375 0.045000 0.041250
0 0.163125 0.069375 0.031250 0.028750
0 0.868750 0.825000 0.065000 0.060000
0 0.425625 0.571875 0.026250 0.031250
0 0.512500 0.753125 0.032500 0.021250
0 0.067500 0.136875 0.062500 0.058750
0 0.786250 0.036875 0.030000 0.023750
0 0.340000 0.761250 0.042500 0.042500