0 0.733125 0.538750 0.046250 0.052500
0 0.159375 0.923125 0.038750 0.038750
0 0.347500 0.242500 0.090000 0.090000
0 0.523125 0.268125 0.041250 0.033750
0 0.691250 0.634375 0.035000 0.028750
0 0.913125 0.353125 0.111250 0.091250
0 0.359375 0.596875 0.066250 0.053750
0 0.634375 0.108125 0.048750 0.048750
0 0.726875 0.884375 0.056250 0.056250
0 0.770625 0.033125 0.028750 0.028750
0 0.305000 0.845000 0.062500 0.062500
0 0.810625 0.458125 0.066250 0.066250
0 0.851250 0.565000 0.065000 0.065000
0 0.181250 0.430000 0.085000 0.085000
0 0.381250 0.320000 0.035000 0.042500
0 0.751250 0.137500 0.095000 0.077500
0 0.510000 0.573750 0.095000 0.077500
0 0.155000 0.108125 0.035000 0.033750
0 0.363750 0.083750 0.090000 0.087500
0 0.128125 0.591250 0.088750 0.090000
0 0.836250 0.817500 0.105000 0.105000
0 0.509375 0.170625 0.071250 0.071250
0 0.772500 0.603750 0.047500 0.047500
0 0.938750 0.877500 0.077500 0.077500
0 0.338750 0.715000 0.087500 0.087500
0 0.809375 0.384375 0.061250 0.061250
0 0.237500 0.216250 0.097500 0.097500
0 0.720625 0.250625 0.106250 0.106250
0 0.585000 0.888125 0.090000 0.093750
0 0.387500 0.806875 0.060000 0.078750
0 0.325625 0.459375 0.108750 0.143750
0 0.243125 0.641875 0.088750 0.088750
0 0.106250 0.686250 0.055000 0.055000
0 0.145000 0.862500 0.045000 0.045000
0 0.578125 0.693125 0.028750 0.028750
0 0.681250 0.770000 0.102500 0.102500
0 0.053750 0.347500 0.072500 0.065000
0 0.696875 0.437500 0.073750 0.115000
0 0.631250 0.610000 0.040000 0.062500
0 0.483125 0.428750 0.103750 0.112500
0 0.287500 0.330000 0.050000 0.050000
0 0.790000 0.657500 0.025000 0.025000
0 0.229375 0.548125 0.066250 0.066250
0 0.170625 0.761875 0.108750 0.081250
0 0.081875 0.161875 0.093750 0.093750
0 0.468750 0.827500 0.070000 0.070000
0 0.054375 0.466875 0.033750 0.033750
0 0.901250 0.686250 0.090000 0.090000
0 0.930625 0.183125 0.053750 0.053750
0 0.617500 0.463750 0.045000 0.032500
0 0.578125 0.054375 0.061250 0.043750
0 0.233750 0.084375 0.102500 0.073750
0 0.155000 0.278125 0.040000 0.028750
0 0.865625 0.096875 0.056250 0.051250
0 0.390625 0.923125 0.093750 0.093750
0 0.451875 0.666875 0.091250 0.091250
0 0.068750 0.911250 0.090000 0.090000
0 0.457500 0.047500 0.057500 0.057500
0 0.707500 0.056250 0.062500 0.067500
0 0.839375 0.256875 0.063750 0.068750
0 0.947500 0.790625 0.047500 0.051250
0 0.591875 0.206875 0.038750 0.038750
0 0.196250 0.851250 0.037500 0.037500
0 0.268750 0.916250 0.052500 0.052500
0 0.626875 0.361875 0.046250 0.046250
0 0.596250 0.276250 0.082500 0.082500
0 0.046250 0.788750 0.047500 0.045000
0 0.073125 0.070625 0.048750 0.048750
0 0.431875 0.209375 0.043750 0.043750
0 0.756875 0.801250 0.028750 0.025000
0 0.950625 0.550625 0.038750 0.038750
0 0.771250 0.708750 0.035000 0.032500
0 0.940000 0.066250 0.077500 0.077500
0 0.898125 0.483125 0.068750 0.068750
0 0.422500 0.252500 0.030000 0.027500
0 0.789375 0.948125 0.041250 0.041250
0 0.491250 0.923750 0.070000 0.070000
0 0.545000 0.728750 0.025000 0.025000
0 0.212500 0.917500 0.040000 0.040000
0 0.081250 0.288750 0.030000 0.030000
0 0.848750 0.162500 0.060000 0.060000
0 0.589375 0.778750 0.056250 0.060000
0 0.458125 0.312500 0.053750 0.057500