0 0.408125 0.593125 0.036250 0.036250
0 0.630000 0.083750 0.040000 0.055000
0 0.438125 0.109375 0.056250 0.056250
0 0.770625 0.815625 0.106250 0.106250
0 0.833750 0.150000 0.100000 0.100000
0 0.195000 0.901875 0.065000 0.088750
0 0.944375 0.671875 0.068750 0.093750
0 0.658125 0.297500 0.026250 0.035000
0 0.323125 0.738125 0.051250 0.051250
0 0.578750 0.905000 0.025000 0.025000
0 0.040625 0.346875 0.033750 0.033750
0 0.261250 0.291250 0.062500 0.062500
0 0.463750 0.476250 0.085000 0.085000
0 0.175000 0.326250 0.052500 0.052500
0 0.396250 0.813750 0.037500 0.037500
0 0.358125 0.474375 0.038750 0.038750
0 0.143750 0.080000 0.077500 0.077500
0 0.548750 0.217500 0.080000 0.102500
0 0.823750 0.630000 0.062500 0.062500
0 0.059375 0.249375 0.073750 0.073750
0 0.513125 0.928125 0.033750 0.033750
0 0.416250 0.697500 0.030000 0.030000
0 0.330000 0.845625 0.057500 0.056250
0 0.146250 0.442500 0.080000 0.097500
0 0.612500 0.442500 0.105000 0.127500
0 0.743750 0.426250 0.080000 0.097500
0 0.331250 0.420000 0.037500 0.045000
0 0.383750 0.121875 0.030000 0.023750
0 0.860625 0.833125 0.053750 0.048750
0 0.259375 0.588750 0.088750 0.077500
0 0.944375 0.186875 0.048750 0.048750
0 0.315000 0.082500 0.067500 0.067500
0 0.920625 0.350625 0.073750 0.073750
0 0.623125 0.819375 0.101250 0.081250
0 0.725625 0.163125 0.101250 0.101250
0 0.568750 0.583125 0.105000 0.073750
0 0.753125 0.071875 0.051250 0.036250
0 0.485000 0.792500 0.082500 0.082500
0 0.118125 0.689375 0.108750 0.108750
0 0.095000 0.571250 0.105000 0.105000
0 0.947500 0.566875 0.075000 0.068750
0 0.153125 0.181875 0.091250 0.083750
0 0.058750 0.805625 0.035000 0.031250
0 0.249375 0.466250 0.108750 0.100000
0 0.720625 0.610000 0.051250 0.055000
0 0.351875 0.328750 0.101250 0.110000
0 0.086875 0.893750 0.106250 0.115000
0 0.275000 0.177500 0.082500 0.082500
0 0.568750 0.117500 0.057500 0.057500
0 0.916250 0.891250 0.052500 0.052500
0 0.845000 0.937500 0.067500 0.067500
0 0.120625 0.785625 0.058750 0.058750
0 0.920000 0.138750 0.030000 0.030000
0 0.446875 0.224375 0.083750 0.083750
0 0.458750 0.333750 0.095000 0.095000
0 0.535000 0.680000 0.030000 0.030000
0 0.856250 0.568750 0.025000 0.025000
0 0.750000 0.268750 0.087500 0.087500
0 0.591250 0.656250 0.057500 0.057500
0 0.051875 0.449375 0.031250 0.031250
0 0.620625 0.889375 0.038750 0.038750
0 0.430625 0.901875 0.111250 0.111250
0 0.842500 0.521250 0.050000 0.050000
0 0.166250 0.836250 0.025000 0.025000
0 0.945000 0.492500 0.055000 0.057500
0 0.752500 0.907500 0.047500 0.050000
0 0.033125 0.163750 0.028750 0.030000
0 0.905625 0.060625 0.061250 0.061250
0 0.521250 0.047500 0.025000 0.025000
0 0.211875 0.786875 0.058750 0.058750
0 0.236875 0.704375 0.043750 0.048750
0 0.839375 0.294375 0.066250 0.066250
0 0.683750 0.938750 0.067500 0.067500
0 0.550625 0.721875 0.026250 0.026250
0 0.660000 0.725625 0.042500 0.071250
0 0.324375 0.930000 0.051250 0.050000
0 0.968125 0.745000 0.033750 0.032500
0 0.715625 0.519375 0.066250 0.066250
0 0.971250 0.272500 0.032500 0.030000
0 0.912500 0.802500 0.030000 0.027500
0 0.344375 0.579375 0.061250 0.068750
0 0.773125 0.726250 0.073750 0.057500
0 0.840000 0.055000 0.042500 0.050000
0 0.939375 0.425625 0.048750 0.048750
0 0.703750 0.077500 0.025000 0.025000
0 0.660625 0.648125 0.053750 0.053750