0 0.338125 0.906250 0.043750 0.037500
0 0.034375 0.235000 0.043750 0.037500
0 0.699375 0.083750 0.043750 0.037500
0 0.883750 0.684375 0.107500 0.093750
0 0.504375 0.879375 0.078750 0.078750
0 0.100000 0.913750 0.030000 0.030000
0 0.660625 0.245625 0.073750 0.073750
0 0.218750 0.941250 0.025000 0.025000
0 0.183750 0.765000 0.042500 0.042500
0 0.440000 0.541250 0.047500 0.047500
0 0.672500 0.782500 0.112500 0.112500
0 0.531250 0.580000 0.112500 0.112500
0 0.825625 0.836875 0.088750 0.088750
0 0.545000 0.688125 0.097500 0.048750
0 0.491250 0.191875 0.052500 0.026250
0 0.372500 0.668125 0.087500 0.043750
0 0.248750 0.066875 0.062500 0.031250
0 0.908750 0.212500 0.035000 0.035000
0 0.186875 0.553125 0.101250 0.101250
0 0.470000 0.077500 0.055000 0.055000
0 0.347500 0.161250 0.085000 0.085000
0 0.385625 0.453750 0.033750 0.032500
0 0.830000 0.175625 0.092500 0.091250
0 0.673125 0.345000 0.081250 0.080000
0 0.494375 0.285000 0.101250 0.105000
0 0.308750 0.257500 0.070000 0.070000
0 0.911875 0.913750 0.061250 0.055000
0 0.050625 0.756875 0.051250 0.046250
0 0.141250 0.183750 0.080000 0.072500
0 0.826875 0.293125 0.098750 0.088750
0 0.891875 0.433125 0.108750 0.098750
0 0.716250 0.620000 0.077500 0.070000
0 0.114375 0.384375 0.103750 0.103750
0 0.585000 0.128750 0.055000 0.055000
0 0.293750 0.490000 0.027500 0.027500
0 0.924375 0.576875 0.083750 0.083750
0 0.293125 0.400625 0.038750 0.038750
0 0.623750 0.918750 0.082500 0.082500
0 0.809375 0.950625 0.026250 0.026250
0 0.723125 0.500625 0.108750 0.108750
0 0.551875 0.053125 0.073750 0.073750
0 0.660000 0.143750 0.065000 0.065000
0 0.974375 0.466875 0.026250 0.023750
0 0.280000 0.774375 0.072500 0.066250
0 0.216875 0.436875 0.086250 0.078750
0 0.160000 0.870000 0.075000 0.075000
0 0.237500 0.683125 0.085000 0.083750
0 0.092500 0.574375 0.042500 0.041250
0 0.896250 0.843125 0.030000 0.028750
0 0.510625 0.414375 0.098750 0.098750
0 0.390625 0.591875 0.033750 0.038750
0 0.401250 0.775000 0.085000 0.085000
0 0.253125 0.184375 0.026250 0.026250
0 0.210000 0.167500 0.040000 0.040000
0 0.098125 0.655000 0.036250 0.037500
0 0.801250 0.655000 0.025000 0.025000
0 0.143125 0.062500 0.053750 0.055000
0 0.507500 0.785000 0.082500 0.082500
0 0.928750 0.765000 0.052500 0.052500
0 0.282500 0.543750 0.030000 0.030000
0 0.851875 0.052500 0.078750 0.080000
0 0.090000 0.266250 0.047500 0.057500
0 0.075000 0.048125 0.057500 0.066250
0 0.393750 0.276875 0.062500 0.071250
0 0.753125 0.105000 0.041250 0.042500
0 0.941250 0.113125 0.065000 0.068750
0 0.451250 0.123750 0.040000 0.020000
0 0.645000 0.043750 0.025000 0.012500
0 0.774375 0.401250 0.058750 0.070000
0 0.251875 0.873125 0.086250 0.086250
0 0.320625 0.049375 0.038750 0.038750
0 0.200000 0.268750 0.067500 0.067500
0 0.259375 0.953125 0.041250 0.041250
0 0.286875 0.351250 0.048750 0.035000
0 0.093750 0.876250 0.035000 0.025000
0 0.729375 0.671875 0.026250 0.018750
0 0.153125 0.692500 0.038750 0.027500