0 0.680625 0.521875 0.081250 0.081250
0 0.283125 0.435625 0.106250 0.106250
0 0.298125 0.798750 0.076250 0.065000
0 0.460625 0.562500 0.106250 0.090000
0 0.878750 0.411250 0.045000 0.037500
0 0.094375 0.185000 0.061250 0.050000
0 0.941875 0.530625 0.068750 0.063750
0 0.295625 0.613750 0.046250 0.052500
0 0.710625 0.204375 0.098750 0.098750
0 0.680000 0.685000 0.107500 0.107500
0 0.918125 0.866875 0.083750 0.083750
0 0.929375 0.664375 0.111250 0.111250
0 0.318125 0.551250 0.026250 0.025000
0 0.821875 0.666250 0.028750 0.027500
0 0.506875 0.819375 0.063750 0.061250
0 0.397500 0.733125 0.090000 0.086250
0 0.102500 0.037500 0.045000 0.037500
0 0.705000 0.956250 0.027500 0.027500
0 0.128750 0.081250 0.032500 0.032500
0 0.807500 0.562500 0.082500 0.082500
0 0.370000 0.100000 0.035000 0.035000
0 0.326250 0.296250 0.087500 0.087500
0 0.481875 0.216875 0.073750 0.073750
0 0.595000 0.256250 0.110000 0.190000
0 0.240625 0.095625 0.096250 0.166250
0 0.058750 0.727500 0.065000 0.112500
0 0.896250 0.218750 0.105000 0.092500
0 0.447500 0.458750 0.077500 0.080000
0 0.932500 0.331875 0.092500 0.096250
0 0.160625 0.718125 0.111250 0.111250
0 0.778750 0.067500 0.040000 0.040000
0 0.218125 0.928125 0.093750 0.093750
0 0.070625 0.525625 0.103750 0.103750
0 0.635000 0.095000 0.100000 0.100000
0 0.216875 0.248125 0.091250 0.091250
0 0.850625 0.054375 0.053750 0.053750
0 0.380625 0.214375 0.058750 0.058750
0 0.711250 0.868750 0.105000 0.105000
0 0.755625 0.381250 0.071250 0.062500
0 0.963125 0.048750 0.048750 0.042500
0 0.431875 0.365000 0.106250 0.092500
0 0.812500 0.735625 0.085000 0.073750
0 0.080000 0.342500 0.100000 0.085000
0 0.485000 0.950000 0.047500 0.047500
0 0.448125 0.068125 0.063750 0.063750
0 0.668125 0.786875 0.031250 0.028750
0 0.040625 0.258125 0.043750 0.043750
0 0.543125 0.666875 0.098750 0.098750
0 0.172500 0.541875 0.072500 0.078750
0 0.056250 0.856875 0.050000 0.053750
0 0.601875 0.523125 0.026250 0.028750
0 0.437500 0.806250 0.025000 0.027500
0 0.950625 0.769375 0.046250 0.046250
0 0.067500 0.095625 0.062500 0.063750
0 0.560625 0.417500 0.081250 0.082500
0 0.938750 0.423750 0.057500 0.057500
0 0.206875 0.829375 0.076250 0.076250
0 0.613750 0.791250 0.035000 0.035000
0 0.578125 0.888750 0.063750 0.072500
0 0.341250 0.903750 0.085000 0.097500
0 0.826250 0.936250 0.065000 0.075000
0 0.368125 0.656875 0.026250 0.023750
0 0.162500 0.153125 0.037500 0.043750
0 0.271250 0.682500 0.070000 0.070000
0 0.750625 0.299375 0.053750 0.053750
0 0.912500 0.132500 0.065000 0.065000
0 0.896250 0.950625 0.060000 0.031250
0 0.486875 0.893125 0.093750 0.048750
0 0.078750 0.938125 0.060000 0.031250
0 0.832500 0.845625 0.065000 0.083750