0 0.773750 0.166250 0.065000 0.065000
0 0.128750 0.518750 0.070000 0.070000
0 0.887500 0.480000 0.097500 0.097500
0 0.110625 0.136875 0.096250 0.096250
0 0.677500 0.890000 0.107500 0.107500
0 0.944375 0.865625 0.033750 0.033750
0 0.238750 0.205000 0.087500 0.087500
0 0.091250 0.703750 0.025000 0.022500
0 0.591250 0.323125 0.095000 0.086250
0 0.140000 0.776875 0.067500 0.061250
0 0.246250 0.397500 0.040000 0.040000
0 0.685625 0.603125 0.051250 0.051250
0 0.331250 0.741250 0.057500 0.057500
0 0.397500 0.815000 0.027500 0.027500
0 0.803125 0.705000 0.028750 0.020000
0 0.288750 0.557500 0.107500 0.107500
0 0.846875 0.594375 0.101250 0.101250
0 0.883125 0.286875 0.043750 0.043750
0 0.883125 0.788125 0.043750 0.043750
0 0.873750 0.190000 0.072500 0.072500
0 0.488750 0.537500 0.060000 0.047500
0 0.579375 0.540625 0.088750 0.088750
0 0.613750 0.089375 0.057500 0.051250
0 0.667500 0.756250 0.110000 0.110000
0 0.482500 0.432500 0.057500 0.057500
0 0.160000 0.360000 0.060000 0.060000
0 0.545625 0.781875 0.103750 0.103750
0 0.739375 0.230000 0.051250 0.037500
0 0.775625 0.428750 0.086250 0.065000
0 0.786250 0.055000 0.037500 0.037500
0 0.369375 0.123125 0.103750 0.103750
0 0.455625 0.230625 0.063750 0.063750
0 0.486875 0.138125 0.081250 0.081250
0 0.489375 0.679375 0.061250 0.061250
0 0.152500 0.638750 0.067500 0.080000
0 0.053125 0.472500 0.061250 0.072500
0 0.396875 0.561875 0.076250 0.091250
0 0.691875 0.125625 0.076250 0.091250
0 0.033125 0.259375 0.038750 0.038750
0 0.427500 0.942500 0.057500 0.057500
0 0.391875 0.366875 0.106250 0.106250
0 0.170625 0.906875 0.068750 0.131250
0 0.531875 0.915625 0.111250 0.111250
0 0.623125 0.666875 0.046250 0.046250
0 0.941875 0.391875 0.028750 0.028750
0 0.822500 0.904375 0.097500 0.098750
0 0.740625 0.513125 0.093750 0.081250
0 0.146250 0.227500 0.067500 0.047500
0 0.779375 0.760625 0.091250 0.063750
0 0.418125 0.686250 0.046250 0.032500
0 0.308750 0.896250 0.102500 0.102500
0 0.045000 0.571250 0.057500 0.057500
0 0.058750 0.840000 0.080000 0.080000
0 0.680000 0.428125 0.087500 0.071250
0 0.945625 0.045625 0.066250 0.066250
0 0.255625 0.790625 0.078750 0.063750
0 0.678750 0.346250 0.062500 0.057500
0 0.909375 0.723125 0.043750 0.043750
0 0.111250 0.427500 0.040000 0.040000
0 0.255625 0.079375 0.093750 0.093750