0 0.741250 0.106250 0.110000 0.110000
0 0.215625 0.606875 0.093750 0.093750
0 0.418125 0.141875 0.078750 0.078750
0 0.259375 0.240625 0.086250 0.086250
0 0.411875 0.539375 0.108750 0.103750
0 0.418125 0.351250 0.106250 0.145000
0 0.713125 0.214375 0.028750 0.038750
0 0.281875 0.797500 0.038750 0.052500
0 0.913750 0.758750 0.080000 0.110000
0 0.673750 0.563750 0.092500 0.100000
0 0.782500 0.422500 0.037500 0.040000
0 0.388750 0.728125 0.102500 0.111250
0 0.096250 0.595000 0.087500 0.085000
0 0.205625 0.321875 0.026250 0.026250
0 0.926875 0.383125 0.088750 0.088750
0 0.278750 0.896250 0.110000 0.110000
0 0.083750 0.198750 0.047500 0.047500
0 0.246875 0.321250 0.026250 0.022500
0 0.056250 0.270000 0.075000 0.075000
0 0.717500 0.311250 0.090000 0.090000
0 0.540625 0.579375 0.076250 0.076250
0 0.610625 0.159375 0.088750 0.088750
0 0.886250 0.590625 0.087500 0.098750
0 0.168125 0.917500 0.056250 0.060000
0 0.626875 0.895625 0.108750 0.116250
0 0.862500 0.240000 0.042500 0.045000
0 0.627500 0.660000 0.072500 0.077500
0 0.048125 0.133750 0.056250 0.057500
0 0.516250 0.361875 0.037500 0.046250
0 0.840000 0.086875 0.035000 0.043750
0 0.876250 0.890625 0.102500 0.128750
0 0.746875 0.895625 0.111250 0.138750
0 0.330625 0.092500 0.076250 0.082500
0 0.080000 0.786250 0.067500 0.067500
0 0.547500 0.277500 0.095000 0.095000
0 0.461875 0.894375 0.048750 0.048750
0 0.838125 0.171875 0.051250 0.051250
0 0.084375 0.391875 0.083750 0.083750
0 0.751250 0.657500 0.057500 0.057500
0 0.926875 0.206875 0.038750 0.038750
0 0.526250 0.695000 0.087500 0.087500
0 0.223750 0.135000 0.087500 0.090000
0 0.555000 0.780000 0.062500 0.062500
0 0.780625 0.568125 0.063750 0.063750
0 0.765625 0.500625 0.031250 0.031250
0 0.296875 0.498125 0.031250 0.031250
0 0.591250 0.071250 0.035000 0.035000
0 0.784375 0.755625 0.073750 0.073750
0 0.300625 0.409375 0.098750 0.098750
0 0.705625 0.438125 0.063750 0.063750
0 0.188125 0.216250 0.031250 0.030000
0 0.101875 0.708125 0.081250 0.073750
0 0.231875 0.715625 0.093750 0.093750
0 0.098750 0.865000 0.032500 0.032500
0 0.175000 0.461250 0.077500 0.077500
0 0.425625 0.229375 0.078750 0.078750
0 0.592500 0.438750 0.087500 0.087500
0 0.508125 0.068125 0.063750 0.063750
0 0.897500 0.041250 0.047500 0.047500
0 0.336250 0.182500 0.040000 0.040000
0 0.921875 0.120625 0.086250 0.086250
0 0.035000 0.870625 0.040000 0.038750
0 0.138750 0.308750 0.065000 0.065000
0 0.183125 0.850000 0.048750 0.052500