0 0.802500 0.337500 0.042500 0.042500
0 0.210000 0.735625 0.085000 0.081250
0 0.261250 0.586875 0.080000 0.081250
0 0.466875 0.190625 0.053750 0.053750
0 0.507500 0.755000 0.105000 0.105000
0 0.365000 0.276250 0.102500 0.102500
0 0.066250 0.373750 0.045000 0.045000
0 0.761875 0.818125 0.098750 0.078750
0 0.281875 0.105000 0.041250 0.032500
0 0.801250 0.593750 0.037500 0.030000
0 0.212500 0.941250 0.085000 0.067500
0 0.611875 0.095000 0.058750 0.037500
0 0.220625 0.499375 0.101250 0.066250
0 0.171875 0.236875 0.046250 0.046250
0 0.553125 0.208125 0.078750 0.078750
0 0.163750 0.628125 0.067500 0.066250
0 0.846250 0.948125 0.027500 0.026250
0 0.158750 0.076875 0.047500 0.046250
0 0.530000 0.922500 0.052500 0.052500
0 0.693750 0.128750 0.085000 0.085000
0 0.630625 0.355000 0.063750 0.072500
0 0.754375 0.477500 0.093750 0.107500
0 0.076250 0.749375 0.112500 0.128750
0 0.884375 0.188750 0.081250 0.092500
0 0.880625 0.650625 0.086250 0.086250
0 0.435625 0.414375 0.083750 0.083750
0 0.633750 0.671250 0.095000 0.095000
0 0.896250 0.354375 0.080000 0.056250
0 0.313125 0.398750 0.046250 0.032500
0 0.936875 0.065625 0.066250 0.046250
0 0.892500 0.431875 0.097500 0.068750
0 0.100625 0.908125 0.093750 0.093750
0 0.261250 0.208125 0.085000 0.048750
0 0.902500 0.804375 0.072500 0.041250
0 0.686875 0.571875 0.088750 0.051250
0 0.687500 0.921250 0.027500 0.015000
0 0.105625 0.257500 0.033750 0.035000
0 0.402500 0.894375 0.105000 0.108750
0 0.495000 0.574375 0.112500 0.116250
0 0.243750 0.382500 0.077500 0.077500
0 0.060625 0.196875 0.066250 0.066250
0 0.909375 0.544375 0.096250 0.096250
0 0.408750 0.725000 0.045000 0.045000
0 0.352500 0.123750 0.050000 0.050000
0 0.231875 0.846250 0.073750 0.065000
0 0.321250 0.738750 0.107500 0.105000
0 0.553750 0.106875 0.035000 0.033750
0 0.748125 0.037500 0.043750 0.042500
0 0.087500 0.450625 0.047500 0.041250
0 0.737500 0.242500 0.112500 0.100000
0 0.773750 0.728750 0.047500 0.047500
0 0.157500 0.810000 0.035000 0.035000
0 0.151250 0.565000 0.035000 0.035000
0 0.075000 0.540000 0.025000 0.025000
0 0.536250 0.396250 0.032500 0.032500
0 0.133750 0.173125 0.065000 0.063750
0 0.918125 0.902500 0.086250 0.085000
0 0.627500 0.781875 0.107500 0.106250
0 0.141875 0.370000 0.083750 0.082500
0 0.220625 0.098750 0.048750 0.057500
0 0.356875 0.506875 0.073750 0.073750
0 0.685625 0.034375 0.026250 0.026250
0 0.619375 0.896875 0.083750 0.083750
0 0.761875 0.918125 0.058750 0.058750
0 0.966875 0.680625 0.038750 0.038750
0 0.596250 0.461250 0.075000 0.075000
0 0.801875 0.398125 0.026250 0.026250
0 0.468125 0.109375 0.063750 0.063750
0 0.362500 0.598750 0.087500 0.087500
0 0.071875 0.605000 0.098750 0.087500
0 0.856250 0.100000 0.042500 0.037500
0 0.943125 0.733125 0.053750 0.048750
0 0.715000 0.704375 0.040000 0.036250
0 0.580000 0.528125 0.040000 0.036250
0 0.056875 0.080625 0.068750 0.086250
0 0.480625 0.310625 0.101250 0.101250
0 0.631875 0.237500 0.036250 0.052500
0 0.383125 0.047500 0.048750 0.050000
0 0.726875 0.357500 0.091250 0.095000
0 0.903125 0.271875 0.058750 0.058750
0 0.386250 0.186250 0.035000 0.035000
0 0.278750 0.282500 0.037500 0.042500
0 0.842500 0.747500 0.042500 0.042500
0 0.363125 0.430625 0.036250 0.036250
0 0.301250 0.155000 0.027500 0.022500
0 0.051875 0.276875 0.041250 0.033750
0 0.788750 0.105625 0.052500 0.046250
0 0.788125 0.666875 0.051250 0.043750
0 0.201250 0.285000 0.032500 0.030000
0 0.522500 0.441250 0.042500 0.042500
0 0.288125 0.920000 0.051250 0.050000