0 0.418125 0.061250 0.058750 0.052500
0 0.876875 0.890000 0.088750 0.080000
0 0.285000 0.573750 0.107500 0.097500
0 0.195625 0.053750 0.091250 0.082500
0 0.833750 0.489375 0.037500 0.028750
0 0.231875 0.441875 0.076250 0.061250
0 0.810000 0.138125 0.027500 0.021250
0 0.483750 0.318750 0.075000 0.060000
0 0.550625 0.600000 0.086250 0.070000
0 0.886250 0.293750 0.070000 0.070000
0 0.081875 0.518125 0.048750 0.048750
0 0.206250 0.236875 0.110000 0.088750
0 0.710625 0.466250 0.111250 0.090000
0 0.631250 0.500625 0.032500 0.026250
0 0.786875 0.301250 0.111250 0.090000
0 0.168750 0.543750 0.035000 0.035000
0 0.415625 0.824375 0.101250 0.101250
0 0.785625 0.750625 0.106250 0.106250
0 0.862500 0.086875 0.055000 0.056250
0 0.580000 0.698125 0.100000 0.103750
0 0.603125 0.379375 0.078750 0.081250
0 0.566875 0.907500 0.108750 0.112500
0 0.700625 0.934375 0.048750 0.048750
0 0.896250 0.620000 0.072500 0.072500
0 0.926875 0.455625 0.093750 0.093750
0 0.725000 0.571875 0.095000 0.076250
0 0.472500 0.423750 0.085000 0.085000
0 0.820625 0.441875 0.038750 0.038750
0 0.386875 0.265625 0.063750 0.063750
0 0.350625 0.715625 0.086250 0.086250
0 0.144375 0.776875 0.058750 0.058750
0 0.900000 0.708750 0.090000 0.090000
0 0.578750 0.188750 0.087500 0.087500
0 0.111875 0.353125 0.051250 0.051250
0 0.432500 0.559375 0.067500 0.076250
0 0.063750 0.752500 0.060000 0.067500
0 0.539375 0.079375 0.038750 0.038750
0 0.688125 0.302500 0.056250 0.055000
0 0.143750 0.903125 0.102500 0.101250
0 0.153125 0.490625 0.028750 0.028750
0 0.235625 0.721875 0.101250 0.101250
0 0.695625 0.077500 0.028750 0.027500
0 0.628125 0.063125 0.078750 0.078750
0 0.364375 0.475000 0.073750 0.057500
0 0.091250 0.641250 0.080000 0.062500
0 0.731250 0.842500 0.055000 0.062500
0 0.075625 0.043125 0.038750 0.038750
0 0.096250 0.276250 0.067500 0.067500
0 0.556250 0.511250 0.100000 0.057500
0 0.330000 0.401875 0.097500 0.056250
0 0.306875 0.198750 0.076250 0.082500
0 0.680000 0.754375 0.055000 0.051250
0 0.881250 0.795000 0.062500 0.062500
0 0.126250 0.155000 0.052500 0.052500
0 0.957500 0.310000 0.037500 0.037500
0 0.728750 0.178750 0.060000 0.060000
0 0.778125 0.085625 0.056250 0.056250
0 0.462500 0.657500 0.040000 0.040000
0 0.913750 0.203750 0.067500 0.067500
0 0.820625 0.591875 0.061250 0.061250
0 0.951250 0.802500 0.050000 0.055000
0 0.086875 0.579375 0.031250 0.031250
0 0.480625 0.232500 0.038750 0.055000
0 0.100000 0.455625 0.052500 0.051250
0 0.026250 0.228125 0.027500 0.026250