0 0.763125 0.341875 0.048750 0.048750
0 0.483125 0.401875 0.096250 0.096250
0 0.490000 0.942500 0.055000 0.055000
0 0.543125 0.759375 0.106250 0.106250
0 0.490000 0.590000 0.035000 0.035000
0 0.781250 0.737500 0.052500 0.052500
0 0.526875 0.853125 0.036250 0.036250
0 0.926875 0.271875 0.108750 0.088750
0 0.615625 0.435000 0.111250 0.090000
0 0.801875 0.445625 0.026250 0.026250
0 0.390625 0.538750 0.051250 0.080000
0 0.728125 0.113125 0.111250 0.111250
0 0.161250 0.661250 0.030000 0.030000
0 0.608750 0.198750 0.082500 0.070000
0 0.256250 0.335000 0.070000 0.067500
0 0.243125 0.565000 0.051250 0.045000
0 0.342500 0.777500 0.112500 0.127500
0 0.863750 0.901875 0.035000 0.038750
0 0.154375 0.873125 0.061250 0.061250
0 0.471250 0.658125 0.065000 0.078750
0 0.510625 0.283125 0.071250 0.086250
0 0.357500 0.251250 0.057500 0.070000
0 0.300625 0.094375 0.101250 0.123750
0 0.698750 0.697500 0.040000 0.040000
0 0.224375 0.464375 0.081250 0.081250
0 0.083750 0.345000 0.090000 0.097500
0 0.718125 0.929375 0.043750 0.043750
0 0.575625 0.540000 0.063750 0.072500
0 0.677500 0.580000 0.060000 0.060000
0 0.921875 0.425625 0.098750 0.098750
0 0.132500 0.730000 0.080000 0.080000
0 0.647500 0.523750 0.027500 0.027500
0 0.032500 0.024375 0.025000 0.023750
0 0.328125 0.915625 0.111250 0.111250
0 0.830000 0.743750 0.030000 0.030000
0 0.188125 0.160625 0.096250 0.096250
0 0.640000 0.106250 0.037500 0.037500
0 0.063125 0.728125 0.036250 0.036250
0 0.408125 0.055625 0.083750 0.083750
0 0.898750 0.127500 0.105000 0.102500
0 0.082500 0.180625 0.042500 0.021250
0 0.804375 0.537500 0.063750 0.065000
0 0.913750 0.569375 0.087500 0.088750
0 0.071250 0.147500 0.027500 0.027500
0 0.082500 0.483125 0.100000 0.101250
0 0.370000 0.340000 0.092500 0.055000
0 0.753125 0.245000 0.096250 0.062500
0 0.098750 0.575000 0.077500 0.050000
0 0.221875 0.674375 0.071250 0.046250
0 0.764375 0.608750 0.096250 0.062500
0 0.886875 0.811875 0.081250 0.081250
0 0.905625 0.708750 0.068750 0.052500
0 0.585000 0.938750 0.062500 0.062500
0 0.602500 0.290000 0.085000 0.085000
0 0.125625 0.058125 0.076250 0.076250
0 0.688125 0.826875 0.096250 0.096250
0 0.549375 0.627500 0.063750 0.082500
0 0.328125 0.440000 0.056250 0.072500
0 0.834375 0.323125 0.036250 0.046250
0 0.423750 0.156250 0.077500 0.077500
0 0.795000 0.822500 0.062500 0.062500
0 0.210000 0.252500 0.087500 0.057500
0 0.220625 0.916875 0.043750 0.043750
0 0.312500 0.631250 0.040000 0.040000
0 0.529375 0.081250 0.088750 0.090000
0 0.051875 0.873125 0.063750 0.058750
0 0.444375 0.730625 0.056250 0.051250
0 0.606875 0.048125 0.038750 0.038750
0 0.618750 0.360000 0.030000 0.030000
0 0.934375 0.903125 0.043750 0.043750
0 0.779375 0.916875 0.031250 0.031250
0 0.698750 0.327500 0.050000 0.050000