0 0.598750 0.536875 0.032500 0.061250
0 0.339375 0.646875 0.028750 0.053750
0 0.238750 0.241250 0.100000 0.100000
0 0.296250 0.393125 0.042500 0.041250
0 0.710000 0.427500 0.037500 0.037500
0 0.370625 0.277500 0.091250 0.087500
0 0.677500 0.921250 0.050000 0.047500
0 0.756250 0.635000 0.047500 0.045000
0 0.879375 0.735000 0.071250 0.067500
0 0.896250 0.458750 0.050000 0.050000
0 0.276875 0.109375 0.046250 0.046250
0 0.849375 0.220625 0.041250 0.063750
0 0.201875 0.068125 0.083750 0.083750
0 0.643125 0.119375 0.106250 0.106250
0 0.358125 0.175000 0.081250 0.082500
0 0.433750 0.406250 0.110000 0.072500
0 0.175625 0.658125 0.078750 0.051250
0 0.508125 0.680000 0.088750 0.057500
0 0.715000 0.548750 0.085000 0.085000
0 0.892500 0.373125 0.090000 0.088750
0 0.766250 0.791875 0.085000 0.083750
0 0.910625 0.109375 0.081250 0.088750
0 0.460625 0.890000 0.096250 0.077500
0 0.796875 0.893125 0.041250 0.048750
0 0.751250 0.296250 0.095000 0.095000
0 0.644375 0.635625 0.051250 0.051250
0 0.195000 0.412500 0.027500 0.027500
0 0.100000 0.900625 0.095000 0.113750
0 0.172500 0.526250 0.100000 0.100000
0 0.357500 0.723125 0.060000 0.058750
0 0.081875 0.293750 0.088750 0.087500
0 0.645625 0.332500 0.086250 0.085000
0 0.044375 0.666250 0.028750 0.027500
0 0.690000 0.027500 0.025000 0.025000
0 0.914375 0.878125 0.076250 0.076250
0 0.793125 0.421875 0.076250 0.076250
0 0.951250 0.686875 0.057500 0.046250
0 0.495000 0.758750 0.102500 0.082500
0 0.916875 0.599375 0.076250 0.061250
0 0.265000 0.552500 0.045000 0.045000
0 0.266250 0.836250 0.102500 0.102500
0 0.088125 0.760625 0.106250 0.106250
0 0.495625 0.519375 0.101250 0.101250
0 0.826875 0.144375 0.043750 0.043750
0 0.399375 0.491875 0.076250 0.076250
0 0.464375 0.069375 0.083750 0.083750
0 0.359375 0.059375 0.071250 0.071250
0 0.291875 0.688125 0.048750 0.048750
0 0.660625 0.223750 0.031250 0.037500
0 0.649375 0.743125 0.108750 0.108750
0 0.027500 0.935000 0.025000 0.025000
0 0.337500 0.939375 0.060000 0.061250
0 0.051250 0.373750 0.047500 0.047500
0 0.477500 0.173125 0.092500 0.093750
0 0.588125 0.418750 0.056250 0.057500
0 0.081250 0.188750 0.065000 0.065000
0 0.805625 0.053125 0.078750 0.078750
0 0.540625 0.338125 0.088750 0.088750
0 0.269375 0.339375 0.061250 0.051250
0 0.569375 0.885625 0.068750 0.068750
0 0.370000 0.852500 0.045000 0.045000
0 0.656250 0.842500 0.062500 0.062500
0 0.199375 0.931875 0.058750 0.058750
0 0.941875 0.226875 0.046250 0.046250
0 0.751250 0.703750 0.060000 0.060000
0 0.116250 0.091250 0.045000 0.045000
0 0.051250 0.442500 0.060000 0.042500
0 0.190625 0.750625 0.046250 0.036250
0 0.099375 0.670625 0.033750 0.026250
0 0.951250 0.549375 0.027500 0.021250
0 0.048750 0.065000 0.062500 0.062500
0 0.825000 0.506250 0.072500 0.072500
0 0.585625 0.256875 0.043750 0.043750
0 0.817500 0.671250 0.045000 0.045000
0 0.064375 0.590625 0.073750 0.073750
0 0.306250 0.471875 0.075000 0.066250
0 0.550625 0.145625 0.033750 0.051250
0 0.402500 0.645000 0.037500 0.057500
0 0.127500 0.367500 0.040000 0.040000
0 0.482500 0.608125 0.050000 0.048750
0 0.735625 0.483125 0.028750 0.028750
0 0.086875 0.525000 0.053750 0.042500
0 0.266875 0.621875 0.066250 0.066250