0 0.486250 0.332500 0.107500 0.107500
0 0.155625 0.825000 0.098750 0.087500
0 0.534375 0.584375 0.078750 0.068750
0 0.695625 0.051875 0.081250 0.071250
0 0.883750 0.503125 0.045000 0.038750
0 0.824375 0.375625 0.108750 0.108750
0 0.603125 0.588125 0.026250 0.026250
0 0.464375 0.518125 0.036250 0.036250
0 0.376250 0.341250 0.075000 0.075000
0 0.775000 0.517500 0.052500 0.052500
0 0.192500 0.921250 0.075000 0.075000
0 0.279375 0.436875 0.046250 0.046250
0 0.637500 0.755625 0.085000 0.068750
0 0.242500 0.281250 0.060000 0.047500
0 0.695625 0.885625 0.098750 0.098750
0 0.510000 0.795000 0.107500 0.107500
0 0.584375 0.105625 0.081250 0.081250
0 0.970625 0.181875 0.031250 0.031250
0 0.295000 0.133750 0.090000 0.090000
0 0.262500 0.631250 0.050000 0.050000
0 0.836250 0.925000 0.047500 0.047500
0 0.342500 0.518750 0.047500 0.047500
0 0.747500 0.166250 0.085000 0.085000
0 0.050625 0.035625 0.026250 0.013750
0 0.755000 0.651250 0.050000 0.055000
0 0.665000 0.538750 0.025000 0.027500
0 0.540625 0.488750 0.091250 0.100000
0 0.166250 0.445000 0.085000 0.085000
0 0.028750 0.786250 0.030000 0.030000
0 0.214375 0.550625 0.088750 0.088750
0 0.068750 0.565000 0.082500 0.082500
0 0.900000 0.813750 0.050000 0.050000
0 0.671250 0.346250 0.087500 0.087500
0 0.368125 0.743125 0.083750 0.091250
0 0.146875 0.239375 0.078750 0.086250
0 0.463125 0.089375 0.103750 0.113750
0 0.340000 0.608750 0.085000 0.092500
0 0.548750 0.691250 0.057500 0.057500
0 0.818125 0.761875 0.068750 0.068750
0 0.548125 0.208125 0.093750 0.093750
0 0.866875 0.190625 0.096250 0.096250
0 0.896875 0.073125 0.108750 0.108750
0 0.930625 0.393125 0.071250 0.071250
0 0.443750 0.437500 0.035000 0.035000
0 0.135000 0.708750 0.080000 0.080000
0 0.363125 0.919375 0.086250 0.086250
0 0.901250 0.638750 0.092500 0.112500
0 0.641875 0.668125 0.103750 0.083750
0 0.169375 0.093125 0.106250 0.106250
0 0.258125 0.773125 0.073750 0.073750
0 0.523750 0.920000 0.072500 0.072500
0 0.950625 0.831875 0.031250 0.031250
0 0.623125 0.467500 0.048750 0.045000
0 0.060625 0.296875 0.068750 0.063750
0 0.891250 0.548750 0.027500 0.017500
0 0.598750 0.955625 0.045000 0.028750
0 0.288125 0.385625 0.026250 0.026250
0 0.376250 0.241250 0.077500 0.077500
0 0.196250 0.354375 0.047500 0.046250
0 0.463125 0.181875 0.053750 0.053750
0 0.436875 0.903125 0.036250 0.036250
0 0.070000 0.928750 0.077500 0.077500
0 0.348125 0.453125 0.066250 0.066250
0 0.053125 0.165625 0.068750 0.068750
0 0.243125 0.210625 0.043750 0.043750
0 0.642500 0.266875 0.055000 0.053750
0 0.218125 0.700625 0.026250 0.026250
0 0.659375 0.210625 0.033750 0.033750
0 0.613125 0.866875 0.033750 0.033750
0 0.804375 0.875625 0.031250 0.031250