0 0.560625 0.658125 0.106250 0.106250
0 0.897500 0.107500 0.027500 0.027500
0 0.881250 0.363750 0.025000 0.025000
0 0.109375 0.819375 0.083750 0.091250
0 0.761250 0.520625 0.077500 0.076250
0 0.285000 0.187500 0.045000 0.045000
0 0.778750 0.622500 0.077500 0.077500
0 0.308125 0.128750 0.066250 0.055000
0 0.736250 0.128750 0.050000 0.050000
0 0.358125 0.436875 0.073750 0.073750
0 0.633750 0.827500 0.027500 0.027500
0 0.621875 0.394375 0.076250 0.116250
0 0.214375 0.329375 0.103750 0.103750
0 0.763750 0.400625 0.100000 0.103750
0 0.830000 0.238125 0.040000 0.066250
0 0.420000 0.726250 0.110000 0.182500
0 0.457500 0.290625 0.107500 0.178750
0 0.837500 0.761250 0.047500 0.047500
0 0.316250 0.951250 0.032500 0.032500
0 0.531875 0.088125 0.086250 0.086250
0 0.929375 0.279375 0.106250 0.106250
0 0.216250 0.572500 0.107500 0.107500
0 0.860000 0.872500 0.077500 0.077500
0 0.085000 0.415000 0.070000 0.070000
0 0.625000 0.221875 0.110000 0.118750
0 0.550000 0.781250 0.087500 0.090000
0 0.286875 0.695000 0.048750 0.050000
0 0.740000 0.293125 0.062500 0.063750
0 0.170000 0.145000 0.105000 0.105000
0 0.944375 0.616875 0.066250 0.093750
0 0.413125 0.925000 0.051250 0.072500
0 0.663125 0.925000 0.041250 0.057500
0 0.711250 0.848125 0.040000 0.056250
0 0.674375 0.725000 0.091250 0.090000
0 0.228125 0.465000 0.026250 0.025000
0 0.940000 0.424375 0.057500 0.056250
0 0.436250 0.112500 0.065000 0.062500
0 0.536250 0.218750 0.035000 0.035000
0 0.208125 0.750000 0.026250 0.025000
0 0.506250 0.483125 0.087500 0.083750
0 0.171250 0.920625 0.080000 0.081250
0 0.108750 0.240625 0.065000 0.066250
0 0.103750 0.546250 0.052500 0.052500
0 0.111250 0.680000 0.047500 0.047500
0 0.197500 0.813750 0.070000 0.070000
0 0.741250 0.932500 0.052500 0.052500
0 0.961875 0.155000 0.048750 0.047500
0 0.409375 0.565625 0.081250 0.078750
0 0.477500 0.893750 0.045000 0.042500
0 0.373125 0.220625 0.043750 0.043750
0 0.788125 0.948125 0.026250 0.026250
0 0.813750 0.102500 0.085000 0.085000
0 0.111250 0.327500 0.085000 0.085000
0 0.896250 0.507500 0.095000 0.095000
0 0.922500 0.726250 0.100000 0.100000
0 0.370625 0.131875 0.038750 0.038750
0 0.658125 0.628125 0.051250 0.066250
0 0.103750 0.607500 0.035000 0.035000
0 0.308750 0.862500 0.075000 0.067500
0 0.057500 0.171875 0.060000 0.053750
0 0.573125 0.904375 0.091250 0.081250