0 0.890625 0.336875 0.068750 0.078750
0 0.156250 0.658125 0.062500 0.071250
0 0.139375 0.379375 0.088750 0.101250
0 0.335000 0.276875 0.070000 0.048750
0 0.727500 0.666250 0.112500 0.112500
0 0.681875 0.400625 0.033750 0.033750
0 0.495000 0.142500 0.107500 0.107500
0 0.929375 0.138125 0.028750 0.028750
0 0.780625 0.398750 0.098750 0.100000
0 0.057500 0.208125 0.075000 0.076250
0 0.434375 0.359375 0.038750 0.031250
0 0.611250 0.779375 0.077500 0.078750
0 0.231875 0.126875 0.036250 0.036250
0 0.156250 0.810000 0.032500 0.032500
0 0.973125 0.614375 0.026250 0.026250
0 0.486875 0.673125 0.106250 0.086250
0 0.296250 0.694375 0.092500 0.081250
0 0.892500 0.716875 0.045000 0.051250
0 0.585000 0.521250 0.082500 0.095000
0 0.388125 0.207500 0.046250 0.052500
0 0.677500 0.918125 0.110000 0.106250
0 0.662500 0.208125 0.050000 0.066250
0 0.331250 0.525000 0.067500 0.067500
0 0.079375 0.103125 0.103750 0.103750
0 0.630625 0.358125 0.036250 0.043750
0 0.745625 0.521250 0.101250 0.102500
0 0.595625 0.056875 0.038750 0.038750
0 0.163125 0.525000 0.071250 0.072500
0 0.380625 0.925000 0.098750 0.100000
0 0.613750 0.636875 0.080000 0.073750
0 0.874375 0.070625 0.043750 0.041250
0 0.219375 0.075625 0.043750 0.043750
0 0.845625 0.829375 0.111250 0.111250
0 0.521875 0.779375 0.076250 0.076250
0 0.051875 0.723125 0.076250 0.076250
0 0.520000 0.930000 0.075000 0.075000
0 0.054375 0.511875 0.056250 0.056250
0 0.411875 0.050625 0.046250 0.046250
0 0.544375 0.394375 0.108750 0.108750
0 0.876875 0.554375 0.088750 0.088750
0 0.493125 0.498125 0.031250 0.031250
0 0.389375 0.719375 0.058750 0.058750
0 0.550625 0.254375 0.068750 0.093750
0 0.307500 0.125625 0.065000 0.088750
0 0.157500 0.261875 0.100000 0.096250
0 0.812500 0.230000 0.087500 0.087500
0 0.376250 0.435000 0.087500 0.087500
0 0.911250 0.428750 0.090000 0.090000
0 0.181250 0.918750 0.102500 0.102500
0 0.800625 0.084375 0.073750 0.073750
0 0.256250 0.358125 0.037500 0.051250
0 0.390000 0.631250 0.057500 0.057500
0 0.253125 0.595000 0.058750 0.062500
0 0.282500 0.878750 0.035000 0.037500
0 0.701875 0.061875 0.056250 0.063750
0 0.046875 0.876250 0.046250 0.045000
0 0.304375 0.781250 0.063750 0.062500
0 0.046250 0.399375 0.065000 0.063750
0 0.946250 0.863125 0.065000 0.063750
0 0.694375 0.833750 0.051250 0.040000
0 0.243125 0.510625 0.026250 0.026250
0 0.922500 0.227500 0.085000 0.085000
0 0.275000 0.440000 0.082500 0.082500
0 0.588750 0.891250 0.032500 0.032500
0 0.409375 0.793125 0.053750 0.053750
0 0.667500 0.297500 0.030000 0.030000
0 0.927500 0.057500 0.027500 0.027500
0 0.721250 0.267500 0.047500 0.047500
0 0.386875 0.119375 0.066250 0.066250
0 0.885000 0.937500 0.055000 0.055000
0 0.065000 0.806250 0.060000 0.057500
0 0.126250 0.739375 0.040000 0.038750
0 0.448750 0.534375 0.042500 0.041250
0 0.237500 0.780000 0.047500 0.047500
0 0.831250 0.720000 0.055000 0.055000