0 0.484375 0.821875 0.028750 0.028750
0 0.579375 0.139375 0.053750 0.053750
0 0.073750 0.542500 0.092500 0.092500
0 0.930000 0.397500 0.050000 0.050000
0 0.777500 0.780000 0.060000 0.060000
0 0.093750 0.453750 0.047500 0.047500
0 0.081250 0.920000 0.090000 0.090000
0 0.863125 0.116250 0.093750 0.077500
0 0.848125 0.603125 0.026250 0.026250
0 0.694375 0.199375 0.086250 0.086250
0 0.802500 0.556250 0.035000 0.035000
0 0.377500 0.476250 0.107500 0.107500
0 0.081250 0.239375 0.107500 0.128750
0 0.497500 0.507500 0.067500 0.080000
0 0.204375 0.428125 0.038750 0.046250
0 0.370625 0.166875 0.028750 0.033750
0 0.728750 0.645000 0.055000 0.055000
0 0.232500 0.333750 0.062500 0.062500
0 0.473125 0.565000 0.028750 0.020000
0 0.198750 0.616250 0.027500 0.027500
0 0.778125 0.109375 0.038750 0.036250
0 0.564375 0.511250 0.043750 0.037500
0 0.178750 0.796250 0.045000 0.037500
0 0.250000 0.701250 0.070000 0.060000
0 0.495625 0.765625 0.048750 0.048750
0 0.089375 0.655625 0.071250 0.071250
0 0.545000 0.608750 0.067500 0.067500
0 0.466250 0.230000 0.045000 0.045000
0 0.583125 0.920625 0.086250 0.086250
0 0.842500 0.360000 0.032500 0.032500
0 0.523125 0.409375 0.068750 0.068750
0 0.534375 0.279375 0.051250 0.051250
0 0.917500 0.311250 0.097500 0.097500
0 0.338125 0.655625 0.086250 0.086250
0 0.948750 0.585000 0.035000 0.035000
0 0.496875 0.910000 0.048750 0.050000
0 0.655000 0.670000 0.072500 0.072500
0 0.965000 0.876250 0.037500 0.037500
0 0.473125 0.129375 0.086250 0.086250
0 0.799375 0.279375 0.073750 0.073750
0 0.150625 0.063750 0.076250 0.065000
0 0.123125 0.374375 0.083750 0.071250
0 0.225625 0.959375 0.031250 0.026250
0 0.697500 0.512500 0.105000 0.090000
0 0.632500 0.432500 0.045000 0.037500
0 0.210000 0.166875 0.112500 0.103750
0 0.646875 0.303125 0.031250 0.033750
0 0.375625 0.903125 0.081250 0.088750
0 0.261250 0.808750 0.070000 0.070000
0 0.235625 0.533125 0.038750 0.066250
0 0.374375 0.108125 0.051250 0.051250
0 0.798125 0.841875 0.028750 0.028750
0 0.339375 0.343125 0.093750 0.093750
0 0.746250 0.928750 0.060000 0.060000
0 0.828125 0.474375 0.108750 0.108750
0 0.075000 0.796250 0.077500 0.080000
0 0.236875 0.250000 0.031250 0.032500
0 0.914375 0.689375 0.098750 0.098750
0 0.653750 0.594375 0.047500 0.033750
0 0.573750 0.787500 0.077500 0.077500
0 0.401875 0.801875 0.073750 0.073750
0 0.733125 0.839375 0.038750 0.038750
0 0.189375 0.480625 0.031250 0.031250
0 0.457500 0.355000 0.032500 0.032500
0 0.905000 0.882500 0.067500 0.067500
0 0.507500 0.043750 0.062500 0.050000
0 0.473125 0.683125 0.076250 0.061250
0 0.650000 0.125000 0.037500 0.030000
0 0.306250 0.576250 0.047500 0.037500
0 0.148750 0.736250 0.027500 0.027500
0 0.273750 0.445000 0.080000 0.080000
0 0.252500 0.062500 0.072500 0.070000
0 0.321250 0.081250 0.025000 0.032500
0 0.845000 0.888125 0.037500 0.048750
0 0.055000 0.103125 0.072500 0.093750
0 0.606875 0.254375 0.038750 0.033750
0 0.603750 0.200000 0.042500 0.042500
0 0.719375 0.421875 0.046250 0.046250
0 0.902500 0.196250 0.067500 0.067500
0 0.949375 0.050625 0.051250 0.051250
0 0.383750 0.225000 0.065000 0.065000