0 0.603125 0.658125 0.098750 0.098750
0 0.590625 0.858125 0.053750 0.053750
0 0.450000 0.703750 0.100000 0.100000
0 0.745625 0.859375 0.043750 0.041250
0 0.108125 0.189375 0.048750 0.046250
0 0.543750 0.393750 0.100000 0.100000
0 0.059375 0.274375 0.063750 0.063750
0 0.850625 0.736875 0.088750 0.088750
0 0.206250 0.887500 0.025000 0.025000
0 0.229375 0.248125 0.108750 0.071250
0 0.735000 0.537500 0.060000 0.055000
0 0.054375 0.526875 0.048750 0.043750
0 0.217500 0.365000 0.027500 0.025000
0 0.743750 0.133750 0.095000 0.057500
0 0.337500 0.683750 0.037500 0.037500
0 0.801250 0.236250 0.042500 0.037500
0 0.531250 0.135000 0.100000 0.087500
0 0.690625 0.764375 0.081250 0.071250
0 0.510000 0.807500 0.090000 0.090000
0 0.548750 0.275625 0.105000 0.078750
0 0.921875 0.101875 0.086250 0.063750
0 0.040625 0.751250 0.031250 0.022500
0 0.256250 0.085625 0.045000 0.033750
0 0.078125 0.610625 0.091250 0.091250
0 0.280000 0.185000 0.032500 0.032500
0 0.256875 0.848125 0.061250 0.061250
0 0.250000 0.666250 0.095000 0.095000
0 0.135000 0.825625 0.090000 0.156250
0 0.150000 0.451250 0.057500 0.100000
0 0.690625 0.305000 0.046250 0.080000
0 0.863125 0.409375 0.091250 0.091250
0 0.395000 0.816250 0.045000 0.045000
0 0.836875 0.541875 0.088750 0.088750
0 0.761875 0.340000 0.061250 0.060000
0 0.108125 0.355625 0.056250 0.056250
0 0.384375 0.544375 0.043750 0.051250
0 0.399375 0.381875 0.081250 0.096250
0 0.705000 0.450000 0.097500 0.097500
0 0.461875 0.508125 0.078750 0.081250
0 0.520625 0.201250 0.031250 0.030000
0 0.953750 0.754375 0.025000 0.023750
0 0.307500 0.570625 0.042500 0.041250
0 0.137500 0.940625 0.050000 0.048750
0 0.278750 0.503125 0.055000 0.053750
0 0.451250 0.233750 0.032500 0.032500
0 0.086250 0.070625 0.102500 0.103750
0 0.763125 0.773125 0.033750 0.033750
0 0.947500 0.941250 0.050000 0.050000
0 0.830000 0.841250 0.050000 0.050000
0 0.930625 0.228125 0.053750 0.053750
0 0.396875 0.906875 0.083750 0.083750
0 0.383750 0.291250 0.057500 0.057500
0 0.301875 0.344375 0.086250 0.086250
0 0.397500 0.096250 0.087500 0.087500
0 0.613125 0.774375 0.046250 0.046250
0 0.064375 0.420625 0.056250 0.056250
0 0.560625 0.565625 0.066250 0.066250
0 0.924375 0.316875 0.058750 0.058750
0 0.288125 0.920625 0.068750 0.068750
0 0.329375 0.216250 0.031250 0.035000
0 0.636250 0.118125 0.092500 0.153750
0 0.719375 0.661875 0.101250 0.101250
0 0.610000 0.501250 0.030000 0.030000
0 0.259375 0.580625 0.026250 0.036250
0 0.926875 0.520000 0.053750 0.055000
0 0.547500 0.488125 0.067500 0.068750
0 0.930625 0.843125 0.038750 0.038750
0 0.320625 0.810000 0.043750 0.045000
0 0.751250 0.042500 0.050000 0.045000
0 0.683750 0.959375 0.035000 0.031250
0 0.928750 0.615000 0.077500 0.077500
0 0.570000 0.938750 0.062500 0.062500
0 0.161875 0.544375 0.061250 0.056250
0 0.823750 0.631875 0.045000 0.041250
0 0.041250 0.348750 0.050000 0.042500
0 0.843750 0.933750 0.092500 0.080000