0 0.147500 0.882500 0.092500 0.092500
0 0.740625 0.118125 0.043750 0.043750
0 0.810000 0.380000 0.067500 0.067500
0 0.601250 0.220000 0.105000 0.105000
0 0.150000 0.792500 0.030000 0.030000
0 0.609375 0.696875 0.071250 0.071250
0 0.138125 0.258750 0.048750 0.035000
0 0.214375 0.393125 0.048750 0.028750
0 0.357500 0.107500 0.042500 0.025000
0 0.383750 0.291875 0.072500 0.043750
0 0.658750 0.073750 0.072500 0.087500
0 0.664375 0.555625 0.073750 0.061250
0 0.443125 0.902500 0.093750 0.095000
0 0.389375 0.598125 0.043750 0.043750
0 0.847500 0.084375 0.080000 0.081250
0 0.483125 0.435625 0.058750 0.058750
0 0.573125 0.854375 0.091250 0.091250
0 0.667500 0.927500 0.065000 0.065000
0 0.933125 0.490000 0.086250 0.097500
0 0.465625 0.588750 0.081250 0.092500
0 0.709375 0.423750 0.066250 0.075000
0 0.176875 0.163125 0.053750 0.061250
0 0.844375 0.673125 0.048750 0.048750
0 0.736875 0.784375 0.081250 0.081250
0 0.223750 0.485000 0.052500 0.052500
0 0.331250 0.457500 0.042500 0.042500
0 0.620000 0.326250 0.032500 0.032500
0 0.123750 0.602500 0.087500 0.087500
0 0.342500 0.855000 0.060000 0.060000
0 0.458750 0.351250 0.060000 0.060000
0 0.443750 0.198750 0.050000 0.050000
0 0.578125 0.549375 0.081250 0.081250
0 0.384375 0.751250 0.098750 0.110000
0 0.937500 0.348750 0.095000 0.095000
0 0.753750 0.516250 0.090000 0.090000
0 0.689375 0.308125 0.026250 0.026250
0 0.238750 0.797500 0.075000 0.075000
0 0.078750 0.381250 0.112500 0.112500
0 0.765625 0.230625 0.108750 0.108750
0 0.940000 0.916250 0.085000 0.085000
0 0.841250 0.785000 0.072500 0.072500
0 0.498125 0.293125 0.026250 0.026250
0 0.128750 0.705625 0.082500 0.086250
0 0.236250 0.695625 0.105000 0.108750
0 0.893750 0.234375 0.082500 0.086250
0 0.093125 0.149375 0.056250 0.056250
0 0.860000 0.607500 0.045000 0.045000
0 0.476875 0.721250 0.053750 0.047500
0 0.297500 0.596875 0.077500 0.068750
0 0.281250 0.933125 0.077500 0.068750
0 0.724375 0.675000 0.111250 0.102500
0 0.320625 0.210000 0.108750 0.100000
0 0.270000 0.333750 0.050000 0.045000
0 0.579375 0.939375 0.046250 0.046250
0 0.811250 0.901250 0.037500 0.037500
0 0.731875 0.032500 0.046250 0.037500
0 0.582500 0.452500 0.080000 0.065000
0 0.535625 0.069375 0.078750 0.063750
0 0.181875 0.064375 0.078750 0.078750
0 0.615000 0.615000 0.030000 0.030000
0 0.783750 0.123125 0.027500 0.028750
0 0.216875 0.255000 0.076250 0.082500
0 0.365625 0.350625 0.036250 0.038750
0 0.553750 0.367500 0.055000 0.055000
0 0.936250 0.726250 0.090000 0.090000
0 0.051250 0.248750 0.035000 0.047500
0 0.855625 0.458750 0.046250 0.062500
0 0.140625 0.507500 0.058750 0.080000
0 0.043125 0.560000 0.046250 0.062500
0 0.508125 0.182500 0.058750 0.080000
0 0.935000 0.606875 0.085000 0.116250
0 0.938125 0.048125 0.056250 0.056250
0 0.428750 0.112500 0.082500 0.082500
0 0.290625 0.065625 0.038750 0.038750
0 0.311875 0.516875 0.051250 0.051250
0 0.945625 0.146875 0.048750 0.048750
0 0.351875 0.066250 0.046250 0.040000
0 0.743750 0.847500 0.030000 0.030000
0 0.407500 0.438750 0.062500 0.062500
0 0.048125 0.866875 0.041250 0.041250