0 0.245000 0.685625 0.097500 0.078750
0 0.584375 0.735000 0.046250 0.037500
0 0.812500 0.769375 0.067500 0.053750
0 0.498750 0.141875 0.082500 0.066250
0 0.814375 0.308750 0.083750 0.087500
0 0.078125 0.372500 0.101250 0.105000
0 0.623750 0.467500 0.090000 0.085000
0 0.316250 0.153750 0.025000 0.022500
0 0.535625 0.588750 0.108750 0.102500
0 0.933750 0.418750 0.062500 0.065000
0 0.508125 0.671250 0.038750 0.040000
0 0.578125 0.843750 0.081250 0.085000
0 0.355000 0.468750 0.037500 0.042500
0 0.877500 0.159375 0.100000 0.113750
0 0.763125 0.647500 0.101250 0.115000
0 0.477500 0.366250 0.090000 0.102500
0 0.495625 0.073750 0.078750 0.045000
0 0.328750 0.602500 0.027500 0.015000
0 0.361875 0.546875 0.051250 0.051250
0 0.475625 0.823125 0.088750 0.088750
0 0.797500 0.900000 0.050000 0.050000
0 0.135000 0.726250 0.105000 0.105000
0 0.369375 0.031875 0.026250 0.026250
0 0.157500 0.116250 0.082500 0.082500
0 0.181250 0.472500 0.070000 0.070000
0 0.031875 0.100625 0.028750 0.028750
0 0.270625 0.223125 0.096250 0.096250
0 0.930625 0.885625 0.056250 0.056250
0 0.698750 0.177500 0.070000 0.070000
0 0.384375 0.925625 0.056250 0.056250
0 0.055625 0.500625 0.073750 0.073750
0 0.722500 0.906875 0.045000 0.051250
0 0.162500 0.233750 0.057500 0.057500
0 0.664375 0.314375 0.101250 0.101250
0 0.922500 0.765000 0.035000 0.035000
0 0.722500 0.493750 0.035000 0.030000
0 0.189375 0.938125 0.071250 0.063750
0 0.602500 0.085000 0.105000 0.117500
0 0.383750 0.130625 0.070000 0.078750
0 0.658750 0.883125 0.052500 0.058750
0 0.391250 0.227500 0.045000 0.045000
0 0.493125 0.464375 0.068750 0.068750
0 0.179375 0.315625 0.068750 0.068750
0 0.615000 0.194375 0.075000 0.066250
0 0.925625 0.625000 0.098750 0.087500
0 0.288750 0.455625 0.077500 0.068750
0 0.065625 0.179375 0.068750 0.068750
0 0.161875 0.845625 0.071250 0.071250
0 0.165000 0.598750 0.055000 0.055000
0 0.251250 0.064375 0.067500 0.066250
0 0.276875 0.876250 0.063750 0.062500
0 0.787500 0.430625 0.072500 0.071250
0 0.384375 0.783125 0.053750 0.053750
0 0.749375 0.074375 0.093750 0.093750
0 0.380000 0.316250 0.085000 0.085000
0 0.471250 0.236250 0.070000 0.070000
0 0.936250 0.308750 0.042500 0.042500
0 0.650625 0.596250 0.093750 0.075000
0 0.066875 0.877500 0.056250 0.045000
0 0.061875 0.562500 0.043750 0.035000
0 0.307500 0.563125 0.030000 0.023750
0 0.855000 0.521250 0.090000 0.090000
0 0.704375 0.768125 0.083750 0.083750
0 0.915625 0.067500 0.096250 0.047500
0 0.369375 0.706250 0.111250 0.055000
0 0.793125 0.836875 0.073750 0.036250
0 0.276875 0.336875 0.091250 0.091250
0 0.703750 0.430625 0.035000 0.053750
0 0.396250 0.636250 0.037500 0.057500
0 0.482500 0.736250 0.065000 0.065000
0 0.072500 0.262500 0.050000 0.050000
0 0.111250 0.943750 0.057500 0.057500
0 0.570000 0.340000 0.057500 0.057500
0 0.256875 0.803125 0.056250 0.056250
0 0.955000 0.823125 0.045000 0.036250
0 0.566250 0.935000 0.042500 0.042500
0 0.190000 0.402500 0.025000 0.015000
0 0.068125 0.626875 0.086250 0.051250
0 0.952500 0.362500 0.032500 0.030000
0 0.240000 0.576875 0.075000 0.071250
0 0.797500 0.208750 0.045000 0.045000
0 0.480625 0.921250 0.078750 0.060000
0 0.041250 0.730625 0.027500 0.021250