0 0.491250 0.550625 0.052500 0.026250
0 0.077500 0.450000 0.075000 0.037500
0 0.642500 0.922500 0.090000 0.045000
0 0.315625 0.079375 0.028750 0.028750
0 0.833125 0.035625 0.031250 0.031250
0 0.691875 0.803125 0.091250 0.091250
0 0.665625 0.221875 0.051250 0.051250
0 0.880000 0.398750 0.082500 0.082500
0 0.433750 0.065000 0.105000 0.075000
0 0.376250 0.494375 0.057500 0.053750
0 0.540625 0.815000 0.108750 0.102500
0 0.543125 0.136250 0.071250 0.067500
0 0.395625 0.628750 0.061250 0.057500
0 0.631875 0.659375 0.106250 0.106250
0 0.798750 0.286250 0.070000 0.070000
0 0.165625 0.851875 0.071250 0.071250
0 0.174375 0.297500 0.081250 0.080000
0 0.518125 0.198750 0.043750 0.042500
0 0.481250 0.925625 0.047500 0.046250
0 0.353750 0.214375 0.107500 0.106250
0 0.507500 0.620000 0.065000 0.065000
0 0.409375 0.360625 0.028750 0.028750
0 0.838750 0.507500 0.110000 0.110000
0 0.740625 0.474375 0.043750 0.043750
0 0.070000 0.332500 0.040000 0.040000
0 0.780625 0.193125 0.048750 0.048750
0 0.155625 0.690625 0.111250 0.111250
0 0.228750 0.135000 0.047500 0.047500
0 0.690000 0.546250 0.052500 0.052500
0 0.067500 0.928750 0.042500 0.042500
0 0.070000 0.063750 0.047500 0.047500
0 0.366875 0.916875 0.078750 0.103750
0 0.880000 0.206250 0.075000 0.062500
0 0.833750 0.635625 0.037500 0.036250
0 0.642500 0.286875 0.025000 0.023750
0 0.558125 0.413125 0.063750 0.058750
0 0.210625 0.050000 0.038750 0.035000
0 0.915000 0.892500 0.107500 0.100000
0 0.297500 0.523750 0.037500 0.037500
0 0.301875 0.321875 0.086250 0.086250
0 0.411875 0.750625 0.078750 0.078750
0 0.881250 0.812500 0.045000 0.045000
0 0.568750 0.551250 0.042500 0.052500
0 0.905000 0.733750 0.072500 0.072500
0 0.285625 0.641875 0.103750 0.103750
0 0.539375 0.306875 0.098750 0.098750
0 0.928750 0.640000 0.100000 0.100000
0 0.649375 0.373125 0.053750 0.053750
0 0.251250 0.865000 0.080000 0.080000
0 0.724375 0.099375 0.108750 0.118750
0 0.106875 0.157500 0.096250 0.105000
0 0.445000 0.293750 0.060000 0.065000
0 0.191875 0.204375 0.038750 0.038750
0 0.544375 0.484375 0.061250 0.061250
0 0.054375 0.619375 0.056250 0.056250
0 0.788750 0.685000 0.042500 0.042500
0 0.530000 0.695000 0.042500 0.035000
0 0.177500 0.483750 0.092500 0.090000
0 0.815625 0.913125 0.073750 0.073750
0 0.161250 0.581875 0.052500 0.041250
0 0.163125 0.050000 0.031250 0.025000
0 0.302500 0.796250 0.035000 0.027500
0 0.911250 0.102500 0.105000 0.087500
0 0.772500 0.385000 0.087500 0.090000
0 0.092500 0.533125 0.047500 0.048750
0 0.160000 0.384375 0.087500 0.078750
0 0.600625 0.045625 0.071250 0.063750
0 0.815625 0.792500 0.033750 0.030000
0 0.765625 0.605625 0.048750 0.048750
0 0.631250 0.137500 0.062500 0.062500
0 0.679375 0.462500 0.058750 0.060000
0 0.071875 0.832500 0.071250 0.072500
0 0.292500 0.735000 0.062500 0.062500
0 0.479375 0.414375 0.038750 0.043750
0 0.719375 0.943750 0.043750 0.050000
0 0.621250 0.845000 0.025000 0.025000
0 0.418750 0.550625 0.035000 0.033750
0 0.449375 0.165000 0.061250 0.060000
0 0.878125 0.312500 0.063750 0.072500
0 0.951250 0.270000 0.037500 0.035000
0 0.143750 0.936250 0.072500 0.072500
0 0.765000 0.742500 0.040000 0.040000
0 0.551875 0.914375 0.071250 0.056250
0 0.730000 0.211250 0.025000 0.025000
0 0.313125 0.448125 0.051250 0.051250
0 0.625000 0.566250 0.037500 0.037500
0 0.318750 0.034375 0.045000 0.041250
0 0.047500 0.263750 0.070000 0.065000
0 0.296250 0.943750 0.047500 0.047500
0 0.437500 0.827500 0.040000 0.040000
0 0.681875 0.280625 0.036250 0.036250