0 0.836250 0.582500 0.110000 0.110000
0 0.911250 0.386250 0.112500 0.112500
0 0.747500 0.400000 0.032500 0.032500
0 0.252500 0.600000 0.027500 0.027500
0 0.761250 0.141875 0.097500 0.106250
0 0.250000 0.776250 0.107500 0.107500
0 0.546250 0.767500 0.085000 0.085000
0 0.123750 0.423750 0.107500 0.107500
0 0.513750 0.061250 0.070000 0.082500
0 0.253125 0.669375 0.078750 0.043750
0 0.781250 0.811250 0.030000 0.030000
0 0.800000 0.343750 0.055000 0.055000
0 0.876250 0.856250 0.025000 0.037500
0 0.628750 0.471250 0.082500 0.082500
0 0.168125 0.296875 0.063750 0.063750
0 0.201250 0.532500 0.070000 0.070000
0 0.282500 0.376875 0.102500 0.133750
0 0.483125 0.523125 0.103750 0.083750
0 0.046250 0.163750 0.062500 0.050000
0 0.951875 0.745000 0.031250 0.025000
0 0.865000 0.081250 0.035000 0.027500
0 0.099375 0.261250 0.028750 0.022500
0 0.399375 0.179375 0.076250 0.066250
0 0.634375 0.541250 0.048750 0.042500
0 0.343125 0.547500 0.026250 0.022500
0 0.491250 0.395000 0.100000 0.100000
0 0.291250 0.232500 0.102500 0.125000
0 0.460625 0.881875 0.108750 0.108750
0 0.383750 0.428750 0.080000 0.080000
0 0.104375 0.331875 0.046250 0.046250
0 0.896250 0.690000 0.055000 0.055000
0 0.268750 0.908750 0.110000 0.110000
0 0.650000 0.860000 0.102500 0.102500
0 0.071875 0.771875 0.033750 0.033750
0 0.417500 0.655000 0.110000 0.110000
0 0.675000 0.266250 0.025000 0.025000
0 0.690000 0.226250 0.040000 0.040000
0 0.348125 0.076875 0.111250 0.101250
0 0.796875 0.710625 0.076250 0.068750
0 0.798750 0.436250 0.050000 0.045000
0 0.141250 0.068750 0.077500 0.077500
0 0.702500 0.446250 0.025000 0.025000
0 0.513750 0.674375 0.052500 0.048750
0 0.622500 0.666875 0.097500 0.098750
0 0.636875 0.113125 0.038750 0.038750
0 0.550625 0.281250 0.103750 0.105000
0 0.887500 0.936250 0.102500 0.072500
0 0.165000 0.180000 0.077500 0.077500
0 0.515625 0.167500 0.093750 0.107500
0 0.884375 0.249375 0.101250 0.101250
0 0.098750 0.641250 0.112500 0.112500
0 0.425000 0.271250 0.067500 0.067500
0 0.111250 0.913750 0.080000 0.080000
0 0.325000 0.616250 0.047500 0.047500
0 0.237500 0.059375 0.092500 0.093750
0 0.866250 0.143125 0.070000 0.071250
0 0.424375 0.764375 0.031250 0.031250
0 0.548750 0.930000 0.047500 0.047500
0 0.856250 0.780000 0.037500 0.037500
0 0.065000 0.532500 0.067500 0.067500
0 0.584375 0.185625 0.026250 0.026250
0 0.262500 0.473750 0.025000 0.022500
0 0.723125 0.548125 0.091250 0.076250
0 0.138750 0.734375 0.070000 0.051250
0 0.601250 0.373750 0.072500 0.052500
0 0.775000 0.268750 0.090000 0.065000
0 0.197500 0.241875 0.027500 0.028750
0 0.383750 0.336250 0.052500 0.035000
0 0.671250 0.313125 0.072500 0.048750
0 0.740000 0.625000 0.067500 0.045000
0 0.340625 0.783750 0.056250 0.037500