0 0.844375 0.188125 0.101250 0.101250
0 0.280000 0.585000 0.055000 0.055000
0 0.624375 0.283125 0.046250 0.038750
0 0.113125 0.271875 0.096250 0.081250
0 0.455000 0.452500 0.082500 0.082500
0 0.139375 0.800625 0.028750 0.028750
0 0.164375 0.376875 0.101250 0.101250
0 0.730625 0.159375 0.028750 0.028750
0 0.168125 0.656875 0.088750 0.088750
0 0.951250 0.077500 0.032500 0.032500
0 0.730000 0.512500 0.062500 0.062500
0 0.501250 0.112500 0.087500 0.087500
0 0.315625 0.736875 0.083750 0.091250
0 0.107500 0.870625 0.085000 0.088750
0 0.333750 0.884375 0.105000 0.108750
0 0.575000 0.675000 0.085000 0.085000
0 0.697500 0.812500 0.067500 0.067500
0 0.545625 0.426875 0.066250 0.066250
0 0.857500 0.828750 0.035000 0.035000
0 0.708125 0.700000 0.088750 0.085000
0 0.053125 0.497500 0.068750 0.060000
0 0.045000 0.078125 0.027500 0.023750
0 0.661875 0.071250 0.093750 0.082500
0 0.731250 0.226250 0.062500 0.062500
0 0.611250 0.530625 0.077500 0.076250
0 0.826875 0.606875 0.086250 0.086250
0 0.390625 0.105625 0.051250 0.051250
0 0.443125 0.674375 0.081250 0.081250
0 0.163125 0.521875 0.036250 0.036250
0 0.731875 0.583125 0.051250 0.051250
0 0.465625 0.834375 0.056250 0.056250
0 0.901875 0.723125 0.091250 0.091250
0 0.938750 0.456250 0.087500 0.087500
0 0.537500 0.310000 0.097500 0.097500
0 0.370625 0.270625 0.046250 0.046250
0 0.213750 0.886250 0.070000 0.070000
0 0.940625 0.156875 0.068750 0.083750
0 0.791250 0.711875 0.060000 0.036250
0 0.680625 0.355625 0.043750 0.026250
0 0.295000 0.176875 0.102500 0.093750
0 0.302500 0.067500 0.097500 0.097500
0 0.033750 0.396250 0.027500 0.027500
0 0.786875 0.310625 0.066250 0.058750
0 0.145625 0.103125 0.106250 0.103750
0 0.788750 0.835000 0.072500 0.070000
0 0.318750 0.396250 0.097500 0.077500
0 0.581250 0.145000 0.042500 0.035000
0 0.801250 0.456250 0.062500 0.075000
0 0.441250 0.927500 0.025000 0.030000
0 0.602500 0.863750 0.097500 0.117500
0 0.930000 0.903125 0.067500 0.081250
0 0.400000 0.370000 0.035000 0.035000
0 0.476875 0.209375 0.048750 0.048750
0 0.487500 0.578750 0.040000 0.055000
0 0.055625 0.723125 0.061250 0.083750
0 0.890000 0.313750 0.105000 0.102500
0 0.938750 0.583750 0.080000 0.075000
0 0.037500 0.180625 0.032500 0.046250
0 0.205000 0.233125 0.060000 0.086250
0 0.371875 0.519375 0.033750 0.033750
0 0.805000 0.061250 0.075000 0.075000
0 0.288750 0.470000 0.050000 0.050000