0 0.851250 0.550000 0.065000 0.065000
0 0.805000 0.361250 0.027500 0.027500
0 0.152500 0.452500 0.027500 0.027500
0 0.305625 0.593125 0.041250 0.041250
0 0.643125 0.451250 0.101250 0.102500
0 0.551875 0.790625 0.088750 0.088750
0 0.433125 0.685000 0.076250 0.082500
0 0.132500 0.097500 0.095000 0.102500
0 0.526250 0.315000 0.030000 0.042500
0 0.189375 0.778125 0.103750 0.148750
0 0.406875 0.474375 0.091250 0.131250
0 0.673750 0.857500 0.067500 0.067500
0 0.686875 0.271875 0.048750 0.048750
0 0.336875 0.264375 0.056250 0.056250
0 0.124375 0.269375 0.066250 0.066250
0 0.818750 0.835000 0.075000 0.075000
0 0.499375 0.515625 0.036250 0.036250
0 0.531875 0.918125 0.046250 0.046250
0 0.096875 0.365625 0.096250 0.096250
0 0.297500 0.712500 0.082500 0.082500
0 0.230000 0.423750 0.100000 0.100000
0 0.647500 0.737500 0.045000 0.045000
0 0.720625 0.589375 0.091250 0.091250
0 0.239375 0.877500 0.031250 0.030000
0 0.069375 0.677500 0.098750 0.080000
0 0.076250 0.541250 0.075000 0.060000
0 0.394375 0.363125 0.078750 0.063750
0 0.382500 0.898750 0.097500 0.097500
0 0.438750 0.175000 0.055000 0.055000
0 0.946250 0.370000 0.082500 0.082500
0 0.096250 0.956250 0.035000 0.035000
0 0.876250 0.108750 0.070000 0.070000
0 0.221250 0.515000 0.067500 0.067500
0 0.278125 0.190625 0.073750 0.073750
0 0.663750 0.675000 0.040000 0.040000
0 0.749375 0.137500 0.078750 0.080000
0 0.296875 0.088750 0.098750 0.100000
0 0.530625 0.415625 0.108750 0.108750
0 0.924375 0.730625 0.101250 0.096250
0 0.817500 0.303125 0.067500 0.063750
0 0.735625 0.469375 0.058750 0.058750
0 0.576250 0.118750 0.070000 0.070000
0 0.598125 0.596875 0.101250 0.101250
0 0.733750 0.058125 0.067500 0.063750
0 0.766250 0.733750 0.097500 0.097500
0 0.635625 0.337500 0.056250 0.067500
0 0.906250 0.841875 0.067500 0.081250
0 0.189375 0.623125 0.051250 0.058750
0 0.471250 0.325000 0.045000 0.047500
0 0.401250 0.608750 0.035000 0.035000
0 0.171875 0.933125 0.066250 0.066250
0 0.219375 0.286875 0.098750 0.098750
0 0.416250 0.793750 0.077500 0.077500
0 0.532500 0.236250 0.085000 0.077500
0 0.060625 0.768125 0.086250 0.078750
0 0.053750 0.250000 0.047500 0.047500
0 0.943125 0.480625 0.071250 0.081250
0 0.257500 0.943750 0.035000 0.035000
0 0.914375 0.913125 0.036250 0.036250
0 0.940000 0.258750 0.070000 0.087500
0 0.627500 0.934375 0.105000 0.058750