0 0.319375 0.731875 0.051250 0.046250
0 0.943125 0.433750 0.063750 0.072500
0 0.735000 0.863750 0.080000 0.080000
0 0.078125 0.538750 0.046250 0.052500
0 0.449375 0.880625 0.071250 0.081250
0 0.292500 0.529375 0.067500 0.076250
0 0.622500 0.398750 0.065000 0.062500
0 0.972500 0.740000 0.030000 0.030000
0 0.616875 0.113750 0.063750 0.057500
0 0.071875 0.685625 0.081250 0.073750
0 0.638750 0.893125 0.095000 0.086250
0 0.515625 0.456875 0.081250 0.081250
0 0.940625 0.530625 0.091250 0.091250
0 0.181875 0.299375 0.101250 0.101250
0 0.295000 0.096250 0.057500 0.057500
0 0.741875 0.514375 0.041250 0.041250
0 0.488125 0.078750 0.048750 0.060000
0 0.095000 0.255625 0.047500 0.058750
0 0.623125 0.190625 0.051250 0.063750
0 0.276250 0.910000 0.102500 0.127500
0 0.516875 0.576875 0.108750 0.101250
0 0.222500 0.756250 0.027500 0.025000
0 0.556875 0.716875 0.071250 0.066250
0 0.350625 0.268125 0.026250 0.023750
0 0.899375 0.355000 0.071250 0.070000
0 0.202500 0.548125 0.035000 0.033750
0 0.466875 0.748125 0.061250 0.068750
0 0.733750 0.715625 0.085000 0.096250
0 0.824375 0.075000 0.068750 0.077500
0 0.523750 0.935625 0.052500 0.048750
0 0.064375 0.598125 0.028750 0.026250
0 0.745625 0.230000 0.081250 0.075000
0 0.830625 0.461250 0.091250 0.085000
0 0.156250 0.870000 0.072500 0.090000
0 0.831875 0.619375 0.071250 0.088750
0 0.080625 0.370625 0.073750 0.091250
0 0.821250 0.915000 0.070000 0.087500
0 0.416250 0.147500 0.077500 0.077500
0 0.187500 0.050625 0.060000 0.061250
0 0.924375 0.093125 0.076250 0.091250
0 0.258750 0.625000 0.067500 0.080000
0 0.293125 0.188750 0.098750 0.097500
0 0.250000 0.431875 0.107500 0.103750
0 0.898125 0.812500 0.083750 0.080000
0 0.655625 0.620625 0.071250 0.068750
0 0.201250 0.117500 0.060000 0.047500
0 0.922500 0.166875 0.027500 0.021250
0 0.546250 0.270000 0.032500 0.032500
0 0.822500 0.792500 0.052500 0.052500
0 0.933750 0.654375 0.062500 0.058750
0 0.369375 0.649375 0.103750 0.103750
0 0.571875 0.328750 0.073750 0.052500
0 0.636875 0.496875 0.108750 0.078750
0 0.379375 0.370000 0.101250 0.072500
0 0.165625 0.672500 0.076250 0.055000
0 0.458750 0.283750 0.100000 0.070000
0 0.721875 0.086875 0.066250 0.046250
0 0.735625 0.341875 0.091250 0.063750
0 0.140000 0.507500 0.037500 0.040000
0 0.363125 0.825625 0.041250 0.043750
0 0.409375 0.482500 0.091250 0.097500
0 0.750000 0.599375 0.055000 0.053750
0 0.833125 0.720625 0.076250 0.073750
0 0.648750 0.263750 0.060000 0.060000
0 0.884375 0.289375 0.043750 0.031250
0 0.740000 0.146875 0.082500 0.058750
0 0.561875 0.038125 0.061250 0.043750
0 0.055625 0.155000 0.028750 0.020000
0 0.093125 0.099375 0.073750 0.073750
0 0.407500 0.050000 0.062500 0.062500
0 0.833750 0.153750 0.055000 0.055000
0 0.532500 0.187500 0.080000 0.080000
0 0.373750 0.938750 0.050000 0.050000
0 0.933125 0.908125 0.068750 0.068750
0 0.606875 0.817500 0.048750 0.042500
0 0.048750 0.937500 0.050000 0.050000
0 0.923125 0.748125 0.026250 0.026250
0 0.063125 0.784375 0.051250 0.051250
0 0.373125 0.890000 0.056250 0.032500
0 0.133125 0.771875 0.061250 0.058750
0 0.113125 0.180625 0.031250 0.031250
0 0.292500 0.327500 0.052500 0.052500
0 0.250625 0.823125 0.038750 0.031250
0 0.173750 0.610625 0.067500 0.053750
0 0.045625 0.456875 0.041250 0.041250
0 0.075000 0.875000 0.062500 0.060000
0 0.448125 0.658125 0.028750 0.028750
0 0.942500 0.220000 0.042500 0.042500
0 0.383125 0.740625 0.051250 0.051250
0 0.308750 0.811250 0.042500 0.042500
0 0.476250 0.355000 0.035000 0.035000