0 0.633750 0.351250 0.112500 0.107500
0 0.233750 0.055000 0.085000 0.080000
0 0.613750 0.650000 0.035000 0.032500
0 0.421250 0.772500 0.100000 0.095000
0 0.797500 0.576875 0.047500 0.048750
0 0.872500 0.301875 0.047500 0.048750
0 0.706250 0.848125 0.100000 0.103750
0 0.961875 0.312500 0.048750 0.050000
0 0.908750 0.494375 0.092500 0.111250
0 0.386250 0.906875 0.090000 0.103750
0 0.150000 0.170000 0.045000 0.057500
0 0.138125 0.549375 0.096250 0.123750
0 0.339375 0.128125 0.026250 0.026250
0 0.371250 0.495000 0.090000 0.092500
0 0.335625 0.231875 0.076250 0.076250
0 0.742500 0.711250 0.072500 0.072500
0 0.777500 0.462500 0.062500 0.062500
0 0.803125 0.289375 0.048750 0.048750
0 0.073750 0.200625 0.042500 0.036250
0 0.232500 0.420000 0.087500 0.075000
0 0.500000 0.301250 0.072500 0.062500
0 0.652500 0.515625 0.040000 0.031250
0 0.886875 0.208750 0.053750 0.042500
0 0.413125 0.141875 0.076250 0.061250
0 0.746250 0.085000 0.055000 0.055000
0 0.353750 0.300000 0.040000 0.040000
0 0.600000 0.086250 0.095000 0.095000
0 0.806250 0.200000 0.075000 0.075000
0 0.540625 0.481875 0.046250 0.046250
0 0.142500 0.951250 0.037500 0.037500
0 0.276250 0.666250 0.090000 0.090000
0 0.150625 0.871875 0.058750 0.058750
0 0.381875 0.654375 0.106250 0.106250
0 0.838750 0.777500 0.067500 0.060000
0 0.558750 0.766250 0.092500 0.092500
0 0.606875 0.228125 0.056250 0.056250
0 0.952500 0.918750 0.050000 0.050000
0 0.515625 0.600625 0.103750 0.103750
0 0.762500 0.351250 0.035000 0.035000
0 0.237500 0.209375 0.082500 0.063750
0 0.722500 0.036875 0.035000 0.026250
0 0.693125 0.158750 0.056250 0.042500
0 0.311250 0.803750 0.075000 0.075000
0 0.076250 0.367500 0.057500 0.057500
0 0.208125 0.881875 0.028750 0.028750
0 0.106875 0.785625 0.098750 0.091250
0 0.919375 0.860625 0.041250 0.041250
0 0.090000 0.441250 0.032500 0.032500
0 0.135625 0.244375 0.053750 0.053750
0 0.898125 0.616875 0.101250 0.101250
0 0.056875 0.673125 0.083750 0.083750
0 0.285000 0.508750 0.032500 0.032500
0 0.946250 0.120000 0.052500 0.057500
0 0.834375 0.885000 0.096250 0.110000
0 0.909375 0.797500 0.048750 0.047500
0 0.107500 0.047500 0.032500 0.032500
0 0.851875 0.373125 0.066250 0.066250
0 0.709375 0.581875 0.083750 0.083750
0 0.852500 0.110000 0.085000 0.085000
0 0.516250 0.905000 0.080000 0.080000
0 0.615625 0.590625 0.068750 0.068750
0 0.076875 0.904375 0.073750 0.073750
0 0.416250 0.234375 0.065000 0.061250
0 0.693750 0.246250 0.067500 0.067500
0 0.538125 0.685625 0.048750 0.048750
0 0.205625 0.774375 0.083750 0.083750
0 0.609375 0.914375 0.068750 0.068750
0 0.407500 0.062500 0.075000 0.075000
0 0.332500 0.401250 0.065000 0.065000
0 0.041250 0.261875 0.045000 0.041250
0 0.173125 0.653125 0.043750 0.043750
0 0.249375 0.567500 0.111250 0.035000
0 0.226250 0.311250 0.110000 0.107500
0 0.303125 0.931875 0.033750 0.033750
0 0.422500 0.385000 0.047500 0.057500