0 0.576875 0.896875 0.036250 0.036250
0 0.244375 0.940625 0.068750 0.068750
0 0.082500 0.586250 0.067500 0.067500
0 0.630625 0.275625 0.031250 0.031250
0 0.178125 0.470625 0.056250 0.056250
0 0.850000 0.190000 0.057500 0.057500
0 0.110000 0.068750 0.107500 0.107500
0 0.263750 0.608750 0.072500 0.072500
0 0.408125 0.523125 0.103750 0.103750
0 0.428125 0.181875 0.076250 0.076250
0 0.935000 0.701250 0.067500 0.067500
0 0.919375 0.951250 0.038750 0.032500
0 0.077500 0.923125 0.095000 0.081250
0 0.279375 0.514375 0.026250 0.021250
0 0.684375 0.155000 0.056250 0.047500
0 0.503125 0.508125 0.061250 0.061250
0 0.932500 0.787500 0.075000 0.075000
0 0.241875 0.381875 0.028750 0.028750
0 0.575000 0.623750 0.102500 0.102500
0 0.586250 0.480000 0.080000 0.095000
0 0.925000 0.310000 0.050000 0.062500
0 0.701875 0.341250 0.086250 0.107500
0 0.256875 0.179375 0.093750 0.116250
0 0.353750 0.605000 0.030000 0.037500
0 0.142500 0.382500 0.050000 0.050000
0 0.086250 0.310000 0.060000 0.067500
0 0.060625 0.790000 0.063750 0.072500
0 0.402500 0.878750 0.095000 0.107500
0 0.736250 0.567500 0.095000 0.107500
0 0.357500 0.223750 0.042500 0.042500
0 0.350000 0.330000 0.075000 0.075000
0 0.216875 0.298125 0.073750 0.066250
0 0.921875 0.441875 0.101250 0.091250
0 0.231250 0.721875 0.082500 0.073750
0 0.854375 0.932500 0.028750 0.025000
0 0.720625 0.756875 0.028750 0.028750
0 0.838750 0.283750 0.047500 0.047500
0 0.188125 0.368125 0.026250 0.026250
0 0.710625 0.706875 0.041250 0.041250
0 0.588125 0.786250 0.111250 0.107500
0 0.300625 0.855625 0.086250 0.086250
0 0.253125 0.063750 0.101250 0.097500
0 0.530000 0.089375 0.107500 0.103750
0 0.556875 0.190000 0.076250 0.072500
0 0.364375 0.404375 0.043750 0.041250
0 0.137500 0.168750 0.045000 0.045000
0 0.706250 0.915000 0.077500 0.077500
0 0.828750 0.850000 0.047500 0.047500
0 0.850625 0.416875 0.026250 0.026250
0 0.933125 0.246875 0.033750 0.033750
0 0.478125 0.353125 0.096250 0.096250
0 0.321875 0.534375 0.031250 0.031250
0 0.799375 0.758125 0.081250 0.081250
0 0.074375 0.503125 0.043750 0.043750
0 0.061875 0.409375 0.083750 0.083750
0 0.154375 0.686875 0.041250 0.041250
0 0.718750 0.471250 0.067500 0.060000
0 0.942500 0.571250 0.080000 0.080000
0 0.192500 0.825000 0.082500 0.082500
0 0.659375 0.209375 0.036250 0.036250
0 0.771250 0.233750 0.062500 0.062500
0 0.437500 0.726875 0.110000 0.131250
0 0.948750 0.072500 0.075000 0.085000
0 0.815625 0.356875 0.068750 0.063750
0 0.506875 0.263750 0.058750 0.045000
0 0.832500 0.626875 0.070000 0.121250
0 0.028125 0.704375 0.031250 0.033750
0 0.796875 0.096250 0.093750 0.102500
0 0.050000 0.220000 0.065000 0.065000
0 0.502500 0.888750 0.032500 0.032500
0 0.656250 0.670000 0.045000 0.045000
0 0.713125 0.826875 0.073750 0.073750