0 0.786250 0.268125 0.052500 0.046250
0 0.896875 0.182500 0.056250 0.055000
0 0.738125 0.791875 0.051250 0.051250
0 0.356875 0.356875 0.063750 0.063750
0 0.313750 0.821250 0.105000 0.105000
0 0.885000 0.695000 0.050000 0.050000
0 0.637500 0.697500 0.047500 0.055000
0 0.803750 0.398125 0.102500 0.083750
0 0.425625 0.079375 0.106250 0.086250
0 0.689375 0.316875 0.076250 0.061250
0 0.934375 0.412500 0.036250 0.030000
0 0.351250 0.587500 0.045000 0.045000
0 0.430000 0.517500 0.055000 0.055000
0 0.171250 0.886250 0.055000 0.055000
0 0.703125 0.180625 0.048750 0.048750
0 0.065000 0.261250 0.042500 0.030000
0 0.253125 0.313125 0.041250 0.041250
0 0.152500 0.653750 0.080000 0.080000
0 0.865625 0.254375 0.063750 0.063750
0 0.242500 0.196250 0.095000 0.095000
0 0.761875 0.105625 0.088750 0.083750
0 0.600000 0.130625 0.067500 0.063750
0 0.700625 0.908750 0.026250 0.025000
0 0.838750 0.547500 0.095000 0.090000
0 0.626250 0.472500 0.055000 0.055000
0 0.212500 0.093750 0.072500 0.072500
0 0.253750 0.485000 0.067500 0.067500
0 0.089375 0.439375 0.076250 0.076250
0 0.451875 0.689375 0.096250 0.096250
0 0.874375 0.054375 0.068750 0.068750
0 0.860625 0.845625 0.081250 0.081250
0 0.326875 0.644375 0.036250 0.036250
0 0.558125 0.303125 0.093750 0.106250
0 0.569375 0.904375 0.041250 0.046250
0 0.164375 0.466875 0.041250 0.046250
0 0.535625 0.524375 0.111250 0.126250
0 0.161875 0.798125 0.076250 0.078750
0 0.666250 0.060625 0.037500 0.038750
0 0.407500 0.200000 0.025000 0.025000
0 0.454375 0.286250 0.088750 0.090000
0 0.123125 0.187500 0.098750 0.100000
0 0.933125 0.609375 0.063750 0.063750
0 0.738750 0.573750 0.090000 0.090000
0 0.038750 0.861250 0.045000 0.057500
0 0.057500 0.712500 0.085000 0.085000
0 0.479375 0.886875 0.108750 0.108750
0 0.941250 0.500000 0.087500 0.087500
0 0.598750 0.811875 0.097500 0.106250
0 0.556250 0.711875 0.097500 0.073750
0 0.561250 0.640000 0.035000 0.035000
0 0.733750 0.691250 0.057500 0.057500
0 0.148125 0.338125 0.053750 0.053750
0 0.698125 0.456875 0.063750 0.063750
0 0.448750 0.401250 0.065000 0.065000
0 0.861875 0.326875 0.033750 0.033750
0 0.955625 0.714375 0.063750 0.063750
0 0.507500 0.613750 0.057500 0.037500
0 0.166875 0.510625 0.041250 0.026250
0 0.100000 0.044375 0.097500 0.063750
0 0.313750 0.050000 0.070000 0.070000
0 0.263125 0.931875 0.073750 0.063750
0 0.496875 0.185625 0.101250 0.088750
0 0.959375 0.275625 0.038750 0.041250
0 0.087500 0.537500 0.077500 0.092500