0 0.730000 0.473750 0.095000 0.095000
0 0.730625 0.683125 0.081250 0.081250
0 0.535000 0.246250 0.080000 0.080000
0 0.818125 0.658125 0.028750 0.026250
0 0.138750 0.736875 0.060000 0.056250
0 0.406875 0.317500 0.041250 0.047500
0 0.765625 0.588750 0.051250 0.052500
0 0.310625 0.607500 0.088750 0.082500
0 0.350000 0.162500 0.105000 0.105000
0 0.094375 0.173125 0.103750 0.093750
0 0.543125 0.574375 0.083750 0.083750
0 0.781875 0.830625 0.108750 0.108750
0 0.685625 0.071875 0.088750 0.088750
0 0.538125 0.058125 0.083750 0.083750
0 0.636875 0.286875 0.098750 0.098750
0 0.936250 0.331250 0.097500 0.097500
0 0.798125 0.140625 0.108750 0.108750
0 0.347500 0.912500 0.070000 0.065000
0 0.905000 0.666250 0.090000 0.107500
0 0.487500 0.833750 0.072500 0.072500
0 0.900000 0.832500 0.062500 0.062500
0 0.070000 0.461250 0.077500 0.077500
0 0.165625 0.576875 0.093750 0.093750
0 0.601875 0.704375 0.108750 0.108750
0 0.633125 0.443125 0.061250 0.061250
0 0.423750 0.712500 0.080000 0.080000
0 0.740000 0.358750 0.075000 0.075000
0 0.212500 0.880000 0.052500 0.052500
0 0.498125 0.356250 0.106250 0.107500
0 0.198750 0.299375 0.112500 0.113750
0 0.811875 0.339375 0.038750 0.038750
0 0.136875 0.914375 0.076250 0.076250
0 0.389375 0.419375 0.048750 0.048750
0 0.281250 0.722500 0.097500 0.097500
0 0.923125 0.205625 0.083750 0.081250
0 0.528750 0.475000 0.092500 0.092500
0 0.913750 0.938750 0.045000 0.045000
0 0.280625 0.514375 0.068750 0.068750
0 0.636250 0.366250 0.032500 0.032500
0 0.745625 0.256875 0.056250 0.056250
0 0.306875 0.321875 0.076250 0.076250
0 0.508125 0.928125 0.091250 0.091250
0 0.270000 0.386250 0.030000 0.030000
0 0.445000 0.081250 0.055000 0.055000
0 0.059375 0.786875 0.073750 0.073750
0 0.670625 0.190625 0.073750 0.073750
0 0.309375 0.055625 0.068750 0.068750
0 0.845625 0.495625 0.048750 0.056250
0 0.637500 0.843750 0.075000 0.075000
0 0.286250 0.833125 0.077500 0.071250
0 0.127500 0.686250 0.030000 0.030000
0 0.240625 0.186875 0.068750 0.068750
0 0.183125 0.444375 0.041250 0.041250
0 0.214375 0.100625 0.078750 0.078750
0 0.411250 0.872500 0.042500 0.055000
0 0.083750 0.571875 0.032500 0.036250
0 0.115625 0.281250 0.036250 0.037500
0 0.935625 0.083125 0.103750 0.103750
0 0.191250 0.495000 0.037500 0.037500
0 0.185000 0.808750 0.062500 0.062500
0 0.655625 0.581875 0.101250 0.101250
0 0.069375 0.373125 0.068750 0.068750
0 0.449375 0.220625 0.046250 0.046250
0 0.486250 0.152500 0.062500 0.062500
0 0.934375 0.500625 0.101250 0.101250
0 0.448750 0.603750 0.037500 0.037500
0 0.681875 0.945625 0.058750 0.058750
0 0.894375 0.410625 0.041250 0.041250
0 0.848125 0.042500 0.041250 0.045000