0 0.560625 0.483125 0.076250 0.076250
0 0.568125 0.721875 0.058750 0.058750
0 0.113125 0.436875 0.041250 0.041250
0 0.443125 0.369375 0.028750 0.028750
0 0.831875 0.707500 0.043750 0.042500
0 0.684375 0.418125 0.073750 0.071250
0 0.362500 0.433125 0.047500 0.046250
0 0.746250 0.621875 0.035000 0.033750
0 0.488750 0.920000 0.040000 0.040000
0 0.683750 0.233125 0.067500 0.078750
0 0.424375 0.721875 0.088750 0.083750
0 0.850000 0.468125 0.090000 0.093750
0 0.585625 0.064375 0.063750 0.066250
0 0.565000 0.605000 0.097500 0.097500
0 0.115000 0.037500 0.045000 0.045000
0 0.742500 0.717500 0.072500 0.072500
0 0.163750 0.268750 0.060000 0.060000
0 0.187500 0.427500 0.040000 0.040000
0 0.401875 0.229375 0.078750 0.078750
0 0.423750 0.618750 0.025000 0.025000
0 0.499375 0.089375 0.071250 0.071250
0 0.192500 0.527500 0.030000 0.022500
0 0.096250 0.510000 0.070000 0.067500
0 0.165625 0.141250 0.088750 0.085000
0 0.316250 0.811250 0.060000 0.057500
0 0.206250 0.927500 0.040000 0.037500
0 0.895625 0.365625 0.031250 0.031250
0 0.519375 0.361250 0.068750 0.100000
0 0.285000 0.721875 0.077500 0.081250
0 0.881875 0.120000 0.073750 0.077500
0 0.244375 0.819375 0.058750 0.058750
0 0.953125 0.727500 0.058750 0.055000
0 0.816875 0.905625 0.083750 0.078750
0 0.098125 0.630625 0.083750 0.078750
0 0.667500 0.541250 0.092500 0.087500
0 0.233125 0.600625 0.038750 0.033750
0 0.394375 0.918125 0.041250 0.036250
0 0.478125 0.830625 0.081250 0.071250
0 0.541250 0.893750 0.045000 0.040000
0 0.076875 0.816875 0.108750 0.108750
0 0.278750 0.302500 0.102500 0.102500
0 0.057500 0.327500 0.065000 0.065000
0 0.431250 0.525000 0.090000 0.090000
0 0.495000 0.186250 0.077500 0.077500
0 0.375000 0.350000 0.032500 0.032500
0 0.779375 0.081875 0.111250 0.111250
0 0.629375 0.804375 0.083750 0.083750
0 0.263125 0.449375 0.093750 0.093750
0 0.276875 0.101875 0.106250 0.106250
0 0.951875 0.259375 0.061250 0.061250
0 0.821250 0.250625 0.052500 0.063750
0 0.299375 0.913750 0.073750 0.090000
0 0.092500 0.382500 0.025000 0.030000
0 0.911875 0.808125 0.068750 0.083750
0 0.747500 0.510000 0.047500 0.037500
0 0.391250 0.096875 0.095000 0.076250
0 0.885625 0.628125 0.101250 0.081250
0 0.686875 0.145625 0.036250 0.028750
0 0.092500 0.921250 0.042500 0.042500
0 0.692500 0.930000 0.072500 0.072500
0 0.935000 0.045625 0.050000 0.028750
0 0.780000 0.175000 0.075000 0.042500
0 0.650000 0.653750 0.057500 0.057500
0 0.826875 0.373125 0.068750 0.068750
0 0.043125 0.123125 0.028750 0.028750
0 0.318125 0.635625 0.056250 0.056250
0 0.358125 0.561875 0.041250 0.041250
0 0.608750 0.907500 0.055000 0.055000
0 0.890625 0.725625 0.043750 0.041250
0 0.161875 0.359375 0.071250 0.066250
0 0.903125 0.910000 0.061250 0.057500
0 0.050000 0.181250 0.067500 0.067500
0 0.074375 0.238125 0.028750 0.028750
0 0.166250 0.740625 0.052500 0.048750
0 0.601250 0.322500 0.062500 0.062500
0 0.595000 0.386250 0.050000 0.050000
0 0.188750 0.856250 0.035000 0.035000
0 0.040000 0.713125 0.052500 0.058750
0 0.581250 0.236875 0.070000 0.078750
0 0.934375 0.420000 0.053750 0.060000