0 0.933750 0.621250 0.072500 0.072500
0 0.211875 0.316875 0.083750 0.083750
0 0.315625 0.347500 0.043750 0.052500
0 0.595000 0.760625 0.080000 0.096250
0 0.576875 0.323125 0.028750 0.028750
0 0.816875 0.270625 0.041250 0.041250
0 0.923125 0.424375 0.086250 0.086250
0 0.855625 0.104375 0.031250 0.031250
0 0.193750 0.111250 0.030000 0.030000
0 0.441875 0.543750 0.066250 0.082500
0 0.666250 0.456250 0.060000 0.092500
0 0.049375 0.103125 0.046250 0.071250
0 0.313125 0.593125 0.068750 0.068750
0 0.095000 0.625000 0.032500 0.032500
0 0.805625 0.490625 0.038750 0.038750
0 0.084375 0.909375 0.083750 0.083750
0 0.416250 0.303750 0.087500 0.087500
0 0.340000 0.896250 0.032500 0.032500
0 0.410625 0.112500 0.101250 0.110000
0 0.439375 0.890000 0.106250 0.102500
0 0.711875 0.183125 0.066250 0.063750
0 0.871875 0.793750 0.091250 0.087500
0 0.545625 0.283125 0.038750 0.036250
0 0.949375 0.872500 0.046250 0.050000
0 0.882500 0.206250 0.027500 0.027500
0 0.105000 0.451250 0.092500 0.092500
0 0.285000 0.678750 0.062500 0.062500
0 0.293750 0.837500 0.057500 0.057500
0 0.196250 0.872500 0.110000 0.110000
0 0.686875 0.326875 0.098750 0.098750
0 0.894375 0.310625 0.066250 0.076250
0 0.781250 0.650000 0.092500 0.092500
0 0.349375 0.444375 0.056250 0.061250
0 0.534375 0.498125 0.096250 0.093750
0 0.386875 0.719375 0.111250 0.108750
0 0.314375 0.268750 0.036250 0.035000
0 0.204375 0.626875 0.063750 0.061250
0 0.608750 0.167500 0.110000 0.110000
0 0.739375 0.891875 0.093750 0.093750
0 0.227500 0.501250 0.097500 0.097500
0 0.141250 0.185000 0.097500 0.097500
0 0.093750 0.326875 0.105000 0.118750
0 0.711250 0.255000 0.030000 0.030000
0 0.643125 0.561875 0.061250 0.056250
0 0.590625 0.663750 0.063750 0.052500
0 0.446875 0.215625 0.083750 0.068750
0 0.151250 0.036250 0.047500 0.047500
0 0.185625 0.719375 0.106250 0.106250
0 0.058125 0.552500 0.038750 0.035000
0 0.921250 0.074375 0.040000 0.036250
0 0.256250 0.195625 0.042500 0.038750
0 0.685625 0.691250 0.031250 0.035000
0 0.284375 0.103125 0.056250 0.056250
0 0.866250 0.870000 0.035000 0.035000
0 0.538750 0.392500 0.087500 0.087500
0 0.486875 0.641250 0.051250 0.052500
0 0.719375 0.069375 0.076250 0.111250
0 0.563750 0.873750 0.040000 0.057500
0 0.773125 0.774375 0.063750 0.063750
0 0.070000 0.801250 0.102500 0.102500
0 0.671250 0.792500 0.047500 0.047500
0 0.660625 0.638125 0.036250 0.036250
0 0.803125 0.410625 0.096250 0.096250
0 0.534375 0.574375 0.038750 0.038750
0 0.298125 0.944375 0.033750 0.033750
0 0.299375 0.755625 0.043750 0.043750
0 0.515000 0.126250 0.057500 0.057500
0 0.427500 0.408750 0.070000 0.070000
0 0.791250 0.188750 0.062500 0.062500
0 0.054375 0.215625 0.061250 0.061250
0 0.831875 0.940625 0.041250 0.041250
0 0.636250 0.887500 0.080000 0.080000
0 0.905625 0.515625 0.056250 0.056250
0 0.132500 0.537500 0.040000 0.040000
0 0.483125 0.760625 0.051250 0.051250