0 0.087500 0.175000 0.097500 0.097500
0 0.678125 0.803125 0.026250 0.026250
0 0.294375 0.186875 0.033750 0.033750
0 0.731250 0.422500 0.107500 0.107500
0 0.475000 0.945000 0.057500 0.057500
0 0.333125 0.323125 0.058750 0.058750
0 0.521875 0.323125 0.076250 0.076250
0 0.507500 0.741875 0.095000 0.088750
0 0.492500 0.542500 0.112500 0.105000
0 0.864375 0.610000 0.081250 0.075000
0 0.215000 0.183750 0.050000 0.050000
0 0.459375 0.037500 0.043750 0.037500
0 0.713750 0.247500 0.092500 0.075000
0 0.893750 0.476250 0.072500 0.077500
0 0.804375 0.748750 0.063750 0.067500
0 0.348125 0.483750 0.101250 0.107500
0 0.617500 0.730000 0.077500 0.077500
0 0.113125 0.464375 0.028750 0.028750
0 0.287500 0.901250 0.077500 0.040000
0 0.064375 0.338125 0.071250 0.071250
0 0.233125 0.425625 0.061250 0.061250
0 0.340625 0.706875 0.063750 0.063750
0 0.396875 0.129375 0.031250 0.031250
0 0.766250 0.136250 0.112500 0.102500
0 0.266875 0.832500 0.028750 0.025000
0 0.235000 0.589375 0.060000 0.053750
0 0.589375 0.118750 0.038750 0.035000
0 0.066875 0.693125 0.086250 0.086250
0 0.578750 0.443750 0.070000 0.072500
0 0.636250 0.625000 0.057500 0.060000
0 0.831875 0.229375 0.056250 0.058750
0 0.714375 0.695625 0.073750 0.076250
0 0.643750 0.569375 0.030000 0.028750
0 0.371250 0.626250 0.072500 0.070000
0 0.171250 0.326250 0.067500 0.065000
0 0.918125 0.761875 0.101250 0.096250
0 0.060000 0.910625 0.080000 0.076250
0 0.168125 0.896875 0.106250 0.101250
0 0.426875 0.190625 0.058750 0.041250
0 0.883750 0.379375 0.095000 0.076250
0 0.850000 0.919375 0.112500 0.103750
0 0.960625 0.138125 0.046250 0.046250
0 0.293125 0.090000 0.056250 0.040000
0 0.363125 0.816875 0.063750 0.066250
0 0.216250 0.510000 0.050000 0.050000
0 0.510625 0.168125 0.086250 0.086250
0 0.057500 0.551250 0.085000 0.085000
0 0.232500 0.687500 0.035000 0.035000
0 0.028750 0.821250 0.030000 0.030000
0 0.167500 0.671250 0.070000 0.070000
0 0.685000 0.548750 0.025000 0.032500
0 0.646250 0.925000 0.075000 0.100000
0 0.411250 0.300000 0.080000 0.107500
0 0.433125 0.395625 0.031250 0.041250
0 0.170000 0.061250 0.090000 0.090000
0 0.169375 0.776875 0.096250 0.096250
0 0.210000 0.253750 0.057500 0.057500
0 0.905000 0.062500 0.087500 0.087500
0 0.715000 0.828750 0.032500 0.032500
0 0.400625 0.930625 0.046250 0.046250
0 0.611875 0.048125 0.063750 0.063750
0 0.497500 0.877500 0.047500 0.047500
0 0.285000 0.235000 0.047500 0.047500
0 0.600625 0.303125 0.056250 0.056250
0 0.076875 0.058125 0.066250 0.066250
0 0.911250 0.226250 0.067500 0.067500
0 0.580625 0.831875 0.061250 0.061250
0 0.746250 0.591250 0.080000 0.080000
0 0.819375 0.036875 0.043750 0.043750
0 0.341250 0.195000 0.045000 0.045000
0 0.066250 0.251250 0.035000 0.035000
0 0.057500 0.455000 0.052500 0.052500
0 0.553750 0.626250 0.040000 0.040000
0 0.945625 0.605000 0.066250 0.057500
0 0.260000 0.354375 0.062500 0.063750
0 0.961250 0.916250 0.052500 0.052500
0 0.668125 0.139375 0.063750 0.063750
0 0.620625 0.218125 0.041250 0.041250
0 0.970625 0.853750 0.026250 0.047500
0 0.784375 0.661875 0.036250 0.036250
0 0.166250 0.528750 0.025000 0.025000
0 0.415625 0.689375 0.041250 0.041250