0 0.707500 0.398750 0.072500 0.072500
0 0.286875 0.494375 0.031250 0.031250
0 0.411250 0.357500 0.087500 0.087500
0 0.882500 0.153750 0.100000 0.100000
0 0.206250 0.843750 0.085000 0.085000
0 0.338125 0.205000 0.088750 0.040000
0 0.127500 0.360625 0.047500 0.021250
0 0.753750 0.838750 0.057500 0.025000
0 0.651250 0.665000 0.045000 0.045000
0 0.651875 0.878125 0.096250 0.096250
0 0.185000 0.263750 0.112500 0.112500
0 0.691250 0.771250 0.032500 0.032500
0 0.663125 0.151875 0.046250 0.046250
0 0.813750 0.743750 0.085000 0.085000
0 0.517500 0.851250 0.030000 0.037500
0 0.563125 0.445000 0.096250 0.120000
0 0.745625 0.509375 0.091250 0.113750
0 0.685625 0.606875 0.048750 0.048750
0 0.850000 0.837500 0.075000 0.075000
0 0.932500 0.565000 0.085000 0.085000
0 0.383750 0.665000 0.055000 0.055000
0 0.695000 0.274375 0.087500 0.063750
0 0.073750 0.516250 0.080000 0.080000
0 0.436250 0.479375 0.040000 0.043750
0 0.105000 0.676875 0.090000 0.098750
0 0.558750 0.272500 0.085000 0.085000
0 0.442500 0.168750 0.067500 0.067500
0 0.863750 0.065000 0.042500 0.042500
0 0.440000 0.937500 0.032500 0.032500
0 0.243125 0.403125 0.111250 0.111250
0 0.960625 0.664375 0.046250 0.046250
0 0.788750 0.067500 0.055000 0.055000
0 0.290000 0.072500 0.100000 0.092500
0 0.158125 0.079375 0.111250 0.103750
0 0.079375 0.930625 0.071250 0.066250
0 0.471875 0.687500 0.078750 0.072500
0 0.359375 0.913125 0.088750 0.088750
0 0.420625 0.796875 0.111250 0.111250
0 0.783125 0.178125 0.056250 0.056250
0 0.413125 0.587500 0.071250 0.072500
0 0.731875 0.943125 0.026250 0.026250
0 0.873125 0.441875 0.058750 0.061250
0 0.524375 0.545000 0.036250 0.037500
0 0.850625 0.272500 0.096250 0.100000
0 0.282500 0.836250 0.047500 0.047500
0 0.560625 0.604375 0.061250 0.061250
0 0.227500 0.537500 0.027500 0.027500
0 0.291250 0.685000 0.112500 0.112500
0 0.319375 0.771875 0.036250 0.036250
0 0.941250 0.890000 0.072500 0.072500
0 0.553125 0.145625 0.071250 0.071250
0 0.613125 0.765625 0.101250 0.101250
0 0.055000 0.196250 0.072500 0.072500
0 0.091875 0.800625 0.111250 0.111250
0 0.373750 0.450000 0.070000 0.070000
0 0.400000 0.089375 0.075000 0.071250
0 0.035000 0.036250 0.032500 0.032500
0 0.060000 0.391250 0.062500 0.047500
0 0.940625 0.796875 0.073750 0.073750