0 0.305000 0.824375 0.050000 0.056250
0 0.531250 0.071875 0.085000 0.068750
0 0.311875 0.420625 0.111250 0.111250
0 0.315000 0.187500 0.040000 0.040000
0 0.126875 0.725625 0.026250 0.026250
0 0.508750 0.763750 0.032500 0.032500
0 0.618125 0.448125 0.033750 0.033750
0 0.122500 0.215000 0.102500 0.102500
0 0.941875 0.600625 0.041250 0.041250
0 0.936250 0.707500 0.045000 0.040000
0 0.225000 0.753750 0.082500 0.075000
0 0.454375 0.564375 0.093750 0.098750
0 0.060625 0.655000 0.078750 0.082500
0 0.910625 0.357500 0.071250 0.080000
0 0.350625 0.709375 0.058750 0.066250
0 0.187500 0.343125 0.092500 0.103750
0 0.173750 0.091250 0.087500 0.097500
0 0.545625 0.399375 0.073750 0.073750
0 0.946250 0.179375 0.072500 0.086250
0 0.743125 0.305625 0.103750 0.103750
0 0.287500 0.707500 0.025000 0.025000
0 0.851250 0.733750 0.105000 0.105000
0 0.171875 0.853125 0.053750 0.053750
0 0.793750 0.150000 0.075000 0.075000
0 0.143125 0.531875 0.041250 0.041250
0 0.530000 0.509375 0.032500 0.038750
0 0.344375 0.592500 0.051250 0.042500
0 0.546875 0.640000 0.033750 0.027500
0 0.576250 0.193750 0.075000 0.075000
0 0.237500 0.638750 0.030000 0.030000
0 0.700000 0.105000 0.052500 0.052500
0 0.447500 0.081250 0.047500 0.047500
0 0.567500 0.931250 0.067500 0.055000
0 0.638750 0.675000 0.082500 0.067500
0 0.918125 0.476875 0.036250 0.028750
0 0.359375 0.115000 0.076250 0.062500
0 0.764375 0.576250 0.108750 0.122500
0 0.467500 0.328750 0.047500 0.052500
0 0.659375 0.807500 0.091250 0.102500
0 0.081250 0.330625 0.092500 0.093750
0 0.066875 0.883750 0.093750 0.095000
0 0.448750 0.845625 0.055000 0.056250
0 0.898125 0.643125 0.028750 0.028750
0 0.712500 0.956875 0.032500 0.028750
0 0.635000 0.886250 0.027500 0.025000
0 0.335625 0.306875 0.043750 0.038750
0 0.660625 0.504375 0.041250 0.041250
0 0.557500 0.257500 0.027500 0.027500
0 0.812500 0.860000 0.112500 0.112500
0 0.055000 0.505000 0.077500 0.077500
0 0.928750 0.845625 0.027500 0.026250
0 0.210000 0.946250 0.047500 0.047500
0 0.753750 0.461250 0.037500 0.037500
0 0.305000 0.645000 0.040000 0.040000
0 0.498750 0.261250 0.057500 0.057500
0 0.324375 0.914375 0.086250 0.086250
0 0.853125 0.073125 0.051250 0.051250
0 0.575625 0.773125 0.046250 0.046250
0 0.455625 0.461250 0.083750 0.080000
0 0.469375 0.153750 0.073750 0.070000
0 0.862500 0.275000 0.055000 0.052500
0 0.254375 0.068125 0.028750 0.028750
0 0.630000 0.582500 0.082500 0.082500
0 0.449375 0.679375 0.111250 0.111250
0 0.812500 0.445000 0.047500 0.047500
0 0.750625 0.744375 0.053750 0.053750
0 0.406250 0.277500 0.060000 0.060000
0 0.150625 0.593125 0.038750 0.038750
0 0.653125 0.191875 0.056250 0.056250
0 0.065625 0.076250 0.063750 0.067500
0 0.643750 0.310000 0.037500 0.045000
0 0.851875 0.585625 0.036250 0.043750
0 0.721250 0.174375 0.030000 0.036250
0 0.735000 0.226875 0.032500 0.038750
0 0.044375 0.741250 0.053750 0.065000
0 0.951250 0.933125 0.055000 0.066250
0 0.792500 0.080000 0.030000 0.030000
0 0.238750 0.564375 0.090000 0.081250
0 0.441875 0.928125 0.088750 0.086250
0 0.066875 0.572500 0.041250 0.032500
0 0.556250 0.715000 0.060000 0.047500
0 0.925000 0.059375 0.040000 0.031250
0 0.747500 0.680000 0.035000 0.035000