0 0.644375 0.779375 0.068750 0.068750
0 0.241875 0.169375 0.076250 0.076250
0 0.866875 0.657500 0.088750 0.137500
0 0.365625 0.533750 0.043750 0.067500
0 0.373125 0.385625 0.061250 0.061250
0 0.082500 0.552500 0.045000 0.045000
0 0.758750 0.437500 0.100000 0.100000
0 0.629375 0.101875 0.068750 0.068750
0 0.933750 0.520000 0.067500 0.067500
0 0.313750 0.620000 0.070000 0.070000
0 0.475625 0.196250 0.041250 0.050000
0 0.592500 0.542500 0.035000 0.035000
0 0.334375 0.236875 0.046250 0.046250
0 0.038750 0.405000 0.035000 0.035000
0 0.677500 0.626250 0.052500 0.052500
0 0.796250 0.326250 0.027500 0.027500
0 0.073125 0.133125 0.058750 0.066250
0 0.226250 0.677500 0.067500 0.075000
0 0.296250 0.914375 0.107500 0.121250
0 0.480000 0.393750 0.057500 0.050000
0 0.288750 0.520000 0.072500 0.072500
0 0.595000 0.645000 0.082500 0.082500
0 0.772500 0.748125 0.067500 0.066250
0 0.613125 0.196250 0.043750 0.060000
0 0.216250 0.818750 0.035000 0.047500
0 0.183750 0.370625 0.030000 0.041250
0 0.938750 0.198750 0.050000 0.050000
0 0.490000 0.798750 0.045000 0.045000
0 0.699375 0.098125 0.046250 0.046250
0 0.385000 0.748750 0.102500 0.102500
0 0.616250 0.460000 0.080000 0.080000
0 0.951250 0.940000 0.070000 0.070000
0 0.576250 0.863125 0.070000 0.061250
0 0.450000 0.590000 0.107500 0.095000
0 0.288125 0.326250 0.091250 0.080000
0 0.873750 0.092500 0.055000 0.047500
0 0.458125 0.286875 0.051250 0.051250
0 0.955625 0.629375 0.026250 0.026250
0 0.854375 0.149375 0.038750 0.038750
0 0.578125 0.326875 0.108750 0.108750
0 0.137500 0.301250 0.070000 0.070000
0 0.125625 0.231875 0.043750 0.043750
0 0.881250 0.380000 0.030000 0.030000
0 0.130625 0.456875 0.098750 0.098750
0 0.036875 0.033125 0.038750 0.038750
0 0.856250 0.261250 0.042500 0.042500
0 0.136250 0.835000 0.077500 0.077500
0 0.438125 0.486875 0.051250 0.061250
0 0.720625 0.255625 0.096250 0.096250
0 0.792500 0.616250 0.040000 0.040000
0 0.676250 0.880000 0.112500 0.112500
0 0.080625 0.690625 0.048750 0.048750
0 0.422500 0.052500 0.077500 0.077500
0 0.442500 0.878750 0.082500 0.082500
0 0.731875 0.168125 0.081250 0.058750
0 0.535000 0.067500 0.065000 0.065000
0 0.061875 0.621875 0.073750 0.073750
0 0.049375 0.914375 0.048750 0.048750
0 0.343125 0.151875 0.081250 0.081250
0 0.860000 0.517500 0.030000 0.030000
0 0.795625 0.879375 0.111250 0.111250
0 0.928750 0.273125 0.050000 0.046250
0 0.183750 0.566250 0.090000 0.090000
0 0.242500 0.061250 0.025000 0.025000
0 0.298750 0.053750 0.060000 0.060000
0 0.942500 0.396250 0.075000 0.142500
0 0.928750 0.816875 0.057500 0.108750
0 0.241875 0.413125 0.063750 0.053750
0 0.311875 0.434375 0.026250 0.021250
0 0.678750 0.580000 0.030000 0.025000
0 0.047500 0.839375 0.062500 0.051250
0 0.140625 0.737500 0.051250 0.095000
0 0.096250 0.039375 0.050000 0.036250
0 0.354375 0.303125 0.026250 0.021250
0 0.205625 0.866875 0.028750 0.028750
0 0.742500 0.562500 0.027500 0.027500
0 0.509375 0.686875 0.056250 0.056250
0 0.946875 0.590625 0.046250 0.026250
0 0.648125 0.535625 0.048750 0.048750