0 0.498750 0.436250 0.097500 0.097500
0 0.936250 0.760000 0.075000 0.090000
0 0.375000 0.501875 0.105000 0.126250
0 0.851250 0.738750 0.062500 0.062500
0 0.086875 0.058125 0.036250 0.036250
0 0.302500 0.156250 0.025000 0.025000
0 0.105625 0.136875 0.093750 0.093750
0 0.180625 0.214375 0.033750 0.033750
0 0.261250 0.879375 0.087500 0.088750
0 0.182500 0.048750 0.037500 0.037500
0 0.809375 0.655625 0.041250 0.041250
0 0.853125 0.828125 0.066250 0.061250
0 0.129375 0.225625 0.036250 0.033750
0 0.905000 0.367500 0.100000 0.100000
0 0.468750 0.206250 0.070000 0.070000
0 0.281875 0.250625 0.076250 0.076250
0 0.047500 0.301250 0.062500 0.070000
0 0.708750 0.206250 0.070000 0.070000
0 0.100625 0.594375 0.088750 0.088750
0 0.920000 0.071875 0.045000 0.048750
0 0.361875 0.783750 0.066250 0.072500
0 0.819375 0.091875 0.056250 0.061250
0 0.786250 0.342500 0.037500 0.037500
0 0.682500 0.373750 0.047500 0.047500
0 0.706250 0.702500 0.110000 0.110000
0 0.430625 0.879375 0.063750 0.058750
0 0.710625 0.558750 0.091250 0.100000
0 0.263125 0.711875 0.108750 0.108750
0 0.590625 0.239375 0.096250 0.096250
0 0.101250 0.701250 0.055000 0.055000
0 0.083750 0.918750 0.052500 0.052500
0 0.146875 0.451875 0.063750 0.063750
0 0.913125 0.583125 0.108750 0.108750
0 0.258750 0.443750 0.100000 0.100000
0 0.632500 0.055000 0.057500 0.035000
0 0.210000 0.583750 0.077500 0.047500
0 0.451875 0.760000 0.076250 0.092500
0 0.553125 0.326875 0.036250 0.033750
0 0.872500 0.488125 0.060000 0.056250
0 0.381875 0.085000 0.081250 0.097500
0 0.918750 0.221875 0.102500 0.123750
0 0.620000 0.851250 0.095000 0.115000
0 0.599375 0.601875 0.083750 0.083750
0 0.177500 0.168750 0.030000 0.030000
0 0.737500 0.332500 0.037500 0.035000
0 0.153750 0.341250 0.095000 0.090000
0 0.328750 0.351250 0.057500 0.057500
0 0.402500 0.212500 0.025000 0.025000
0 0.756875 0.853125 0.111250 0.111250
0 0.717500 0.448125 0.080000 0.048750
0 0.418750 0.302500 0.097500 0.082500
0 0.611250 0.716875 0.060000 0.071250
0 0.490000 0.590000 0.065000 0.077500
0 0.086250 0.786250 0.097500 0.097500
0 0.732500 0.037500 0.030000 0.030000
0 0.166250 0.722500 0.025000 0.025000
0 0.896250 0.911250 0.075000 0.075000
0 0.373125 0.648750 0.096250 0.102500
0 0.184375 0.843750 0.051250 0.055000
0 0.606875 0.110625 0.033750 0.036250
0 0.510000 0.086250 0.112500 0.120000
0 0.737500 0.108125 0.065000 0.088750
0 0.039375 0.861875 0.031250 0.031250
0 0.640625 0.473125 0.048750 0.048750
0 0.303750 0.092500 0.037500 0.037500
0 0.505000 0.676250 0.060000 0.060000