0 0.087500 0.880000 0.060000 0.072500
0 0.063125 0.168125 0.061250 0.073750
0 0.842500 0.789375 0.060000 0.048750
0 0.463750 0.237500 0.110000 0.110000
0 0.188750 0.823750 0.055000 0.055000
0 0.533750 0.447500 0.107500 0.097500
0 0.557500 0.895625 0.040000 0.036250
0 0.671250 0.255625 0.092500 0.083750
0 0.066875 0.721875 0.101250 0.091250
0 0.065000 0.225625 0.027500 0.026250
0 0.379375 0.477500 0.106250 0.122500
0 0.169375 0.692500 0.073750 0.085000
0 0.473750 0.540000 0.047500 0.047500
0 0.755625 0.366875 0.083750 0.083750
0 0.942500 0.053125 0.065000 0.061250
0 0.680000 0.636875 0.107500 0.101250
0 0.327500 0.184375 0.077500 0.073750
0 0.861875 0.261875 0.066250 0.066250
0 0.810625 0.062500 0.098750 0.100000
0 0.285000 0.623125 0.065000 0.066250
0 0.171250 0.388750 0.050000 0.050000
0 0.105625 0.483750 0.053750 0.050000
0 0.883125 0.343750 0.046250 0.045000
0 0.555000 0.756875 0.037500 0.036250
0 0.450000 0.719375 0.100000 0.098750
0 0.226875 0.555000 0.043750 0.042500
0 0.445000 0.865000 0.092500 0.090000
0 0.675000 0.421875 0.055000 0.053750
0 0.358125 0.745000 0.051250 0.050000
0 0.470625 0.037500 0.046250 0.045000
0 0.953125 0.702500 0.066250 0.100000
0 0.879375 0.520625 0.103750 0.103750
0 0.171875 0.535000 0.031250 0.040000
0 0.747500 0.902500 0.097500 0.125000
0 0.555000 0.089375 0.107500 0.138750
0 0.288750 0.075000 0.052500 0.067500
0 0.951250 0.321250 0.060000 0.057500
0 0.156250 0.221250 0.105000 0.102500
0 0.166875 0.881250 0.028750 0.037500
0 0.098125 0.816875 0.028750 0.028750
0 0.720625 0.763125 0.096250 0.096250
0 0.245625 0.898125 0.058750 0.058750
0 0.350625 0.819375 0.063750 0.056250
0 0.563750 0.645625 0.070000 0.071250
0 0.409375 0.136875 0.053750 0.053750
0 0.766875 0.524375 0.036250 0.018750
0 0.945000 0.151875 0.075000 0.076250
0 0.851875 0.897500 0.096250 0.097500
0 0.495000 0.946875 0.055000 0.056250
0 0.255625 0.215625 0.036250 0.036250
0 0.375000 0.053750 0.040000 0.040000
0 0.615625 0.777500 0.048750 0.050000
0 0.820625 0.166250 0.083750 0.087500
0 0.093750 0.553750 0.070000 0.072500
0 0.081250 0.371875 0.090000 0.103750
0 0.244375 0.495000 0.046250 0.040000
0 0.800625 0.653125 0.101250 0.088750
0 0.677500 0.496250 0.075000 0.075000
0 0.246250 0.368750 0.052500 0.037500
0 0.698750 0.166250 0.055000 0.057500
0 0.254375 0.301875 0.051250 0.051250
0 0.091875 0.065625 0.106250 0.106250
0 0.335000 0.277500 0.087500 0.087500