0 0.915000 0.759375 0.077500 0.081250
0 0.516875 0.218750 0.101250 0.067500
0 0.600625 0.351875 0.076250 0.061250
0 0.568125 0.084375 0.106250 0.086250
0 0.869375 0.141875 0.078750 0.063750
0 0.480625 0.718125 0.061250 0.048750
0 0.155625 0.593125 0.068750 0.068750
0 0.957500 0.334375 0.057500 0.061250
0 0.262500 0.082500 0.070000 0.075000
0 0.660625 0.641250 0.056250 0.060000
0 0.098125 0.178750 0.028750 0.030000
0 0.271250 0.291250 0.037500 0.037500
0 0.708750 0.071250 0.110000 0.082500
0 0.496875 0.481250 0.103750 0.077500
0 0.215625 0.862500 0.111250 0.127500
0 0.284375 0.459375 0.098750 0.098750
0 0.560000 0.730000 0.067500 0.067500
0 0.258125 0.683750 0.073750 0.072500
0 0.798750 0.533125 0.035000 0.033750
0 0.788125 0.741250 0.058750 0.057500
0 0.059375 0.085000 0.041250 0.040000
0 0.094375 0.719375 0.096250 0.096250
0 0.308125 0.199375 0.033750 0.033750
0 0.473125 0.388125 0.066250 0.066250
0 0.495000 0.770625 0.042500 0.041250
0 0.893125 0.576875 0.073750 0.073750
0 0.122500 0.423750 0.072500 0.072500
0 0.781875 0.680625 0.043750 0.043750
0 0.612500 0.876250 0.097500 0.097500
0 0.390625 0.279375 0.111250 0.111250
0 0.100625 0.339375 0.063750 0.063750
0 0.073750 0.640000 0.045000 0.045000
0 0.633750 0.503750 0.090000 0.090000
0 0.379375 0.884375 0.093750 0.093750
0 0.196250 0.191250 0.080000 0.080000
0 0.369375 0.108125 0.111250 0.081250
0 0.096250 0.492500 0.037500 0.037500
0 0.912500 0.271250 0.050000 0.040000
0 0.137500 0.111250 0.037500 0.030000
0 0.921250 0.413750 0.062500 0.050000
0 0.375625 0.560000 0.053750 0.055000
0 0.763750 0.420625 0.092500 0.093750
0 0.826250 0.291875 0.105000 0.106250
0 0.197500 0.393125 0.045000 0.051250
0 0.086875 0.846250 0.098750 0.112500
0 0.218750 0.561875 0.030000 0.033750
0 0.703750 0.208750 0.080000 0.097500
0 0.395625 0.435625 0.068750 0.083750
0 0.882500 0.910000 0.077500 0.077500
0 0.701250 0.901250 0.045000 0.045000
0 0.951875 0.066875 0.053750 0.053750
0 0.366250 0.651250 0.047500 0.047500
0 0.447500 0.595625 0.065000 0.061250
0 0.687500 0.761250 0.067500 0.065000
0 0.548125 0.613750 0.093750 0.085000
0 0.371875 0.773125 0.111250 0.111250
0 0.080000 0.943125 0.052500 0.056250
0 0.161250 0.513750 0.052500 0.052500
0 0.470625 0.061875 0.063750 0.063750
0 0.798750 0.611875 0.075000 0.073750
0 0.718125 0.288750 0.068750 0.045000
0 0.800625 0.851250 0.048750 0.032500
0 0.948750 0.146250 0.055000 0.055000
0 0.951875 0.876875 0.026250 0.026250
0 0.771875 0.182500 0.036250 0.040000
0 0.745000 0.531250 0.042500 0.042500
0 0.488125 0.934375 0.073750 0.073750
0 0.738750 0.827500 0.047500 0.047500
0 0.720000 0.670000 0.045000 0.045000
0 0.802500 0.800625 0.042500 0.041250
0 0.068750 0.567500 0.077500 0.077500
0 0.913750 0.671875 0.075000 0.071250
0 0.883125 0.486875 0.078750 0.078750
0 0.495625 0.317500 0.046250 0.040000
0 0.055000 0.268750 0.055000 0.047500
0 0.280000 0.556875 0.070000 0.061250