0 0.063750 0.697500 0.047500 0.047500
0 0.667500 0.693750 0.045000 0.045000
0 0.837500 0.142500 0.055000 0.055000
0 0.136250 0.315625 0.107500 0.091250
0 0.224375 0.890625 0.083750 0.071250
0 0.514375 0.710000 0.026250 0.022500
0 0.365625 0.810625 0.031250 0.031250
0 0.832500 0.740000 0.092500 0.092500
0 0.420000 0.285000 0.085000 0.085000
0 0.711250 0.520000 0.047500 0.047500
0 0.740625 0.875625 0.086250 0.086250
0 0.731875 0.073125 0.088750 0.088750
0 0.890000 0.456875 0.082500 0.076250
0 0.934375 0.743125 0.093750 0.086250
0 0.146250 0.736875 0.082500 0.076250
0 0.420000 0.605000 0.082500 0.137500
0 0.659375 0.371875 0.083750 0.138750
0 0.779375 0.395000 0.066250 0.110000
0 0.218750 0.496875 0.055000 0.051250
0 0.315625 0.613125 0.048750 0.048750
0 0.466250 0.193750 0.037500 0.037500
0 0.495625 0.910625 0.073750 0.073750
0 0.463125 0.120625 0.083750 0.083750
0 0.158750 0.195625 0.105000 0.068750
0 0.703125 0.245625 0.066250 0.066250
0 0.605000 0.263750 0.025000 0.025000
0 0.701875 0.160625 0.068750 0.068750
0 0.900000 0.868125 0.092500 0.093750
0 0.456250 0.768750 0.065000 0.065000
0 0.331250 0.495000 0.060000 0.060000
0 0.914375 0.170625 0.083750 0.048750
0 0.266875 0.161875 0.076250 0.043750
0 0.614375 0.088125 0.083750 0.048750
0 0.643125 0.916875 0.078750 0.078750
0 0.519375 0.329375 0.031250 0.031250
0 0.651250 0.837500 0.057500 0.057500
0 0.215000 0.753750 0.027500 0.027500
0 0.418125 0.418125 0.098750 0.098750
0 0.342500 0.670000 0.045000 0.045000
0 0.599375 0.176875 0.086250 0.086250
0 0.620625 0.486875 0.056250 0.056250
0 0.419375 0.895625 0.046250 0.046250
0 0.076875 0.904375 0.086250 0.086250
0 0.911875 0.329375 0.048750 0.048750
0 0.731250 0.612500 0.092500 0.092500
0 0.040000 0.296250 0.037500 0.037500
0 0.300000 0.345000 0.095000 0.095000
0 0.878125 0.531250 0.028750 0.030000
0 0.100000 0.073750 0.052500 0.052500
0 0.106250 0.421250 0.062500 0.062500
0 0.288125 0.793125 0.068750 0.068750
0 0.540625 0.649375 0.026250 0.026250
0 0.271875 0.076250 0.106250 0.107500
0 0.545000 0.793750 0.077500 0.077500
0 0.070625 0.565000 0.093750 0.075000