0 0.948750 0.492500 0.077500 0.112500
0 0.761250 0.731875 0.052500 0.063750
0 0.164375 0.746875 0.108750 0.108750
0 0.473750 0.192500 0.085000 0.097500
0 0.954375 0.065000 0.033750 0.037500
0 0.899375 0.088750 0.033750 0.037500
0 0.084375 0.448750 0.056250 0.072500
0 0.547500 0.433750 0.072500 0.072500
0 0.626875 0.259375 0.031250 0.031250
0 0.278125 0.346875 0.078750 0.078750
0 0.102500 0.641250 0.075000 0.075000
0 0.686875 0.640000 0.058750 0.052500
0 0.843125 0.911250 0.081250 0.077500
0 0.351250 0.173750 0.035000 0.035000
0 0.593125 0.144375 0.076250 0.076250
0 0.259375 0.499375 0.103750 0.103750
0 0.780625 0.433750 0.031250 0.027500
0 0.061250 0.115625 0.077500 0.068750
0 0.266875 0.765625 0.061250 0.053750
0 0.315625 0.598750 0.048750 0.042500
0 0.747500 0.386250 0.045000 0.045000
0 0.435000 0.326250 0.092500 0.092500
0 0.520000 0.648750 0.032500 0.032500
0 0.563125 0.861875 0.093750 0.093750
0 0.457500 0.436250 0.070000 0.092500
0 0.479375 0.576875 0.033750 0.046250
0 0.727500 0.192500 0.052500 0.052500
0 0.823750 0.035000 0.032500 0.032500
0 0.353125 0.756875 0.088750 0.088750
0 0.465625 0.730625 0.048750 0.048750
0 0.101250 0.895000 0.035000 0.035000
0 0.875625 0.342500 0.106250 0.107500
0 0.649375 0.409375 0.053750 0.053750
0 0.873125 0.649375 0.038750 0.038750
0 0.148125 0.095625 0.038750 0.038750
0 0.699375 0.894375 0.108750 0.108750
0 0.762500 0.545625 0.092500 0.111250
0 0.192500 0.332500 0.050000 0.060000
0 0.810625 0.138750 0.068750 0.082500
0 0.444375 0.071250 0.096250 0.115000
0 0.230625 0.239375 0.093750 0.093750
0 0.258125 0.901250 0.091250 0.097500
0 0.839375 0.494375 0.041250 0.043750
0 0.252500 0.121250 0.077500 0.082500
0 0.152500 0.553750 0.042500 0.045000
0 0.362500 0.913125 0.075000 0.091250
0 0.053750 0.364375 0.040000 0.048750
0 0.908750 0.730625 0.077500 0.093750
0 0.818125 0.658125 0.028750 0.026250
0 0.726250 0.292500 0.100000 0.092500
0 0.416875 0.571875 0.056250 0.051250
0 0.536875 0.556875 0.061250 0.048750
0 0.680000 0.475625 0.030000 0.023750
0 0.108125 0.223750 0.108750 0.087500
0 0.318750 0.664375 0.040000 0.038750
0 0.854375 0.255625 0.051250 0.051250
0 0.940000 0.903750 0.067500 0.067500
0 0.539375 0.304375 0.096250 0.096250
0 0.666250 0.715000 0.077500 0.067500
0 0.900625 0.606250 0.028750 0.025000
0 0.556250 0.733750 0.065000 0.072500
0 0.932500 0.226875 0.090000 0.101250