0 0.401875 0.813125 0.071250 0.076250
0 0.877500 0.316250 0.042500 0.045000
0 0.693750 0.897500 0.092500 0.115000
0 0.283125 0.257500 0.053750 0.050000
0 0.636250 0.410625 0.047500 0.046250
0 0.095000 0.775625 0.077500 0.076250
0 0.842500 0.726875 0.030000 0.028750
0 0.253750 0.608750 0.102500 0.150000
0 0.155000 0.133750 0.112500 0.112500
0 0.492500 0.258750 0.067500 0.067500
0 0.554375 0.744375 0.086250 0.086250
0 0.721875 0.715625 0.061250 0.061250
0 0.900000 0.491250 0.035000 0.035000
0 0.783750 0.417500 0.072500 0.072500
0 0.963750 0.596250 0.030000 0.030000
0 0.288125 0.805625 0.038750 0.038750
0 0.796250 0.100000 0.047500 0.047500
0 0.340625 0.358125 0.028750 0.026250
0 0.161875 0.390625 0.086250 0.126250
0 0.883125 0.853125 0.071250 0.103750
0 0.460000 0.032500 0.035000 0.035000
0 0.306250 0.067500 0.050000 0.050000
0 0.543750 0.323750 0.042500 0.042500
0 0.508750 0.553750 0.047500 0.047500
0 0.927500 0.038750 0.047500 0.045000
0 0.546875 0.122500 0.071250 0.067500
0 0.576250 0.876250 0.105000 0.100000
0 0.198750 0.848750 0.112500 0.112500
0 0.586875 0.471875 0.038750 0.041250
0 0.846250 0.555625 0.067500 0.071250
0 0.060000 0.092500 0.047500 0.047500
0 0.945625 0.813125 0.036250 0.036250
0 0.827500 0.235625 0.107500 0.093750
0 0.394375 0.201875 0.098750 0.098750
0 0.690625 0.606875 0.108750 0.108750
0 0.141250 0.506250 0.045000 0.045000
0 0.345000 0.713750 0.027500 0.027500
0 0.375625 0.530625 0.073750 0.073750
0 0.518750 0.463750 0.060000 0.062500
0 0.291250 0.440000 0.080000 0.082500
0 0.855000 0.085000 0.042500 0.027500
0 0.667500 0.181875 0.112500 0.073750
0 0.711875 0.326250 0.076250 0.077500
0 0.513125 0.656875 0.048750 0.048750
0 0.600000 0.572500 0.025000 0.025000
0 0.080625 0.391875 0.033750 0.033750
0 0.865000 0.397500 0.055000 0.055000
0 0.072500 0.908750 0.087500 0.097500
0 0.431250 0.937500 0.025000 0.025000
0 0.495625 0.369375 0.026250 0.026250
0 0.403750 0.711250 0.067500 0.067500
0 0.418125 0.414375 0.108750 0.108750
0 0.143750 0.670625 0.097500 0.098750
0 0.120000 0.255000 0.062500 0.050000
0 0.538125 0.373125 0.038750 0.031250
0 0.668125 0.086250 0.093750 0.075000
0 0.891875 0.660625 0.046250 0.056250
0 0.051875 0.245625 0.058750 0.058750
0 0.689375 0.781875 0.051250 0.051250
0 0.363750 0.924375 0.090000 0.093750
0 0.203750 0.245000 0.050000 0.050000
0 0.053750 0.330625 0.050000 0.063750
0 0.954375 0.457500 0.056250 0.072500
0 0.689375 0.512500 0.053750 0.052500
0 0.780000 0.898125 0.035000 0.033750
0 0.796875 0.801250 0.066250 0.065000