0 0.229375 0.260625 0.083750 0.083750
0 0.413750 0.268750 0.092500 0.092500
0 0.425625 0.383750 0.106250 0.110000
0 0.065625 0.371875 0.071250 0.073750
0 0.409375 0.898125 0.073750 0.076250
0 0.624375 0.648750 0.036250 0.037500
0 0.315625 0.467500 0.038750 0.040000
0 0.877500 0.417500 0.107500 0.112500
0 0.320625 0.926875 0.026250 0.021250
0 0.703125 0.443125 0.093750 0.086250
0 0.436875 0.566250 0.048750 0.045000
0 0.863750 0.061250 0.027500 0.025000
0 0.826875 0.550000 0.026250 0.020000
0 0.885625 0.152500 0.083750 0.065000
0 0.505000 0.642500 0.077500 0.060000
0 0.143750 0.837500 0.105000 0.105000
0 0.436875 0.770625 0.076250 0.076250
0 0.509375 0.936875 0.068750 0.068750
0 0.560625 0.867500 0.051250 0.042500
0 0.737500 0.787500 0.085000 0.070000
0 0.058125 0.191250 0.091250 0.075000
0 0.888125 0.530000 0.078750 0.065000
0 0.856875 0.890625 0.028750 0.033750
0 0.923750 0.293750 0.070000 0.085000
0 0.580000 0.427500 0.097500 0.117500
0 0.126250 0.567500 0.077500 0.077500
0 0.319375 0.256250 0.066250 0.052500
0 0.638750 0.785000 0.072500 0.075000
0 0.948125 0.608125 0.033750 0.033750
0 0.160000 0.148750 0.052500 0.052500
0 0.305000 0.665000 0.087500 0.087500
0 0.688750 0.083750 0.110000 0.110000
0 0.720000 0.641250 0.105000 0.105000
0 0.647500 0.181250 0.055000 0.055000
0 0.583125 0.145000 0.051250 0.050000
0 0.905000 0.780625 0.057500 0.056250
0 0.665000 0.264375 0.075000 0.073750
0 0.136250 0.255000 0.032500 0.032500
0 0.826875 0.761875 0.026250 0.026250
0 0.095000 0.692500 0.107500 0.107500
0 0.521250 0.062500 0.070000 0.070000
0 0.703125 0.930625 0.041250 0.041250
0 0.189375 0.061250 0.091250 0.095000
0 0.838750 0.684375 0.100000 0.103750
0 0.314375 0.822500 0.051250 0.052500
0 0.214375 0.349375 0.048750 0.048750
0 0.149375 0.423125 0.073750 0.073750
0 0.408750 0.127500 0.092500 0.092500
0 0.571875 0.289375 0.096250 0.096250
0 0.160625 0.949375 0.041250 0.041250
0 0.221250 0.181250 0.030000 0.030000
0 0.263750 0.922500 0.062500 0.062500
0 0.822500 0.265000 0.060000 0.060000
0 0.361250 0.578750 0.055000 0.055000
0 0.780000 0.881250 0.095000 0.095000
0 0.525000 0.765625 0.055000 0.056250
0 0.280625 0.386250 0.056250 0.057500
0 0.422500 0.489375 0.085000 0.086250
0 0.559375 0.538750 0.083750 0.085000
0 0.478750 0.865000 0.037500 0.037500
0 0.220625 0.713125 0.043750 0.043750
0 0.263750 0.566250 0.065000 0.065000
0 0.917500 0.071250 0.027500 0.032500
0 0.060000 0.251250 0.030000 0.030000
0 0.271250 0.161875 0.040000 0.043750
0 0.786875 0.141875 0.058750 0.063750
0 0.073750 0.082500 0.090000 0.090000
0 0.347500 0.048750 0.040000 0.040000
0 0.420000 0.628750 0.037500 0.037500
0 0.958125 0.890625 0.048750 0.048750
0 0.891875 0.596875 0.043750 0.043750
0 0.643750 0.538750 0.067500 0.067500
0 0.826250 0.612500 0.025000 0.025000
0 0.229375 0.474375 0.048750 0.048750
0 0.725625 0.723125 0.031250 0.033750
0 0.673750 0.352500 0.067500 0.067500
0 0.948750 0.671875 0.072500 0.063750
0 0.963750 0.188125 0.047500 0.041250
0 0.782500 0.063750 0.057500 0.050000
0 0.315000 0.318125 0.057500 0.056250
0 0.208125 0.600625 0.031250 0.036250
0 0.270625 0.768125 0.028750 0.028750
0 0.579375 0.200625 0.028750 0.033750
0 0.637500 0.596875 0.035000 0.028750
0 0.626875 0.715000 0.053750 0.037500