0 0.289375 0.054375 0.041250 0.041250
0 0.605000 0.331250 0.047500 0.047500
0 0.931250 0.325000 0.045000 0.067500
0 0.910000 0.793750 0.030000 0.030000
0 0.228750 0.531250 0.090000 0.090000
0 0.127500 0.491250 0.087500 0.087500
0 0.819375 0.081875 0.111250 0.111250
0 0.395000 0.420625 0.087500 0.071250
0 0.882500 0.875625 0.057500 0.046250
0 0.827500 0.465000 0.080000 0.065000
0 0.513125 0.476250 0.071250 0.057500
0 0.965625 0.832500 0.043750 0.052500
0 0.156250 0.880000 0.110000 0.110000
0 0.381250 0.295000 0.085000 0.085000
0 0.495625 0.797500 0.041250 0.045000
0 0.668750 0.063750 0.035000 0.035000
0 0.700625 0.779375 0.073750 0.073750
0 0.871250 0.241250 0.037500 0.037500
0 0.180000 0.215000 0.107500 0.107500
0 0.320000 0.913750 0.025000 0.025000
0 0.390625 0.875000 0.083750 0.087500
0 0.873125 0.941250 0.026250 0.027500
0 0.523750 0.672500 0.055000 0.057500
0 0.401250 0.743750 0.040000 0.040000
0 0.959375 0.931875 0.026250 0.026250
0 0.266250 0.931250 0.062500 0.062500
0 0.280625 0.453125 0.046250 0.033750
0 0.658125 0.511250 0.068750 0.050000
0 0.275000 0.770000 0.057500 0.052500
0 0.755000 0.912500 0.097500 0.090000
0 0.702500 0.141250 0.067500 0.067500
0 0.831250 0.380625 0.070000 0.063750
0 0.540625 0.400625 0.048750 0.043750
0 0.168750 0.707500 0.080000 0.077500
0 0.266875 0.680625 0.053750 0.053750
0 0.848125 0.659375 0.103750 0.103750
0 0.461875 0.181875 0.108750 0.108750
0 0.070625 0.183125 0.068750 0.068750
0 0.708125 0.620625 0.053750 0.053750
0 0.901875 0.168125 0.031250 0.031250
0 0.251875 0.395000 0.048750 0.050000
0 0.480625 0.318125 0.083750 0.083750
0 0.574375 0.829375 0.071250 0.071250
0 0.160625 0.038125 0.031250 0.031250
0 0.586875 0.175625 0.033750 0.061250
0 0.395000 0.603125 0.097500 0.178750
0 0.290625 0.226250 0.071250 0.052500
0 0.621875 0.706875 0.068750 0.051250
0 0.046875 0.505000 0.043750 0.032500
0 0.044375 0.841875 0.048750 0.048750
0 0.939375 0.609375 0.038750 0.038750
0 0.803125 0.813125 0.083750 0.083750
0 0.536875 0.928750 0.081250 0.080000
0 0.070000 0.594375 0.052500 0.051250
0 0.034375 0.927500 0.031250 0.030000
0 0.626875 0.258750 0.058750 0.057500
0 0.476875 0.071250 0.071250 0.057500
0 0.721875 0.329375 0.053750 0.063750
0 0.917500 0.213125 0.030000 0.021250
0 0.723750 0.455625 0.057500 0.041250
0 0.051875 0.085000 0.038750 0.027500
0 0.941875 0.536875 0.033750 0.023750
0 0.097500 0.326875 0.105000 0.083750
0 0.519375 0.583750 0.106250 0.085000
0 0.161875 0.099375 0.073750 0.073750
0 0.320625 0.159375 0.063750 0.063750
0 0.176250 0.301250 0.037500 0.037500
0 0.939375 0.423125 0.063750 0.063750
0 0.805000 0.297500 0.077500 0.077500
0 0.630000 0.583750 0.080000 0.080000
0 0.385000 0.805000 0.042500 0.037500
0 0.484375 0.417500 0.046250 0.032500
0 0.621875 0.388750 0.056250 0.040000
0 0.920625 0.078125 0.056250 0.056250
0 0.473750 0.661250 0.027500 0.047500
0 0.938750 0.481875 0.035000 0.026250
0 0.598750 0.517500 0.035000 0.035000
0 0.668125 0.857500 0.046250 0.040000