0 0.435625 0.595625 0.061250 0.061250
0 0.218750 0.298125 0.030000 0.041250
0 0.179375 0.800625 0.061250 0.083750
0 0.706875 0.149375 0.093750 0.093750
0 0.793125 0.379375 0.038750 0.038750
0 0.628125 0.808125 0.083750 0.083750
0 0.858750 0.812500 0.042500 0.042500
0 0.639375 0.495625 0.048750 0.048750
0 0.345000 0.228750 0.102500 0.102500
0 0.470000 0.291875 0.105000 0.088750
0 0.145625 0.383125 0.058750 0.058750
0 0.232500 0.617500 0.057500 0.057500
0 0.262500 0.873750 0.060000 0.060000
0 0.156250 0.712500 0.070000 0.070000
0 0.238750 0.735000 0.042500 0.042500
0 0.308750 0.618750 0.040000 0.040000
0 0.373750 0.113750 0.050000 0.050000
0 0.831250 0.945000 0.027500 0.027500
0 0.313750 0.337500 0.087500 0.087500
0 0.606875 0.086875 0.073750 0.073750
0 0.960000 0.240625 0.045000 0.043750
0 0.635625 0.418750 0.086250 0.085000
0 0.046250 0.901250 0.057500 0.057500
0 0.427500 0.682500 0.095000 0.095000
0 0.648125 0.235625 0.048750 0.048750
0 0.740625 0.543125 0.078750 0.078750
0 0.758125 0.295625 0.041250 0.041250
0 0.230000 0.145000 0.097500 0.097500
0 0.893750 0.882500 0.082500 0.082500
0 0.915625 0.319375 0.086250 0.086250
0 0.069375 0.537500 0.073750 0.065000
0 0.061250 0.380000 0.057500 0.057500
0 0.535000 0.674375 0.050000 0.058750
0 0.895000 0.576875 0.100000 0.118750
0 0.493750 0.935000 0.040000 0.037500
0 0.459375 0.084375 0.073750 0.066250
0 0.464375 0.856250 0.108750 0.097500
0 0.626875 0.741250 0.033750 0.030000
0 0.325625 0.453750 0.078750 0.070000
0 0.361250 0.957500 0.032500 0.032500
0 0.904375 0.705625 0.083750 0.083750
0 0.047500 0.717500 0.045000 0.045000
0 0.761250 0.711875 0.085000 0.076250
0 0.633125 0.643750 0.058750 0.052500
0 0.137500 0.302500 0.067500 0.060000
0 0.763750 0.878750 0.062500 0.045000
0 0.791250 0.229375 0.050000 0.038750
0 0.882500 0.071250 0.060000 0.047500
0 0.043125 0.596875 0.033750 0.026250
0 0.473125 0.440625 0.093750 0.073750
0 0.541250 0.915000 0.027500 0.027500
0 0.638750 0.316250 0.097500 0.095000
0 0.359375 0.042500 0.026250 0.025000
0 0.067500 0.192500 0.095000 0.095000
0 0.670000 0.596250 0.027500 0.027500
0 0.131250 0.058750 0.085000 0.085000
0 0.171875 0.531875 0.066250 0.066250
0 0.311875 0.789375 0.086250 0.086250
0 0.287500 0.542500 0.075000 0.072500
0 0.856250 0.461250 0.082500 0.080000
0 0.500625 0.199375 0.078750 0.076250
0 0.054375 0.278750 0.076250 0.037500
0 0.211875 0.949375 0.048750 0.023750
0 0.738125 0.060625 0.056250 0.058750
0 0.522500 0.536875 0.090000 0.093750
0 0.725000 0.630000 0.062500 0.062500
0 0.156875 0.243125 0.031250 0.031250
0 0.946875 0.156875 0.028750 0.028750
0 0.400000 0.061250 0.025000 0.015000
0 0.318125 0.680625 0.073750 0.043750
0 0.530000 0.760625 0.095000 0.056250
0 0.810000 0.065000 0.060000 0.055000
0 0.041250 0.477500 0.040000 0.040000
0 0.941875 0.438125 0.068750 0.068750
0 0.423750 0.932500 0.025000 0.025000
0 0.540000 0.948750 0.025000 0.020000
0 0.725625 0.378125 0.026250 0.021250
0 0.389375 0.771875 0.026250 0.021250
0 0.231875 0.368125 0.061250 0.058750
0 0.145625 0.630625 0.071250 0.071250
0 0.765000 0.805000 0.067500 0.067500
0 0.366875 0.908125 0.043750 0.046250
0 0.653125 0.909375 0.051250 0.056250
0 0.143125 0.900625 0.053750 0.058750
0 0.828125 0.303125 0.063750 0.056250
0 0.846250 0.161250 0.082500 0.072500
0 0.220000 0.435000 0.047500 0.047500
0 0.711875 0.421875 0.043750 0.043750