0 0.518125 0.479375 0.103750 0.103750
0 0.141875 0.323125 0.071250 0.071250
0 0.581250 0.188750 0.070000 0.070000
0 0.323125 0.235625 0.103750 0.103750
0 0.201250 0.542500 0.030000 0.030000
0 0.570000 0.757500 0.112500 0.112500
0 0.358750 0.111250 0.102500 0.102500
0 0.786875 0.383125 0.091250 0.091250
0 0.709375 0.606875 0.078750 0.078750
0 0.338750 0.333750 0.025000 0.025000
0 0.878125 0.496875 0.063750 0.063750
0 0.176875 0.768125 0.048750 0.048750
0 0.894375 0.137500 0.111250 0.135000
0 0.089375 0.580625 0.068750 0.083750
0 0.486875 0.140625 0.036250 0.043750
0 0.121875 0.923125 0.078750 0.076250
0 0.680625 0.064375 0.066250 0.063750
0 0.690000 0.190000 0.090000 0.087500
0 0.357500 0.741250 0.040000 0.035000
0 0.823125 0.766250 0.088750 0.055000
0 0.523125 0.088125 0.038750 0.033750
0 0.569375 0.361250 0.078750 0.067500
0 0.147500 0.181250 0.097500 0.085000
0 0.390000 0.570000 0.095000 0.095000
0 0.683750 0.856250 0.100000 0.100000
0 0.221250 0.292500 0.045000 0.045000
0 0.896250 0.886250 0.092500 0.092500
0 0.801875 0.161875 0.036250 0.036250
0 0.679375 0.274375 0.038750 0.038750
0 0.071250 0.503750 0.047500 0.047500
0 0.722500 0.472500 0.032500 0.032500
0 0.245625 0.383750 0.083750 0.050000
0 0.328125 0.833750 0.033750 0.020000
0 0.603750 0.275625 0.037500 0.033750
0 0.427500 0.258750 0.027500 0.032500
0 0.425625 0.882500 0.106250 0.125000
0 0.380000 0.676875 0.062500 0.073750
0 0.225625 0.649375 0.096250 0.078750
0 0.817500 0.678125 0.057500 0.073750
0 0.651250 0.705000 0.030000 0.030000
0 0.143750 0.442500 0.047500 0.045000
0 0.220625 0.080000 0.068750 0.065000
0 0.876875 0.255000 0.063750 0.060000
0 0.593125 0.584375 0.076250 0.066250
0 0.238750 0.911250 0.097500 0.097500
0 0.960000 0.796250 0.055000 0.055000
0 0.755625 0.075625 0.046250 0.046250
0 0.483125 0.309375 0.071250 0.051250
0 0.945000 0.341875 0.077500 0.078750
0 0.083750 0.791250 0.085000 0.110000
0 0.930625 0.630625 0.048750 0.056250
0 0.378750 0.466250 0.067500 0.077500
0 0.803750 0.605000 0.032500 0.037500
0 0.601875 0.943125 0.058750 0.058750
0 0.091875 0.094375 0.073750 0.073750
0 0.388125 0.390625 0.063750 0.051250
0 0.521250 0.915000 0.057500 0.095000
0 0.286250 0.495625 0.077500 0.128750
0 0.765000 0.284375 0.080000 0.066250
0 0.461875 0.674375 0.078750 0.078750
0 0.586250 0.043750 0.055000 0.055000
0 0.576875 0.864375 0.033750 0.033750
0 0.723750 0.716250 0.050000 0.050000
0 0.053125 0.241250 0.056250 0.055000
0 0.401250 0.736250 0.025000 0.025000
0 0.954375 0.044375 0.026250 0.026250
0 0.258750 0.772500 0.072500 0.072500
0 0.641875 0.463125 0.111250 0.111250
0 0.851875 0.621875 0.031250 0.018750
0 0.436875 0.170625 0.031250 0.031250
0 0.948125 0.438125 0.046250 0.046250
0 0.138750 0.505000 0.045000 0.045000
0 0.920625 0.726875 0.091250 0.068750
0 0.773125 0.881875 0.038750 0.038750
0 0.546250 0.653750 0.050000 0.050000
0 0.508125 0.571875 0.051250 0.063750
0 0.171875 0.717500 0.031250 0.030000