0 0.611250 0.055000 0.030000 0.030000
0 0.832500 0.452500 0.105000 0.105000
0 0.359375 0.900625 0.061250 0.061250
0 0.814375 0.609375 0.101250 0.101250
0 0.604375 0.120625 0.056250 0.056250
0 0.541250 0.086250 0.027500 0.027500
0 0.499375 0.684375 0.051250 0.051250
0 0.420625 0.075625 0.028750 0.028750
0 0.600625 0.461875 0.028750 0.028750
0 0.148125 0.121875 0.083750 0.101250
0 0.180000 0.319375 0.030000 0.036250
0 0.651250 0.291875 0.100000 0.121250
0 0.090625 0.798125 0.061250 0.061250
0 0.736250 0.118750 0.092500 0.092500
0 0.293125 0.390625 0.068750 0.068750
0 0.380625 0.796875 0.108750 0.108750
0 0.417500 0.130000 0.032500 0.027500
0 0.612500 0.868750 0.065000 0.065000
0 0.384375 0.651250 0.058750 0.070000
0 0.250625 0.703125 0.031250 0.036250
0 0.850000 0.848750 0.050000 0.050000
0 0.351250 0.235000 0.042500 0.042500
0 0.576875 0.575625 0.078750 0.078750
0 0.241250 0.585625 0.030000 0.031250
0 0.712500 0.867500 0.107500 0.102500
0 0.927500 0.630000 0.040000 0.037500
0 0.223750 0.880625 0.030000 0.028750
0 0.858125 0.345000 0.041250 0.035000
0 0.221875 0.456875 0.051250 0.051250
0 0.386875 0.565625 0.086250 0.076250
0 0.277500 0.251250 0.070000 0.070000
0 0.279375 0.099375 0.081250 0.081250
0 0.781875 0.363125 0.053750 0.053750
0 0.067500 0.462500 0.057500 0.057500
0 0.865625 0.153750 0.096250 0.085000
0 0.468125 0.371875 0.098750 0.098750
0 0.495625 0.254375 0.096250 0.096250
0 0.480625 0.933125 0.078750 0.078750
0 0.155625 0.548125 0.091250 0.091250
0 0.046875 0.355625 0.046250 0.046250
0 0.813750 0.265000 0.097500 0.097500
0 0.299375 0.944375 0.043750 0.043750
0 0.690000 0.568750 0.090000 0.090000
0 0.130000 0.231250 0.100000 0.100000
0 0.238750 0.780000 0.077500 0.077500
0 0.059375 0.601875 0.083750 0.083750
0 0.495000 0.795000 0.095000 0.095000
0 0.222500 0.931875 0.047500 0.038750
0 0.686875 0.401875 0.046250 0.033750
0 0.773750 0.731875 0.092500 0.068750
0 0.175625 0.382500 0.076250 0.057500
0 0.170625 0.674375 0.078750 0.058750
0 0.835625 0.070000 0.076250 0.062500
0 0.509375 0.161250 0.073750 0.062500
0 0.666250 0.706250 0.102500 0.102500
0 0.081875 0.896875 0.088750 0.088750
0 0.938750 0.296250 0.097500 0.080000
0 0.425000 0.470000 0.095000 0.077500
0 0.868125 0.937500 0.086250 0.070000
0 0.812500 0.528750 0.032500 0.032500
0 0.968125 0.174375 0.033750 0.033750
0 0.476875 0.620000 0.056250 0.055000
0 0.538125 0.475625 0.076250 0.073750
0 0.485000 0.538750 0.040000 0.022500
0 0.314375 0.568125 0.038750 0.038750
0 0.905000 0.741250 0.075000 0.075000
0 0.951875 0.223125 0.038750 0.038750
0 0.914375 0.556250 0.076250 0.072500
0 0.158750 0.911250 0.050000 0.050000
0 0.936250 0.415000 0.035000 0.035000
0 0.955000 0.825000 0.057500 0.062500
0 0.158750 0.622500 0.025000 0.025000
0 0.692500 0.468750 0.100000 0.070000
0 0.560625 0.348750 0.036250 0.025000
0 0.573750 0.944375 0.080000 0.056250
0 0.395625 0.959375 0.028750 0.028750
0 0.161875 0.785625 0.046250 0.046250
0 0.098125 0.701875 0.048750 0.048750
0 0.288125 0.853125 0.043750 0.028750
0 0.728125 0.941875 0.036250 0.028750
0 0.070000 0.084375 0.030000 0.023750