0 0.115000 0.633750 0.030000 0.027500
0 0.114375 0.172500 0.103750 0.117500
0 0.898750 0.551250 0.110000 0.110000
0 0.830625 0.269375 0.088750 0.088750
0 0.778125 0.195625 0.038750 0.038750
0 0.292500 0.577500 0.085000 0.085000
0 0.673750 0.896250 0.057500 0.057500
0 0.245000 0.074375 0.025000 0.021250
0 0.550000 0.238750 0.107500 0.092500
0 0.518750 0.914375 0.045000 0.041250
0 0.508125 0.738750 0.043750 0.040000
0 0.511875 0.593750 0.076250 0.070000
0 0.035000 0.326250 0.042500 0.042500
0 0.365625 0.728125 0.073750 0.073750
0 0.489375 0.111875 0.081250 0.081250
0 0.460625 0.860625 0.046250 0.046250
0 0.212500 0.842500 0.032500 0.032500
0 0.275000 0.808750 0.070000 0.070000
0 0.536250 0.365000 0.097500 0.097500
0 0.934375 0.238125 0.083750 0.083750
0 0.115000 0.896250 0.082500 0.082500
0 0.761250 0.796250 0.037500 0.037500
0 0.187500 0.352500 0.097500 0.092500
0 0.866250 0.781875 0.110000 0.151250
0 0.690625 0.375625 0.073750 0.101250
0 0.263125 0.170000 0.096250 0.132500
0 0.666250 0.468750 0.040000 0.055000
0 0.716875 0.725625 0.046250 0.046250
0 0.570000 0.678750 0.060000 0.035000
0 0.053125 0.625625 0.043750 0.043750
0 0.402500 0.067500 0.070000 0.070000
0 0.916875 0.370625 0.096250 0.096250
0 0.830625 0.065625 0.101250 0.101250
0 0.464375 0.354375 0.028750 0.028750
0 0.935625 0.066875 0.086250 0.086250
0 0.429375 0.568125 0.058750 0.058750
0 0.398125 0.818750 0.048750 0.050000
0 0.318750 0.478750 0.087500 0.087500
0 0.130625 0.713125 0.091250 0.091250
0 0.703750 0.161875 0.080000 0.061250
0 0.580625 0.106250 0.051250 0.050000
0 0.810000 0.499375 0.045000 0.043750
0 0.180625 0.547500 0.098750 0.097500
0 0.695000 0.245000 0.065000 0.065000
0 0.334375 0.314375 0.101250 0.101250
0 0.592500 0.885000 0.065000 0.065000
0 0.723750 0.071250 0.025000 0.025000
0 0.721875 0.648125 0.076250 0.076250
0 0.594375 0.613125 0.033750 0.033750
0 0.635625 0.802500 0.066250 0.070000
0 0.546250 0.478125 0.082500 0.081250
0 0.054375 0.495000 0.078750 0.077500
0 0.638750 0.550625 0.065000 0.063750
0 0.069375 0.055000 0.081250 0.080000
0 0.256875 0.688125 0.103750 0.103750
0 0.194375 0.468125 0.026250 0.026250
0 0.448125 0.455625 0.058750 0.058750
0 0.793125 0.938125 0.058750 0.058750
0 0.853750 0.648750 0.042500 0.042500
0 0.393125 0.906875 0.068750 0.068750
0 0.429375 0.250625 0.043750 0.043750
0 0.925625 0.916875 0.103750 0.103750
0 0.488125 0.808125 0.028750 0.028750
0 0.039375 0.775625 0.041250 0.041250