0 0.610000 0.808750 0.087500 0.087500
0 0.470000 0.358750 0.082500 0.082500
0 0.533750 0.613125 0.072500 0.078750
0 0.298750 0.255000 0.037500 0.040000
0 0.843125 0.561875 0.033750 0.036250
0 0.609375 0.284375 0.103750 0.073750
0 0.140000 0.522500 0.037500 0.037500
0 0.650625 0.418125 0.093750 0.093750
0 0.447500 0.735000 0.025000 0.025000
0 0.885625 0.831250 0.046250 0.045000
0 0.268750 0.411250 0.040000 0.040000
0 0.663125 0.620625 0.053750 0.053750
0 0.103750 0.233750 0.052500 0.052500
0 0.086875 0.914375 0.036250 0.036250
0 0.203125 0.859375 0.103750 0.103750
0 0.634375 0.895625 0.068750 0.068750
0 0.120000 0.435000 0.102500 0.102500
0 0.222500 0.550625 0.050000 0.048750
0 0.081875 0.080000 0.086250 0.085000
0 0.915625 0.351875 0.101250 0.168750
0 0.346250 0.877500 0.102500 0.090000
0 0.521250 0.716250 0.040000 0.040000
0 0.422500 0.676250 0.055000 0.055000
0 0.506875 0.048125 0.056250 0.056250
0 0.098125 0.616875 0.098750 0.098750
0 0.839375 0.748125 0.068750 0.068750
0 0.871875 0.101875 0.108750 0.148750
0 0.411250 0.476875 0.032500 0.043750
0 0.288125 0.713750 0.111250 0.152500
0 0.908750 0.898125 0.047500 0.041250
0 0.637500 0.035625 0.052500 0.041250
0 0.746250 0.846250 0.067500 0.052500
0 0.753125 0.616875 0.048750 0.038750
0 0.414375 0.221250 0.053750 0.042500
0 0.868750 0.640000 0.092500 0.087500
0 0.038125 0.165625 0.038750 0.036250
0 0.376875 0.125625 0.103750 0.103750
0 0.620625 0.719375 0.071250 0.071250
0 0.233125 0.153125 0.031250 0.031250
0 0.245000 0.247500 0.040000 0.040000
0 0.607500 0.157500 0.087500 0.087500
0 0.179375 0.081875 0.088750 0.088750
0 0.315000 0.473750 0.025000 0.025000
0 0.755000 0.181875 0.050000 0.046250
0 0.723125 0.560625 0.026250 0.026250
0 0.465000 0.842500 0.095000 0.122500
0 0.695625 0.094375 0.046250 0.058750
0 0.281875 0.069375 0.061250 0.078750
0 0.809375 0.268125 0.061250 0.078750
0 0.087500 0.828750 0.065000 0.065000
0 0.215000 0.325000 0.077500 0.077500
0 0.554375 0.394375 0.061250 0.061250
0 0.325625 0.546875 0.098750 0.098750