0 0.054375 0.650625 0.081250 0.081250
0 0.280625 0.216875 0.038750 0.038750
0 0.086250 0.755000 0.050000 0.050000
0 0.351250 0.066250 0.095000 0.095000
0 0.056250 0.241250 0.065000 0.065000
0 0.706875 0.508125 0.026250 0.026250
0 0.261250 0.413750 0.045000 0.045000
0 0.553125 0.471875 0.096250 0.096250
0 0.514375 0.694375 0.098750 0.098750
0 0.690625 0.254375 0.076250 0.076250
0 0.320000 0.480000 0.072500 0.070000
0 0.468750 0.266250 0.105000 0.102500
0 0.494375 0.822500 0.058750 0.057500
0 0.504375 0.119375 0.093750 0.091250
0 0.918125 0.527500 0.108750 0.095000
0 0.341250 0.853125 0.070000 0.061250
0 0.061875 0.831250 0.083750 0.055000
0 0.150000 0.357500 0.067500 0.062500
0 0.861875 0.135625 0.028750 0.028750
0 0.685000 0.361250 0.040000 0.040000
0 0.901875 0.328125 0.031250 0.031250
0 0.385625 0.710625 0.066250 0.066250
0 0.797500 0.460000 0.105000 0.105000
0 0.198125 0.841875 0.111250 0.111250
0 0.837500 0.067500 0.090000 0.090000
0 0.144375 0.093125 0.046250 0.046250
0 0.568750 0.200000 0.042500 0.042500
0 0.665625 0.652500 0.068750 0.060000
0 0.846250 0.902500 0.065000 0.065000
0 0.559375 0.367500 0.048750 0.042500
0 0.415625 0.587500 0.066250 0.057500
0 0.121875 0.485625 0.108750 0.096250
0 0.920625 0.650625 0.111250 0.111250
0 0.435000 0.931250 0.050000 0.050000
0 0.179375 0.208125 0.058750 0.058750
0 0.945000 0.788750 0.052500 0.052500
0 0.490000 0.364375 0.070000 0.068750
0 0.246250 0.671875 0.080000 0.078750
0 0.173125 0.675625 0.051250 0.051250
0 0.908750 0.438125 0.045000 0.046250
0 0.738125 0.093750 0.051250 0.052500
0 0.656250 0.888125 0.100000 0.103750
0 0.058750 0.072500 0.085000 0.060000
0 0.750625 0.688125 0.028750 0.033750
0 0.659375 0.760000 0.093750 0.112500
0 0.631250 0.103125 0.110000 0.131250
0 0.789375 0.259375 0.101250 0.121250
0 0.420625 0.421875 0.041250 0.041250
0 0.168750 0.615000 0.025000 0.025000
0 0.362500 0.248750 0.065000 0.065000
0 0.877500 0.753750 0.027500 0.027500
0 0.303750 0.932500 0.062500 0.062500
0 0.240625 0.079375 0.073750 0.073750
0 0.718125 0.555625 0.046250 0.046250
0 0.767500 0.767500 0.090000 0.090000
0 0.533125 0.911875 0.083750 0.083750
0 0.756875 0.914375 0.081250 0.081250
0 0.225625 0.510625 0.051250 0.051250
0 0.056250 0.320000 0.065000 0.065000
0 0.912500 0.250000 0.065000 0.065000
0 0.560625 0.801875 0.041250 0.041250
0 0.083125 0.930625 0.093750 0.086250
0 0.598750 0.280625 0.075000 0.068750