0 0.815000 0.433750 0.110000 0.110000
0 0.351875 0.333125 0.081250 0.081250
0 0.806875 0.570625 0.068750 0.068750
0 0.578750 0.303125 0.027500 0.028750
0 0.511875 0.070000 0.096250 0.077500
0 0.654375 0.216250 0.036250 0.037500
0 0.060625 0.691250 0.036250 0.037500
0 0.713125 0.630625 0.081250 0.098750
0 0.424375 0.861250 0.108750 0.132500
0 0.101875 0.366875 0.093750 0.113750
0 0.225625 0.268750 0.053750 0.065000
0 0.598750 0.508125 0.062500 0.066250
0 0.581875 0.598125 0.081250 0.081250
0 0.902500 0.892500 0.100000 0.100000
0 0.348750 0.527500 0.097500 0.097500
0 0.489375 0.231875 0.061250 0.061250
0 0.220625 0.916875 0.058750 0.071250
0 0.190625 0.077500 0.033750 0.040000
0 0.581875 0.917500 0.033750 0.040000
0 0.338125 0.890625 0.036250 0.036250
0 0.310625 0.068125 0.106250 0.106250
0 0.055000 0.542500 0.082500 0.082500
0 0.075625 0.838125 0.111250 0.111250
0 0.585625 0.413125 0.026250 0.026250
0 0.632500 0.780000 0.105000 0.105000
0 0.293750 0.680000 0.090000 0.095000
0 0.843125 0.221250 0.108750 0.115000
0 0.675000 0.375625 0.112500 0.118750
0 0.378750 0.659375 0.062500 0.071250
0 0.925000 0.745000 0.062500 0.062500
0 0.200625 0.545625 0.096250 0.096250
0 0.768750 0.735000 0.057500 0.055000
0 0.662500 0.926250 0.087500 0.087500
0 0.487500 0.417500 0.060000 0.060000
0 0.737500 0.521250 0.045000 0.045000
0 0.143125 0.256875 0.071250 0.071250
0 0.346250 0.203750 0.092500 0.092500
0 0.468750 0.585000 0.097500 0.112500
0 0.931250 0.627500 0.090000 0.090000
0 0.933125 0.341875 0.081250 0.081250
0 0.090625 0.173125 0.058750 0.058750
0 0.646250 0.270000 0.050000 0.050000
0 0.220000 0.792500 0.085000 0.085000
0 0.187500 0.129375 0.032500 0.031250
0 0.061875 0.640000 0.048750 0.047500
0 0.625000 0.091250 0.067500 0.067500
0 0.290000 0.925000 0.040000 0.040000
0 0.506250 0.718750 0.095000 0.095000
0 0.730625 0.124375 0.096250 0.096250
0 0.476875 0.154375 0.071250 0.071250
0 0.942500 0.513750 0.050000 0.050000
0 0.770625 0.880625 0.098750 0.098750
0 0.660000 0.463750 0.035000 0.035000
0 0.882500 0.057500 0.085000 0.085000
0 0.187500 0.415000 0.050000 0.050000
0 0.483750 0.322500 0.067500 0.067500
0 0.401250 0.731250 0.032500 0.032500
0 0.308125 0.808125 0.063750 0.063750
0 0.947500 0.235000 0.062500 0.062500
0 0.953125 0.143125 0.066250 0.066250
0 0.173125 0.640000 0.071250 0.062500