0 0.232500 0.097500 0.060000 0.072500
0 0.893750 0.559375 0.030000 0.036250
0 0.565000 0.240625 0.040000 0.048750
0 0.573125 0.512500 0.076250 0.092500
0 0.463750 0.606875 0.052500 0.058750
0 0.898125 0.245625 0.041250 0.046250
0 0.748125 0.526250 0.056250 0.062500
0 0.086875 0.576875 0.106250 0.106250
0 0.445625 0.500625 0.068750 0.066250
0 0.745000 0.285000 0.037500 0.035000
0 0.191250 0.206875 0.027500 0.026250
0 0.308750 0.200000 0.072500 0.072500
0 0.124375 0.875625 0.066250 0.066250
0 0.130000 0.725000 0.040000 0.040000
0 0.855625 0.508125 0.028750 0.033750
0 0.344375 0.304375 0.071250 0.086250
0 0.682500 0.872500 0.035000 0.020000
0 0.658750 0.080000 0.087500 0.087500
0 0.438125 0.749375 0.096250 0.096250
0 0.534375 0.069375 0.053750 0.053750
0 0.808750 0.683750 0.102500 0.102500
0 0.238125 0.390625 0.103750 0.103750
0 0.080000 0.328750 0.102500 0.102500
0 0.571875 0.723125 0.026250 0.031250
0 0.756875 0.881875 0.081250 0.078750
0 0.410000 0.406250 0.095000 0.092500
0 0.728750 0.432500 0.060000 0.060000
0 0.641250 0.580000 0.040000 0.040000
0 0.049375 0.739375 0.046250 0.046250
0 0.177500 0.716250 0.040000 0.040000
0 0.819375 0.099375 0.051250 0.051250
0 0.908750 0.678750 0.070000 0.070000
0 0.405625 0.125625 0.046250 0.046250
0 0.562500 0.831250 0.105000 0.097500
0 0.220000 0.290000 0.032500 0.030000
0 0.055000 0.087500 0.085000 0.085000
0 0.185625 0.628125 0.033750 0.033750
0 0.282500 0.533125 0.105000 0.103750
0 0.373125 0.567500 0.051250 0.050000
0 0.461250 0.876875 0.065000 0.063750
0 0.623750 0.321875 0.035000 0.033750
0 0.300000 0.892500 0.100000 0.100000
0 0.938750 0.070000 0.092500 0.092500
0 0.736875 0.218125 0.073750 0.073750
0 0.515625 0.350625 0.098750 0.098750
0 0.638125 0.227500 0.091250 0.090000
0 0.728750 0.608125 0.042500 0.041250
0 0.264375 0.770000 0.093750 0.092500
0 0.836250 0.352500 0.107500 0.107500
0 0.937500 0.352500 0.027500 0.032500
0 0.113125 0.224375 0.051250 0.061250
0 0.271250 0.649375 0.095000 0.113750
0 0.740000 0.071250 0.050000 0.050000
0 0.687500 0.710000 0.082500 0.082500
0 0.500000 0.236250 0.075000 0.075000
0 0.842500 0.853750 0.075000 0.075000
0 0.830000 0.588750 0.065000 0.065000
0 0.823125 0.157500 0.031250 0.037500
0 0.946875 0.818750 0.076250 0.092500
0 0.768750 0.798750 0.047500 0.047500
0 0.725000 0.358750 0.067500 0.067500
0 0.825000 0.248750 0.085000 0.085000
0 0.967500 0.231250 0.040000 0.040000
0 0.211875 0.908125 0.058750 0.068750
0 0.179375 0.515000 0.048750 0.057500
0 0.563125 0.655625 0.096250 0.086250
0 0.382500 0.486250 0.025000 0.022500
0 0.305000 0.085000 0.040000 0.035000
0 0.198750 0.572500 0.035000 0.022500
0 0.616875 0.153125 0.063750 0.041250
0 0.581875 0.940000 0.068750 0.045000