0 0.660625 0.917500 0.086250 0.082500
0 0.804375 0.333125 0.046250 0.046250
0 0.860625 0.716875 0.076250 0.073750
0 0.493125 0.684375 0.076250 0.073750
0 0.361875 0.092500 0.028750 0.027500
0 0.393750 0.912500 0.070000 0.067500
0 0.438750 0.366875 0.092500 0.153750
0 0.168750 0.248750 0.030000 0.050000
0 0.696875 0.685000 0.066250 0.110000
0 0.623750 0.636250 0.040000 0.047500
0 0.050000 0.444375 0.070000 0.071250
0 0.776250 0.733750 0.037500 0.037500
0 0.340625 0.666250 0.103750 0.105000
0 0.511250 0.183750 0.080000 0.080000
0 0.625625 0.439375 0.103750 0.103750
0 0.267500 0.423750 0.112500 0.112500
0 0.077500 0.177500 0.110000 0.120000
0 0.904375 0.532500 0.093750 0.102500
0 0.883750 0.145000 0.110000 0.107500
0 0.630625 0.807500 0.031250 0.030000
0 0.176250 0.786875 0.045000 0.043750
0 0.643125 0.090625 0.101250 0.098750
0 0.243750 0.791250 0.072500 0.070000
0 0.747500 0.165000 0.065000 0.065000
0 0.361875 0.033125 0.036250 0.036250
0 0.076875 0.624375 0.053750 0.053750
0 0.457500 0.797500 0.080000 0.080000
0 0.196250 0.905000 0.035000 0.035000
0 0.800000 0.932500 0.045000 0.045000
0 0.695625 0.326875 0.106250 0.103750
0 0.810000 0.610625 0.045000 0.043750
0 0.316875 0.210625 0.058750 0.058750
0 0.468125 0.543125 0.051250 0.051250
0 0.590000 0.308750 0.037500 0.037500
0 0.479375 0.093125 0.086250 0.086250
0 0.170000 0.618750 0.075000 0.075000
0 0.138750 0.908750 0.050000 0.060000
0 0.533750 0.850625 0.045000 0.053750
0 0.739375 0.526250 0.031250 0.037500
0 0.372500 0.493750 0.077500 0.077500
0 0.176250 0.137500 0.045000 0.045000
0 0.054375 0.338125 0.066250 0.066250
0 0.908125 0.058125 0.026250 0.026250
0 0.271875 0.099375 0.081250 0.081250
0 0.812500 0.830000 0.097500 0.097500
0 0.925625 0.390625 0.081250 0.081250
0 0.726250 0.431250 0.070000 0.070000
0 0.585625 0.736875 0.091250 0.091250
0 0.100625 0.750625 0.076250 0.073750
0 0.323125 0.777500 0.058750 0.052500
0 0.918750 0.919375 0.035000 0.036250
0 0.640000 0.245000 0.027500 0.027500
0 0.292500 0.933750 0.035000 0.035000
0 0.152500 0.352500 0.067500 0.067500
0 0.266875 0.876875 0.028750 0.028750
0 0.658750 0.551250 0.097500 0.097500
0 0.958750 0.039375 0.037500 0.041250
0 0.800625 0.555000 0.048750 0.052500
0 0.156250 0.070000 0.052500 0.052500
0 0.689375 0.789375 0.056250 0.056250
0 0.405625 0.231875 0.073750 0.073750
0 0.092500 0.833750 0.030000 0.030000
0 0.235000 0.296250 0.045000 0.032500
0 0.293750 0.546250 0.025000 0.017500
0 0.928125 0.275625 0.056250 0.041250
0 0.554375 0.924375 0.036250 0.041250
0 0.116250 0.547500 0.037500 0.042500
0 0.148750 0.432500 0.037500 0.042500
0 0.053750 0.901250 0.072500 0.082500
0 0.763125 0.050625 0.076250 0.076250
0 0.186250 0.720000 0.050000 0.050000
0 0.083125 0.073125 0.046250 0.046250
0 0.933750 0.841250 0.062500 0.062500
0 0.395000 0.576250 0.037500 0.037500
0 0.301875 0.279375 0.063750 0.056250
0 0.834375 0.256875 0.078750 0.078750
0 0.950625 0.669375 0.058750 0.058750
0 0.256875 0.214375 0.041250 0.041250
0 0.845000 0.426250 0.062500 0.062500
0 0.578750 0.581250 0.047500 0.047500