0 0.074375 0.853125 0.093750 0.093750
0 0.418750 0.915000 0.057500 0.057500
0 0.483750 0.453125 0.075000 0.073750
0 0.477500 0.691875 0.035000 0.033750
0 0.660625 0.918750 0.046250 0.045000
0 0.161250 0.495000 0.092500 0.090000
0 0.293125 0.820000 0.041250 0.040000
0 0.895000 0.172500 0.062500 0.062500
0 0.736875 0.066875 0.073750 0.076250
0 0.808125 0.349375 0.051250 0.051250
0 0.172500 0.713125 0.110000 0.106250
0 0.804375 0.566875 0.103750 0.103750
0 0.568750 0.132500 0.075000 0.075000
0 0.823125 0.440625 0.071250 0.071250
0 0.651250 0.797500 0.087500 0.117500
0 0.058125 0.480625 0.066250 0.088750
0 0.783125 0.752500 0.066250 0.085000
0 0.313125 0.573125 0.028750 0.031250
0 0.381875 0.048125 0.043750 0.048750
0 0.700625 0.653125 0.086250 0.096250
0 0.498750 0.049375 0.057500 0.063750
0 0.278750 0.470000 0.105000 0.105000
0 0.960625 0.929375 0.046250 0.046250
0 0.205000 0.358125 0.047500 0.043750
0 0.261250 0.116250 0.060000 0.055000
0 0.108125 0.285625 0.093750 0.086250
0 0.411875 0.530625 0.036250 0.033750
0 0.299375 0.685625 0.033750 0.033750
0 0.440625 0.350625 0.106250 0.106250
0 0.699375 0.533750 0.061250 0.060000
0 0.185000 0.817500 0.025000 0.025000
0 0.729375 0.376875 0.061250 0.061250
0 0.517500 0.625000 0.047500 0.047500
0 0.102500 0.174375 0.082500 0.078750
0 0.229375 0.213125 0.098750 0.083750
0 0.063125 0.385625 0.068750 0.068750
0 0.932500 0.720625 0.082500 0.081250
0 0.882500 0.050625 0.065000 0.063750
0 0.908125 0.856250 0.068750 0.067500
0 0.911875 0.283125 0.108750 0.106250
0 0.791875 0.910625 0.058750 0.058750
0 0.491250 0.926250 0.072500 0.072500
0 0.570000 0.256250 0.097500 0.097500
0 0.390000 0.240000 0.100000 0.100000
0 0.770625 0.201875 0.088750 0.033750
0 0.669375 0.431875 0.028750 0.028750
0 0.844375 0.904375 0.028750 0.028750
0 0.598750 0.335000 0.037500 0.037500
0 0.315625 0.626875 0.036250 0.036250
0 0.613125 0.510625 0.066250 0.066250
0 0.400625 0.624375 0.093750 0.093750
0 0.570625 0.855000 0.041250 0.075000
0 0.938750 0.598750 0.072500 0.072500
0 0.661250 0.153750 0.035000 0.035000
0 0.936250 0.370000 0.037500 0.037500
0 0.076250 0.080000 0.092500 0.092500
0 0.495625 0.831875 0.093750 0.093750
0 0.243125 0.889375 0.088750 0.071250
0 0.716875 0.269375 0.086250 0.081250
0 0.385625 0.739375 0.078750 0.078750
0 0.355000 0.153750 0.057500 0.057500
0 0.338750 0.353750 0.075000 0.075000
0 0.949375 0.039375 0.051250 0.051250
0 0.113125 0.595625 0.073750 0.073750
0 0.418125 0.140625 0.041250 0.041250
0 0.597500 0.637500 0.080000 0.080000
0 0.934375 0.464375 0.103750 0.103750
0 0.755625 0.476875 0.038750 0.038750
0 0.226875 0.615625 0.063750 0.063750
0 0.477500 0.247500 0.052500 0.047500
0 0.793750 0.845000 0.050000 0.045000
0 0.645625 0.091875 0.058750 0.056250
0 0.219375 0.045625 0.068750 0.066250
0 0.126875 0.430625 0.028750 0.023750
0 0.851875 0.683125 0.046250 0.038750