0 0.333750 0.526875 0.092500 0.101250
0 0.744375 0.439375 0.078750 0.086250
0 0.905625 0.606875 0.058750 0.058750
0 0.443750 0.546250 0.067500 0.067500
0 0.158750 0.636250 0.032500 0.032500
0 0.428750 0.113750 0.047500 0.047500
0 0.247500 0.651250 0.065000 0.065000
0 0.542500 0.216250 0.100000 0.100000
0 0.803125 0.115000 0.043750 0.040000
0 0.500000 0.345000 0.075000 0.075000
0 0.613750 0.477500 0.090000 0.090000
0 0.757500 0.625000 0.110000 0.110000
0 0.323750 0.079375 0.102500 0.063750
0 0.191875 0.908125 0.043750 0.026250
0 0.104375 0.336875 0.076250 0.046250
0 0.942500 0.910000 0.045000 0.045000
0 0.918750 0.765000 0.030000 0.030000
0 0.297500 0.218750 0.105000 0.105000
0 0.241250 0.380000 0.027500 0.027500
0 0.387500 0.880000 0.110000 0.110000
0 0.381250 0.645000 0.045000 0.045000
0 0.186250 0.261250 0.055000 0.065000
0 0.891250 0.081250 0.087500 0.105000
0 0.690000 0.759375 0.100000 0.061250
0 0.060625 0.878125 0.036250 0.036250
0 0.695625 0.156875 0.108750 0.108750
0 0.556875 0.681875 0.091250 0.091250
0 0.060000 0.145000 0.067500 0.067500
0 0.650000 0.892500 0.072500 0.072500
0 0.206875 0.090000 0.098750 0.122500
0 0.463750 0.410000 0.035000 0.037500
0 0.508125 0.914375 0.103750 0.113750
0 0.947500 0.830625 0.045000 0.048750
0 0.132500 0.511875 0.100000 0.108750
0 0.774375 0.934375 0.041250 0.041250
0 0.856250 0.441875 0.045000 0.033750
0 0.650000 0.249375 0.065000 0.048750
0 0.368750 0.783750 0.060000 0.045000
0 0.884375 0.681875 0.058750 0.058750
0 0.311250 0.641250 0.025000 0.025000
0 0.292500 0.377500 0.057500 0.060000
0 0.660000 0.612500 0.060000 0.062500
0 0.906250 0.290000 0.110000 0.110000
0 0.800625 0.249375 0.078750 0.078750
0 0.252500 0.743750 0.105000 0.105000
0 0.539375 0.099375 0.083750 0.083750
0 0.867500 0.378750 0.025000 0.025000
0 0.653750 0.342500 0.087500 0.087500
0 0.058125 0.771875 0.091250 0.091250
0 0.416875 0.319375 0.066250 0.066250
0 0.342500 0.305000 0.042500 0.042500
0 0.587500 0.598750 0.040000 0.040000
0 0.054375 0.666875 0.081250 0.081250
0 0.150625 0.706875 0.076250 0.076250
0 0.831875 0.901250 0.046250 0.045000
0 0.282500 0.845625 0.082500 0.081250
0 0.833750 0.774375 0.110000 0.106250
0 0.536250 0.792500 0.062500 0.062500
0 0.247500 0.310000 0.032500 0.032500
0 0.126875 0.873125 0.068750 0.068750
0 0.446875 0.776875 0.038750 0.038750
0 0.275625 0.918125 0.046250 0.046250
0 0.845000 0.546250 0.030000 0.030000
0 0.096875 0.069375 0.053750 0.053750
0 0.087500 0.226875 0.062500 0.063750
0 0.808125 0.328125 0.071250 0.063750
0 0.786250 0.526250 0.057500 0.057500
0 0.947500 0.405000 0.067500 0.070000
0 0.897500 0.517500 0.060000 0.062500
0 0.043125 0.597500 0.041250 0.042500
0 0.734375 0.826875 0.033750 0.033750