0 0.211875 0.716875 0.063750 0.063750
0 0.133125 0.370000 0.066250 0.020000
0 0.115625 0.428125 0.053750 0.048750
0 0.720625 0.546875 0.026250 0.023750
0 0.416875 0.061250 0.083750 0.077500
0 0.436250 0.580000 0.030000 0.027500
0 0.933750 0.587500 0.050000 0.050000
0 0.210625 0.366875 0.071250 0.071250
0 0.089375 0.619375 0.026250 0.026250
0 0.076250 0.191250 0.097500 0.097500
0 0.773750 0.808750 0.050000 0.050000
0 0.160000 0.620000 0.052500 0.052500
0 0.598750 0.573750 0.097500 0.097500
0 0.728750 0.362500 0.107500 0.107500
0 0.549375 0.798125 0.033750 0.033750
0 0.424375 0.741875 0.078750 0.078750
0 0.797500 0.877500 0.042500 0.037500
0 0.121250 0.898750 0.045000 0.045000
0 0.435000 0.866250 0.110000 0.110000
0 0.886875 0.448125 0.026250 0.026250
0 0.796875 0.653750 0.066250 0.090000
0 0.454375 0.495000 0.078750 0.107500
0 0.311250 0.898750 0.087500 0.120000
0 0.536250 0.705000 0.027500 0.027500
0 0.575000 0.853125 0.055000 0.053750
0 0.326875 0.291875 0.066250 0.066250
0 0.264375 0.525625 0.071250 0.071250
0 0.917500 0.296250 0.070000 0.070000
0 0.688750 0.177500 0.077500 0.070000
0 0.688125 0.863750 0.033750 0.030000
0 0.157500 0.197500 0.025000 0.022500
0 0.723125 0.931250 0.028750 0.025000
0 0.903125 0.656250 0.066250 0.055000
0 0.167500 0.822500 0.027500 0.027500
0 0.457500 0.370000 0.070000 0.070000
0 0.188125 0.436875 0.046250 0.046250
0 0.253125 0.126875 0.103750 0.103750
0 0.263750 0.618750 0.047500 0.047500
0 0.525625 0.183125 0.098750 0.098750
0 0.420000 0.172500 0.090000 0.087500
0 0.047500 0.502500 0.065000 0.062500
0 0.888750 0.090000 0.102500 0.102500
0 0.850625 0.560625 0.053750 0.053750
0 0.905000 0.868750 0.090000 0.090000
0 0.101250 0.067500 0.110000 0.110000
0 0.649375 0.740625 0.091250 0.091250
0 0.251250 0.258750 0.047500 0.047500
0 0.871875 0.760625 0.096250 0.096250
0 0.117500 0.310000 0.050000 0.050000
0 0.155000 0.256250 0.027500 0.027500
0 0.310000 0.700000 0.072500 0.072500
0 0.790625 0.105625 0.051250 0.051250
0 0.065625 0.755625 0.036250 0.041250
0 0.316250 0.618125 0.030000 0.033750
0 0.875000 0.382500 0.032500 0.037500
0 0.616250 0.388750 0.090000 0.090000
0 0.831875 0.460000 0.056250 0.067500