0 0.588125 0.210625 0.101250 0.101250
0 0.558125 0.495625 0.108750 0.108750
0 0.704375 0.590625 0.056250 0.056250
0 0.735000 0.395000 0.097500 0.097500
0 0.524375 0.818125 0.076250 0.076250
0 0.319375 0.698125 0.106250 0.106250
0 0.325625 0.912500 0.093750 0.085000
0 0.768750 0.047500 0.050000 0.050000
0 0.487500 0.630000 0.070000 0.070000
0 0.254375 0.599375 0.031250 0.031250
0 0.343750 0.512500 0.045000 0.047500
0 0.853125 0.598125 0.101250 0.108750
0 0.140625 0.835625 0.063750 0.063750
0 0.697500 0.140000 0.035000 0.035000
0 0.631250 0.945000 0.045000 0.045000
0 0.386875 0.124375 0.111250 0.108750
0 0.891250 0.836875 0.025000 0.023750
0 0.133750 0.692500 0.097500 0.095000
0 0.628750 0.706250 0.097500 0.097500
0 0.496875 0.342500 0.083750 0.082500
0 0.566250 0.890625 0.025000 0.023750
0 0.777500 0.267500 0.107500 0.107500
0 0.435625 0.549375 0.053750 0.053750
0 0.686875 0.803125 0.068750 0.068750
0 0.825000 0.812500 0.027500 0.027500
0 0.233750 0.371875 0.042500 0.038750
0 0.052500 0.867500 0.025000 0.025000
0 0.136875 0.269375 0.101250 0.101250
0 0.441875 0.214375 0.038750 0.038750
0 0.810625 0.911875 0.046250 0.046250
0 0.344375 0.410625 0.073750 0.073750
0 0.854375 0.131875 0.061250 0.061250
0 0.075625 0.939375 0.041250 0.041250
0 0.431250 0.831250 0.087500 0.087500
0 0.545625 0.098125 0.086250 0.086250
0 0.609375 0.897500 0.031250 0.027500
0 0.232500 0.821250 0.075000 0.067500
0 0.153125 0.081250 0.083750 0.077500
0 0.859375 0.393125 0.066250 0.046250
0 0.171875 0.503125 0.106250 0.106250
0 0.834375 0.714375 0.091250 0.091250
0 0.339375 0.291875 0.028750 0.028750
0 0.701875 0.881875 0.028750 0.028750
0 0.155625 0.926250 0.086250 0.087500
0 0.942500 0.181875 0.062500 0.086250
0 0.898750 0.791875 0.045000 0.041250
0 0.465625 0.928750 0.088750 0.082500
0 0.318750 0.240000 0.055000 0.055000
0 0.151875 0.375625 0.076250 0.076250
0 0.736250 0.503750 0.047500 0.047500
0 0.399375 0.049375 0.026250 0.026250
0 0.915625 0.100625 0.036250 0.036250
0 0.826875 0.477500 0.066250 0.080000
0 0.606250 0.335625 0.112500 0.108750
0 0.252500 0.175625 0.030000 0.028750
0 0.439375 0.461875 0.036250 0.036250
0 0.968125 0.603125 0.036250 0.036250
0 0.038125 0.714375 0.038750 0.038750
0 0.881875 0.320625 0.066250 0.066250
0 0.313750 0.807500 0.072500 0.072500
0 0.399375 0.306250 0.051250 0.085000
0 0.075625 0.518125 0.068750 0.068750
0 0.260625 0.095625 0.103750 0.103750
0 0.683750 0.078750 0.067500 0.067500
0 0.040000 0.170625 0.052500 0.048750
0 0.068750 0.451875 0.040000 0.036250
0 0.046875 0.365625 0.068750 0.063750
0 0.937500 0.921875 0.075000 0.083750