0 0.743125 0.121250 0.046250 0.050000
0 0.865625 0.916875 0.078750 0.086250
0 0.276250 0.256875 0.047500 0.046250
0 0.452500 0.331250 0.107500 0.105000
0 0.311875 0.594375 0.066250 0.061250
0 0.261250 0.703125 0.080000 0.083750
0 0.513125 0.111250 0.026250 0.027500
0 0.095000 0.331875 0.097500 0.078750
0 0.781875 0.610000 0.093750 0.075000
0 0.176250 0.810625 0.055000 0.043750
0 0.695000 0.291250 0.052500 0.042500
0 0.281250 0.066250 0.055000 0.055000
0 0.399375 0.900625 0.068750 0.068750
0 0.779375 0.470625 0.051250 0.051250
0 0.620625 0.731875 0.071250 0.071250
0 0.843750 0.208750 0.105000 0.105000
0 0.780000 0.343750 0.092500 0.092500
0 0.176875 0.620000 0.073750 0.065000
0 0.371250 0.115000 0.062500 0.062500
0 0.170000 0.148750 0.037500 0.040000
0 0.934375 0.589375 0.036250 0.028750
0 0.743125 0.810625 0.096250 0.096250
0 0.240000 0.456250 0.025000 0.025000
0 0.452500 0.687500 0.045000 0.045000
0 0.516250 0.447500 0.107500 0.107500
0 0.119375 0.218125 0.051250 0.033750
0 0.648125 0.185625 0.101250 0.101250
0 0.905625 0.399375 0.093750 0.091250
0 0.685625 0.915000 0.061250 0.050000
0 0.068125 0.727500 0.108750 0.090000
0 0.398750 0.558750 0.070000 0.057500
0 0.768750 0.706250 0.100000 0.082500
0 0.244375 0.376250 0.103750 0.097500
0 0.865000 0.788750 0.040000 0.040000
0 0.080000 0.856250 0.100000 0.080000
0 0.477500 0.783750 0.077500 0.062500
0 0.632500 0.573750 0.060000 0.047500
0 0.670625 0.464375 0.086250 0.068750
0 0.708750 0.066875 0.075000 0.043750
0 0.532500 0.918750 0.105000 0.105000
0 0.943125 0.815625 0.088750 0.088750
0 0.861875 0.043125 0.066250 0.058750
0 0.266875 0.198125 0.043750 0.038750
0 0.299375 0.914375 0.103750 0.091250
0 0.430625 0.045625 0.043750 0.038750
0 0.538750 0.659375 0.040000 0.048750
0 0.064375 0.489375 0.096250 0.096250
0 0.881250 0.692500 0.075000 0.075000
0 0.803750 0.030000 0.032500 0.032500
0 0.373125 0.710625 0.093750 0.093750
0 0.464375 0.179375 0.063750 0.063750
0 0.093125 0.105625 0.101250 0.101250
0 0.170000 0.885625 0.047500 0.053750
0 0.608750 0.323125 0.065000 0.073750
0 0.543750 0.177500 0.080000 0.080000
0 0.963125 0.219375 0.031250 0.031250
0 0.252500 0.616250 0.037500 0.037500
0 0.501250 0.055000 0.042500 0.042500
0 0.921250 0.314375 0.067500 0.053750
0 0.216875 0.533750 0.096250 0.077500
0 0.248125 0.777500 0.058750 0.047500
0 0.859375 0.636250 0.028750 0.022500
0 0.371250 0.823125 0.050000 0.036250
0 0.350000 0.293750 0.082500 0.060000
0 0.913125 0.498750 0.106250 0.077500
0 0.597500 0.646250 0.040000 0.040000
0 0.956250 0.058750 0.055000 0.055000
0 0.873125 0.118125 0.083750 0.061250
0 0.314375 0.827500 0.031250 0.022500
0 0.745625 0.200625 0.073750 0.073750
0 0.361875 0.465625 0.081250 0.081250
0 0.048125 0.239375 0.058750 0.058750
0 0.077500 0.602500 0.107500 0.110000
0 0.212500 0.046875 0.067500 0.068750
0 0.620000 0.921250 0.032500 0.032500
0 0.344375 0.230625 0.043750 0.043750
0 0.623125 0.081250 0.063750 0.065000
0 0.929375 0.261875 0.036250 0.036250
0 0.202500 0.282500 0.067500 0.067500
0 0.167500 0.726250 0.075000 0.075000
0 0.946250 0.117500 0.045000 0.045000
0 0.765625 0.905625 0.043750 0.043750
0 0.133125 0.943125 0.026250 0.021250
0 0.497500 0.550000 0.082500 0.082500