0 0.673750 0.236875 0.097500 0.086250
0 0.787500 0.543750 0.087500 0.077500
0 0.268125 0.926250 0.071250 0.062500
0 0.355625 0.624375 0.041250 0.038750
0 0.889375 0.383750 0.106250 0.102500
0 0.329375 0.526875 0.026250 0.016250
0 0.218125 0.186875 0.033750 0.036250
0 0.798750 0.901250 0.062500 0.062500
0 0.375625 0.141875 0.048750 0.048750
0 0.257500 0.572500 0.087500 0.087500
0 0.628750 0.828750 0.055000 0.055000
0 0.740625 0.461875 0.051250 0.051250
0 0.859375 0.210000 0.106250 0.107500
0 0.423750 0.701250 0.052500 0.052500
0 0.563125 0.379375 0.108750 0.101250
0 0.323750 0.268750 0.072500 0.067500
0 0.699375 0.364375 0.036250 0.033750
0 0.263125 0.076875 0.033750 0.031250
0 0.613750 0.760000 0.050000 0.050000
0 0.701250 0.116250 0.102500 0.102500
0 0.289375 0.831875 0.053750 0.053750
0 0.766875 0.784375 0.078750 0.078750
0 0.755000 0.705000 0.060000 0.060000
0 0.131250 0.355000 0.112500 0.112500
0 0.421250 0.377500 0.095000 0.095000
0 0.577500 0.563750 0.032500 0.032500
0 0.618125 0.682500 0.061250 0.062500
0 0.400625 0.934375 0.046250 0.046250
0 0.547500 0.126250 0.082500 0.082500
0 0.918750 0.510000 0.062500 0.062500
0 0.109375 0.185625 0.083750 0.083750
0 0.067500 0.760000 0.092500 0.090000
0 0.490000 0.473125 0.030000 0.028750
0 0.803125 0.081250 0.078750 0.082500
0 0.872500 0.801250 0.055000 0.057500
0 0.890000 0.623125 0.085000 0.088750
0 0.956875 0.842500 0.058750 0.072500
0 0.439375 0.088750 0.028750 0.035000
0 0.128750 0.868125 0.087500 0.108750
0 0.950000 0.047500 0.037500 0.032500
0 0.661875 0.880625 0.038750 0.033750
0 0.491250 0.886250 0.087500 0.077500
0 0.491250 0.532500 0.067500 0.060000
0 0.506875 0.636875 0.091250 0.096250
0 0.397500 0.827500 0.057500 0.060000
0 0.126875 0.653125 0.101250 0.106250
0 0.272500 0.387500 0.105000 0.110000
0 0.648125 0.487500 0.058750 0.080000
0 0.256250 0.700000 0.100000 0.137500
0 0.061875 0.523750 0.091250 0.125000
0 0.170625 0.058125 0.081250 0.081250
0 0.950625 0.160625 0.028750 0.028750
0 0.228125 0.484375 0.036250 0.036250
0 0.331875 0.054375 0.078750 0.078750
0 0.408125 0.265625 0.031250 0.031250
0 0.528750 0.798750 0.067500 0.067500
0 0.450000 0.193125 0.072500 0.083750
0 0.531875 0.251250 0.073750 0.085000
0 0.413125 0.523125 0.063750 0.063750
0 0.779375 0.366875 0.098750 0.098750
0 0.961250 0.955000 0.037500 0.037500
0 0.682500 0.616250 0.045000 0.045000
0 0.136875 0.494375 0.038750 0.038750
0 0.498750 0.036875 0.042500 0.033750
0 0.780000 0.608125 0.045000 0.036250
0 0.168125 0.453125 0.026250 0.026250
0 0.222500 0.250000 0.065000 0.065000
0 0.043750 0.183750 0.027500 0.027500
0 0.965625 0.620625 0.033750 0.033750
0 0.080000 0.086250 0.070000 0.070000
0 0.883750 0.081250 0.037500 0.037500
0 0.311250 0.155000 0.065000 0.065000
0 0.580625 0.936875 0.053750 0.051250
0 0.683750 0.750000 0.055000 0.040000
0 0.440000 0.043750 0.055000 0.040000
0 0.621250 0.597500 0.040000 0.030000