0 0.408750 0.631250 0.077500 0.077500
0 0.226250 0.252500 0.032500 0.032500
0 0.602500 0.637500 0.050000 0.050000
0 0.035625 0.893125 0.046250 0.046250
0 0.497500 0.912500 0.062500 0.060000
0 0.260625 0.935625 0.063750 0.061250
0 0.830625 0.404375 0.111250 0.111250
0 0.564375 0.340625 0.036250 0.036250
0 0.529375 0.783750 0.056250 0.062500
0 0.299375 0.095625 0.103750 0.103750
0 0.365625 0.276875 0.038750 0.038750
0 0.235625 0.570000 0.041250 0.042500
0 0.524375 0.466875 0.091250 0.143750
0 0.840625 0.812500 0.033750 0.052500
0 0.857500 0.549375 0.042500 0.066250
0 0.480000 0.111250 0.075000 0.117500
0 0.185000 0.748750 0.032500 0.032500
0 0.100625 0.218125 0.103750 0.103750
0 0.893750 0.852500 0.055000 0.055000
0 0.082500 0.673750 0.062500 0.062500
0 0.455000 0.497500 0.027500 0.030000
0 0.510625 0.632500 0.031250 0.032500
0 0.059375 0.471250 0.088750 0.095000
0 0.587500 0.898125 0.032500 0.033750
0 0.887500 0.050000 0.035000 0.037500
0 0.581250 0.092500 0.032500 0.032500
0 0.188125 0.364375 0.096250 0.096250
0 0.670625 0.419375 0.053750 0.053750
0 0.149375 0.900625 0.078750 0.078750
0 0.431875 0.350625 0.041250 0.041250
0 0.765000 0.781250 0.090000 0.090000
0 0.111875 0.826250 0.031250 0.030000
0 0.762500 0.073750 0.057500 0.040000
0 0.268750 0.739375 0.027500 0.018750
0 0.317500 0.535000 0.092500 0.092500
0 0.400000 0.785000 0.097500 0.097500
0 0.756875 0.666875 0.111250 0.111250
0 0.816875 0.915625 0.033750 0.033750
0 0.745000 0.516250 0.055000 0.055000
0 0.095000 0.582500 0.105000 0.105000
0 0.643750 0.530000 0.102500 0.102500
0 0.860000 0.124375 0.082500 0.076250
0 0.883125 0.695000 0.106250 0.150000
0 0.663125 0.317500 0.081250 0.115000
0 0.123125 0.080000 0.046250 0.065000
0 0.274375 0.845625 0.028750 0.033750
0 0.395625 0.695625 0.033750 0.033750
0 0.398125 0.919375 0.111250 0.111250
0 0.290000 0.201250 0.030000 0.030000
0 0.299375 0.396875 0.111250 0.111250
0 0.931250 0.261250 0.110000 0.110000
0 0.574375 0.253125 0.053750 0.063750
0 0.666250 0.810625 0.085000 0.101250
0 0.187500 0.465000 0.052500 0.062500
0 0.812500 0.248750 0.110000 0.092500
0 0.228125 0.192500 0.071250 0.060000
0 0.258125 0.785625 0.063750 0.053750
0 0.650625 0.061875 0.053750 0.051250