0 0.682500 0.212500 0.105000 0.105000
0 0.131875 0.453125 0.066250 0.066250
0 0.109375 0.286875 0.083750 0.083750
0 0.090625 0.695625 0.098750 0.098750
0 0.689375 0.601875 0.051250 0.051250
0 0.867500 0.905000 0.105000 0.105000
0 0.708125 0.853125 0.073750 0.073750
0 0.275000 0.053750 0.080000 0.080000
0 0.487500 0.041250 0.047500 0.047500
0 0.767500 0.439375 0.055000 0.056250
0 0.397500 0.668125 0.102500 0.103750
0 0.068125 0.820625 0.066250 0.063750
0 0.365625 0.440625 0.053750 0.051250
0 0.236250 0.380000 0.095000 0.095000
0 0.585000 0.236250 0.062500 0.080000
0 0.729375 0.101875 0.051250 0.066250
0 0.689375 0.396875 0.043750 0.056250
0 0.327500 0.923125 0.047500 0.088750
0 0.321875 0.168750 0.038750 0.072500
0 0.823125 0.384375 0.026250 0.048750
0 0.572500 0.798125 0.050000 0.093750
0 0.672500 0.711250 0.100000 0.100000
0 0.285000 0.710000 0.107500 0.107500
0 0.095000 0.183750 0.072500 0.072500
0 0.042500 0.538750 0.052500 0.052500
0 0.581250 0.521250 0.027500 0.027500
0 0.480000 0.773125 0.110000 0.088750
0 0.371250 0.509375 0.080000 0.063750
0 0.378125 0.066875 0.048750 0.038750
0 0.913125 0.295625 0.058750 0.058750
0 0.560625 0.466875 0.031250 0.031250
0 0.495000 0.330000 0.067500 0.067500
0 0.886875 0.196875 0.061250 0.061250
0 0.396250 0.333750 0.090000 0.090000
0 0.773125 0.644375 0.061250 0.076250
0 0.498125 0.246875 0.056250 0.056250
0 0.173125 0.073125 0.098750 0.098750
0 0.826875 0.773125 0.111250 0.111250
0 0.660625 0.133125 0.033750 0.033750
0 0.062500 0.896250 0.030000 0.030000
0 0.511250 0.688750 0.055000 0.055000
0 0.525625 0.896875 0.031250 0.031250
0 0.483750 0.465000 0.107500 0.115000
0 0.168750 0.187500 0.037500 0.037500
0 0.931875 0.438125 0.111250 0.111250
0 0.242500 0.855000 0.090000 0.090000
0 0.620000 0.477500 0.025000 0.025000
0 0.240000 0.542500 0.070000 0.070000
0 0.415000 0.147500 0.100000 0.100000
0 0.032500 0.032500 0.035000 0.035000
0 0.160625 0.820625 0.028750 0.028750
0 0.901875 0.603125 0.071250 0.071250
0 0.043125 0.399375 0.053750 0.053750
0 0.595000 0.688750 0.035000 0.035000
0 0.292500 0.268750 0.057500 0.057500
0 0.910625 0.084375 0.106250 0.111250
0 0.422500 0.857500 0.050000 0.052500
0 0.661250 0.915625 0.035000 0.036250
0 0.623750 0.406250 0.072500 0.065000
0 0.798750 0.297500 0.045000 0.042500
0 0.222500 0.261250 0.060000 0.060000
0 0.715000 0.941250 0.032500 0.032500
0 0.558750 0.576250 0.065000 0.065000
0 0.350000 0.853750 0.032500 0.032500
0 0.606875 0.084375 0.056250 0.043750
0 0.628125 0.611875 0.051250 0.038750
0 0.711250 0.521875 0.102500 0.078750
0 0.814375 0.573750 0.041250 0.050000
0 0.094375 0.051250 0.026250 0.022500
0 0.133125 0.536250 0.083750 0.080000
0 0.748125 0.348125 0.041250 0.038750
0 0.811250 0.165000 0.067500 0.065000
0 0.778750 0.904375 0.050000 0.046250
0 0.173750 0.919375 0.025000 0.028750
0 0.403125 0.574375 0.051250 0.051250
0 0.450000 0.937500 0.032500 0.032500
0 0.536875 0.143750 0.048750 0.050000