0 0.388750 0.608750 0.045000 0.045000
0 0.075000 0.681250 0.100000 0.115000
0 0.598750 0.910000 0.070000 0.080000
0 0.259375 0.551875 0.068750 0.078750
0 0.030625 0.563125 0.036250 0.036250
0 0.257500 0.081250 0.025000 0.025000
0 0.413750 0.066250 0.105000 0.105000
0 0.160625 0.295625 0.056250 0.056250
0 0.909375 0.360625 0.083750 0.083750
0 0.790625 0.815625 0.091250 0.083750
0 0.256875 0.315625 0.088750 0.088750
0 0.875625 0.541875 0.068750 0.068750
0 0.923750 0.897500 0.090000 0.090000
0 0.593750 0.238750 0.062500 0.062500
0 0.682500 0.538750 0.105000 0.105000
0 0.714375 0.325625 0.026250 0.026250
0 0.717500 0.432500 0.057500 0.057500
0 0.473750 0.482500 0.107500 0.107500
0 0.173125 0.636875 0.081250 0.118750
0 0.865000 0.668125 0.105000 0.153750
0 0.942500 0.188125 0.030000 0.043750
0 0.731250 0.077500 0.027500 0.040000
0 0.118125 0.433125 0.091250 0.091250
0 0.692500 0.816875 0.060000 0.061250
0 0.447500 0.776250 0.080000 0.080000
0 0.336250 0.911250 0.075000 0.075000
0 0.446250 0.178750 0.077500 0.077500
0 0.761250 0.181250 0.082500 0.100000
0 0.360625 0.473750 0.053750 0.065000
0 0.446875 0.323750 0.111250 0.135000
0 0.504375 0.680625 0.036250 0.043750
0 0.500000 0.935000 0.070000 0.070000
0 0.322500 0.808750 0.055000 0.050000
0 0.203125 0.849375 0.111250 0.153750
0 0.810000 0.370625 0.090000 0.103750
0 0.178125 0.142500 0.026250 0.030000
0 0.868125 0.079375 0.098750 0.113750
0 0.256875 0.721875 0.033750 0.038750
0 0.657500 0.173125 0.050000 0.051250
0 0.848750 0.253750 0.055000 0.057500
0 0.578125 0.133125 0.056250 0.056250
0 0.955000 0.807500 0.055000 0.055000
0 0.201250 0.431875 0.055000 0.066250
0 0.604375 0.654375 0.091250 0.091250
0 0.655625 0.090625 0.066250 0.066250
0 0.077500 0.578125 0.040000 0.066250
0 0.089375 0.889375 0.033750 0.056250
0 0.069375 0.108750 0.111250 0.185000
0 0.576250 0.370000 0.100000 0.100000
0 0.542500 0.763125 0.057500 0.073750
0 0.761250 0.596875 0.032500 0.041250
0 0.315000 0.195000 0.080000 0.102500
0 0.313750 0.658125 0.075000 0.068750
0 0.948125 0.450000 0.078750 0.062500
0 0.715000 0.742500 0.060000 0.047500
0 0.515625 0.121250 0.041250 0.032500
0 0.717500 0.261875 0.030000 0.023750
0 0.684375 0.940625 0.048750 0.066250
0 0.775625 0.087500 0.046250 0.062500
0 0.219375 0.241875 0.041250 0.038750
0 0.298750 0.451250 0.055000 0.050000
0 0.837500 0.467500 0.060000 0.055000
0 0.066250 0.261250 0.062500 0.062500
0 0.768750 0.501250 0.047500 0.047500
0 0.332500 0.542500 0.055000 0.055000
0 0.792500 0.905000 0.077500 0.077500
0 0.893125 0.780625 0.036250 0.036250
0 0.029375 0.845625 0.031250 0.031250
0 0.488125 0.861875 0.038750 0.046250
0 0.923750 0.268125 0.077500 0.073750
0 0.111250 0.788125 0.042500 0.048750
0 0.043750 0.460000 0.037500 0.042500
0 0.713750 0.682500 0.052500 0.052500
0 0.449375 0.610625 0.051250 0.051250
0 0.561250 0.058750 0.055000 0.055000