0 0.423750 0.423750 0.055000 0.055000
0 0.322500 0.903750 0.065000 0.065000
0 0.552500 0.725000 0.085000 0.110000
0 0.365625 0.323125 0.098750 0.098750
0 0.440000 0.762500 0.110000 0.110000
0 0.206875 0.276875 0.058750 0.033750
0 0.456250 0.660000 0.090000 0.052500
0 0.340000 0.608750 0.035000 0.020000
0 0.736875 0.093125 0.051250 0.051250
0 0.671250 0.863750 0.092500 0.085000
0 0.551250 0.137500 0.052500 0.052500
0 0.048750 0.259375 0.025000 0.021250
0 0.471875 0.912500 0.088750 0.075000
0 0.872500 0.855625 0.077500 0.066250
0 0.558125 0.393750 0.076250 0.107500
0 0.563750 0.619375 0.077500 0.058750
0 0.704375 0.703125 0.103750 0.078750
0 0.163125 0.471250 0.033750 0.025000
0 0.239375 0.806875 0.038750 0.038750
0 0.105000 0.837500 0.080000 0.080000
0 0.926250 0.611250 0.110000 0.110000
0 0.233750 0.572500 0.110000 0.110000
0 0.315000 0.696250 0.105000 0.105000
0 0.797500 0.940625 0.037500 0.058750
0 0.189375 0.138750 0.111250 0.135000
0 0.906250 0.262500 0.040000 0.047500
0 0.041250 0.363750 0.040000 0.047500
0 0.721875 0.533125 0.083750 0.101250
0 0.649375 0.322500 0.088750 0.107500
0 0.421250 0.571875 0.087500 0.106250
0 0.815625 0.108125 0.078750 0.078750
0 0.045000 0.578750 0.045000 0.045000
0 0.886250 0.408125 0.110000 0.088750
0 0.763750 0.310625 0.080000 0.063750
0 0.080000 0.750000 0.090000 0.072500
0 0.635625 0.067500 0.098750 0.080000
0 0.318125 0.084375 0.108750 0.103750
0 0.256250 0.393750 0.095000 0.095000
0 0.580625 0.541875 0.076250 0.076250
0 0.350625 0.195625 0.096250 0.096250
0 0.480000 0.245000 0.105000 0.105000
0 0.825000 0.737500 0.097500 0.097500
0 0.626875 0.197500 0.058750 0.060000
0 0.698750 0.221250 0.052500 0.052500
0 0.230000 0.898750 0.100000 0.100000
0 0.863750 0.510000 0.070000 0.070000
0 0.455625 0.073750 0.053750 0.052500
0 0.348125 0.455625 0.068750 0.066250
0 0.765000 0.386250 0.067500 0.070000
0 0.401250 0.103125 0.037500 0.038750
0 0.531250 0.041250 0.025000 0.025000
0 0.065625 0.065625 0.096250 0.096250
0 0.182500 0.732500 0.080000 0.080000
0 0.927500 0.150000 0.025000 0.025000
0 0.074375 0.918125 0.106250 0.061250
0 0.322500 0.831250 0.062500 0.035000
0 0.561250 0.820625 0.085000 0.048750
0 0.479375 0.381250 0.026250 0.027500
0 0.468750 0.149375 0.027500 0.028750
0 0.947500 0.069375 0.050000 0.043750
0 0.150000 0.343750 0.070000 0.070000
0 0.797500 0.221250 0.092500 0.092500
0 0.955000 0.843750 0.060000 0.060000
0 0.060000 0.148125 0.055000 0.053750
0 0.640000 0.438125 0.065000 0.063750
0 0.122500 0.558125 0.075000 0.073750
0 0.123125 0.647500 0.058750 0.057500
0 0.938750 0.737500 0.067500 0.067500
0 0.605625 0.943125 0.031250 0.031250
0 0.090625 0.358125 0.031250 0.031250
0 0.078125 0.449375 0.048750 0.048750
0 0.846875 0.324375 0.063750 0.056250
0 0.798750 0.635000 0.027500 0.032500