0 0.231875 0.091250 0.073750 0.090000
0 0.353125 0.135625 0.081250 0.098750
0 0.284375 0.630625 0.101250 0.123750
0 0.474375 0.520000 0.058750 0.042500
0 0.115000 0.907500 0.037500 0.027500
0 0.690000 0.522500 0.055000 0.062500
0 0.471250 0.623750 0.032500 0.037500
0 0.334375 0.858125 0.068750 0.078750
0 0.471875 0.180000 0.108750 0.125000
0 0.827500 0.663750 0.060000 0.060000
0 0.113125 0.508750 0.111250 0.110000
0 0.658750 0.068125 0.030000 0.028750
0 0.907500 0.711250 0.080000 0.080000
0 0.597500 0.169375 0.025000 0.028750
0 0.129375 0.358750 0.081250 0.095000
0 0.217500 0.331875 0.050000 0.058750
0 0.209375 0.744375 0.088750 0.088750
0 0.726250 0.180000 0.097500 0.097500
0 0.663125 0.291875 0.051250 0.051250
0 0.848125 0.306875 0.063750 0.063750
0 0.396875 0.230625 0.026250 0.026250
0 0.876250 0.423750 0.097500 0.097500
0 0.925625 0.568125 0.056250 0.056250
0 0.215000 0.848750 0.037500 0.037500
0 0.588125 0.844375 0.041250 0.041250
0 0.591875 0.543125 0.081250 0.081250
0 0.838750 0.852500 0.097500 0.097500
0 0.078125 0.623125 0.046250 0.046250
0 0.452500 0.041875 0.032500 0.031250
0 0.846250 0.235000 0.057500 0.055000
0 0.084375 0.157500 0.053750 0.050000
0 0.505625 0.945000 0.043750 0.052500
0 0.763750 0.773750 0.025000 0.025000
0 0.516250 0.741250 0.085000 0.085000
0 0.515000 0.357500 0.042500 0.042500
0 0.300625 0.768750 0.078750 0.085000
0 0.375000 0.305000 0.107500 0.107500
0 0.295000 0.501250 0.097500 0.097500
0 0.703750 0.882500 0.100000 0.100000
0 0.906875 0.629375 0.056250 0.043750
0 0.824375 0.515625 0.048750 0.048750
0 0.759375 0.425625 0.111250 0.111250
0 0.683750 0.682500 0.040000 0.040000
0 0.425000 0.607500 0.042500 0.042500
0 0.398125 0.515625 0.063750 0.063750
0 0.496875 0.848125 0.051250 0.051250
0 0.076875 0.808750 0.108750 0.110000
0 0.376250 0.450000 0.030000 0.030000
0 0.850625 0.111875 0.108750 0.108750
0 0.605000 0.396250 0.077500 0.077500
0 0.513125 0.040625 0.051250 0.051250
0 0.073125 0.075625 0.098750 0.098750
0 0.841875 0.940625 0.063750 0.063750
0 0.374375 0.640625 0.043750 0.043750
0 0.183750 0.235625 0.112500 0.101250
0 0.603750 0.736875 0.037500 0.033750
0 0.438125 0.705625 0.048750 0.048750
0 0.453750 0.422500 0.100000 0.070000
0 0.751250 0.093750 0.062500 0.055000
0 0.743750 0.615000 0.080000 0.070000
0 0.833750 0.575000 0.052500 0.052500
0 0.420000 0.902500 0.077500 0.077500
0 0.618750 0.237500 0.032500 0.032500
0 0.137500 0.661250 0.050000 0.050000
0 0.956875 0.386875 0.048750 0.048750
0 0.063750 0.320000 0.027500 0.027500
0 0.181875 0.596250 0.038750 0.032500
0 0.923750 0.271250 0.062500 0.052500
0 0.936250 0.882500 0.027500 0.022500
0 0.799375 0.762500 0.031250 0.027500
0 0.410625 0.791875 0.066250 0.058750
0 0.955625 0.178125 0.038750 0.033750
0 0.688750 0.759375 0.027500 0.023750
0 0.740625 0.276250 0.073750 0.060000
0 0.553125 0.651250 0.086250 0.070000
0 0.936250 0.802500 0.052500 0.052500
0 0.199375 0.386875 0.036250 0.036250
0 0.220000 0.923750 0.065000 0.065000
0 0.052500 0.931250 0.060000 0.060000
0 0.613125 0.912500 0.056250 0.065000
0 0.027500 0.534375 0.027500 0.031250
0 0.070000 0.708750 0.055000 0.055000
0 0.278125 0.411250 0.061250 0.060000
0 0.630625 0.114375 0.043750 0.043750
0 0.161875 0.049375 0.033750 0.033750
0 0.560625 0.250625 0.048750 0.048750