0 0.885000 0.430000 0.110000 0.110000
0 0.939375 0.239375 0.096250 0.096250
0 0.868750 0.616250 0.087500 0.087500
0 0.203125 0.495625 0.078750 0.078750
0 0.288125 0.590000 0.043750 0.042500
0 0.575000 0.620000 0.095000 0.085000
0 0.886250 0.709375 0.082500 0.073750
0 0.680000 0.541250 0.062500 0.055000
0 0.551250 0.277500 0.037500 0.032500
0 0.511250 0.082500 0.045000 0.045000
0 0.075625 0.573125 0.071250 0.071250
0 0.547500 0.497500 0.085000 0.085000
0 0.587500 0.727500 0.100000 0.100000
0 0.171250 0.092500 0.060000 0.060000
0 0.753750 0.868125 0.055000 0.053750
0 0.494375 0.185000 0.086250 0.085000
0 0.285000 0.385625 0.110000 0.108750
0 0.809375 0.270625 0.081250 0.081250
0 0.783125 0.721875 0.091250 0.091250
0 0.471250 0.923750 0.035000 0.032500
0 0.036250 0.270000 0.030000 0.030000
0 0.691250 0.842500 0.050000 0.050000
0 0.326250 0.788750 0.102500 0.102500
0 0.147500 0.337500 0.087500 0.087500
0 0.688750 0.181250 0.112500 0.112500
0 0.911250 0.070000 0.087500 0.087500
0 0.846250 0.838750 0.047500 0.047500
0 0.745625 0.438125 0.106250 0.106250
0 0.088750 0.045000 0.035000 0.035000
0 0.697500 0.770000 0.040000 0.040000
0 0.061875 0.166875 0.091250 0.091250
0 0.246875 0.913125 0.071250 0.071250
0 0.433750 0.090000 0.057500 0.057500
0 0.098125 0.671875 0.033750 0.033750
0 0.444375 0.656875 0.106250 0.106250
0 0.187500 0.772500 0.107500 0.107500
0 0.579375 0.844375 0.073750 0.073750
0 0.287500 0.121250 0.052500 0.052500
0 0.239375 0.201875 0.081250 0.091250
0 0.196875 0.630625 0.098750 0.111250
0 0.148750 0.914375 0.090000 0.101250
0 0.466250 0.036250 0.032500 0.032500
0 0.460625 0.403125 0.098750 0.088750
0 0.397500 0.233750 0.085000 0.085000
0 0.472500 0.822500 0.080000 0.080000
0 0.608125 0.328125 0.053750 0.053750
0 0.303750 0.683750 0.082500 0.082500
0 0.096875 0.451875 0.076250 0.076250
0 0.050000 0.723750 0.050000 0.050000
0 0.316875 0.943750 0.048750 0.052500
0 0.669375 0.916875 0.028750 0.031250
0 0.190625 0.416875 0.058750 0.053750
0 0.933750 0.823750 0.102500 0.095000
0 0.723750 0.338750 0.070000 0.065000
0 0.823125 0.925625 0.041250 0.041250
0 0.037500 0.348750 0.045000 0.037500
0 0.810000 0.153750 0.060000 0.060000
0 0.381875 0.508125 0.106250 0.106250
0 0.553750 0.032500 0.032500 0.032500
0 0.558125 0.915625 0.033750 0.036250
0 0.678750 0.050625 0.067500 0.066250
0 0.158125 0.269375 0.031250 0.031250
0 0.460000 0.475625 0.035000 0.033750
0 0.043125 0.863750 0.058750 0.107500
0 0.038125 0.061250 0.028750 0.052500
0 0.763125 0.641875 0.031250 0.031250
0 0.955625 0.661875 0.041250 0.041250
0 0.771875 0.573125 0.088750 0.088750
0 0.679375 0.618125 0.046250 0.046250