0 0.508750 0.740625 0.027500 0.028750
0 0.248750 0.227500 0.042500 0.045000
0 0.116875 0.044375 0.043750 0.046250
0 0.780000 0.743750 0.050000 0.045000
0 0.424375 0.180625 0.058750 0.058750
0 0.374375 0.035625 0.036250 0.033750
0 0.945000 0.811875 0.040000 0.056250
0 0.336250 0.731250 0.112500 0.112500
0 0.723125 0.590625 0.033750 0.033750
0 0.142500 0.773125 0.072500 0.093750
0 0.071875 0.225625 0.048750 0.046250
0 0.726250 0.145000 0.107500 0.107500
0 0.946250 0.618750 0.075000 0.075000
0 0.913750 0.341250 0.062500 0.062500
0 0.198750 0.635000 0.042500 0.042500
0 0.191875 0.244375 0.033750 0.033750
0 0.481250 0.059375 0.037500 0.033750
0 0.271875 0.890625 0.106250 0.096250
0 0.475625 0.943750 0.061250 0.055000
0 0.525625 0.060000 0.036250 0.032500
0 0.586250 0.428750 0.082500 0.082500
0 0.130000 0.527500 0.052500 0.052500
0 0.856875 0.489375 0.033750 0.031250
0 0.572500 0.321250 0.105000 0.105000
0 0.201250 0.443125 0.035000 0.033750
0 0.913750 0.414375 0.052500 0.051250
0 0.846875 0.389375 0.028750 0.028750
0 0.943750 0.097500 0.067500 0.067500
0 0.570000 0.517500 0.052500 0.052500
0 0.306875 0.340625 0.028750 0.028750
0 0.414375 0.454375 0.101250 0.101250
0 0.388125 0.601875 0.036250 0.036250
0 0.226875 0.711250 0.048750 0.045000
0 0.563125 0.850625 0.081250 0.081250
0 0.264375 0.122500 0.058750 0.045000
0 0.474375 0.540000 0.043750 0.032500
0 0.880000 0.236250 0.095000 0.095000
0 0.055000 0.135000 0.042500 0.042500
0 0.439375 0.279375 0.083750 0.083750
0 0.105625 0.626875 0.108750 0.108750
0 0.138125 0.909375 0.063750 0.063750
0 0.289375 0.591250 0.083750 0.067500
0 0.606875 0.089375 0.086250 0.086250
0 0.408750 0.918750 0.057500 0.057500
0 0.576250 0.236250 0.027500 0.032500
0 0.763125 0.255625 0.098750 0.098750
0 0.680000 0.748750 0.110000 0.110000
0 0.110000 0.401250 0.112500 0.112500
0 0.834375 0.760625 0.033750 0.033750
0 0.714375 0.516250 0.103750 0.100000
0 0.886875 0.958750 0.033750 0.032500
0 0.762500 0.339375 0.050000 0.048750
0 0.213750 0.353125 0.050000 0.078750
0 0.945000 0.919375 0.050000 0.078750
0 0.676875 0.898750 0.076250 0.092500
0 0.301250 0.471875 0.110000 0.133750
0 0.785000 0.846250 0.070000 0.085000
0 0.338125 0.271250 0.101250 0.080000
0 0.690000 0.039375 0.065000 0.051250
0 0.390000 0.111875 0.052500 0.041250
0 0.906250 0.716250 0.052500 0.052500
0 0.535625 0.659375 0.106250 0.106250
0 0.079375 0.718125 0.031250 0.031250
0 0.867500 0.056250 0.052500 0.052500
0 0.155625 0.162500 0.073750 0.115000
0 0.650625 0.371250 0.028750 0.045000
0 0.803750 0.660000 0.110000 0.105000
0 0.903125 0.534375 0.046250 0.043750
0 0.075625 0.305000 0.056250 0.042500
0 0.818125 0.143125 0.048750 0.036250
0 0.771250 0.433125 0.067500 0.051250
0 0.594375 0.938750 0.056250 0.042500
0 0.961875 0.524375 0.048750 0.048750
0 0.386875 0.843125 0.078750 0.078750
0 0.196875 0.516875 0.048750 0.048750
0 0.519375 0.185625 0.053750 0.053750
0 0.648750 0.605000 0.050000 0.055000
0 0.963750 0.264375 0.042500 0.046250
0 0.210000 0.801250 0.040000 0.020000
0 0.208750 0.061875 0.082500 0.048750
0 0.397500 0.540000 0.062500 0.037500
0 0.310000 0.033750 0.072500 0.042500
0 0.073125 0.886250 0.026250 0.015000
0 0.661250 0.307500 0.055000 0.055000
0 0.705000 0.378750 0.045000 0.037500