0 0.644375 0.520625 0.086250 0.068750
0 0.718125 0.825625 0.061250 0.048750
0 0.450625 0.095625 0.096250 0.096250
0 0.928125 0.708125 0.051250 0.051250
0 0.945625 0.065625 0.033750 0.033750
0 0.274375 0.873125 0.111250 0.111250
0 0.689375 0.333125 0.081250 0.076250
0 0.055000 0.277500 0.027500 0.025000
0 0.091250 0.075000 0.082500 0.102500
0 0.640000 0.143750 0.030000 0.030000
0 0.353750 0.326250 0.095000 0.095000
0 0.270625 0.146875 0.103750 0.103750
0 0.514375 0.655625 0.028750 0.028750
0 0.620000 0.632500 0.087500 0.087500
0 0.772500 0.171250 0.025000 0.025000
0 0.362500 0.113750 0.050000 0.050000
0 0.473125 0.379375 0.098750 0.098750
0 0.965625 0.270625 0.043750 0.043750
0 0.886250 0.056250 0.047500 0.047500
0 0.326250 0.725000 0.065000 0.065000
0 0.444375 0.558125 0.071250 0.071250
0 0.228125 0.514375 0.101250 0.101250
0 0.601250 0.417500 0.035000 0.035000
0 0.567500 0.886250 0.105000 0.105000
0 0.325000 0.558750 0.077500 0.075000
0 0.126250 0.842500 0.105000 0.105000
0 0.736250 0.567500 0.082500 0.082500
0 0.190625 0.684375 0.088750 0.088750
0 0.146250 0.193750 0.047500 0.047500
0 0.533125 0.254375 0.103750 0.103750
0 0.344375 0.451875 0.103750 0.103750
0 0.906875 0.889375 0.031250 0.031250
0 0.456250 0.792500 0.052500 0.067500
0 0.090000 0.520625 0.112500 0.146250
0 0.853750 0.337500 0.042500 0.055000
0 0.936250 0.626875 0.077500 0.081250
0 0.836875 0.498750 0.098750 0.090000
0 0.555000 0.715625 0.080000 0.061250
0 0.408125 0.691875 0.053750 0.053750
0 0.365625 0.033750 0.046250 0.037500
0 0.743750 0.721875 0.112500 0.091250
0 0.641875 0.225625 0.083750 0.081250
0 0.169375 0.395625 0.076250 0.076250
0 0.193750 0.606250 0.047500 0.047500
0 0.896250 0.196250 0.042500 0.042500
0 0.775000 0.296250 0.062500 0.062500
0 0.791250 0.868750 0.032500 0.025000
0 0.070625 0.683125 0.081250 0.081250
0 0.374375 0.899375 0.051250 0.051250
0 0.936250 0.951250 0.040000 0.040000
0 0.651875 0.074375 0.093750 0.093750
0 0.766875 0.086875 0.033750 0.033750
0 0.113750 0.293750 0.047500 0.047500
0 0.725625 0.036875 0.038750 0.038750
0 0.291250 0.647500 0.052500 0.052500
0 0.430625 0.863125 0.046250 0.033750
0 0.756250 0.938750 0.047500 0.047500
0 0.556875 0.506875 0.043750 0.043750
0 0.768750 0.217500 0.047500 0.047500
0 0.930625 0.331250 0.096250 0.057500
0 0.892500 0.127500 0.092500 0.055000
0 0.234375 0.273125 0.066250 0.038750
0 0.826250 0.583750 0.050000 0.050000
0 0.066250 0.403750 0.030000 0.030000
0 0.416875 0.193750 0.071250 0.067500
0 0.171875 0.274375 0.031250 0.028750
0 0.055625 0.235625 0.031250 0.028750
0 0.847500 0.766250 0.072500 0.077500
0 0.846250 0.935625 0.025000 0.026250
0 0.490625 0.615625 0.026250 0.026250
0 0.559375 0.076875 0.061250 0.061250
0 0.940625 0.448125 0.076250 0.076250
0 0.668125 0.925000 0.081250 0.092500
0 0.657500 0.825000 0.030000 0.030000