0 0.877500 0.606875 0.090000 0.088750
0 0.715000 0.145000 0.037500 0.037500
0 0.851250 0.880000 0.107500 0.107500
0 0.159375 0.711875 0.073750 0.073750
0 0.114375 0.406875 0.108750 0.108750
0 0.836250 0.708750 0.082500 0.082500
0 0.345625 0.258125 0.073750 0.073750
0 0.317500 0.790000 0.075000 0.072500
0 0.131250 0.835000 0.090000 0.087500
0 0.273125 0.930000 0.036250 0.035000
0 0.279375 0.119375 0.068750 0.066250
0 0.416875 0.620000 0.108750 0.100000
0 0.098750 0.060000 0.037500 0.022500
0 0.652500 0.055000 0.052500 0.052500
0 0.540625 0.799375 0.098750 0.098750
0 0.455000 0.761250 0.025000 0.020000
0 0.116875 0.276875 0.083750 0.083750
0 0.322500 0.713750 0.062500 0.062500
0 0.825625 0.514375 0.066250 0.066250
0 0.876875 0.129375 0.086250 0.086250
0 0.498750 0.123750 0.027500 0.027500
0 0.569375 0.363125 0.088750 0.088750
0 0.749375 0.790625 0.038750 0.038750
0 0.967500 0.602500 0.040000 0.040000
0 0.255000 0.476250 0.112500 0.112500
0 0.441250 0.174375 0.050000 0.068750
0 0.659375 0.830000 0.041250 0.035000
0 0.400000 0.383125 0.082500 0.071250
0 0.656250 0.667500 0.040000 0.035000
0 0.431250 0.913750 0.092500 0.080000
0 0.551250 0.602500 0.052500 0.052500
0 0.585000 0.192500 0.085000 0.085000
0 0.149375 0.638125 0.043750 0.043750
0 0.080000 0.146875 0.105000 0.093750
0 0.748125 0.401875 0.083750 0.058750
0 0.765000 0.320625 0.107500 0.076250
0 0.311875 0.856875 0.026250 0.026250
0 0.707500 0.575000 0.095000 0.095000
0 0.200625 0.033125 0.026250 0.026250
0 0.356875 0.459375 0.061250 0.061250
0 0.790000 0.228750 0.065000 0.065000
0 0.910000 0.382500 0.075000 0.075000
0 0.348125 0.119375 0.031250 0.031250
0 0.411250 0.053125 0.062500 0.063750
0 0.748750 0.861875 0.065000 0.066250
0 0.297500 0.565000 0.047500 0.047500
0 0.407500 0.531250 0.047500 0.047500
0 0.958125 0.866250 0.053750 0.042500
0 0.641875 0.889375 0.036250 0.028750
0 0.041250 0.938750 0.050000 0.040000
0 0.582500 0.936875 0.065000 0.051250
0 0.241875 0.218125 0.073750 0.058750
0 0.058750 0.669375 0.087500 0.086250
0 0.534375 0.518750 0.071250 0.077500
0 0.684375 0.230000 0.073750 0.072500
0 0.095625 0.507500 0.036250 0.035000
0 0.781250 0.098125 0.065000 0.063750
0 0.921250 0.492500 0.105000 0.092500
0 0.613750 0.541875 0.037500 0.033750
0 0.922500 0.753750 0.072500 0.072500
0 0.283750 0.633750 0.070000 0.070000
0 0.186875 0.933750 0.076250 0.070000
0 0.907500 0.247500 0.087500 0.075000
0 0.210000 0.776875 0.042500 0.036250
0 0.578125 0.055000 0.043750 0.037500
0 0.434375 0.817500 0.051250 0.050000
0 0.643750 0.440000 0.050000 0.050000
0 0.076875 0.571875 0.078750 0.078750
0 0.047500 0.793750 0.045000 0.045000
0 0.596875 0.279375 0.061250 0.061250
0 0.442500 0.252500 0.065000 0.065000
0 0.269375 0.290625 0.063750 0.063750
0 0.731875 0.681875 0.078750 0.076250
0 0.271875 0.375625 0.058750 0.056250
0 0.170625 0.119375 0.036250 0.036250
0 0.043125 0.875625 0.038750 0.038750
0 0.537500 0.700000 0.045000 0.045000
0 0.480000 0.445000 0.042500 0.042500