0 0.774375 0.217500 0.061250 0.060000
0 0.936875 0.946875 0.033750 0.031250
0 0.150000 0.099375 0.087500 0.078750
0 0.196250 0.785000 0.105000 0.095000
0 0.711250 0.315625 0.112500 0.103750
0 0.654375 0.706875 0.088750 0.081250
0 0.576250 0.395000 0.050000 0.050000
0 0.145625 0.332500 0.096250 0.097500
0 0.871250 0.193750 0.110000 0.110000
0 0.511875 0.213125 0.033750 0.033750
0 0.339375 0.105625 0.083750 0.083750
0 0.835000 0.835625 0.057500 0.058750
0 0.885625 0.308125 0.091250 0.066250
0 0.538125 0.493125 0.106250 0.076250
0 0.765625 0.568125 0.106250 0.076250
0 0.668125 0.162500 0.083750 0.060000
0 0.698750 0.411250 0.057500 0.057500
0 0.441250 0.892500 0.110000 0.115000
0 0.743750 0.831250 0.107500 0.112500
0 0.067500 0.941250 0.060000 0.062500
0 0.849375 0.412500 0.041250 0.042500
0 0.249375 0.163125 0.056250 0.056250
0 0.238750 0.042500 0.055000 0.055000
0 0.428125 0.784375 0.041250 0.041250
0 0.909375 0.638125 0.111250 0.111250
0 0.493750 0.683750 0.080000 0.080000
0 0.260000 0.505000 0.087500 0.087500
0 0.318125 0.385000 0.048750 0.042500
0 0.303125 0.626875 0.108750 0.096250
0 0.280625 0.923125 0.058750 0.051250
0 0.585000 0.141875 0.050000 0.043750
0 0.185000 0.261250 0.027500 0.025000
0 0.048125 0.138125 0.056250 0.056250
0 0.843750 0.072500 0.110000 0.110000
0 0.299375 0.295625 0.081250 0.081250
0 0.609375 0.833125 0.093750 0.113750
0 0.938125 0.795000 0.056250 0.047500
0 0.781875 0.453750 0.073750 0.062500
0 0.448125 0.406875 0.031250 0.026250
0 0.797500 0.707500 0.065000 0.055000
0 0.311875 0.731875 0.048750 0.066250
0 0.707500 0.218750 0.027500 0.037500
0 0.428125 0.133125 0.071250 0.071250
0 0.506250 0.296250 0.107500 0.107500
0 0.044375 0.656875 0.061250 0.061250
0 0.203125 0.656875 0.053750 0.053750
0 0.651875 0.571875 0.076250 0.071250
0 0.490000 0.766250 0.032500 0.030000
0 0.592500 0.351250 0.025000 0.022500
0 0.727500 0.704375 0.042500 0.046250
0 0.926875 0.528125 0.088750 0.088750
0 0.710000 0.078750 0.085000 0.085000
0 0.065625 0.876875 0.043750 0.043750
0 0.473125 0.586875 0.078750 0.078750
0 0.448750 0.475000 0.035000 0.035000
0 0.382500 0.464375 0.072500 0.063750
0 0.091875 0.446875 0.061250 0.053750
0 0.320625 0.836250 0.046250 0.040000
0 0.539375 0.083125 0.038750 0.033750
0 0.201250 0.909375 0.067500 0.053750
0 0.061875 0.528125 0.073750 0.073750
0 0.421250 0.676250 0.042500 0.042500
0 0.092500 0.751250 0.062500 0.062500
0 0.766875 0.936875 0.076250 0.076250
0 0.116875 0.875625 0.028750 0.026250
0 0.941250 0.866250 0.065000 0.060000
0 0.160000 0.607500 0.030000 0.027500
0 0.260000 0.373125 0.032500 0.031250
0 0.148750 0.524375 0.082500 0.073750
0 0.394375 0.592500 0.038750 0.035000
0 0.957500 0.063750 0.030000 0.027500
0 0.128125 0.235625 0.038750 0.038750
0 0.657500 0.486250 0.035000 0.035000
0 0.921875 0.398125 0.078750 0.098750
0 0.351875 0.196875 0.056250 0.056250
0 0.060625 0.046875 0.056250 0.056250
0 0.560000 0.935625 0.055000 0.058750
0 0.060000 0.373125 0.057500 0.063750
0 0.870625 0.938125 0.048750 0.053750
0 0.868750 0.780000 0.035000 0.032500
0 0.614375 0.043750 0.058750 0.050000
0 0.553750 0.038750 0.030000 0.025000
0 0.801875 0.640000 0.066250 0.040000
0 0.660000 0.928750 0.042500 0.042500