0 0.718750 0.811250 0.027500 0.027500
0 0.165000 0.930000 0.057500 0.057500
0 0.710000 0.093750 0.102500 0.102500
0 0.645000 0.912500 0.107500 0.107500
0 0.775000 0.737500 0.105000 0.105000
0 0.421250 0.697500 0.105000 0.105000
0 0.261250 0.862500 0.100000 0.100000
0 0.820000 0.648750 0.047500 0.047500
0 0.349375 0.569375 0.076250 0.076250
0 0.848750 0.236250 0.102500 0.102500
0 0.263750 0.273750 0.070000 0.067500
0 0.141250 0.457500 0.042500 0.050000
0 0.748125 0.423125 0.088750 0.106250
0 0.055625 0.798125 0.046250 0.043750
0 0.656250 0.336875 0.080000 0.086250
0 0.566250 0.661875 0.100000 0.103750
0 0.143750 0.282500 0.055000 0.057500
0 0.781250 0.938750 0.072500 0.072500
0 0.390000 0.910000 0.087500 0.087500
0 0.900000 0.582500 0.057500 0.057500
0 0.122500 0.825000 0.065000 0.065000
0 0.693125 0.554375 0.061250 0.061250
0 0.618125 0.575625 0.046250 0.046250
0 0.836250 0.426250 0.055000 0.040000
0 0.379375 0.186875 0.063750 0.063750
0 0.540000 0.306250 0.107500 0.107500
0 0.322500 0.735000 0.045000 0.045000
0 0.236250 0.680000 0.057500 0.057500
0 0.395625 0.394375 0.108750 0.108750
0 0.095000 0.932500 0.062500 0.085000
0 0.165000 0.062500 0.075000 0.075000
0 0.455625 0.511875 0.083750 0.083750
0 0.796875 0.550625 0.088750 0.088750
0 0.561875 0.438125 0.051250 0.051250
0 0.193125 0.180625 0.048750 0.048750
0 0.935000 0.077500 0.037500 0.045000
0 0.677500 0.747500 0.075000 0.077500
0 0.906250 0.758750 0.047500 0.047500
0 0.461875 0.786250 0.041250 0.050000
0 0.820625 0.089375 0.086250 0.103750
0 0.085625 0.039375 0.051250 0.051250
0 0.546875 0.865625 0.068750 0.068750
0 0.162500 0.588750 0.100000 0.100000
0 0.928125 0.499375 0.078750 0.078750
0 0.505625 0.100625 0.081250 0.081250
0 0.681875 0.226875 0.111250 0.111250
0 0.243750 0.177500 0.035000 0.035000
0 0.242500 0.358750 0.025000 0.025000
0 0.927500 0.657500 0.030000 0.030000
0 0.361875 0.092500 0.106250 0.102500
0 0.858750 0.336250 0.042500 0.040000
0 0.090625 0.191250 0.098750 0.095000
0 0.531875 0.176875 0.026250 0.026250
0 0.059375 0.654375 0.063750 0.063750
0 0.371250 0.271250 0.040000 0.040000
0 0.162500 0.342500 0.047500 0.047500
0 0.877500 0.866250 0.042500 0.047500
0 0.440625 0.255000 0.073750 0.047500
0 0.058750 0.460000 0.052500 0.047500
0 0.278125 0.462500 0.076250 0.070000
0 0.162500 0.692500 0.025000 0.022500
0 0.598750 0.088750 0.087500 0.087500
0 0.263125 0.605625 0.071250 0.071250
0 0.958125 0.139375 0.028750 0.041250
0 0.041875 0.542500 0.053750 0.052500
0 0.206250 0.437500 0.025000 0.025000
0 0.158750 0.766250 0.035000 0.035000
0 0.386250 0.817500 0.067500 0.067500
0 0.658125 0.626875 0.033750 0.033750