0 0.201875 0.774375 0.098750 0.038750
0 0.144375 0.940000 0.056250 0.022500
0 0.330000 0.619375 0.085000 0.033750
0 0.887500 0.188750 0.092500 0.092500
0 0.639375 0.412500 0.076250 0.072500
0 0.223750 0.476875 0.077500 0.073750
0 0.518750 0.522500 0.057500 0.055000
0 0.673750 0.546250 0.075000 0.075000
0 0.932500 0.828750 0.060000 0.060000
0 0.757500 0.312500 0.085000 0.085000
0 0.061875 0.874375 0.041250 0.036250
0 0.365625 0.903750 0.058750 0.052500
0 0.432500 0.298125 0.112500 0.101250
0 0.411250 0.821250 0.097500 0.082500
0 0.648750 0.856250 0.097500 0.082500
0 0.715625 0.151875 0.068750 0.068750
0 0.159375 0.094375 0.108750 0.108750
0 0.938125 0.463750 0.093750 0.132500
0 0.606250 0.619375 0.032500 0.031250
0 0.945000 0.050000 0.062500 0.060000
0 0.278750 0.099375 0.037500 0.036250
0 0.863750 0.794375 0.027500 0.026250
0 0.103750 0.245625 0.082500 0.086250
0 0.371250 0.070000 0.107500 0.107500
0 0.656875 0.320625 0.061250 0.061250
0 0.203125 0.574375 0.058750 0.058750
0 0.077500 0.585000 0.107500 0.107500
0 0.300000 0.825000 0.077500 0.077500
0 0.740000 0.692500 0.042500 0.037500
0 0.558125 0.340625 0.048750 0.043750
0 0.656250 0.716250 0.100000 0.090000
0 0.105625 0.328750 0.056250 0.050000
0 0.144375 0.485625 0.063750 0.063750
0 0.824375 0.553125 0.058750 0.058750
0 0.525625 0.889375 0.091250 0.063750
0 0.736250 0.920000 0.025000 0.022500
0 0.454375 0.726875 0.038750 0.036250
0 0.310000 0.216250 0.112500 0.165000
0 0.561875 0.066875 0.041250 0.041250
0 0.649375 0.156875 0.038750 0.038750
0 0.761875 0.436875 0.038750 0.038750
0 0.928125 0.721875 0.078750 0.078750
0 0.426250 0.435000 0.085000 0.085000
0 0.480000 0.112500 0.082500 0.075000
0 0.896250 0.633750 0.052500 0.052500
0 0.037500 0.196250 0.032500 0.032500
0 0.460625 0.619375 0.103750 0.103750
0 0.908125 0.924375 0.078750 0.078750
0 0.561250 0.175000 0.050000 0.050000
0 0.825000 0.936250 0.057500 0.057500
0 0.409375 0.719375 0.033750 0.033750
0 0.890625 0.335625 0.086250 0.086250
0 0.056250 0.086875 0.032500 0.026250
0 0.258125 0.905625 0.036250 0.028750
0 0.078125 0.735625 0.096250 0.078750
0 0.173750 0.879375 0.087500 0.071250
0 0.251875 0.334375 0.048750 0.048750
0 0.776875 0.753750 0.093750 0.065000
0 0.445000 0.946250 0.032500 0.032500
0 0.549375 0.754375 0.088750 0.088750
0 0.531250 0.446250 0.065000 0.065000
0 0.051250 0.403750 0.062500 0.085000
0 0.173750 0.215625 0.035000 0.038750
0 0.797500 0.073750 0.080000 0.080000
0 0.886250 0.577500 0.035000 0.030000
0 0.313125 0.419375 0.083750 0.073750
0 0.467500 0.213750 0.037500 0.032500
0 0.269375 0.661875 0.028750 0.028750
0 0.749375 0.608125 0.051250 0.051250
0 0.832500 0.425000 0.052500 0.052500
0 0.646250 0.071250 0.045000 0.077500
0 0.545000 0.628750 0.045000 0.077500
0 0.623750 0.927500 0.045000 0.042500
0 0.062500 0.950000 0.040000 0.037500
0 0.320625 0.511250 0.073750 0.070000