0 0.238750 0.876250 0.035000 0.032500
0 0.600000 0.054375 0.055000 0.051250
0 0.866875 0.781250 0.086250 0.080000
0 0.153125 0.124375 0.096250 0.096250
0 0.811875 0.301875 0.096250 0.096250
0 0.690000 0.382500 0.057500 0.057500
0 0.401250 0.821250 0.107500 0.107500
0 0.583750 0.820000 0.090000 0.087500
0 0.053750 0.476250 0.035000 0.035000
0 0.786250 0.155000 0.092500 0.092500
0 0.780000 0.958125 0.047500 0.023750
0 0.738750 0.694375 0.062500 0.031250
0 0.156250 0.320000 0.090000 0.045000
0 0.925000 0.531250 0.082500 0.082500
0 0.405000 0.368125 0.090000 0.083750
0 0.768750 0.476250 0.072500 0.067500
0 0.114375 0.206250 0.046250 0.042500
0 0.610000 0.138750 0.095000 0.087500
0 0.180625 0.435625 0.041250 0.041250
0 0.849375 0.466875 0.036250 0.036250
0 0.213125 0.548125 0.106250 0.106250
0 0.730625 0.581875 0.071250 0.071250
0 0.131875 0.675625 0.061250 0.061250
0 0.611875 0.438125 0.073750 0.073750
0 0.250000 0.368750 0.075000 0.075000
0 0.445625 0.111875 0.103750 0.103750
0 0.358750 0.090000 0.047500 0.047500
0 0.583125 0.311875 0.091250 0.091250
0 0.246875 0.080625 0.043750 0.043750
0 0.379375 0.249375 0.036250 0.036250
0 0.906875 0.909375 0.096250 0.096250
0 0.175625 0.881875 0.041250 0.041250
0 0.460625 0.545625 0.111250 0.111250
0 0.635000 0.713125 0.112500 0.106250
0 0.354375 0.461875 0.073750 0.073750
0 0.841875 0.621250 0.063750 0.057500
0 0.663750 0.900625 0.062500 0.056250
0 0.320000 0.691875 0.070000 0.063750
0 0.560625 0.928750 0.111250 0.090000
0 0.460625 0.451875 0.076250 0.061250
0 0.496875 0.303125 0.066250 0.066250
0 0.495000 0.222500 0.060000 0.060000
0 0.548750 0.068750 0.030000 0.030000
0 0.122500 0.790000 0.077500 0.077500
0 0.938125 0.200625 0.096250 0.096250
0 0.275625 0.801875 0.071250 0.071250
0 0.288750 0.173750 0.085000 0.085000
0 0.071875 0.874375 0.046250 0.046250
0 0.570625 0.598125 0.033750 0.033750
0 0.466250 0.725000 0.070000 0.070000
0 0.925000 0.636250 0.087500 0.087500
0 0.935625 0.079375 0.076250 0.076250
0 0.615000 0.528750 0.077500 0.077500
0 0.675625 0.237500 0.071250 0.080000
0 0.961875 0.358750 0.033750 0.037500
0 0.952500 0.413125 0.032500 0.036250
0 0.335000 0.922500 0.080000 0.080000
0 0.815000 0.693750 0.030000 0.015000
0 0.370000 0.035000 0.062500 0.032500
0 0.427500 0.942500 0.025000 0.012500
0 0.830625 0.046250 0.108750 0.057500
0 0.207500 0.647500 0.070000 0.072500
0 0.059375 0.327500 0.088750 0.092500
0 0.955000 0.795000 0.052500 0.045000
0 0.524375 0.668125 0.026250 0.026250
0 0.077500 0.573750 0.100000 0.100000
0 0.198750 0.716250 0.047500 0.047500
0 0.408750 0.288750 0.025000 0.025000
0 0.541250 0.725000 0.035000 0.030000
0 0.042500 0.074375 0.050000 0.043750
0 0.303125 0.290625 0.076250 0.053750
0 0.320000 0.558750 0.087500 0.100000
0 0.256875 0.453125 0.058750 0.056250
0 0.748125 0.755625 0.068750 0.066250
0 0.455000 0.633750 0.035000 0.035000
0 0.643125 0.620000 0.073750 0.065000
0 0.250000 0.925625 0.047500 0.041250
0 0.659375 0.803125 0.043750 0.038750
0 0.046875 0.224375 0.063750 0.063750