0 0.370625 0.539375 0.108750 0.096250
0 0.497500 0.895000 0.110000 0.107500
0 0.224375 0.565625 0.028750 0.028750
0 0.504375 0.455000 0.043750 0.040000
0 0.095625 0.505000 0.108750 0.100000
0 0.757500 0.828125 0.052500 0.048750
0 0.758125 0.450000 0.106250 0.097500
0 0.915625 0.303125 0.071250 0.071250
0 0.500000 0.647500 0.112500 0.112500
0 0.239375 0.511875 0.048750 0.048750
0 0.890000 0.153750 0.082500 0.067500
0 0.745000 0.161250 0.077500 0.077500
0 0.816250 0.718750 0.105000 0.105000
0 0.312500 0.203750 0.077500 0.077500
0 0.367500 0.906250 0.042500 0.042500
0 0.903750 0.543750 0.077500 0.087500
0 0.158125 0.676250 0.068750 0.077500
0 0.965000 0.223125 0.032500 0.036250
0 0.643125 0.152500 0.068750 0.077500
0 0.741875 0.929375 0.053750 0.053750
0 0.633750 0.461250 0.025000 0.025000
0 0.614375 0.518125 0.053750 0.053750
0 0.195000 0.815000 0.075000 0.085000
0 0.159375 0.321875 0.091250 0.091250
0 0.544375 0.236875 0.053750 0.053750
0 0.332500 0.316250 0.072500 0.072500
0 0.070000 0.668750 0.040000 0.040000
0 0.363750 0.803750 0.040000 0.040000
0 0.718750 0.238750 0.027500 0.027500
0 0.440625 0.093750 0.076250 0.077500
0 0.522500 0.754375 0.085000 0.086250
0 0.417500 0.206250 0.047500 0.047500
0 0.631875 0.800625 0.091250 0.091250
0 0.891250 0.616250 0.035000 0.035000
0 0.684375 0.616250 0.108750 0.125000
0 0.186875 0.199375 0.058750 0.058750
0 0.890000 0.890000 0.105000 0.105000
0 0.378750 0.155000 0.027500 0.027500
0 0.673750 0.058125 0.062500 0.063750
0 0.433125 0.400000 0.076250 0.077500
0 0.116875 0.918125 0.088750 0.088750
0 0.070625 0.388125 0.058750 0.058750
0 0.093125 0.200625 0.103750 0.103750
0 0.520625 0.125625 0.056250 0.056250
0 0.273750 0.676250 0.090000 0.102500
0 0.965000 0.733750 0.042500 0.047500
0 0.815000 0.076250 0.060000 0.067500
0 0.905000 0.427500 0.090000 0.090000
0 0.200000 0.108750 0.092500 0.092500
0 0.700000 0.311250 0.092500 0.092500
0 0.318125 0.093125 0.071250 0.071250
0 0.633125 0.219375 0.026250 0.026250
0 0.887500 0.058750 0.052500 0.052500
0 0.191250 0.923750 0.037500 0.037500
0 0.281250 0.777500 0.072500 0.072500