0 0.770625 0.335625 0.026250 0.026250
0 0.446875 0.258125 0.048750 0.048750
0 0.810000 0.726250 0.102500 0.102500
0 0.096250 0.238750 0.025000 0.025000
0 0.770625 0.923125 0.066250 0.066250
0 0.443125 0.078125 0.051250 0.051250
0 0.423125 0.578125 0.041250 0.041250
0 0.156875 0.906250 0.031250 0.030000
0 0.858750 0.531875 0.100000 0.096250
0 0.385000 0.908750 0.037500 0.035000
0 0.701875 0.085000 0.111250 0.107500
0 0.262500 0.192500 0.055000 0.055000
0 0.733125 0.209375 0.103750 0.103750
0 0.409375 0.330625 0.071250 0.071250
0 0.200000 0.800000 0.060000 0.060000
0 0.703125 0.606875 0.053750 0.048750
0 0.671875 0.434375 0.103750 0.103750
0 0.590000 0.067500 0.075000 0.075000
0 0.327500 0.181875 0.042500 0.026250
0 0.623125 0.242500 0.048750 0.030000
0 0.129375 0.083125 0.103750 0.083750
0 0.653125 0.798125 0.108750 0.148750
0 0.278125 0.285000 0.066250 0.090000
0 0.310000 0.672500 0.102500 0.140000
0 0.564375 0.577500 0.066250 0.090000
0 0.588125 0.128125 0.028750 0.026250
0 0.101875 0.740625 0.108750 0.106250
0 0.634375 0.676875 0.043750 0.041250
0 0.310625 0.448125 0.046250 0.043750
0 0.867500 0.381875 0.060000 0.056250
0 0.523125 0.748125 0.096250 0.096250
0 0.928125 0.036875 0.041250 0.048750
0 0.176875 0.319375 0.041250 0.041250
0 0.053750 0.592500 0.037500 0.037500
0 0.203125 0.486250 0.093750 0.092500
0 0.653125 0.902500 0.046250 0.045000
0 0.438750 0.492500 0.105000 0.102500
0 0.545000 0.277500 0.087500 0.085000
0 0.429375 0.166875 0.063750 0.061250
0 0.923750 0.920625 0.047500 0.046250
0 0.506250 0.350000 0.027500 0.027500
0 0.641875 0.305000 0.078750 0.070000
0 0.393125 0.839375 0.088750 0.078750
0 0.312500 0.084375 0.097500 0.133750
0 0.836875 0.195000 0.061250 0.057500
0 0.088125 0.836875 0.071250 0.071250
0 0.934375 0.231875 0.093750 0.093750
0 0.188125 0.181250 0.053750 0.040000
0 0.063125 0.659375 0.028750 0.026250
0 0.202500 0.638125 0.080000 0.073750
0 0.294375 0.531875 0.061250 0.056250
0 0.770000 0.448125 0.045000 0.041250
0 0.835000 0.287500 0.057500 0.057500
0 0.862500 0.837500 0.080000 0.080000
0 0.113750 0.642500 0.030000 0.030000
0 0.437500 0.753750 0.045000 0.045000
0 0.288125 0.863125 0.036250 0.036250
0 0.625625 0.180625 0.043750 0.043750
0 0.796250 0.845000 0.027500 0.027500
0 0.189375 0.953125 0.038750 0.038750
0 0.155625 0.573125 0.038750 0.038750
0 0.041250 0.425000 0.042500 0.060000
0 0.931250 0.720000 0.080000 0.087500
0 0.048750 0.278750 0.032500 0.035000
0 0.511875 0.888750 0.073750 0.107500
0 0.120625 0.388125 0.048750 0.071250
0 0.557500 0.458750 0.075000 0.075000
0 0.441875 0.944375 0.043750 0.043750
0 0.954375 0.109375 0.061250 0.061250
0 0.153125 0.253125 0.063750 0.063750
0 0.043750 0.032500 0.035000 0.035000
0 0.861250 0.095000 0.072500 0.072500
0 0.935625 0.840625 0.026250 0.026250
0 0.841875 0.455625 0.036250 0.036250
0 0.946875 0.508125 0.061250 0.061250
0 0.850625 0.936875 0.063750 0.063750
0 0.344375 0.273125 0.038750 0.038750
0 0.093125 0.461250 0.026250 0.030000
0 0.506875 0.100625 0.058750 0.058750
0 0.292500 0.791250 0.075000 0.075000
0 0.412500 0.668750 0.067500 0.062500
0 0.202500 0.387500 0.067500 0.067500
0 0.104375 0.580625 0.036250 0.036250
0 0.476250 0.588750 0.035000 0.035000