0 0.068125 0.295625 0.081250 0.061250
0 0.873125 0.770625 0.041250 0.041250
0 0.437500 0.840000 0.047500 0.040000
0 0.586875 0.656875 0.026250 0.026250
0 0.635000 0.518750 0.062500 0.060000
0 0.364375 0.188125 0.046250 0.046250
0 0.836875 0.256875 0.103750 0.103750
0 0.690000 0.678750 0.077500 0.077500
0 0.360625 0.675000 0.083750 0.082500
0 0.320625 0.390000 0.071250 0.130000
0 0.540000 0.260000 0.035000 0.035000
0 0.507500 0.668750 0.097500 0.092500
0 0.613125 0.225625 0.028750 0.026250
0 0.166875 0.565000 0.026250 0.025000
0 0.050625 0.380625 0.051250 0.048750
0 0.905000 0.590625 0.067500 0.061250
0 0.398750 0.568750 0.062500 0.057500
0 0.628750 0.335000 0.025000 0.022500
0 0.282500 0.253750 0.055000 0.050000
0 0.509375 0.561250 0.073750 0.085000
0 0.377500 0.065000 0.105000 0.075000
0 0.469375 0.494375 0.033750 0.033750
0 0.121250 0.741250 0.025000 0.025000
0 0.242500 0.867500 0.067500 0.067500
0 0.252500 0.152500 0.085000 0.085000
0 0.919375 0.423125 0.073750 0.073750
0 0.553750 0.081250 0.027500 0.027500
0 0.053750 0.840000 0.025000 0.025000
0 0.205625 0.619375 0.041250 0.041250
0 0.908125 0.715625 0.063750 0.051250
0 0.110000 0.098750 0.077500 0.062500
0 0.361250 0.808125 0.040000 0.031250
0 0.791875 0.801875 0.038750 0.038750
0 0.566875 0.879375 0.056250 0.056250
0 0.788125 0.389375 0.078750 0.078750
0 0.480000 0.303750 0.027500 0.027500
0 0.925000 0.491875 0.047500 0.033750
0 0.764375 0.095625 0.051250 0.051250
0 0.227500 0.770625 0.082500 0.073750
0 0.183750 0.322500 0.110000 0.112500
0 0.671250 0.758750 0.050000 0.060000
0 0.158750 0.907500 0.025000 0.025000
0 0.291250 0.566250 0.105000 0.105000
0 0.050625 0.640625 0.073750 0.073750
0 0.550625 0.413125 0.111250 0.111250
0 0.878125 0.101875 0.091250 0.091250
0 0.070000 0.786250 0.047500 0.047500
0 0.431875 0.425625 0.071250 0.071250
0 0.940000 0.801250 0.067500 0.067500
0 0.278125 0.660625 0.038750 0.038750
0 0.819375 0.919375 0.088750 0.088750
0 0.810625 0.561250 0.101250 0.105000
0 0.457500 0.775000 0.065000 0.067500
0 0.258750 0.951250 0.040000 0.040000
0 0.683750 0.900000 0.110000 0.110000
0 0.040625 0.128125 0.043750 0.043750
0 0.720000 0.246250 0.112500 0.110000
0 0.733750 0.766250 0.050000 0.050000
0 0.184375 0.495625 0.078750 0.078750
0 0.536250 0.176250 0.060000 0.082500
0 0.944375 0.256250 0.066250 0.077500
0 0.821250 0.701250 0.065000 0.065000
0 0.062500 0.555000 0.080000 0.080000
0 0.691875 0.596875 0.066250 0.066250
0 0.141875 0.680625 0.053750 0.053750
0 0.556875 0.951250 0.036250 0.035000
0 0.440000 0.908750 0.082500 0.080000
0 0.915000 0.893750 0.060000 0.057500
0 0.078125 0.920625 0.078750 0.078750
0 0.436250 0.193750 0.075000 0.075000
0 0.789375 0.471875 0.051250 0.051250
0 0.512500 0.950000 0.035000 0.035000
0 0.651250 0.141250 0.067500 0.067500
0 0.705625 0.503125 0.026250 0.026250
0 0.387500 0.282500 0.075000 0.070000
0 0.701250 0.395000 0.080000 0.072500
0 0.665000 0.061875 0.045000 0.051250
0 0.245625 0.075625 0.046250 0.053750
0 0.065625 0.196875 0.061250 0.053750
0 0.352500 0.910000 0.065000 0.057500
0 0.557500 0.819375 0.025000 0.021250
0 0.778750 0.155625 0.035000 0.031250
0 0.083750 0.467500 0.090000 0.080000
0 0.941250 0.656875 0.052500 0.046250
0 0.151250 0.621875 0.032500 0.026250