0 0.546250 0.422500 0.042500 0.042500
0 0.520625 0.226875 0.031250 0.031250
0 0.346250 0.686250 0.067500 0.067500
0 0.370625 0.611875 0.028750 0.028750
0 0.920625 0.606875 0.066250 0.066250
0 0.353125 0.071875 0.096250 0.096250
0 0.195000 0.543750 0.037500 0.037500
0 0.721875 0.184375 0.071250 0.071250
0 0.241875 0.724375 0.048750 0.048750
0 0.769375 0.499375 0.106250 0.106250
0 0.770625 0.334375 0.068750 0.068750
0 0.495000 0.641875 0.095000 0.133750
0 0.106875 0.161875 0.056250 0.078750
0 0.179375 0.324375 0.103750 0.146250
0 0.130000 0.655000 0.080000 0.112500
0 0.465000 0.361250 0.080000 0.110000
0 0.753125 0.708125 0.108750 0.148750
0 0.852500 0.893125 0.085000 0.116250
0 0.952500 0.096250 0.060000 0.082500
0 0.181875 0.447500 0.076250 0.030000
0 0.530000 0.141875 0.090000 0.088750
0 0.090000 0.538125 0.042500 0.041250
0 0.383125 0.231250 0.111250 0.110000
0 0.619375 0.341250 0.056250 0.055000
0 0.885625 0.706250 0.041250 0.040000
0 0.238750 0.818125 0.072500 0.071250
0 0.842500 0.339375 0.027500 0.026250
0 0.697500 0.078750 0.110000 0.110000
0 0.361875 0.825625 0.108750 0.108750
0 0.915000 0.542500 0.047500 0.047500
0 0.646875 0.879375 0.098750 0.098750
0 0.903750 0.195000 0.100000 0.097500
0 0.365000 0.475625 0.102500 0.096250
0 0.316250 0.382500 0.077500 0.072500
0 0.803125 0.073125 0.083750 0.078750
0 0.079375 0.775625 0.111250 0.111250
0 0.464375 0.819375 0.058750 0.058750
0 0.268125 0.580625 0.026250 0.026250
0 0.614375 0.556250 0.111250 0.090000
0 0.202500 0.160625 0.042500 0.033750
0 0.090625 0.918125 0.073750 0.058750
0 0.560000 0.795000 0.055000 0.055000
0 0.549375 0.899375 0.073750 0.073750
0 0.613750 0.647500 0.042500 0.042500
0 0.919375 0.371875 0.088750 0.113750
0 0.938750 0.801250 0.027500 0.035000
0 0.610625 0.441875 0.061250 0.061250
0 0.235625 0.109375 0.038750 0.038750
0 0.631875 0.266875 0.038750 0.038750
0 0.171875 0.899375 0.036250 0.036250
0 0.058125 0.275625 0.071250 0.071250
0 0.316250 0.955000 0.032500 0.032500
0 0.969375 0.462500 0.036250 0.042500
0 0.236250 0.671250 0.032500 0.037500
0 0.890000 0.101875 0.047500 0.056250
0 0.768125 0.898125 0.066250 0.078750
0 0.863125 0.780000 0.051250 0.057500
0 0.691250 0.471250 0.027500 0.032500
0 0.951250 0.275000 0.035000 0.035000
0 0.941875 0.880625 0.078750 0.078750
0 0.056250 0.471875 0.080000 0.073750
0 0.364375 0.949375 0.028750 0.028750