0 0.811875 0.491875 0.048750 0.043750
0 0.610000 0.461250 0.075000 0.067500
0 0.894375 0.603750 0.058750 0.052500
0 0.618750 0.255000 0.097500 0.087500
0 0.558750 0.145000 0.070000 0.082500
0 0.346250 0.868750 0.062500 0.062500
0 0.238750 0.483750 0.060000 0.060000
0 0.555625 0.723125 0.053750 0.053750
0 0.891250 0.270625 0.045000 0.043750
0 0.185625 0.260000 0.048750 0.057500
0 0.851875 0.546875 0.026250 0.026250
0 0.841875 0.838125 0.053750 0.051250
0 0.158125 0.079375 0.061250 0.058750
0 0.652500 0.795625 0.107500 0.103750
0 0.356875 0.699375 0.101250 0.098750
0 0.376875 0.528125 0.051250 0.051250
0 0.226875 0.101250 0.053750 0.047500
0 0.374375 0.174375 0.098750 0.088750
0 0.772500 0.360625 0.090000 0.103750
0 0.642500 0.360000 0.090000 0.090000
0 0.249375 0.691875 0.068750 0.068750
0 0.895000 0.928750 0.050000 0.050000
0 0.123750 0.850625 0.042500 0.041250
0 0.118125 0.618750 0.101250 0.100000
0 0.240000 0.910625 0.097500 0.096250
0 0.507500 0.541250 0.105000 0.117500
0 0.812500 0.105625 0.032500 0.056250
0 0.528125 0.264375 0.026250 0.028750
0 0.670000 0.536250 0.055000 0.060000
0 0.753125 0.141250 0.046250 0.050000
0 0.082500 0.531250 0.035000 0.035000
0 0.263750 0.371250 0.110000 0.112500
0 0.052500 0.735625 0.067500 0.068750
0 0.956875 0.814375 0.061250 0.061250
0 0.802500 0.672500 0.027500 0.027500
0 0.271250 0.215625 0.070000 0.068750
0 0.676875 0.646250 0.103750 0.102500
0 0.666875 0.090000 0.108750 0.107500
0 0.206250 0.554375 0.055000 0.053750
0 0.791875 0.738125 0.048750 0.048750
0 0.463125 0.679375 0.076250 0.078750
0 0.480000 0.188125 0.067500 0.053750
0 0.932500 0.128125 0.110000 0.088750
0 0.527500 0.335625 0.072500 0.058750
0 0.425625 0.354375 0.111250 0.111250
0 0.051250 0.301250 0.052500 0.052500
0 0.068125 0.154375 0.091250 0.091250
0 0.724375 0.245625 0.038750 0.038750
0 0.926250 0.388750 0.095000 0.095000
0 0.870000 0.688750 0.045000 0.045000
0 0.781875 0.573125 0.078750 0.078750
0 0.357500 0.086250 0.067500 0.067500
0 0.893750 0.805000 0.035000 0.035000
0 0.469375 0.884375 0.093750 0.093750
0 0.433125 0.035625 0.036250 0.036250
0 0.073750 0.410000 0.082500 0.082500
0 0.463125 0.785625 0.026250 0.026250
0 0.313750 0.525000 0.055000 0.052500
0 0.941250 0.482500 0.062500 0.062500
0 0.622500 0.902500 0.072500 0.072500
0 0.825000 0.248750 0.065000 0.065000
0 0.803125 0.921875 0.076250 0.076250
0 0.328125 0.280625 0.048750 0.046250
0 0.319375 0.775625 0.026250 0.026250
0 0.070000 0.913750 0.065000 0.065000
0 0.305625 0.604375 0.081250 0.071250
0 0.247500 0.790000 0.090000 0.090000
0 0.156250 0.408750 0.057500 0.057500
0 0.584375 0.658125 0.043750 0.043750
0 0.530000 0.430000 0.062500 0.062500
0 0.695625 0.459375 0.068750 0.068750
0 0.449375 0.451875 0.033750 0.033750
0 0.515000 0.055625 0.100000 0.073750
0 0.521875 0.793750 0.043750 0.032500
0 0.679375 0.166875 0.028750 0.031250
0 0.072500 0.058125 0.087500 0.061250
0 0.948750 0.248750 0.050000 0.095000
0 0.151875 0.767500 0.078750 0.082500
0 0.731250 0.920000 0.040000 0.040000
0 0.340000 0.938750 0.050000 0.037500
0 0.102500 0.257500 0.030000 0.030000
0 0.135625 0.489375 0.048750 0.048750
0 0.966250 0.930000 0.025000 0.025000