0 0.260000 0.913750 0.097500 0.095000
0 0.155000 0.056250 0.047500 0.047500
0 0.226875 0.171875 0.063750 0.063750
0 0.541250 0.300000 0.100000 0.100000
0 0.301250 0.421250 0.025000 0.025000
0 0.230000 0.618750 0.047500 0.047500
0 0.666875 0.686875 0.103750 0.041250
0 0.233750 0.827500 0.055000 0.055000
0 0.840000 0.383750 0.067500 0.067500
0 0.913125 0.813125 0.103750 0.103750
0 0.766875 0.186250 0.066250 0.057500
0 0.138125 0.626250 0.066250 0.080000
0 0.802500 0.024375 0.025000 0.023750
0 0.935625 0.501875 0.103750 0.101250
0 0.178750 0.327500 0.075000 0.072500
0 0.389375 0.736250 0.091250 0.082500
0 0.539375 0.831875 0.111250 0.063750
0 0.934375 0.901250 0.056250 0.032500
0 0.476250 0.566250 0.030000 0.030000
0 0.410625 0.111875 0.106250 0.098750
0 0.569375 0.219375 0.043750 0.043750
0 0.870000 0.631250 0.045000 0.045000
0 0.339375 0.263125 0.058750 0.058750
0 0.666875 0.141875 0.086250 0.086250
0 0.380000 0.600625 0.107500 0.131250
0 0.387500 0.850000 0.102500 0.125000
0 0.612500 0.610000 0.080000 0.080000
0 0.656875 0.473750 0.041250 0.050000
0 0.719375 0.555625 0.088750 0.088750
0 0.580000 0.506250 0.040000 0.040000
0 0.147500 0.767500 0.080000 0.080000
0 0.665625 0.293125 0.086250 0.086250
0 0.123125 0.459375 0.078750 0.078750
0 0.055000 0.200000 0.062500 0.062500
0 0.054375 0.346875 0.071250 0.071250
0 0.746875 0.254375 0.061250 0.061250
0 0.885000 0.179375 0.105000 0.093750
0 0.743750 0.876875 0.080000 0.071250
0 0.126250 0.905000 0.055000 0.040000
0 0.794375 0.674375 0.091250 0.091250
0 0.919375 0.303125 0.078750 0.078750
0 0.494375 0.709375 0.096250 0.096250
0 0.500000 0.426250 0.102500 0.115000
0 0.403125 0.385000 0.076250 0.085000
0 0.745000 0.410000 0.055000 0.055000
0 0.139375 0.196875 0.088750 0.088750
0 0.063125 0.854375 0.051250 0.053750
0 0.590000 0.433750 0.062500 0.065000
0 0.281875 0.373125 0.048750 0.051250
0 0.891875 0.070625 0.096250 0.096250
0 0.591250 0.912500 0.045000 0.045000
0 0.879375 0.925625 0.028750 0.028750
0 0.623750 0.782500 0.035000 0.035000
0 0.246875 0.515625 0.108750 0.108750
0 0.113750 0.375625 0.030000 0.028750
0 0.292500 0.060000 0.095000 0.095000
0 0.513750 0.110000 0.047500 0.047500
0 0.135000 0.110000 0.035000 0.027500
0 0.483750 0.211875 0.085000 0.061250
0 0.955000 0.717500 0.057500 0.060000
0 0.801875 0.100625 0.031250 0.026250
0 0.234375 0.730000 0.056250 0.047500
0 0.762500 0.767500 0.080000 0.067500
0 0.084375 0.093125 0.028750 0.028750
0 0.575625 0.713750 0.038750 0.035000
0 0.567500 0.548125 0.035000 0.026250
0 0.410000 0.471250 0.060000 0.060000