0 0.385000 0.395000 0.032500 0.032500
0 0.223125 0.409375 0.088750 0.088750
0 0.626875 0.863125 0.081250 0.081250
0 0.125625 0.305625 0.066250 0.066250
0 0.238125 0.174375 0.058750 0.058750
0 0.155625 0.753125 0.071250 0.071250
0 0.900625 0.201875 0.073750 0.056250
0 0.143750 0.570000 0.057500 0.055000
0 0.935000 0.765625 0.047500 0.046250
0 0.320000 0.375000 0.065000 0.062500
0 0.780000 0.185000 0.092500 0.090000
0 0.598750 0.713125 0.090000 0.108750
0 0.855625 0.585000 0.026250 0.030000
0 0.464375 0.865625 0.058750 0.058750
0 0.814375 0.790625 0.101250 0.101250
0 0.668750 0.561250 0.065000 0.065000
0 0.877500 0.506875 0.055000 0.053750
0 0.588750 0.269375 0.032500 0.026250
0 0.369375 0.556250 0.046250 0.072500
0 0.647500 0.130625 0.112500 0.178750
0 0.069375 0.149375 0.088750 0.141250
0 0.125000 0.876250 0.065000 0.065000
0 0.335625 0.445000 0.046250 0.040000
0 0.303750 0.943750 0.030000 0.030000
0 0.604375 0.464375 0.086250 0.086250
0 0.881250 0.905000 0.035000 0.035000
0 0.431250 0.690000 0.052500 0.067500
0 0.215000 0.074375 0.080000 0.103750
0 0.342500 0.278750 0.095000 0.095000
0 0.260000 0.495000 0.025000 0.025000
0 0.795625 0.641875 0.076250 0.076250
0 0.221250 0.868750 0.080000 0.080000
0 0.127500 0.676250 0.040000 0.042500
0 0.284375 0.590625 0.048750 0.053750
0 0.770000 0.893750 0.075000 0.075000
0 0.088750 0.465000 0.037500 0.037500
0 0.726250 0.316250 0.085000 0.085000
0 0.756250 0.435000 0.035000 0.035000
0 0.670625 0.720625 0.031250 0.031250
0 0.853125 0.310625 0.061250 0.061250
0 0.038125 0.779375 0.051250 0.051250
0 0.186250 0.663125 0.035000 0.038750
0 0.556250 0.220000 0.025000 0.027500
0 0.848125 0.083125 0.053750 0.058750
0 0.950625 0.338125 0.043750 0.041250
0 0.055000 0.590000 0.075000 0.075000
0 0.352500 0.150000 0.060000 0.060000
0 0.423125 0.280625 0.048750 0.048750
0 0.761875 0.544375 0.043750 0.043750
0 0.361250 0.706250 0.062500 0.062500
0 0.930000 0.100000 0.067500 0.067500
0 0.707500 0.770000 0.042500 0.042500
0 0.226250 0.272500 0.102500 0.102500
0 0.296250 0.710000 0.032500 0.032500
0 0.563750 0.560000 0.055000 0.055000
0 0.516875 0.271875 0.076250 0.043750
0 0.496875 0.413750 0.031250 0.032500
0 0.360000 0.817500 0.110000 0.117500
0 0.899375 0.698125 0.048750 0.051250
0 0.942500 0.587500 0.077500 0.082500
0 0.323125 0.039375 0.043750 0.043750