0 0.818750 0.570000 0.047500 0.047500
0 0.836875 0.276875 0.111250 0.111250
0 0.482500 0.156250 0.080000 0.080000
0 0.092500 0.166250 0.045000 0.045000
0 0.473125 0.873125 0.096250 0.096250
0 0.569375 0.466875 0.096250 0.096250
0 0.355000 0.537500 0.092500 0.090000
0 0.150000 0.286250 0.092500 0.092500
0 0.458125 0.409375 0.053750 0.053750
0 0.336250 0.351250 0.062500 0.062500
0 0.252500 0.735000 0.075000 0.075000
0 0.241875 0.471875 0.098750 0.098750
0 0.914375 0.550625 0.028750 0.028750
0 0.170000 0.575625 0.055000 0.051250
0 0.613125 0.567500 0.083750 0.077500
0 0.532500 0.375000 0.060000 0.060000
0 0.841250 0.757500 0.095000 0.095000
0 0.104375 0.465625 0.096250 0.096250
0 0.357500 0.633750 0.045000 0.040000
0 0.095000 0.672500 0.087500 0.077500
0 0.743750 0.380625 0.070000 0.061250
0 0.950625 0.834375 0.068750 0.068750
0 0.233125 0.119375 0.048750 0.048750
0 0.702500 0.888125 0.025000 0.021250
0 0.778125 0.123750 0.026250 0.022500
0 0.627500 0.326875 0.097500 0.086250
0 0.441875 0.713750 0.073750 0.065000
0 0.601875 0.773125 0.083750 0.083750
0 0.813750 0.040000 0.050000 0.050000
0 0.234375 0.864375 0.076250 0.076250
0 0.392500 0.062500 0.035000 0.035000
0 0.306875 0.233125 0.033750 0.048750
0 0.715000 0.953750 0.040000 0.040000
0 0.626875 0.045625 0.053750 0.053750
0 0.878125 0.917500 0.068750 0.075000
0 0.841875 0.446250 0.101250 0.110000
0 0.035000 0.065625 0.032500 0.033750
0 0.570625 0.123750 0.078750 0.065000
0 0.697500 0.177500 0.107500 0.100000
0 0.874375 0.651875 0.081250 0.081250
0 0.777500 0.677500 0.045000 0.045000
0 0.909375 0.126875 0.101250 0.101250
0 0.498125 0.624375 0.108750 0.078750
0 0.940625 0.643750 0.036250 0.022500
0 0.358750 0.442500 0.097500 0.060000
0 0.149375 0.759375 0.111250 0.068750
0 0.700625 0.049375 0.056250 0.056250
0 0.360000 0.829375 0.112500 0.108750
0 0.708750 0.453750 0.055000 0.052500
0 0.231875 0.194375 0.056250 0.053750
0 0.057500 0.222500 0.052500 0.052500
0 0.073750 0.569375 0.095000 0.083750
0 0.550625 0.920000 0.031250 0.027500
0 0.470625 0.028125 0.033750 0.028750
0 0.105000 0.840625 0.087500 0.078750
0 0.379375 0.184375 0.033750 0.036250
0 0.363750 0.710000 0.052500 0.057500
0 0.963125 0.393750 0.038750 0.072500
0 0.258750 0.645000 0.040000 0.075000
0 0.079375 0.930000 0.038750 0.072500
0 0.308750 0.143750 0.082500 0.082500
0 0.638750 0.921250 0.075000 0.075000
0 0.567500 0.217500 0.072500 0.072500
0 0.030625 0.501875 0.028750 0.028750
0 0.953750 0.713750 0.062500 0.062500
0 0.114375 0.075625 0.066250 0.066250
0 0.952500 0.255000 0.050000 0.050000
0 0.050625 0.371875 0.071250 0.071250
0 0.430000 0.288750 0.072500 0.067500
0 0.731875 0.778125 0.093750 0.093750
0 0.309375 0.946875 0.051250 0.051250
0 0.151875 0.933125 0.038750 0.038750
0 0.648750 0.673750 0.057500 0.057500
0 0.795625 0.895625 0.031250 0.031250