0 0.463125 0.594375 0.081250 0.081250
0 0.621250 0.235000 0.057500 0.057500
0 0.642500 0.393750 0.035000 0.032500
0 0.512500 0.215000 0.067500 0.075000
0 0.613125 0.495000 0.081250 0.072500
0 0.674375 0.033750 0.036250 0.020000
0 0.561875 0.329375 0.028750 0.016250
0 0.370625 0.078750 0.071250 0.070000
0 0.203125 0.466875 0.081250 0.078750
0 0.250625 0.728750 0.038750 0.037500
0 0.878750 0.403750 0.110000 0.110000
0 0.770625 0.259375 0.076250 0.076250
0 0.935625 0.101875 0.048750 0.048750
0 0.150625 0.109375 0.108750 0.108750
0 0.617500 0.105000 0.057500 0.057500
0 0.419375 0.811875 0.103750 0.103750
0 0.290625 0.829375 0.093750 0.093750
0 0.923750 0.711250 0.057500 0.057500
0 0.482500 0.468750 0.112500 0.112500
0 0.178125 0.563125 0.041250 0.041250
0 0.603125 0.885625 0.073750 0.071250
0 0.194375 0.835625 0.061250 0.058750
0 0.840625 0.921875 0.068750 0.066250
0 0.103125 0.815625 0.063750 0.061250
0 0.604375 0.776250 0.061250 0.075000
0 0.901250 0.196875 0.035000 0.031250
0 0.680000 0.670000 0.060000 0.060000
0 0.206250 0.657500 0.097500 0.060000
0 0.846250 0.661250 0.062500 0.062500
0 0.509375 0.703125 0.086250 0.086250
0 0.733125 0.565625 0.093750 0.113750
0 0.492500 0.923750 0.035000 0.042500
0 0.718750 0.820000 0.107500 0.130000
0 0.399375 0.209375 0.076250 0.071250
0 0.158750 0.376250 0.035000 0.032500
0 0.896875 0.860625 0.033750 0.031250
0 0.777500 0.370625 0.075000 0.066250
0 0.340625 0.539375 0.083750 0.073750
0 0.220625 0.271875 0.088750 0.078750
0 0.100000 0.416875 0.057500 0.051250
0 0.501250 0.115000 0.100000 0.100000
0 0.875625 0.798125 0.046250 0.046250
0 0.095000 0.501250 0.110000 0.065000
0 0.111250 0.678750 0.072500 0.042500
0 0.361875 0.360000 0.073750 0.090000
0 0.318750 0.649375 0.087500 0.106250
0 0.845000 0.212500 0.057500 0.070000
0 0.208125 0.928750 0.071250 0.047500
0 0.083125 0.276875 0.108750 0.116250
0 0.261875 0.171875 0.088750 0.088750
0 0.425000 0.921250 0.072500 0.072500
0 0.923750 0.531250 0.097500 0.097500
0 0.702500 0.165000 0.080000 0.080000
0 0.059375 0.584375 0.081250 0.081250
0 0.842500 0.081250 0.110000 0.110000
0 0.065000 0.945000 0.060000 0.060000
0 0.322500 0.918125 0.090000 0.061250
0 0.826250 0.587500 0.060000 0.060000
0 0.517500 0.823750 0.052500 0.052500
0 0.443750 0.361875 0.050000 0.043750
0 0.573750 0.370000 0.050000 0.050000
0 0.047500 0.103750 0.060000 0.057500
0 0.279375 0.092500 0.048750 0.047500
0 0.314375 0.449375 0.041250 0.041250
0 0.413125 0.711875 0.071250 0.071250
0 0.677500 0.932500 0.057500 0.057500
0 0.875625 0.300625 0.038750 0.038750
0 0.120000 0.749375 0.040000 0.056250
0 0.625625 0.285625 0.028750 0.028750
0 0.196250 0.195625 0.025000 0.033750
0 0.380000 0.441250 0.052500 0.052500
0 0.748125 0.936875 0.031250 0.031250
0 0.768750 0.682500 0.040000 0.040000
0 0.564375 0.578125 0.076250 0.076250
0 0.253750 0.362500 0.075000 0.075000
0 0.475625 0.034375 0.026250 0.026250
0 0.958125 0.793125 0.056250 0.056250
0 0.946250 0.279375 0.057500 0.071250
0 0.690000 0.261250 0.052500 0.065000