0 0.112500 0.252500 0.082500 0.082500
0 0.038750 0.586875 0.027500 0.028750
0 0.174375 0.555625 0.066250 0.068750
0 0.925000 0.434375 0.092500 0.096250
0 0.434375 0.424375 0.081250 0.081250
0 0.613750 0.191250 0.110000 0.110000
0 0.471250 0.933750 0.035000 0.035000
0 0.762500 0.654375 0.062500 0.081250
0 0.841875 0.555000 0.028750 0.047500
0 0.438750 0.811250 0.035000 0.052500
0 0.730625 0.078125 0.031250 0.031250
0 0.455625 0.606875 0.038750 0.038750
0 0.331250 0.627500 0.057500 0.057500
0 0.400625 0.263750 0.058750 0.060000
0 0.930625 0.298750 0.058750 0.042500
0 0.871250 0.176875 0.047500 0.061250
0 0.306875 0.774375 0.026250 0.033750
0 0.497500 0.278125 0.040000 0.051250
0 0.587500 0.650625 0.047500 0.028750
0 0.759375 0.825000 0.101250 0.062500
0 0.300000 0.216875 0.047500 0.046250
0 0.191250 0.895000 0.070000 0.070000
0 0.933125 0.654375 0.088750 0.088750
0 0.648750 0.835000 0.055000 0.055000
0 0.741875 0.949375 0.051250 0.051250
0 0.218750 0.422500 0.100000 0.100000
0 0.350000 0.386250 0.050000 0.050000
0 0.251875 0.040625 0.056250 0.056250
0 0.346875 0.083125 0.088750 0.088750
0 0.473125 0.521875 0.043750 0.043750
0 0.473750 0.702500 0.110000 0.115000
0 0.148125 0.066875 0.103750 0.103750
0 0.746250 0.487500 0.080000 0.080000
0 0.071250 0.475000 0.067500 0.067500
0 0.157500 0.643750 0.087500 0.082500
0 0.557500 0.885000 0.092500 0.087500
0 0.821875 0.294375 0.096250 0.091250
0 0.351875 0.888125 0.068750 0.068750
0 0.263125 0.310625 0.101250 0.101250
0 0.900625 0.040625 0.086250 0.056250
0 0.083125 0.337500 0.091250 0.060000
0 0.580625 0.308750 0.111250 0.072500
0 0.948125 0.854375 0.046250 0.046250
0 0.630625 0.488125 0.048750 0.048750
0 0.892500 0.748750 0.080000 0.080000
0 0.581875 0.576875 0.101250 0.101250
0 0.691875 0.089375 0.028750 0.028750
0 0.681875 0.600625 0.076250 0.076250
0 0.481250 0.058125 0.097500 0.078750
0 0.180625 0.724375 0.073750 0.058750
0 0.093750 0.932500 0.082500 0.082500
0 0.583125 0.056875 0.081250 0.081250
0 0.116250 0.790000 0.047500 0.047500
0 0.476875 0.160625 0.111250 0.111250
0 0.707500 0.339375 0.112500 0.101250
0 0.228750 0.211250 0.042500 0.037500
0 0.729375 0.244375 0.026250 0.023750
0 0.210625 0.813125 0.053750 0.048750
0 0.287500 0.550000 0.032500 0.032500
0 0.620000 0.718750 0.087500 0.087500
0 0.790000 0.166250 0.085000 0.085000
0 0.261875 0.644375 0.046250 0.046250