0 0.702500 0.500000 0.060000 0.052500
0 0.548750 0.285000 0.037500 0.032500
0 0.228125 0.646250 0.068750 0.060000
0 0.600000 0.772500 0.035000 0.035000
0 0.916875 0.710625 0.088750 0.088750
0 0.115000 0.123750 0.050000 0.050000
0 0.462500 0.807500 0.100000 0.100000
0 0.788750 0.844375 0.027500 0.021250
0 0.196875 0.890000 0.108750 0.087500
0 0.082500 0.943750 0.065000 0.052500
0 0.563125 0.138125 0.063750 0.051250
0 0.295000 0.557500 0.055000 0.052500
0 0.340000 0.323750 0.057500 0.055000
0 0.127500 0.580625 0.080000 0.076250
0 0.836875 0.798750 0.036250 0.030000
0 0.594375 0.625625 0.101250 0.101250
0 0.268750 0.797500 0.062500 0.062500
0 0.071875 0.680000 0.093750 0.092500
0 0.146875 0.210000 0.093750 0.092500
0 0.244375 0.283750 0.061250 0.060000
0 0.895000 0.534375 0.040000 0.038750
0 0.754375 0.188125 0.028750 0.036250
0 0.375000 0.526250 0.087500 0.112500
0 0.183750 0.461250 0.112500 0.145000
0 0.563750 0.445625 0.107500 0.138750
0 0.478125 0.698125 0.051250 0.051250
0 0.062500 0.352500 0.097500 0.097500
0 0.356875 0.809375 0.093750 0.093750
0 0.872500 0.172500 0.105000 0.105000
0 0.704375 0.938125 0.056250 0.056250
0 0.550625 0.901875 0.073750 0.073750
0 0.426250 0.367500 0.047500 0.047500
0 0.761250 0.052500 0.065000 0.065000
0 0.706250 0.845000 0.092500 0.092500
0 0.835625 0.268125 0.061250 0.061250
0 0.377500 0.119375 0.102500 0.091250
0 0.925625 0.335000 0.038750 0.035000
0 0.504375 0.601250 0.041250 0.037500
0 0.088125 0.816250 0.071250 0.065000
0 0.644375 0.088750 0.043750 0.040000
0 0.045625 0.563125 0.063750 0.063750
0 0.359375 0.235000 0.028750 0.032500
0 0.837500 0.911250 0.095000 0.067500
0 0.690625 0.308750 0.096250 0.067500
0 0.811875 0.651250 0.096250 0.087500
0 0.928750 0.291250 0.032500 0.032500
0 0.880625 0.428750 0.103750 0.125000
0 0.434375 0.290625 0.066250 0.066250
0 0.493125 0.110625 0.053750 0.053750
0 0.915000 0.861875 0.032500 0.018750
0 0.391875 0.678125 0.098750 0.058750
0 0.180000 0.050000 0.097500 0.057500
0 0.453750 0.943125 0.095000 0.056250
0 0.822500 0.731250 0.047500 0.047500
0 0.339375 0.889375 0.043750 0.043750
0 0.718750 0.426250 0.055000 0.055000
0 0.218125 0.961875 0.026250 0.026250
0 0.458750 0.441250 0.062500 0.065000
0 0.300625 0.650000 0.053750 0.055000
0 0.782500 0.526875 0.060000 0.078750
0 0.250000 0.162500 0.092500 0.092500
0 0.930000 0.061250 0.097500 0.097500
0 0.693750 0.176250 0.067500 0.067500
0 0.936250 0.618750 0.082500 0.080000
0 0.076250 0.451250 0.070000 0.067500