0 0.783750 0.638750 0.110000 0.182500
0 0.759375 0.155625 0.028750 0.023750
0 0.522500 0.073750 0.097500 0.082500
0 0.342500 0.078125 0.060000 0.051250
0 0.269375 0.503125 0.048750 0.048750
0 0.903125 0.443125 0.031250 0.031250
0 0.163125 0.595625 0.053750 0.053750
0 0.394375 0.681875 0.036250 0.036250
0 0.535000 0.182500 0.077500 0.067500
0 0.541875 0.585000 0.111250 0.097500
0 0.098125 0.486250 0.048750 0.042500
0 0.745000 0.412500 0.065000 0.057500
0 0.681250 0.813750 0.077500 0.077500
0 0.513125 0.933125 0.068750 0.068750
0 0.235000 0.378750 0.030000 0.030000
0 0.335625 0.271875 0.096250 0.096250
0 0.206875 0.118125 0.088750 0.088750
0 0.715000 0.265625 0.105000 0.086250
0 0.828125 0.906875 0.078750 0.078750
0 0.328750 0.392500 0.095000 0.095000
0 0.516875 0.703125 0.038750 0.038750
0 0.895625 0.578125 0.073750 0.076250
0 0.090625 0.126875 0.076250 0.076250
0 0.675625 0.103125 0.101250 0.101250
0 0.469375 0.324375 0.061250 0.061250
0 0.311250 0.917500 0.087500 0.087500
0 0.510625 0.849375 0.078750 0.078750
0 0.910000 0.802500 0.027500 0.027500
0 0.867500 0.160625 0.037500 0.028750
0 0.324375 0.528750 0.028750 0.022500
0 0.060625 0.826250 0.073750 0.070000
0 0.181875 0.711250 0.076250 0.072500
0 0.431875 0.194375 0.038750 0.036250
0 0.170000 0.191250 0.040000 0.037500
0 0.027500 0.058750 0.030000 0.030000
0 0.644375 0.443125 0.103750 0.103750
0 0.672500 0.927500 0.030000 0.030000
0 0.216250 0.937500 0.045000 0.045000
0 0.112500 0.373125 0.035000 0.033750
0 0.531875 0.461875 0.098750 0.098750
0 0.903125 0.703125 0.111250 0.111250
0 0.938125 0.068750 0.091250 0.095000
0 0.798750 0.296875 0.040000 0.041250
0 0.065625 0.723125 0.101250 0.101250
0 0.913750 0.352500 0.097500 0.097500
0 0.356250 0.812500 0.067500 0.062500
0 0.065000 0.296875 0.072500 0.073750
0 0.960625 0.833125 0.038750 0.038750
0 0.785000 0.806250 0.052500 0.052500
0 0.838125 0.067500 0.058750 0.060000
0 0.879375 0.243125 0.098750 0.096250
0 0.588750 0.326250 0.027500 0.030000
0 0.274375 0.728750 0.078750 0.045000
0 0.253750 0.177500 0.027500 0.015000
0 0.730000 0.197500 0.035000 0.020000
0 0.198125 0.256250 0.048750 0.027500
0 0.495625 0.258125 0.053750 0.053750
0 0.410000 0.586250 0.090000 0.090000
0 0.184375 0.814375 0.101250 0.101250
0 0.416875 0.428750 0.061250 0.040000
0 0.369375 0.501875 0.033750 0.031250
0 0.430000 0.103125 0.042500 0.038750
0 0.623125 0.708125 0.063750 0.058750
0 0.595000 0.263750 0.060000 0.060000
0 0.610000 0.906250 0.065000 0.065000