0 0.386875 0.689375 0.111250 0.113750
0 0.635000 0.238750 0.110000 0.112500
0 0.341875 0.223125 0.028750 0.028750
0 0.275625 0.896250 0.108750 0.110000
0 0.354375 0.058125 0.046250 0.046250
0 0.914375 0.198125 0.088750 0.088750
0 0.288125 0.345625 0.076250 0.076250
0 0.802500 0.798125 0.097500 0.101250
0 0.770000 0.400000 0.067500 0.055000
0 0.110000 0.391250 0.070000 0.057500
0 0.208125 0.159375 0.053750 0.043750
0 0.169375 0.676875 0.078750 0.063750
0 0.934375 0.681875 0.078750 0.078750
0 0.549375 0.493125 0.058750 0.058750
0 0.601875 0.130625 0.053750 0.053750
0 0.935625 0.471875 0.083750 0.083750
0 0.831250 0.322500 0.055000 0.055000
0 0.575625 0.364375 0.053750 0.053750
0 0.787500 0.490000 0.095000 0.095000
0 0.293125 0.545625 0.026250 0.023750
0 0.820625 0.649375 0.071250 0.071250
0 0.558750 0.892500 0.067500 0.067500
0 0.131250 0.902500 0.062500 0.062500
0 0.416875 0.279375 0.101250 0.071250
0 0.211875 0.257500 0.096250 0.067500
0 0.466875 0.463750 0.063750 0.045000
0 0.355000 0.561250 0.057500 0.075000
0 0.850000 0.078750 0.085000 0.085000
0 0.570625 0.686875 0.083750 0.078750
0 0.408125 0.088125 0.026250 0.023750
0 0.521875 0.133750 0.058750 0.055000
0 0.389375 0.458125 0.068750 0.068750
0 0.283750 0.613750 0.055000 0.062500
0 0.059375 0.118125 0.093750 0.106250
0 0.828125 0.240000 0.028750 0.032500
0 0.284375 0.056250 0.063750 0.072500
0 0.723125 0.667500 0.086250 0.077500
0 0.820000 0.178750 0.070000 0.062500
0 0.934375 0.324375 0.076250 0.053750
0 0.937500 0.848750 0.070000 0.070000
0 0.396250 0.898125 0.097500 0.088750
0 0.164375 0.533125 0.108750 0.111250
0 0.674375 0.418750 0.101250 0.102500
0 0.740625 0.260000 0.058750 0.047500
0 0.603125 0.608750 0.073750 0.060000
0 0.081875 0.296875 0.068750 0.056250
0 0.690000 0.886875 0.107500 0.121250
0 0.039375 0.713125 0.038750 0.041250
0 0.446875 0.182500 0.073750 0.080000
0 0.112500 0.768750 0.092500 0.100000
0 0.351875 0.350625 0.028750 0.031250
0 0.258750 0.681250 0.055000 0.055000
0 0.505000 0.783750 0.097500 0.097500
0 0.285625 0.760625 0.043750 0.043750
0 0.734375 0.120000 0.073750 0.075000
0 0.573750 0.057500 0.065000 0.047500
0 0.113125 0.201875 0.046250 0.033750
0 0.947500 0.051875 0.050000 0.036250