0 0.173125 0.395000 0.066250 0.060000
0 0.874375 0.773125 0.058750 0.053750
0 0.915625 0.902500 0.106250 0.097500
0 0.046250 0.655000 0.062500 0.057500
0 0.581250 0.128750 0.057500 0.070000
0 0.676250 0.606250 0.062500 0.065000
0 0.281250 0.307500 0.095000 0.090000
0 0.409375 0.090000 0.091250 0.090000
0 0.841250 0.187500 0.082500 0.082500
0 0.729375 0.458125 0.068750 0.068750
0 0.081875 0.240625 0.081250 0.081250
0 0.547500 0.388750 0.030000 0.030000
0 0.613750 0.237500 0.062500 0.037500
0 0.641250 0.798750 0.087500 0.087500
0 0.967500 0.636250 0.032500 0.032500
0 0.288125 0.409375 0.051250 0.051250
0 0.636875 0.690625 0.046250 0.046250
0 0.775000 0.566250 0.067500 0.067500
0 0.208125 0.206875 0.086250 0.086250
0 0.189375 0.618125 0.091250 0.091250
0 0.794375 0.281875 0.028750 0.028750
0 0.708125 0.323125 0.101250 0.101250
0 0.917500 0.311250 0.105000 0.097500
0 0.541250 0.755625 0.092500 0.086250
0 0.453125 0.593125 0.026250 0.026250
0 0.081250 0.381250 0.097500 0.097500
0 0.723750 0.761250 0.055000 0.055000
0 0.378125 0.256875 0.081250 0.081250
0 0.481250 0.913750 0.102500 0.100000
0 0.268750 0.524375 0.045000 0.043750
0 0.932500 0.165000 0.085000 0.070000
0 0.931875 0.564375 0.073750 0.073750
0 0.504375 0.465625 0.106250 0.106250
0 0.088750 0.869375 0.080000 0.086250
0 0.858750 0.411250 0.040000 0.042500
0 0.265000 0.097500 0.070000 0.065000
0 0.077500 0.082500 0.097500 0.097500
0 0.320000 0.868750 0.095000 0.095000
0 0.491250 0.362500 0.025000 0.020000
0 0.399375 0.715000 0.066250 0.042500
0 0.720625 0.907500 0.111250 0.072500
0 0.308125 0.674375 0.028750 0.018750
0 0.798750 0.688750 0.065000 0.042500
0 0.610000 0.521875 0.030000 0.028750
0 0.059375 0.494375 0.071250 0.071250
0 0.581875 0.605625 0.098750 0.098750
0 0.890625 0.653125 0.073750 0.073750
0 0.378125 0.430625 0.101250 0.101250
0 0.307500 0.607500 0.072500 0.077500
0 0.593750 0.453750 0.047500 0.047500
0 0.066875 0.780625 0.063750 0.063750
0 0.183125 0.854375 0.058750 0.058750
0 0.203125 0.731875 0.093750 0.093750
0 0.758750 0.071250 0.102500 0.102500
0 0.919375 0.485625 0.041250 0.041250
0 0.336250 0.050625 0.035000 0.036250
0 0.604375 0.314375 0.083750 0.083750
0 0.494375 0.204375 0.088750 0.098750
0 0.851250 0.101250 0.062500 0.062500
0 0.736875 0.206875 0.091250 0.103750
0 0.505625 0.061875 0.071250 0.071250
0 0.183750 0.296250 0.042500 0.042500
0 0.383125 0.779375 0.066250 0.066250
0 0.175625 0.931875 0.058750 0.058750
0 0.726250 0.672500 0.052500 0.045000
0 0.623750 0.391250 0.040000 0.040000
0 0.395625 0.591250 0.066250 0.072500
0 0.293125 0.215000 0.063750 0.070000
0 0.643750 0.170000 0.050000 0.055000
0 0.583125 0.934375 0.053750 0.058750
0 0.189375 0.503125 0.076250 0.076250
0 0.800625 0.804375 0.048750 0.048750
0 0.666250 0.045000 0.060000 0.052500
0 0.855625 0.480000 0.061250 0.052500
0 0.577500 0.873750 0.035000 0.030000
0 0.175000 0.034375 0.040000 0.036250
0 0.454375 0.296250 0.031250 0.040000
0 0.292500 0.736875 0.035000 0.033750
0 0.962500 0.238125 0.030000 0.028750
0 0.366875 0.173125 0.056250 0.053750
0 0.401875 0.924375 0.041250 0.041250
0 0.823750 0.350000 0.050000 0.050000
0 0.107500 0.580625 0.050000 0.038750
0 0.589375 0.060000 0.053750 0.042500
0 0.446250 0.819375 0.040000 0.031250