0 0.926250 0.797500 0.042500 0.042500
0 0.584375 0.920625 0.086250 0.086250
0 0.690625 0.458125 0.078750 0.078750
0 0.158750 0.681250 0.087500 0.087500
0 0.274375 0.489375 0.098750 0.098750
0 0.295625 0.803750 0.101250 0.185000
0 0.436250 0.680625 0.065000 0.118750
0 0.281875 0.366875 0.108750 0.108750
0 0.520625 0.127500 0.096250 0.052500
0 0.667500 0.670000 0.037500 0.020000
0 0.096250 0.422500 0.082500 0.045000
0 0.362500 0.243125 0.037500 0.041250
0 0.881250 0.608750 0.025000 0.025000
0 0.049375 0.263125 0.068750 0.068750
0 0.793750 0.482500 0.065000 0.065000
0 0.880625 0.118125 0.063750 0.063750
0 0.733125 0.688125 0.076250 0.076250
0 0.676250 0.185000 0.087500 0.087500
0 0.062500 0.071250 0.087500 0.087500
0 0.833125 0.367500 0.081250 0.075000
0 0.460625 0.281250 0.073750 0.060000
0 0.868125 0.752500 0.026250 0.025000
0 0.404375 0.549375 0.106250 0.101250
0 0.146875 0.191250 0.076250 0.072500
0 0.433125 0.434375 0.101250 0.101250
0 0.365000 0.131250 0.057500 0.057500
0 0.159375 0.072500 0.026250 0.027500
0 0.920000 0.716875 0.050000 0.053750
0 0.810000 0.097500 0.060000 0.042500
0 0.259375 0.624375 0.091250 0.063750
0 0.832500 0.693125 0.035000 0.023750
0 0.217500 0.920625 0.035000 0.023750
0 0.114375 0.361875 0.076250 0.053750
0 0.936250 0.341250 0.080000 0.080000
0 0.799375 0.293125 0.046250 0.046250
0 0.345625 0.053125 0.046250 0.046250
0 0.778125 0.891875 0.111250 0.111250
0 0.708750 0.300000 0.092500 0.092500
0 0.642500 0.117500 0.027500 0.027500
0 0.788750 0.597500 0.070000 0.070000
0 0.547500 0.636250 0.082500 0.095000
0 0.520000 0.205000 0.027500 0.027500
0 0.566875 0.470625 0.048750 0.048750
0 0.080625 0.597500 0.073750 0.057500
0 0.086250 0.693125 0.030000 0.023750
0 0.627500 0.766250 0.102500 0.125000
0 0.292500 0.268750 0.027500 0.032500
0 0.931250 0.493750 0.092500 0.112500
0 0.376875 0.738125 0.033750 0.031250
0 0.438125 0.819375 0.093750 0.088750
0 0.473750 0.921250 0.040000 0.037500
0 0.082500 0.879375 0.052500 0.048750
0 0.621875 0.379375 0.028750 0.028750
0 0.868750 0.230000 0.035000 0.042500
0 0.369375 0.334375 0.038750 0.046250
0 0.961875 0.591875 0.028750 0.033750
0 0.605000 0.057500 0.047500 0.047500
0 0.260625 0.191875 0.091250 0.091250
0 0.206875 0.823125 0.056250 0.056250
0 0.083750 0.792500 0.090000 0.090000
0 0.042500 0.482500 0.032500 0.032500
0 0.632500 0.581250 0.055000 0.050000
0 0.545625 0.388125 0.063750 0.063750
0 0.746875 0.796875 0.071250 0.063750
0 0.204375 0.746250 0.028750 0.025000
0 0.956250 0.915625 0.062500 0.116250