0 0.810000 0.861875 0.110000 0.118750
0 0.291250 0.876875 0.082500 0.088750
0 0.626875 0.699375 0.088750 0.096250
0 0.405625 0.563750 0.111250 0.120000
0 0.244375 0.736875 0.071250 0.071250
0 0.671250 0.346250 0.057500 0.057500
0 0.124375 0.856875 0.048750 0.048750
0 0.803750 0.731250 0.107500 0.085000
0 0.873125 0.277500 0.078750 0.062500
0 0.465625 0.343750 0.041250 0.032500
0 0.048750 0.645625 0.062500 0.048750
0 0.573750 0.200625 0.060000 0.056250
0 0.471875 0.286250 0.063750 0.052500
0 0.098125 0.809375 0.031250 0.031250
0 0.182500 0.040000 0.047500 0.047500
0 0.668750 0.085000 0.092500 0.092500
0 0.965625 0.343125 0.033750 0.033750
0 0.948750 0.430000 0.072500 0.072500
0 0.606250 0.535000 0.097500 0.097500
0 0.767500 0.541250 0.112500 0.115000
0 0.756250 0.171250 0.040000 0.040000
0 0.904375 0.070625 0.111250 0.111250
0 0.570625 0.420625 0.051250 0.051250
0 0.409375 0.742500 0.091250 0.120000
0 0.488750 0.053125 0.045000 0.058750
0 0.816250 0.421250 0.077500 0.102500
0 0.207500 0.281875 0.075000 0.098750
0 0.853125 0.206875 0.038750 0.038750
0 0.200625 0.406875 0.111250 0.111250
0 0.935625 0.643125 0.081250 0.081250
0 0.956250 0.517500 0.047500 0.047500
0 0.396250 0.397500 0.082500 0.082500
0 0.564375 0.146875 0.056250 0.018750
0 0.459375 0.890000 0.041250 0.042500
0 0.480000 0.441250 0.040000 0.030000
0 0.688750 0.796250 0.090000 0.067500
0 0.376250 0.218125 0.110000 0.083750
0 0.243125 0.141250 0.088750 0.067500
0 0.490625 0.599375 0.026250 0.026250
0 0.251250 0.633750 0.100000 0.072500
0 0.052500 0.205625 0.072500 0.058750
0 0.638125 0.881875 0.081250 0.066250
0 0.755625 0.078750 0.056250 0.040000
0 0.073750 0.596250 0.030000 0.027500
0 0.336250 0.801250 0.025000 0.022500
0 0.776250 0.244375 0.070000 0.063750
0 0.388750 0.100625 0.105000 0.096250
0 0.575625 0.068125 0.078750 0.078750
0 0.710000 0.422500 0.065000 0.065000
0 0.226250 0.527500 0.087500 0.087500
0 0.588125 0.796875 0.068750 0.068750
0 0.068750 0.037500 0.032500 0.022500
0 0.456875 0.178125 0.033750 0.023750
0 0.193125 0.795625 0.041250 0.028750
0 0.143125 0.685000 0.093750 0.132500
0 0.749375 0.645625 0.053750 0.053750
0 0.101250 0.522500 0.090000 0.090000
0 0.945000 0.793750 0.080000 0.080000
0 0.053750 0.926250 0.050000 0.050000
0 0.576250 0.328750 0.092500 0.092500
0 0.743750 0.330000 0.062500 0.062500
0 0.305000 0.440625 0.067500 0.063750
0 0.276875 0.231875 0.028750 0.026250
0 0.524375 0.946250 0.073750 0.047500
0 0.538125 0.878125 0.068750 0.068750
0 0.085000 0.090000 0.062500 0.062500