0 0.106250 0.241250 0.112500 0.165000
0 0.837500 0.720625 0.075000 0.068750
0 0.441875 0.908125 0.108750 0.101250
0 0.706250 0.788750 0.102500 0.125000
0 0.942500 0.620000 0.057500 0.057500
0 0.055625 0.510625 0.058750 0.058750
0 0.343125 0.385625 0.068750 0.068750
0 0.192500 0.563750 0.102500 0.102500
0 0.691250 0.556250 0.050000 0.050000
0 0.356250 0.852500 0.040000 0.045000
0 0.300000 0.617500 0.040000 0.040000
0 0.518125 0.188125 0.063750 0.063750
0 0.093125 0.591875 0.038750 0.038750
0 0.592500 0.908750 0.025000 0.025000
0 0.816250 0.896250 0.045000 0.045000
0 0.671250 0.326250 0.110000 0.095000
0 0.453125 0.596250 0.081250 0.057500
0 0.495000 0.667500 0.037500 0.037500
0 0.598125 0.184375 0.026250 0.026250
0 0.542500 0.330625 0.102500 0.106250
0 0.281875 0.842500 0.051250 0.070000
0 0.193125 0.885625 0.031250 0.031250
0 0.608750 0.563750 0.032500 0.032500
0 0.741250 0.201250 0.032500 0.032500
0 0.889375 0.553125 0.038750 0.038750
0 0.056875 0.956875 0.043750 0.028750
0 0.142500 0.393750 0.092500 0.092500
0 0.191875 0.095625 0.073750 0.096250
0 0.841875 0.096250 0.038750 0.037500
0 0.693750 0.915625 0.030000 0.028750
0 0.460000 0.445625 0.052500 0.053750
0 0.183125 0.651875 0.046250 0.046250
0 0.588750 0.088750 0.037500 0.037500
0 0.509375 0.068125 0.063750 0.066250
0 0.600000 0.743125 0.087500 0.106250
0 0.820625 0.413125 0.106250 0.128750
0 0.353125 0.206875 0.106250 0.128750