0 0.801875 0.925625 0.028750 0.026250
0 0.169375 0.206875 0.053750 0.051250
0 0.911250 0.658750 0.095000 0.090000
0 0.632500 0.777500 0.097500 0.092500
0 0.116875 0.643750 0.058750 0.047500
0 0.284375 0.908125 0.088750 0.103750
0 0.127500 0.708750 0.045000 0.052500
0 0.295000 0.397500 0.052500 0.050000
0 0.876875 0.115000 0.063750 0.060000
0 0.376875 0.705000 0.073750 0.070000
0 0.790000 0.688750 0.087500 0.087500
0 0.555000 0.537500 0.027500 0.027500
0 0.305625 0.206250 0.098750 0.087500
0 0.180625 0.062500 0.031250 0.027500
0 0.552500 0.675000 0.042500 0.037500
0 0.896250 0.833125 0.075000 0.076250
0 0.722500 0.935625 0.055000 0.056250
0 0.207500 0.650000 0.025000 0.025000
0 0.630625 0.101250 0.033750 0.037500
0 0.443125 0.921250 0.093750 0.102500
0 0.304375 0.061250 0.073750 0.080000
0 0.578125 0.396250 0.071250 0.067500
0 0.743125 0.183750 0.096250 0.092500
0 0.286875 0.310000 0.093750 0.090000
0 0.878125 0.730000 0.033750 0.032500
0 0.088750 0.215625 0.045000 0.038750
0 0.233125 0.478125 0.071250 0.071250
0 0.465000 0.437500 0.082500 0.082500
0 0.640000 0.602500 0.105000 0.105000
0 0.498125 0.799375 0.111250 0.111250
0 0.100000 0.531250 0.095000 0.095000
0 0.642500 0.951875 0.027500 0.026250
0 0.280000 0.718125 0.102500 0.051250
0 0.862500 0.450000 0.080000 0.040000
0 0.084375 0.852500 0.111250 0.055000
0 0.758125 0.255625 0.026250 0.026250
0 0.756875 0.444375 0.066250 0.053750
0 0.871875 0.236875 0.041250 0.046250
0 0.312500 0.593125 0.105000 0.118750
0 0.744375 0.055000 0.053750 0.060000
0 0.458125 0.343125 0.076250 0.076250
0 0.519375 0.091875 0.106250 0.106250
0 0.472500 0.226250 0.042500 0.042500
0 0.388125 0.420000 0.026250 0.025000
0 0.390625 0.274375 0.036250 0.041250
0 0.063125 0.106250 0.101250 0.115000
0 0.838750 0.360625 0.095000 0.083750
0 0.051875 0.280625 0.043750 0.043750
0 0.748750 0.831250 0.080000 0.080000
0 0.695625 0.361875 0.096250 0.096250
0 0.346875 0.485625 0.066250 0.066250
0 0.149375 0.370625 0.101250 0.088750
0 0.320000 0.794375 0.082500 0.081250
0 0.586875 0.287500 0.071250 0.070000
0 0.452500 0.560625 0.092500 0.091250
0 0.851875 0.576875 0.041250 0.043750
0 0.622500 0.470625 0.062500 0.066250
0 0.226875 0.545625 0.041250 0.043750
0 0.053125 0.375000 0.076250 0.070000
0 0.912500 0.493125 0.025000 0.018750
0 0.601250 0.188125 0.035000 0.033750
0 0.571250 0.916250 0.100000 0.100000
0 0.756250 0.568750 0.087500 0.087500
0 0.919375 0.919375 0.073750 0.073750
0 0.538750 0.195000 0.047500 0.047500
0 0.963750 0.788750 0.035000 0.020000
0 0.355000 0.870000 0.030000 0.030000
0 0.426875 0.101250 0.043750 0.060000
0 0.083125 0.933750 0.098750 0.077500
0 0.399375 0.173125 0.058750 0.058750
0 0.184375 0.931875 0.071250 0.071250
0 0.793750 0.280625 0.025000 0.026250
0 0.526875 0.613125 0.028750 0.031250
0 0.196250 0.746875 0.050000 0.053750
0 0.941250 0.560000 0.090000 0.090000
0 0.952500 0.121250 0.065000 0.065000
0 0.403125 0.799375 0.043750 0.043750
0 0.370625 0.079375 0.043750 0.043750
0 0.488750 0.673750 0.070000 0.070000
0 0.174375 0.136875 0.083750 0.068750
0 0.941250 0.290000 0.065000 0.065000
0 0.106875 0.776250 0.061250 0.050000
0 0.826250 0.052500 0.035000 0.042500
0 0.166875 0.840000 0.031250 0.037500