0 0.172500 0.807500 0.030000 0.030000
0 0.615000 0.683750 0.082500 0.082500
0 0.422500 0.193750 0.055000 0.045000
0 0.073125 0.434375 0.028750 0.023750
0 0.246875 0.277500 0.043750 0.057500
0 0.253125 0.878125 0.028750 0.028750
0 0.943750 0.361250 0.037500 0.037500
0 0.671250 0.231250 0.057500 0.057500
0 0.794375 0.078125 0.096250 0.096250
0 0.578750 0.304375 0.065000 0.078750
0 0.841875 0.593750 0.076250 0.092500
0 0.754375 0.516875 0.048750 0.048750
0 0.871875 0.406875 0.086250 0.086250
0 0.733125 0.754375 0.101250 0.101250
0 0.533125 0.910625 0.098750 0.098750
0 0.607500 0.533750 0.037500 0.037500
0 0.461250 0.723750 0.035000 0.017500
0 0.317500 0.840000 0.065000 0.065000
0 0.550625 0.081875 0.098750 0.098750
0 0.931250 0.256875 0.055000 0.053750
0 0.447500 0.375000 0.110000 0.107500
0 0.319375 0.725625 0.081250 0.078750
0 0.771250 0.420000 0.080000 0.112500
0 0.892500 0.720000 0.090000 0.087500
0 0.173750 0.410000 0.037500 0.042500
0 0.075000 0.643750 0.085000 0.097500
0 0.491250 0.548125 0.047500 0.053750
0 0.913125 0.871875 0.098750 0.113750
0 0.809375 0.203125 0.111250 0.111250
0 0.208125 0.723125 0.083750 0.083750
0 0.373125 0.574375 0.028750 0.028750
0 0.296875 0.356875 0.033750 0.033750
0 0.280000 0.130000 0.050000 0.055000
0 0.550625 0.177500 0.053750 0.042500
0 0.294375 0.490000 0.028750 0.022500
0 0.755625 0.923750 0.081250 0.065000
0 0.291875 0.606875 0.086250 0.058750
0 0.623125 0.818125 0.076250 0.051250
0 0.138750 0.949375 0.027500 0.018750
0 0.138750 0.509375 0.032500 0.021250
0 0.109375 0.370625 0.051250 0.051250
0 0.176875 0.263125 0.036250 0.036250
0 0.647500 0.441250 0.085000 0.072500
0 0.763750 0.306875 0.082500 0.076250
0 0.562500 0.408750 0.070000 0.070000
0 0.300000 0.541250 0.042500 0.042500
0 0.055000 0.157500 0.075000 0.075000
0 0.370625 0.073125 0.101250 0.101250
0 0.158750 0.118750 0.092500 0.092500
0 0.084375 0.858125 0.056250 0.056250
0 0.231875 0.360625 0.031250 0.058750
0 0.444375 0.614375 0.028750 0.053750
0 0.640000 0.158750 0.040000 0.047500
0 0.360000 0.354375 0.047500 0.056250
0 0.064375 0.756875 0.043750 0.043750
0 0.640000 0.314375 0.037500 0.063750
0 0.290000 0.448750 0.045000 0.045000
0 0.488750 0.276875 0.070000 0.048750
0 0.057500 0.303125 0.035000 0.031250
0 0.520000 0.803125 0.100000 0.091250
0 0.525625 0.621250 0.068750 0.062500
0 0.324375 0.268125 0.081250 0.073750
0 0.683750 0.073125 0.077500 0.043750
0 0.960000 0.643750 0.045000 0.045000
0 0.380000 0.920000 0.072500 0.072500
0 0.211250 0.218750 0.025000 0.025000
0 0.734375 0.654375 0.053750 0.053750
0 0.463750 0.106250 0.055000 0.055000
0 0.073750 0.535625 0.055000 0.066250
0 0.425000 0.488750 0.050000 0.060000
0 0.914375 0.188125 0.061250 0.043750
0 0.263125 0.056250 0.098750 0.070000
0 0.165625 0.891250 0.071250 0.050000
0 0.535000 0.703750 0.057500 0.057500
0 0.668125 0.583125 0.053750 0.053750
0 0.796250 0.841250 0.057500 0.057500
0 0.408125 0.813125 0.061250 0.056250
0 0.595625 0.596875 0.053750 0.038750
0 0.914375 0.103125 0.063750 0.056250
0 0.562500 0.488750 0.027500 0.027500
0 0.934375 0.530625 0.053750 0.051250
0 0.088125 0.223125 0.038750 0.038750
0 0.219375 0.503125 0.038750 0.038750
0 0.162500 0.627500 0.062500 0.062500
0 0.238125 0.803750 0.046250 0.060000
0 0.043750 0.085000 0.025000 0.025000
0 0.135625 0.033125 0.026250 0.026250
0 0.512500 0.480000 0.047500 0.047500
0 0.638125 0.959375 0.028750 0.028750