0 0.520625 0.110625 0.056250 0.056250
0 0.528125 0.223125 0.086250 0.086250
0 0.467500 0.886250 0.092500 0.092500
0 0.825625 0.730625 0.043750 0.043750
0 0.676875 0.562500 0.091250 0.085000
0 0.292500 0.621250 0.037500 0.035000
0 0.892500 0.678750 0.065000 0.060000
0 0.553125 0.915625 0.043750 0.056250
0 0.063750 0.277500 0.085000 0.085000
0 0.067500 0.063750 0.100000 0.097500
0 0.694375 0.233125 0.073750 0.071250
0 0.589375 0.425625 0.093750 0.091250
0 0.175625 0.579375 0.093750 0.093750
0 0.700000 0.291250 0.025000 0.025000
0 0.906875 0.086875 0.043750 0.043750
0 0.151250 0.675000 0.045000 0.042500
0 0.811875 0.196250 0.101250 0.080000
0 0.234375 0.851250 0.041250 0.032500
0 0.873750 0.835000 0.057500 0.045000
0 0.890625 0.408125 0.033750 0.026250
0 0.638750 0.121875 0.112500 0.123750
0 0.640000 0.907500 0.057500 0.057500
0 0.492500 0.340000 0.030000 0.030000
0 0.447500 0.363750 0.045000 0.045000
0 0.275000 0.445000 0.092500 0.092500
0 0.727500 0.810625 0.067500 0.126250
0 0.643750 0.796250 0.077500 0.077500
0 0.701250 0.346250 0.055000 0.055000
0 0.088750 0.162500 0.080000 0.080000
0 0.142500 0.766250 0.062500 0.062500
0 0.281875 0.065000 0.028750 0.027500
0 0.248750 0.168750 0.085000 0.072500
0 0.758750 0.539375 0.037500 0.031250
0 0.468750 0.756875 0.112500 0.096250
0 0.469375 0.536875 0.101250 0.101250
0 0.151875 0.400000 0.088750 0.080000
0 0.956875 0.218750 0.058750 0.050000
0 0.243750 0.733750 0.067500 0.067500
0 0.062500 0.655000 0.080000 0.080000
0 0.415625 0.203750 0.111250 0.107500
0 0.122500 0.496875 0.042500 0.041250
0 0.178750 0.288750 0.112500 0.112500
0 0.338750 0.867500 0.110000 0.110000
0 0.840000 0.550000 0.025000 0.025000
0 0.210000 0.060000 0.080000 0.080000
0 0.781875 0.094375 0.073750 0.073750
0 0.631250 0.703125 0.057500 0.056250
0 0.430000 0.088125 0.075000 0.068750
0 0.484375 0.643125 0.086250 0.083750
0 0.104375 0.907500 0.111250 0.107500
0 0.807500 0.372500 0.107500 0.105000
0 0.915625 0.355625 0.036250 0.036250
0 0.946250 0.928750 0.062500 0.062500
0 0.324375 0.531875 0.063750 0.063750
0 0.498750 0.445000 0.060000 0.060000
0 0.730625 0.658125 0.088750 0.088750
0 0.694375 0.481875 0.056250 0.056250
0 0.863750 0.618750 0.037500 0.037500
0 0.598750 0.536875 0.045000 0.043750
0 0.821250 0.921250 0.102500 0.102500
0 0.894375 0.501875 0.056250 0.056250
0 0.315000 0.242500 0.040000 0.040000
0 0.232500 0.935000 0.067500 0.070000
0 0.359375 0.712500 0.091250 0.095000
0 0.611250 0.273750 0.062500 0.065000
0 0.300625 0.331250 0.088750 0.092500
0 0.158750 0.169375 0.037500 0.033750
0 0.043750 0.496875 0.062500 0.058750
0 0.928750 0.558750 0.032500 0.032500
0 0.071250 0.752500 0.042500 0.042500
0 0.945625 0.789375 0.058750 0.058750
0 0.588125 0.633125 0.048750 0.048750
0 0.196875 0.808125 0.026250 0.026250
0 0.081250 0.401250 0.030000 0.030000
0 0.333750 0.056250 0.057500 0.057500
0 0.769375 0.584375 0.041250 0.033750
0 0.398750 0.365000 0.035000 0.035000