0 0.322500 0.721250 0.045000 0.045000
0 0.720625 0.475625 0.106250 0.106250
0 0.806250 0.383750 0.052500 0.052500
0 0.565000 0.388750 0.112500 0.112500
0 0.875000 0.741875 0.060000 0.071250
0 0.763750 0.286875 0.097500 0.116250
0 0.852500 0.828750 0.052500 0.062500
0 0.523750 0.518750 0.090000 0.107500
0 0.628750 0.733750 0.032500 0.022500
0 0.189375 0.676875 0.058750 0.041250
0 0.386250 0.108750 0.100000 0.070000
0 0.631875 0.279375 0.033750 0.023750
0 0.435000 0.347500 0.030000 0.030000
0 0.656250 0.617500 0.105000 0.105000
0 0.609375 0.804375 0.056250 0.056250
0 0.164375 0.081875 0.036250 0.036250
0 0.708125 0.908125 0.048750 0.041250
0 0.220000 0.383125 0.025000 0.021250
0 0.400000 0.855000 0.062500 0.052500
0 0.730000 0.174375 0.107500 0.091250
0 0.793125 0.915625 0.098750 0.083750
0 0.143750 0.288750 0.082500 0.070000
0 0.393750 0.540000 0.045000 0.045000
0 0.820625 0.619375 0.026250 0.026250
0 0.363750 0.302500 0.037500 0.037500
0 0.475625 0.789375 0.073750 0.058750
0 0.948750 0.486875 0.065000 0.051250
0 0.943125 0.856250 0.038750 0.027500
0 0.939375 0.930625 0.073750 0.053750
0 0.242500 0.116875 0.067500 0.048750
0 0.175000 0.571875 0.067500 0.048750
0 0.073125 0.515625 0.111250 0.111250
0 0.398750 0.912500 0.037500 0.037500
0 0.893750 0.186250 0.040000 0.040000
0 0.387500 0.458750 0.100000 0.100000
0 0.743125 0.723125 0.081250 0.081250
0 0.078125 0.716875 0.086250 0.086250
0 0.107500 0.873750 0.107500 0.107500
0 0.931250 0.105000 0.095000 0.060000
0 0.116250 0.641875 0.032500 0.028750
0 0.178750 0.225625 0.032500 0.031250
0 0.868750 0.410625 0.040000 0.038750
0 0.662500 0.068125 0.105000 0.103750
0 0.245625 0.451250 0.093750 0.092500
0 0.538750 0.176250 0.090000 0.102500
0 0.286875 0.876875 0.108750 0.108750
0 0.479375 0.680625 0.061250 0.053750
0 0.305000 0.226250 0.102500 0.090000
0 0.596250 0.901250 0.052500 0.052500
0 0.550000 0.265625 0.065000 0.061250
0 0.534375 0.949375 0.036250 0.036250
0 0.327500 0.630000 0.095000 0.095000
0 0.105625 0.792500 0.041250 0.037500
0 0.790625 0.063125 0.071250 0.071250
0 0.913125 0.619375 0.111250 0.111250
0 0.908125 0.302500 0.101250 0.130000
0 0.479375 0.889375 0.053750 0.068750
0 0.220000 0.778750 0.032500 0.030000
0 0.083125 0.389375 0.066250 0.061250
0 0.230000 0.160625 0.035000 0.021250
0 0.636250 0.213750 0.065000 0.065000
0 0.256250 0.322500 0.080000 0.080000
0 0.436250 0.609375 0.035000 0.043750
0 0.350000 0.776250 0.030000 0.037500
0 0.817500 0.705000 0.040000 0.042500
0 0.550000 0.658750 0.065000 0.070000
0 0.649375 0.332500 0.026250 0.027500
0 0.083750 0.097500 0.075000 0.075000
0 0.266875 0.787500 0.041250 0.025000
0 0.704375 0.824375 0.076250 0.078750
0 0.076250 0.251875 0.030000 0.031250
0 0.440000 0.288750 0.052500 0.052500
0 0.065000 0.318750 0.047500 0.047500
0 0.824375 0.489375 0.038750 0.038750
0 0.308125 0.547500 0.036250 0.035000
0 0.546250 0.058750 0.082500 0.082500
0 0.153750 0.373750 0.037500 0.037500
0 0.621250 0.488750 0.055000 0.055000
0 0.461250 0.156250 0.035000 0.035000
0 0.831250 0.558750 0.030000 0.030000
0 0.771250 0.616250 0.045000 0.045000