0 0.345000 0.287500 0.040000 0.040000
0 0.295000 0.853750 0.112500 0.122500
0 0.068750 0.148750 0.050000 0.060000
0 0.311250 0.401875 0.052500 0.063750
0 0.771875 0.823750 0.111250 0.135000
0 0.410000 0.481250 0.092500 0.112500
0 0.474375 0.045000 0.053750 0.052500
0 0.818125 0.473750 0.106250 0.105000
0 0.325000 0.155625 0.057500 0.056250
0 0.770000 0.130625 0.050000 0.048750
0 0.443750 0.630000 0.102500 0.140000
0 0.135000 0.762500 0.102500 0.102500
0 0.498125 0.211875 0.108750 0.106250
0 0.303750 0.666250 0.072500 0.070000
0 0.935625 0.815000 0.031250 0.030000
0 0.252500 0.189375 0.047500 0.046250
0 0.672500 0.364375 0.027500 0.026250
0 0.227500 0.420625 0.085000 0.088750
0 0.666250 0.814375 0.030000 0.031250
0 0.678750 0.863750 0.035000 0.035000
0 0.900000 0.930000 0.080000 0.080000
0 0.248125 0.114375 0.038750 0.038750
0 0.491250 0.911250 0.087500 0.087500
0 0.906875 0.048125 0.048750 0.048750
0 0.809375 0.679375 0.073750 0.068750
0 0.506250 0.385000 0.082500 0.082500
0 0.556875 0.519375 0.101250 0.101250
0 0.579375 0.123125 0.031250 0.028750
0 0.163125 0.539375 0.056250 0.041250
0 0.331250 0.070625 0.085000 0.061250
0 0.699375 0.265000 0.068750 0.050000
0 0.914375 0.641875 0.041250 0.041250
0 0.554375 0.779375 0.061250 0.061250
0 0.079375 0.473750 0.028750 0.035000
0 0.894375 0.291875 0.061250 0.073750
0 0.888750 0.118750 0.035000 0.042500
0 0.721875 0.043125 0.046250 0.056250
0 0.616250 0.660625 0.047500 0.046250
0 0.638125 0.120625 0.061250 0.058750
0 0.788750 0.355000 0.107500 0.107500
0 0.136250 0.277500 0.085000 0.085000
0 0.796250 0.586250 0.102500 0.102500
0 0.594375 0.901875 0.093750 0.093750
0 0.886250 0.716250 0.065000 0.065000
0 0.426875 0.755000 0.098750 0.092500
0 0.150625 0.640625 0.071250 0.066250
0 0.920000 0.215000 0.060000 0.060000
0 0.225625 0.314375 0.051250 0.061250
0 0.613750 0.289375 0.085000 0.101250
0 0.296250 0.331250 0.040000 0.047500
0 0.048125 0.615625 0.058750 0.058750
0 0.311250 0.747500 0.057500 0.050000
0 0.755000 0.942500 0.057500 0.065000
0 0.080625 0.070000 0.051250 0.057500
0 0.791875 0.194375 0.026250 0.028750
0 0.931250 0.418125 0.087500 0.098750
0 0.317500 0.495000 0.055000 0.065000
0 0.830000 0.081250 0.055000 0.055000
0 0.183125 0.169375 0.026250 0.026250
0 0.685625 0.556875 0.036250 0.036250
0 0.130000 0.917500 0.105000 0.105000
0 0.422500 0.318125 0.070000 0.071250
0 0.609375 0.418750 0.056250 0.047500
0 0.061250 0.379375 0.095000 0.081250
0 0.473125 0.105625 0.048750 0.048750
0 0.730625 0.195625 0.036250 0.036250
0 0.728750 0.706250 0.065000 0.057500
0 0.580625 0.060625 0.041250 0.036250
0 0.728750 0.473125 0.050000 0.048750
0 0.688125 0.935625 0.048750 0.043750
0 0.221875 0.064375 0.051250 0.046250
0 0.708750 0.406250 0.035000 0.035000
0 0.668125 0.484375 0.048750 0.048750
0 0.056875 0.525625 0.053750 0.053750
0 0.410625 0.120625 0.036250 0.043750
0 0.818125 0.274375 0.043750 0.036250
0 0.234375 0.578125 0.058750 0.088750
0 0.228125 0.675625 0.048750 0.068750
0 0.529375 0.671250 0.041250 0.057500