0 0.224375 0.366250 0.108750 0.102500
0 0.740000 0.782500 0.092500 0.087500
0 0.228125 0.802500 0.108750 0.102500
0 0.083750 0.438750 0.082500 0.077500
0 0.108125 0.075625 0.036250 0.036250
0 0.935625 0.660625 0.043750 0.043750
0 0.771875 0.705625 0.046250 0.046250
0 0.086250 0.218750 0.040000 0.040000
0 0.694375 0.511875 0.093750 0.093750
0 0.187500 0.627500 0.105000 0.105000
0 0.081250 0.301250 0.025000 0.035000
0 0.185625 0.252500 0.073750 0.105000
0 0.958125 0.241875 0.041250 0.058750
0 0.483125 0.318750 0.103750 0.082500
0 0.445000 0.572500 0.107500 0.095000
0 0.733125 0.115625 0.061250 0.053750
0 0.496250 0.811875 0.092500 0.081250
0 0.413750 0.806250 0.035000 0.035000
0 0.498750 0.890000 0.052500 0.052500
0 0.651250 0.312500 0.065000 0.065000
0 0.796250 0.357500 0.105000 0.105000
0 0.520000 0.443750 0.100000 0.097500
0 0.678750 0.686250 0.060000 0.057500
0 0.472500 0.068750 0.107500 0.105000
0 0.328750 0.691875 0.037500 0.036250
0 0.922500 0.497500 0.090000 0.090000
0 0.708750 0.908750 0.112500 0.112500
0 0.883750 0.823750 0.100000 0.100000
0 0.267500 0.182500 0.042500 0.042500
0 0.630625 0.163125 0.028750 0.028750
0 0.808125 0.523125 0.091250 0.113750
0 0.603125 0.561875 0.061250 0.043750
0 0.645625 0.078125 0.071250 0.071250
0 0.388125 0.194375 0.068750 0.063750
0 0.323125 0.630000 0.053750 0.050000
0 0.265625 0.081250 0.091250 0.085000
0 0.935000 0.092500 0.085000 0.067500
0 0.482500 0.711250 0.085000 0.085000
0 0.616250 0.797500 0.092500 0.092500
0 0.280000 0.905000 0.085000 0.085000
0 0.540625 0.185625 0.091250 0.091250
0 0.214375 0.481875 0.101250 0.101250
0 0.060625 0.891875 0.063750 0.056250
0 0.676250 0.234375 0.065000 0.056250
0 0.399375 0.704375 0.036250 0.031250
0 0.653125 0.611250 0.046250 0.040000
0 0.581875 0.645625 0.063750 0.063750
0 0.867500 0.721875 0.065000 0.038750
0 0.344375 0.315625 0.078750 0.046250
0 0.886250 0.923750 0.095000 0.067500
0 0.806875 0.193750 0.098750 0.070000
0 0.815625 0.435625 0.033750 0.023750
0 0.688125 0.402500 0.078750 0.055000
0 0.541875 0.528750 0.033750 0.030000
0 0.620625 0.886250 0.048750 0.055000
0 0.528125 0.580625 0.033750 0.041250