0 0.163125 0.424375 0.068750 0.068750
0 0.725000 0.522500 0.075000 0.075000
0 0.778750 0.103750 0.095000 0.095000
0 0.408750 0.810000 0.030000 0.030000
0 0.598750 0.056250 0.080000 0.080000
0 0.493125 0.715000 0.031250 0.042500
0 0.561250 0.757500 0.032500 0.032500
0 0.121875 0.560625 0.063750 0.063750
0 0.248750 0.562500 0.095000 0.095000
0 0.455000 0.097500 0.085000 0.085000
0 0.626875 0.651875 0.033750 0.033750
0 0.541250 0.955000 0.037500 0.037500
0 0.644375 0.903750 0.068750 0.067500
0 0.781875 0.453750 0.033750 0.040000
0 0.106875 0.108125 0.026250 0.031250
0 0.544375 0.599375 0.108750 0.108750
0 0.436250 0.462500 0.105000 0.105000
0 0.387500 0.361250 0.040000 0.040000
0 0.639375 0.726875 0.056250 0.056250
0 0.333125 0.120625 0.103750 0.103750
0 0.470000 0.190000 0.065000 0.065000
0 0.348750 0.686250 0.067500 0.067500
0 0.278750 0.251250 0.072500 0.072500
0 0.286875 0.756250 0.046250 0.045000
0 0.809375 0.810625 0.063750 0.063750
0 0.786250 0.335625 0.057500 0.073750
0 0.937500 0.431875 0.055000 0.056250
0 0.791250 0.685625 0.095000 0.096250
0 0.091250 0.776250 0.105000 0.105000
0 0.084375 0.378125 0.068750 0.068750
0 0.658125 0.326875 0.051250 0.041250
0 0.886875 0.559375 0.071250 0.071250
0 0.795625 0.921875 0.073750 0.073750
0 0.911250 0.843750 0.092500 0.092500
0 0.866875 0.226875 0.108750 0.108750
0 0.516250 0.863125 0.072500 0.058750
0 0.239375 0.835625 0.091250 0.091250
0 0.482500 0.340000 0.112500 0.112500
0 0.391250 0.896875 0.107500 0.091250
0 0.736875 0.423750 0.033750 0.027500
0 0.306250 0.388125 0.075000 0.063750
0 0.389375 0.215625 0.063750 0.058750
0 0.893125 0.728750 0.076250 0.070000
0 0.158750 0.935000 0.060000 0.055000
0 0.085625 0.220000 0.083750 0.077500
0 0.083125 0.948750 0.031250 0.035000
0 0.217500 0.106250 0.097500 0.097500
0 0.706875 0.240625 0.106250 0.073750
0 0.445625 0.565625 0.068750 0.048750
0 0.428125 0.678125 0.061250 0.061250
0 0.587500 0.466250 0.085000 0.085000
0 0.798125 0.573125 0.046250 0.043750
0 0.392500 0.285000 0.050000 0.047500
0 0.172500 0.752500 0.037500 0.035000
0 0.190000 0.231250 0.040000 0.040000
0 0.887500 0.111250 0.082500 0.082500
0 0.143750 0.658750 0.050000 0.050000