0 0.541875 0.869375 0.031250 0.031250
0 0.157500 0.296250 0.082500 0.097500
0 0.833750 0.747500 0.077500 0.077500
0 0.146250 0.933750 0.080000 0.080000
0 0.562500 0.667500 0.045000 0.045000
0 0.301875 0.225625 0.091250 0.091250
0 0.268750 0.911250 0.087500 0.087500
0 0.830625 0.583125 0.038750 0.038750
0 0.855625 0.098125 0.066250 0.066250
0 0.213750 0.533750 0.025000 0.025000
0 0.230000 0.777500 0.095000 0.095000
0 0.369375 0.443125 0.078750 0.078750
0 0.550000 0.277500 0.097500 0.097500
0 0.680625 0.575625 0.073750 0.073750
0 0.936250 0.352500 0.055000 0.055000
0 0.108125 0.680625 0.026250 0.026250
0 0.752500 0.440000 0.095000 0.095000
0 0.633125 0.920625 0.093750 0.093750
0 0.211875 0.471875 0.053750 0.053750
0 0.587500 0.526250 0.025000 0.025000
0 0.790625 0.260625 0.103750 0.103750
0 0.379375 0.065000 0.063750 0.062500
0 0.113750 0.470000 0.082500 0.082500
0 0.386250 0.616250 0.057500 0.057500
0 0.905625 0.485625 0.103750 0.083750
0 0.707500 0.051250 0.057500 0.057500
0 0.468750 0.407500 0.097500 0.097500
0 0.660625 0.156875 0.096250 0.096250
0 0.941875 0.767500 0.078750 0.077500
0 0.480000 0.516875 0.105000 0.103750
0 0.643750 0.816875 0.100000 0.098750
0 0.838125 0.361250 0.043750 0.042500
0 0.349375 0.713125 0.081250 0.081250
0 0.201250 0.151250 0.030000 0.030000
0 0.833125 0.920625 0.063750 0.063750
0 0.103750 0.163750 0.057500 0.057500
0 0.265625 0.604375 0.053750 0.053750
0 0.032500 0.583750 0.037500 0.037500
0 0.085000 0.841875 0.072500 0.073750
0 0.481875 0.842500 0.066250 0.050000
0 0.055625 0.235625 0.028750 0.021250
0 0.110000 0.055625 0.025000 0.018750
0 0.902500 0.925625 0.042500 0.038750
0 0.199375 0.085625 0.091250 0.083750
0 0.266250 0.541875 0.047500 0.043750
0 0.600000 0.437500 0.102500 0.127500
0 0.405625 0.235625 0.096250 0.096250
0 0.900000 0.641250 0.072500 0.072500
0 0.330625 0.350625 0.081250 0.081250
0 0.670625 0.311875 0.108750 0.108750
0 0.676875 0.448125 0.026250 0.026250
0 0.635625 0.664375 0.086250 0.086250
0 0.056250 0.320000 0.055000 0.055000
0 0.916875 0.221875 0.086250 0.086250
0 0.375000 0.810625 0.107500 0.098750
0 0.523125 0.125000 0.073750 0.067500
0 0.160000 0.655000 0.027500 0.027500
0 0.286250 0.096250 0.067500 0.067500
0 0.785625 0.048125 0.048750 0.048750
0 0.806875 0.670625 0.051250 0.051250
0 0.510000 0.762500 0.090000 0.090000