0 0.629375 0.423125 0.071250 0.071250
0 0.606875 0.796875 0.101250 0.101250
0 0.370000 0.272500 0.055000 0.055000
0 0.648750 0.078750 0.052500 0.050000
0 0.453125 0.670625 0.038750 0.036250
0 0.305625 0.483125 0.043750 0.043750
0 0.041875 0.873125 0.026250 0.026250
0 0.037500 0.067500 0.040000 0.040000
0 0.952500 0.767500 0.040000 0.040000
0 0.438125 0.053125 0.053750 0.053750
0 0.414375 0.376875 0.066250 0.066250
0 0.796875 0.887500 0.096250 0.115000
0 0.129375 0.473125 0.101250 0.121250
0 0.623125 0.596875 0.091250 0.108750
0 0.718125 0.575000 0.083750 0.100000
0 0.086250 0.915625 0.045000 0.063750
0 0.699375 0.230000 0.101250 0.122500
0 0.213750 0.547500 0.052500 0.052500
0 0.237500 0.280000 0.035000 0.035000
0 0.915000 0.555000 0.042500 0.037500
0 0.361250 0.814375 0.025000 0.021250
0 0.705625 0.054375 0.041250 0.036250
0 0.243750 0.827500 0.095000 0.115000
0 0.470000 0.219375 0.112500 0.136250
0 0.803750 0.076875 0.065000 0.058750
0 0.096250 0.035625 0.045000 0.041250
0 0.465000 0.872500 0.102500 0.140000
0 0.578750 0.346250 0.055000 0.055000
0 0.594375 0.139375 0.048750 0.048750
0 0.366250 0.666250 0.062500 0.062500
0 0.493125 0.400625 0.068750 0.068750
0 0.201250 0.137500 0.032500 0.032500
0 0.937500 0.823125 0.062500 0.053750
0 0.957500 0.500000 0.047500 0.047500
0 0.047500 0.177500 0.070000 0.070000
0 0.346875 0.145000 0.078750 0.072500
0 0.885000 0.917500 0.030000 0.030000
0 0.849375 0.626875 0.086250 0.086250
0 0.245000 0.690000 0.072500 0.072500
0 0.120625 0.311875 0.078750 0.078750
0 0.758750 0.676250 0.065000 0.065000
0 0.942500 0.090000 0.030000 0.030000
0 0.372500 0.521250 0.057500 0.057500
0 0.948750 0.176250 0.060000 0.060000
0 0.254375 0.128125 0.033750 0.036250
0 0.057500 0.747500 0.030000 0.030000
0 0.157500 0.060000 0.050000 0.050000
0 0.866875 0.455000 0.108750 0.102500
0 0.782500 0.764375 0.097500 0.091250
0 0.175625 0.210625 0.091250 0.086250
0 0.279375 0.218125 0.058750 0.058750
0 0.073125 0.584375 0.078750 0.078750
0 0.509375 0.570625 0.078750 0.078750
0 0.898125 0.342500 0.086250 0.090000
0 0.049375 0.357500 0.031250 0.032500
0 0.365000 0.769375 0.027500 0.028750
0 0.574375 0.906875 0.063750 0.066250
0 0.850625 0.185625 0.093750 0.093750
0 0.318750 0.393125 0.102500 0.101250
0 0.178125 0.943125 0.038750 0.038750
0 0.961875 0.908125 0.048750 0.048750
0 0.178750 0.610000 0.082500 0.047500
0 0.946875 0.599375 0.036250 0.036250
0 0.800000 0.347500 0.090000 0.090000
0 0.287500 0.062500 0.057500 0.057500
0 0.708750 0.422500 0.065000 0.065000
0 0.496250 0.470000 0.035000 0.037500
0 0.733125 0.111250 0.026250 0.030000
0 0.874375 0.801875 0.043750 0.043750
0 0.144375 0.780625 0.083750 0.083750
0 0.073750 0.680000 0.087500 0.087500
0 0.345625 0.901250 0.073750 0.075000
0 0.596250 0.224375 0.067500 0.048750
0 0.553125 0.701250 0.088750 0.065000
0 0.648125 0.920625 0.046250 0.046250