0 0.471875 0.905625 0.026250 0.026250
0 0.487500 0.259375 0.055000 0.058750
0 0.786250 0.182500 0.042500 0.042500
0 0.713125 0.318750 0.073750 0.090000
0 0.108125 0.198125 0.056250 0.068750
0 0.966250 0.487500 0.035000 0.042500
0 0.787500 0.863750 0.035000 0.042500
0 0.485625 0.701875 0.098750 0.091250
0 0.141875 0.673750 0.048750 0.045000
0 0.870000 0.395000 0.057500 0.052500
0 0.593750 0.817500 0.080000 0.070000
0 0.034375 0.898125 0.041250 0.036250
0 0.405625 0.865000 0.066250 0.057500
0 0.251250 0.763750 0.065000 0.065000
0 0.466250 0.578750 0.072500 0.072500
0 0.553125 0.901875 0.056250 0.056250
0 0.621250 0.617500 0.035000 0.035000
0 0.903125 0.280625 0.081250 0.081250
0 0.301875 0.241875 0.043750 0.043750
0 0.948750 0.846250 0.047500 0.047500
0 0.158750 0.451250 0.085000 0.085000
0 0.762500 0.671250 0.110000 0.110000
0 0.619375 0.188125 0.106250 0.128750
0 0.593125 0.686875 0.063750 0.063750
0 0.834375 0.500625 0.096250 0.096250
0 0.891250 0.651250 0.027500 0.027500
0 0.077500 0.391250 0.027500 0.027500
0 0.281250 0.648750 0.112500 0.112500
0 0.827500 0.106250 0.090000 0.090000
0 0.588750 0.358750 0.087500 0.087500
0 0.267500 0.893750 0.082500 0.082500
0 0.164375 0.881250 0.066250 0.067500
0 0.215625 0.228125 0.051250 0.051250
0 0.396875 0.200625 0.111250 0.133750
0 0.095000 0.760000 0.105000 0.105000
0 0.461875 0.408125 0.098750 0.143750
0 0.708125 0.431250 0.093750 0.117500
0 0.300625 0.523125 0.071250 0.088750
0 0.131875 0.083750 0.076250 0.095000
0 0.883750 0.908125 0.065000 0.063750
0 0.217500 0.345000 0.077500 0.075000
0 0.080625 0.475625 0.028750 0.028750
0 0.447500 0.071250 0.080000 0.080000
0 0.138125 0.589375 0.031250 0.031250
0 0.338750 0.433125 0.060000 0.048750
0 0.410625 0.923125 0.028750 0.028750
0 0.104375 0.339375 0.081250 0.053750
0 0.871875 0.829375 0.076250 0.076250
0 0.555625 0.051875 0.076250 0.071250
0 0.038125 0.627500 0.046250 0.042500
0 0.706875 0.051875 0.038750 0.036250
0 0.336875 0.070625 0.101250 0.093750
0 0.080625 0.553750 0.028750 0.030000
0 0.383125 0.770000 0.091250 0.097500
0 0.773125 0.776875 0.051250 0.053750
0 0.578750 0.502500 0.107500 0.107500
0 0.783750 0.933750 0.037500 0.037500
0 0.950625 0.393125 0.028750 0.028750
0 0.235625 0.133125 0.066250 0.066250
0 0.672500 0.846250 0.047500 0.047500
0 0.338125 0.347500 0.078750 0.080000
0 0.731875 0.543750 0.081250 0.082500
0 0.251875 0.454375 0.026250 0.026250
0 0.939375 0.731250 0.081250 0.080000
0 0.950625 0.633750 0.066250 0.065000
0 0.510625 0.805000 0.058750 0.057500
0 0.361250 0.925625 0.037500 0.036250
0 0.868125 0.754375 0.028750 0.028750
0 0.805625 0.327500 0.066250 0.040000
0 0.153125 0.531875 0.036250 0.036250