0 0.873125 0.099375 0.078750 0.043750
0 0.091250 0.253750 0.085000 0.047500
0 0.930000 0.466250 0.097500 0.055000
0 0.368125 0.672500 0.053750 0.030000
0 0.279375 0.783750 0.088750 0.062500
0 0.816250 0.795625 0.035000 0.023750
0 0.280625 0.276250 0.081250 0.057500
0 0.720625 0.078750 0.046250 0.032500
0 0.611250 0.496875 0.040000 0.033750
0 0.658750 0.864375 0.100000 0.076250
0 0.181250 0.873125 0.070000 0.053750
0 0.416250 0.605625 0.112500 0.086250
0 0.643750 0.057500 0.087500 0.087500
0 0.463750 0.463750 0.035000 0.035000
0 0.491875 0.246875 0.111250 0.111250
0 0.176875 0.458125 0.096250 0.096250
0 0.034375 0.952500 0.026250 0.030000
0 0.712500 0.290000 0.042500 0.042500
0 0.654375 0.573125 0.086250 0.093750
0 0.060625 0.552500 0.048750 0.052500
0 0.784375 0.489375 0.026250 0.023750
0 0.600625 0.728125 0.036250 0.033750
0 0.568125 0.040625 0.033750 0.031250
0 0.536250 0.902500 0.062500 0.062500
0 0.880000 0.263750 0.067500 0.067500
0 0.613750 0.166250 0.087500 0.087500
0 0.846875 0.649375 0.111250 0.111250
0 0.067500 0.820000 0.050000 0.050000
0 0.274375 0.455625 0.081250 0.081250
0 0.690625 0.721875 0.041250 0.036250
0 0.095000 0.728750 0.100000 0.087500
0 0.793750 0.397500 0.060000 0.052500
0 0.464375 0.099375 0.028750 0.028750
0 0.348125 0.851875 0.038750 0.038750
0 0.233125 0.189375 0.091250 0.091250
0 0.877500 0.566250 0.032500 0.032500
0 0.918125 0.761875 0.036250 0.036250
0 0.480000 0.815625 0.100000 0.096250
0 0.753750 0.800000 0.037500 0.035000
0 0.600000 0.363125 0.100000 0.096250
0 0.359375 0.929375 0.093750 0.088750
0 0.546875 0.600625 0.058750 0.058750
0 0.225000 0.081250 0.100000 0.100000
0 0.938750 0.908750 0.065000 0.065000
0 0.351875 0.134375 0.101250 0.101250
0 0.736250 0.193750 0.110000 0.110000
0 0.702500 0.470000 0.057500 0.057500
0 0.256250 0.623750 0.107500 0.107500
0 0.066875 0.136875 0.101250 0.101250
0 0.185625 0.361875 0.081250 0.081250
0 0.388125 0.508125 0.063750 0.063750