0 0.495000 0.460000 0.050000 0.072500
0 0.671875 0.237500 0.088750 0.130000
0 0.071875 0.616250 0.106250 0.155000
0 0.535625 0.093750 0.041250 0.060000
0 0.430625 0.671875 0.101250 0.101250
0 0.091875 0.871875 0.096250 0.096250
0 0.580625 0.340625 0.073750 0.073750
0 0.508125 0.375625 0.038750 0.038750
0 0.520000 0.675000 0.050000 0.050000
0 0.941250 0.846250 0.070000 0.062500
0 0.658750 0.741250 0.050000 0.045000
0 0.598125 0.789375 0.033750 0.031250
0 0.176875 0.346875 0.078750 0.081250
0 0.231250 0.150000 0.070000 0.072500
0 0.756875 0.881875 0.106250 0.111250
0 0.789375 0.176875 0.026250 0.026250
0 0.350000 0.345000 0.055000 0.055000
0 0.057500 0.055000 0.050000 0.050000
0 0.420000 0.777500 0.092500 0.090000
0 0.625625 0.609375 0.083750 0.083750
0 0.701875 0.465625 0.106250 0.106250
0 0.290625 0.740625 0.076250 0.076250
0 0.188125 0.843125 0.066250 0.066250
0 0.115000 0.120000 0.055000 0.055000
0 0.212500 0.733750 0.030000 0.027500
0 0.363125 0.519375 0.046250 0.033750
0 0.504375 0.303125 0.051250 0.051250
0 0.839375 0.413125 0.101250 0.101250
0 0.845625 0.711875 0.108750 0.108750
0 0.323125 0.164375 0.096250 0.096250
0 0.843125 0.196875 0.058750 0.058750
0 0.873750 0.612500 0.065000 0.065000
0 0.761250 0.131250 0.040000 0.040000
0 0.325625 0.919375 0.083750 0.083750
0 0.465625 0.119375 0.076250 0.076250
0 0.587500 0.901250 0.110000 0.110000
0 0.905625 0.096875 0.096250 0.096250
0 0.236250 0.578125 0.087500 0.166250
0 0.913750 0.530000 0.095000 0.062500
0 0.074375 0.446250 0.108750 0.112500
0 0.601875 0.045000 0.041250 0.030000
0 0.518125 0.575625 0.083750 0.061250
0 0.455000 0.233750 0.035000 0.035000
0 0.906875 0.278125 0.086250 0.086250
0 0.328750 0.061250 0.085000 0.085000
0 0.706250 0.565000 0.042500 0.077500
0 0.274375 0.376250 0.073750 0.135000
0 0.588125 0.138125 0.048750 0.088750
0 0.426875 0.453125 0.071250 0.071250
0 0.744375 0.714375 0.038750 0.038750
0 0.953750 0.413750 0.060000 0.060000
0 0.054375 0.314375 0.063750 0.121250