0 0.380000 0.633750 0.070000 0.085000
0 0.497500 0.583125 0.102500 0.123750
0 0.170625 0.153125 0.071250 0.086250
0 0.179375 0.820625 0.096250 0.096250
0 0.545625 0.390625 0.068750 0.068750
0 0.300000 0.518750 0.047500 0.047500
0 0.082500 0.310000 0.080000 0.080000
0 0.065000 0.911250 0.065000 0.065000
0 0.338125 0.368125 0.056250 0.056250
0 0.201875 0.470625 0.038750 0.033750
0 0.513125 0.296875 0.071250 0.071250
0 0.412500 0.138750 0.067500 0.067500
0 0.278125 0.926250 0.068750 0.085000
0 0.801250 0.511875 0.097500 0.121250
0 0.846250 0.118750 0.030000 0.037500
0 0.793125 0.643125 0.061250 0.076250
0 0.793125 0.219375 0.068750 0.068750
0 0.821250 0.758750 0.085000 0.085000
0 0.072500 0.175000 0.060000 0.060000
0 0.473125 0.469375 0.053750 0.053750
0 0.888125 0.879375 0.028750 0.028750
0 0.280625 0.155625 0.061250 0.058750
0 0.696250 0.440000 0.075000 0.072500
0 0.881250 0.330625 0.050000 0.048750
0 0.570625 0.050000 0.036250 0.042500
0 0.685000 0.732500 0.110000 0.112500
0 0.210625 0.651875 0.111250 0.113750
0 0.920000 0.581875 0.100000 0.101250
0 0.599375 0.255625 0.026250 0.026250
0 0.641875 0.920625 0.046250 0.046250
0 0.548750 0.205000 0.057500 0.057500
0 0.257500 0.397500 0.057500 0.057500
0 0.676875 0.253125 0.106250 0.106250
0 0.677500 0.101250 0.105000 0.110000
0 0.538750 0.818125 0.077500 0.081250
0 0.284375 0.044375 0.081250 0.058750
0 0.940625 0.425000 0.078750 0.057500
0 0.436875 0.272500 0.038750 0.027500
0 0.075000 0.560625 0.107500 0.078750
0 0.611250 0.508125 0.075000 0.076250
0 0.309375 0.821875 0.103750 0.103750
0 0.087500 0.713750 0.080000 0.080000
0 0.399375 0.536875 0.078750 0.078750
0 0.166250 0.394375 0.057500 0.053750
0 0.401875 0.785625 0.043750 0.041250
0 0.519375 0.705000 0.111250 0.105000
0 0.306875 0.263750 0.091250 0.085000
0 0.915625 0.831875 0.048750 0.048750
0 0.798750 0.096250 0.050000 0.050000
0 0.746875 0.917500 0.108750 0.107500
0 0.708750 0.835625 0.042500 0.041250
0 0.440625 0.883750 0.096250 0.095000
0 0.902500 0.116250 0.040000 0.040000
0 0.916250 0.716250 0.072500 0.072500
0 0.045625 0.433125 0.026250 0.026250
0 0.916875 0.241875 0.106250 0.106250
0 0.935000 0.893750 0.040000 0.040000
0 0.556250 0.946250 0.052500 0.052500
0 0.739375 0.350000 0.061250 0.057500
0 0.851875 0.413750 0.063750 0.060000
0 0.069375 0.815000 0.056250 0.052500
0 0.347500 0.448750 0.027500 0.027500
0 0.611250 0.598750 0.080000 0.080000
0 0.415000 0.363750 0.070000 0.070000
0 0.208125 0.240000 0.056250 0.055000
0 0.640000 0.838750 0.067500 0.067500
0 0.703125 0.573125 0.068750 0.068750
0 0.626250 0.438750 0.037500 0.037500
0 0.210000 0.307500 0.045000 0.045000
0 0.381875 0.294375 0.026250 0.026250
0 0.188125 0.543125 0.036250 0.036250
0 0.067500 0.048750 0.050000 0.050000
0 0.915000 0.036250 0.047500 0.042500
0 0.805625 0.286875 0.041250 0.036250
0 0.338125 0.901875 0.031250 0.021250
0 0.810625 0.840625 0.031250 0.031250
0 0.345625 0.190625 0.038750 0.038750
0 0.541250 0.466250 0.042500 0.042500
0 0.783125 0.408125 0.043750 0.043750
0 0.512500 0.123125 0.052500 0.058750
0 0.209375 0.946875 0.046250 0.046250
0 0.418125 0.050625 0.083750 0.073750
0 0.102500 0.476250 0.060000 0.060000
0 0.945625 0.344375 0.056250 0.056250
0 0.110000 0.642500 0.045000 0.045000
0 0.779375 0.153125 0.028750 0.033750
0 0.315625 0.721250 0.053750 0.065000
0 0.041250 0.379375 0.052500 0.043750