0 0.568125 0.145625 0.088750 0.088750
0 0.712500 0.776250 0.100000 0.100000
0 0.812500 0.660000 0.057500 0.057500
0 0.253125 0.515625 0.088750 0.088750
0 0.444375 0.837500 0.036250 0.045000
0 0.849375 0.751875 0.061250 0.061250
0 0.303750 0.242500 0.060000 0.060000
0 0.467500 0.665625 0.042500 0.048750
0 0.185625 0.338125 0.046250 0.046250
0 0.230000 0.772500 0.102500 0.087500
0 0.583750 0.883125 0.042500 0.036250
0 0.197500 0.625000 0.087500 0.075000
0 0.471250 0.303125 0.072500 0.061250
0 0.678125 0.650000 0.043750 0.060000
0 0.366875 0.090625 0.103750 0.103750
0 0.911875 0.866875 0.053750 0.053750
0 0.551250 0.778750 0.112500 0.112500
0 0.067500 0.322500 0.037500 0.037500
0 0.392500 0.510000 0.110000 0.110000
0 0.765000 0.423750 0.040000 0.040000
0 0.061875 0.496875 0.033750 0.033750
0 0.863125 0.086875 0.103750 0.103750
0 0.120000 0.732500 0.095000 0.095000
0 0.381250 0.700000 0.037500 0.037500
0 0.655000 0.352500 0.090000 0.090000
0 0.641875 0.448750 0.061250 0.060000
0 0.792500 0.295625 0.072500 0.071250
0 0.325625 0.660625 0.043750 0.043750
0 0.547500 0.497500 0.087500 0.087500
0 0.932500 0.425000 0.110000 0.110000
0 0.918125 0.598125 0.063750 0.063750
0 0.761250 0.062500 0.047500 0.047500
0 0.179375 0.231875 0.103750 0.091250
0 0.541875 0.289375 0.028750 0.028750
0 0.443750 0.221250 0.080000 0.072500
0 0.842500 0.926875 0.070000 0.063750
0 0.928125 0.313125 0.083750 0.076250
0 0.653125 0.905625 0.053750 0.048750
0 0.068125 0.106250 0.108750 0.110000
0 0.659375 0.126875 0.038750 0.038750
0 0.150625 0.911875 0.091250 0.091250
0 0.597500 0.661250 0.060000 0.060000
0 0.280000 0.408750 0.052500 0.052500
0 0.498750 0.924375 0.112500 0.096250
0 0.193125 0.064375 0.108750 0.093750
0 0.075625 0.633125 0.103750 0.088750
0 0.027500 0.453125 0.025000 0.021250
0 0.036250 0.853125 0.032500 0.031250
0 0.626250 0.543125 0.052500 0.051250
0 0.706875 0.530000 0.093750 0.082500
0 0.686250 0.255000 0.082500 0.082500
0 0.115625 0.426875 0.083750 0.083750
0 0.815625 0.508125 0.096250 0.096250
0 0.888750 0.208750 0.082500 0.082500
0 0.260000 0.326250 0.067500 0.067500
0 0.040000 0.938750 0.052500 0.052500
0 0.350625 0.837500 0.083750 0.072500
0 0.760000 0.626250 0.025000 0.007500
0 0.366875 0.375625 0.081250 0.096250
0 0.238125 0.694375 0.028750 0.033750
0 0.443750 0.386250 0.042500 0.050000
0 0.571250 0.344375 0.047500 0.056250
0 0.956875 0.790625 0.031250 0.031250
0 0.955625 0.535625 0.046250 0.046250
0 0.310625 0.763125 0.041250 0.041250
0 0.712500 0.957500 0.030000 0.030000
0 0.063125 0.201875 0.051250 0.051250
0 0.484375 0.116875 0.036250 0.036250
0 0.230625 0.920000 0.031250 0.027500
0 0.665625 0.066875 0.058750 0.058750
0 0.374375 0.942500 0.078750 0.065000