0 0.845000 0.306250 0.092500 0.112500
0 0.848125 0.893125 0.051250 0.041250
0 0.641875 0.391250 0.066250 0.052500
0 0.351875 0.719375 0.086250 0.068750
0 0.640000 0.881250 0.080000 0.080000
0 0.269375 0.898125 0.103750 0.103750
0 0.043125 0.946875 0.031250 0.031250
0 0.063750 0.522500 0.100000 0.100000
0 0.524375 0.348125 0.086250 0.086250
0 0.149375 0.156875 0.111250 0.111250
0 0.513750 0.546250 0.070000 0.060000
0 0.047500 0.231875 0.060000 0.051250
0 0.595000 0.653750 0.112500 0.112500
0 0.210625 0.724375 0.083750 0.083750
0 0.783750 0.505000 0.040000 0.040000
0 0.246250 0.450000 0.072500 0.072500
0 0.356875 0.203125 0.063750 0.063750
0 0.542500 0.124375 0.035000 0.043750
0 0.111250 0.032500 0.032500 0.032500
0 0.264375 0.348125 0.106250 0.106250
0 0.067500 0.311250 0.050000 0.050000
0 0.428750 0.855000 0.080000 0.095000
0 0.546875 0.823125 0.068750 0.081250
0 0.935625 0.666875 0.063750 0.063750
0 0.270000 0.092500 0.062500 0.057500
0 0.626250 0.198750 0.075000 0.075000
0 0.173750 0.578750 0.100000 0.077500
0 0.037500 0.866250 0.030000 0.022500
0 0.535625 0.186250 0.026250 0.020000
0 0.323750 0.555625 0.037500 0.028750
0 0.871875 0.799375 0.053750 0.053750
0 0.856250 0.705625 0.032500 0.038750
0 0.820000 0.123750 0.105000 0.127500
0 0.168125 0.347500 0.068750 0.082500
0 0.372500 0.380625 0.055000 0.051250
0 0.122500 0.781250 0.062500 0.062500
0 0.487500 0.231250 0.032500 0.032500
0 0.765625 0.721875 0.103750 0.103750
0 0.739375 0.570625 0.061250 0.056250
0 0.368750 0.630625 0.070000 0.063750
0 0.819375 0.570625 0.053750 0.048750
0 0.887500 0.431250 0.077500 0.075000
0 0.760625 0.908125 0.043750 0.043750
0 0.414375 0.305625 0.083750 0.083750
0 0.463125 0.135625 0.096250 0.096250
0 0.756250 0.828750 0.067500 0.067500
0 0.897500 0.551250 0.087500 0.085000
0 0.031250 0.686875 0.037500 0.036250
0 0.661875 0.071875 0.058750 0.058750
0 0.922500 0.262500 0.035000 0.035000
0 0.631875 0.784375 0.076250 0.076250
0 0.331875 0.059375 0.041250 0.041250
0 0.151875 0.071875 0.028750 0.028750
0 0.951875 0.335625 0.063750 0.063750
0 0.575000 0.575000 0.027500 0.027500
0 0.721875 0.281875 0.088750 0.088750