0 0.210000 0.921250 0.070000 0.070000
0 0.665000 0.201250 0.077500 0.077500
0 0.300625 0.469375 0.068750 0.068750
0 0.728750 0.568750 0.095000 0.095000
0 0.653750 0.423750 0.075000 0.075000
0 0.786250 0.107500 0.070000 0.070000
0 0.500000 0.711250 0.082500 0.082500
0 0.345625 0.213125 0.063750 0.063750
0 0.401875 0.905625 0.101250 0.101250
0 0.411875 0.163750 0.028750 0.027500
0 0.636875 0.655000 0.041250 0.040000
0 0.555625 0.802500 0.086250 0.085000
0 0.261875 0.226250 0.088750 0.087500
0 0.785000 0.943750 0.055000 0.055000
0 0.808125 0.767500 0.073750 0.052500
0 0.085625 0.354375 0.041250 0.033750
0 0.080625 0.758125 0.068750 0.066250
0 0.268750 0.056875 0.025000 0.023750
0 0.060000 0.492500 0.090000 0.090000
0 0.303125 0.375625 0.048750 0.048750
0 0.193125 0.586875 0.046250 0.046250
0 0.152500 0.411250 0.035000 0.022500
0 0.374375 0.416875 0.063750 0.063750
0 0.706250 0.055000 0.032500 0.032500
0 0.533125 0.455625 0.098750 0.098750
0 0.348125 0.775625 0.048750 0.048750
0 0.957500 0.170625 0.047500 0.046250
0 0.879375 0.568125 0.086250 0.083750
0 0.550000 0.585000 0.037500 0.045000
0 0.072500 0.161250 0.050000 0.060000
0 0.825625 0.446875 0.101250 0.123750
0 0.913750 0.841875 0.060000 0.061250
0 0.537500 0.143125 0.090000 0.091250
0 0.191875 0.465625 0.051250 0.051250
0 0.837500 0.281875 0.085000 0.086250
0 0.708750 0.304375 0.112500 0.106250
0 0.920000 0.686875 0.095000 0.096250
0 0.726875 0.812500 0.063750 0.065000
0 0.206875 0.341875 0.098750 0.098750
0 0.456250 0.229375 0.035000 0.031250
0 0.451875 0.277500 0.036250 0.032500
0 0.399375 0.090000 0.066250 0.062500
0 0.187500 0.748125 0.050000 0.046250
0 0.550625 0.043750 0.058750 0.055000
0 0.228750 0.127500 0.077500 0.072500
0 0.457500 0.553750 0.070000 0.052500
0 0.279375 0.592500 0.083750 0.062500
0 0.066250 0.837500 0.092500 0.070000
0 0.634375 0.117500 0.073750 0.060000
0 0.267500 0.673750 0.095000 0.077500
0 0.535625 0.328125 0.106250 0.086250
0 0.056250 0.625000 0.082500 0.087500
0 0.937500 0.416875 0.087500 0.093750
0 0.141250 0.938750 0.042500 0.042500
0 0.641250 0.493125 0.027500 0.033750
0 0.045625 0.240000 0.056250 0.070000
0 0.300000 0.902500 0.082500 0.102500
0 0.710625 0.727500 0.096250 0.070000
0 0.931875 0.234375 0.063750 0.046250
0 0.591875 0.896875 0.071250 0.068750
0 0.510625 0.888125 0.056250 0.041250
0 0.378750 0.626250 0.057500 0.050000
0 0.189375 0.816875 0.076250 0.076250
0 0.641250 0.821250 0.060000 0.060000
0 0.138125 0.073125 0.083750 0.083750
0 0.421250 0.723750 0.052500 0.052500
0 0.806250 0.702500 0.060000 0.060000
0 0.141250 0.205000 0.062500 0.062500
0 0.170000 0.675000 0.067500 0.067500
0 0.956875 0.583125 0.053750 0.053750
0 0.858125 0.035625 0.046250 0.046250
0 0.378750 0.511250 0.042500 0.042500
0 0.352500 0.561875 0.030000 0.023750
0 0.905625 0.773750 0.073750 0.060000
0 0.803750 0.841250 0.067500 0.067500
0 0.932500 0.920000 0.072500 0.072500
0 0.878125 0.105625 0.046250 0.046250
0 0.796875 0.199375 0.063750 0.063750
0 0.525625 0.531875 0.031250 0.026250
0 0.472500 0.629375 0.062500 0.053750
0 0.373750 0.313750 0.057500 0.050000
0 0.527500 0.235000 0.050000 0.050000
0 0.065625 0.931875 0.053750 0.053750
0 0.345625 0.692500 0.041250 0.045000
0 0.127500 0.353750 0.025000 0.027500
0 0.133125 0.581250 0.041250 0.040000
0 0.850625 0.932500 0.061250 0.060000