0 0.755625 0.813125 0.063750 0.061250
0 0.296875 0.856875 0.096250 0.093750
0 0.227500 0.388750 0.112500 0.110000
0 0.067500 0.581875 0.050000 0.048750
0 0.098125 0.392500 0.101250 0.072500
0 0.205000 0.796875 0.055000 0.066250
0 0.254375 0.100625 0.068750 0.068750
0 0.631250 0.481250 0.087500 0.087500
0 0.734375 0.224375 0.071250 0.071250
0 0.324375 0.634375 0.038750 0.038750
0 0.161250 0.677500 0.065000 0.065000
0 0.543125 0.893125 0.106250 0.106250
0 0.406250 0.945000 0.060000 0.060000
0 0.520000 0.462500 0.075000 0.075000
0 0.479375 0.720000 0.083750 0.077500
0 0.620000 0.337500 0.092500 0.085000
0 0.664375 0.745625 0.103750 0.096250
0 0.866875 0.938125 0.046250 0.046250
0 0.747500 0.560000 0.102500 0.102500
0 0.408750 0.593750 0.095000 0.095000
0 0.729375 0.085625 0.086250 0.076250
0 0.545625 0.576875 0.086250 0.076250
0 0.371875 0.231875 0.036250 0.036250
0 0.900000 0.823750 0.102500 0.102500
0 0.186875 0.235625 0.038750 0.038750
0 0.488750 0.293750 0.050000 0.050000
0 0.129375 0.748125 0.041250 0.041250
0 0.295625 0.510625 0.096250 0.096250
0 0.745625 0.340625 0.096250 0.096250
0 0.850000 0.422500 0.077500 0.075000
0 0.760625 0.936875 0.058750 0.058750
0 0.124375 0.908750 0.073750 0.060000
0 0.671250 0.556875 0.032500 0.026250
0 0.815000 0.160625 0.070000 0.056250
0 0.390000 0.708750 0.052500 0.065000
0 0.163750 0.566250 0.070000 0.070000
0 0.268750 0.223750 0.107500 0.107500
0 0.880625 0.303750 0.106250 0.065000
0 0.826875 0.694375 0.083750 0.083750
0 0.620625 0.095625 0.101250 0.101250
0 0.080000 0.267500 0.087500 0.087500
0 0.061250 0.122500 0.060000 0.060000
0 0.429375 0.505625 0.038750 0.031250
0 0.728750 0.425625 0.050000 0.056250
0 0.415625 0.158125 0.048750 0.033750
0 0.263750 0.696250 0.057500 0.057500
0 0.045000 0.868750 0.030000 0.030000
0 0.387500 0.391250 0.105000 0.105000
0 0.649375 0.221250 0.053750 0.052500
0 0.851250 0.512500 0.085000 0.085000
0 0.119375 0.478125 0.083750 0.083750
0 0.483125 0.040625 0.033750 0.033750
0 0.506875 0.220000 0.106250 0.070000
0 0.742500 0.691250 0.035000 0.035000
0 0.924375 0.176875 0.093750 0.093750
0 0.936875 0.627500 0.068750 0.077500
0 0.217500 0.472500 0.040000 0.040000
0 0.170625 0.069375 0.071250 0.071250
0 0.665000 0.900625 0.087500 0.086250
0 0.435625 0.845625 0.058750 0.058750
0 0.065625 0.643125 0.056250 0.056250
0 0.343750 0.095000 0.065000 0.065000
0 0.922500 0.070000 0.050000 0.050000
0 0.135625 0.153125 0.066250 0.066250
0 0.933125 0.411875 0.043750 0.043750
0 0.064375 0.811875 0.066250 0.066250
0 0.905000 0.711250 0.027500 0.027500
0 0.396875 0.779375 0.061250 0.043750
0 0.566250 0.680000 0.070000 0.070000
0 0.491875 0.109375 0.068750 0.068750
0 0.827500 0.071250 0.070000 0.070000
0 0.323125 0.930625 0.048750 0.038750
0 0.558750 0.786875 0.037500 0.048750
0 0.943125 0.492500 0.053750 0.070000
0 0.593750 0.189375 0.040000 0.051250
0 0.619375 0.584375 0.046250 0.046250
0 0.266250 0.622500 0.045000 0.045000