0 0.746250 0.430000 0.095000 0.095000
0 0.720625 0.758125 0.073750 0.073750
0 0.596875 0.266875 0.046250 0.046250
0 0.610000 0.735000 0.065000 0.065000
0 0.141875 0.273125 0.033750 0.033750
0 0.551250 0.062500 0.095000 0.095000
0 0.456875 0.740625 0.043750 0.043750
0 0.485625 0.931875 0.041250 0.041250
0 0.186250 0.126875 0.077500 0.078750
0 0.058750 0.338125 0.067500 0.068750
0 0.105625 0.608125 0.103750 0.106250
0 0.857500 0.830000 0.067500 0.077500
0 0.407500 0.750625 0.030000 0.033750
0 0.885625 0.338125 0.053750 0.061250
0 0.509375 0.650625 0.096250 0.096250
0 0.398125 0.308125 0.048750 0.048750
0 0.673125 0.081875 0.043750 0.041250
0 0.366875 0.549375 0.108750 0.101250
0 0.506250 0.546250 0.100000 0.092500
0 0.233125 0.816875 0.071250 0.066250
0 0.860000 0.155000 0.067500 0.067500
0 0.871875 0.525625 0.038750 0.038750
0 0.930625 0.034375 0.031250 0.031250
0 0.243125 0.410625 0.101250 0.101250
0 0.226875 0.224375 0.073750 0.073750
0 0.306250 0.733750 0.085000 0.085000
0 0.800625 0.243750 0.061250 0.050000
0 0.298125 0.168125 0.051250 0.051250
0 0.095625 0.789375 0.091250 0.091250
0 0.562500 0.896250 0.080000 0.082500
0 0.515000 0.186250 0.077500 0.080000
0 0.179375 0.910625 0.073750 0.071250
0 0.075000 0.922500 0.082500 0.082500
0 0.941250 0.612500 0.067500 0.067500
0 0.362500 0.916250 0.110000 0.110000
0 0.636875 0.186875 0.086250 0.086250
0 0.640625 0.896875 0.031250 0.031250
0 0.068750 0.213750 0.045000 0.045000
0 0.443125 0.428125 0.093750 0.093750
0 0.446250 0.812500 0.057500 0.057500
0 0.596250 0.360625 0.112500 0.081250
0 0.938125 0.687500 0.093750 0.067500
0 0.853125 0.591875 0.068750 0.048750
0 0.736250 0.589375 0.102500 0.123750
0 0.065625 0.121250 0.106250 0.090000
0 0.084375 0.429375 0.081250 0.068750
0 0.241875 0.591875 0.086250 0.073750
0 0.320625 0.289375 0.088750 0.088750
0 0.901875 0.927500 0.073750 0.065000
0 0.417500 0.661250 0.027500 0.050000
0 0.444375 0.137500 0.038750 0.035000
0 0.725000 0.218750 0.065000 0.065000
0 0.358750 0.065000 0.090000 0.090000
0 0.860000 0.445000 0.102500 0.102500
0 0.110000 0.506875 0.045000 0.038750
0 0.933750 0.261250 0.067500 0.067500
0 0.658125 0.465625 0.061250 0.061250
0 0.808750 0.068750 0.077500 0.077500
0 0.203125 0.730625 0.051250 0.051250
0 0.066250 0.708125 0.030000 0.021250
0 0.077500 0.263750 0.042500 0.030000
0 0.590625 0.668125 0.046250 0.033750
0 0.785625 0.775625 0.031250 0.031250
0 0.833125 0.686875 0.076250 0.076250
0 0.546875 0.438125 0.036250 0.036250
0 0.671875 0.036875 0.031250 0.031250
0 0.798125 0.919375 0.031250 0.031250
0 0.556250 0.802500 0.052500 0.052500
0 0.275000 0.505000 0.040000 0.040000
0 0.151250 0.351250 0.062500 0.060000
0 0.693125 0.880625 0.058750 0.058750
0 0.430625 0.223125 0.056250 0.056250
0 0.934375 0.814375 0.066250 0.066250
0 0.736250 0.317500 0.057500 0.057500
0 0.353750 0.805000 0.042500 0.042500
0 0.180625 0.048125 0.033750 0.033750
0 0.802500 0.320000 0.037500 0.037500