0 0.921875 0.953750 0.051250 0.027500
0 0.268125 0.507500 0.083750 0.045000
0 0.681250 0.761875 0.072500 0.038750
0 0.716250 0.543750 0.027500 0.015000
0 0.191875 0.103125 0.063750 0.063750
0 0.250000 0.311250 0.112500 0.112500
0 0.455625 0.248125 0.073750 0.073750
0 0.468750 0.512500 0.047500 0.047500
0 0.838750 0.182500 0.100000 0.100000
0 0.333125 0.881875 0.076250 0.076250
0 0.488125 0.071875 0.036250 0.031250
0 0.791250 0.276875 0.070000 0.061250
0 0.903125 0.806875 0.031250 0.031250
0 0.111875 0.300625 0.041250 0.041250
0 0.402500 0.360625 0.092500 0.098750
0 0.733125 0.924375 0.093750 0.093750
0 0.103125 0.611875 0.048750 0.048750
0 0.840625 0.708750 0.061250 0.037500
0 0.298125 0.691250 0.086250 0.105000
0 0.573750 0.910625 0.100000 0.121250
0 0.872500 0.542500 0.070000 0.085000
0 0.182500 0.725625 0.107500 0.131250
0 0.863125 0.280000 0.056250 0.080000
0 0.101875 0.861875 0.061250 0.061250
0 0.681875 0.324375 0.026250 0.021250
0 0.565000 0.407500 0.082500 0.070000
0 0.492500 0.768750 0.060000 0.067500
0 0.062500 0.380000 0.095000 0.085000
0 0.873125 0.052500 0.031250 0.040000
0 0.526875 0.643125 0.108750 0.141250
0 0.243125 0.576875 0.073750 0.073750
0 0.618750 0.181250 0.082500 0.082500
0 0.069375 0.778125 0.083750 0.083750
0 0.671250 0.376250 0.062500 0.062500
0 0.205625 0.205625 0.071250 0.071250
0 0.633125 0.613125 0.088750 0.088750
0 0.324375 0.171875 0.106250 0.106250
0 0.715000 0.668750 0.027500 0.027500
0 0.420000 0.045000 0.060000 0.052500
0 0.636250 0.083750 0.097500 0.085000
0 0.916250 0.409375 0.072500 0.063750
0 0.148750 0.480625 0.092500 0.081250
0 0.861250 0.884375 0.105000 0.081250
0 0.438125 0.920625 0.108750 0.083750
0 0.334375 0.575625 0.081250 0.073750
0 0.397500 0.649375 0.042500 0.038750
0 0.107500 0.162500 0.085000 0.077500
0 0.742500 0.110625 0.067500 0.061250
0 0.441875 0.146875 0.098750 0.098750
0 0.766250 0.680000 0.035000 0.035000
0 0.963125 0.511250 0.038750 0.052500
0 0.167500 0.911250 0.055000 0.075000
0 0.585625 0.494375 0.033750 0.046250
0 0.953750 0.763125 0.042500 0.058750
0 0.923750 0.341250 0.040000 0.040000
0 0.583125 0.823125 0.026250 0.026250
0 0.092500 0.066250 0.087500 0.087500
0 0.777500 0.605625 0.047500 0.033750
0 0.642500 0.283125 0.027500 0.018750
0 0.056875 0.539375 0.063750 0.071250
0 0.735625 0.489375 0.033750 0.038750
0 0.056875 0.934375 0.063750 0.063750
0 0.331250 0.785000 0.050000 0.050000
0 0.881250 0.623125 0.047500 0.053750
0 0.551250 0.280000 0.080000 0.090000
0 0.299375 0.428125 0.086250 0.073750
0 0.947500 0.116875 0.070000 0.056250
0 0.945000 0.196875 0.085000 0.068750
0 0.808750 0.415000 0.067500 0.067500
0 0.333125 0.051875 0.076250 0.078750
0 0.650625 0.535625 0.051250 0.051250
0 0.807500 0.532500 0.025000 0.025000
0 0.413125 0.735625 0.081250 0.081250
0 0.251250 0.932500 0.060000 0.060000
0 0.052500 0.267500 0.052500 0.052500
0 0.806875 0.658125 0.031250 0.031250
0 0.805000 0.782500 0.067500 0.067500
0 0.181250 0.827500 0.057500 0.057500
0 0.530000 0.491875 0.045000 0.036250
0 0.797500 0.338750 0.037500 0.030000
0 0.555000 0.035000 0.030000 0.030000
0 0.948750 0.688750 0.067500 0.067500
0 0.406875 0.834375 0.043750 0.043750
0 0.730625 0.183125 0.053750 0.053750