0 0.456875 0.813125 0.108750 0.108750
0 0.801250 0.183750 0.052500 0.052500
0 0.856250 0.706875 0.057500 0.056250
0 0.470000 0.646875 0.077500 0.073750
0 0.178125 0.458125 0.078750 0.078750
0 0.439375 0.405625 0.083750 0.083750
0 0.963750 0.342500 0.047500 0.047500
0 0.790625 0.301250 0.091250 0.080000
0 0.221875 0.842500 0.093750 0.082500
0 0.731250 0.560625 0.027500 0.023750
0 0.666875 0.651250 0.093750 0.082500
0 0.500000 0.901250 0.037500 0.037500
0 0.175625 0.083125 0.096250 0.096250
0 0.950000 0.671250 0.055000 0.055000
0 0.364375 0.648125 0.106250 0.106250
0 0.626250 0.185000 0.100000 0.100000
0 0.335000 0.507500 0.100000 0.100000
0 0.328125 0.225625 0.028750 0.028750
0 0.883125 0.826875 0.088750 0.088750
0 0.155000 0.660000 0.055000 0.070000
0 0.251250 0.295000 0.057500 0.057500
0 0.797500 0.667500 0.042500 0.060000
0 0.839375 0.097500 0.033750 0.047500
0 0.870625 0.245625 0.038750 0.053750
0 0.544375 0.415000 0.111250 0.157500
0 0.752500 0.469375 0.085000 0.098750
0 0.091875 0.708750 0.033750 0.022500
0 0.885000 0.481250 0.040000 0.027500
0 0.416875 0.059375 0.096250 0.066250
0 0.066875 0.438750 0.101250 0.070000
0 0.628750 0.055000 0.097500 0.077500
0 0.455625 0.190625 0.081250 0.151250
0 0.069375 0.217500 0.078750 0.147500
0 0.341875 0.818125 0.083750 0.156250
0 0.631875 0.881250 0.096250 0.180000
0 0.156250 0.906250 0.025000 0.022500
0 0.640000 0.452500 0.052500 0.057500
0 0.087500 0.825000 0.067500 0.052500
0 0.940000 0.196250 0.075000 0.077500
0 0.449375 0.537500 0.041250 0.042500
0 0.767500 0.901250 0.052500 0.052500
0 0.545625 0.545625 0.078750 0.078750
0 0.643125 0.535000 0.083750 0.067500
0 0.147500 0.248125 0.042500 0.033750
0 0.581250 0.738125 0.072500 0.058750
0 0.728125 0.143750 0.078750 0.147500
0 0.076875 0.568125 0.083750 0.156250
0 0.263125 0.091875 0.033750 0.041250
0 0.688125 0.326250 0.038750 0.050000
0 0.226250 0.371250 0.080000 0.080000
0 0.857500 0.583750 0.050000 0.050000