0 0.061875 0.801875 0.098750 0.098750
0 0.183750 0.680000 0.047500 0.047500
0 0.138125 0.903125 0.038750 0.038750
0 0.302500 0.643750 0.072500 0.072500
0 0.928125 0.250625 0.086250 0.086250
0 0.260625 0.414375 0.063750 0.066250
0 0.391250 0.078125 0.047500 0.048750
0 0.841875 0.386250 0.043750 0.045000
0 0.205625 0.085625 0.108750 0.113750
0 0.637500 0.148750 0.087500 0.035000
0 0.742500 0.629375 0.035000 0.031250
0 0.781875 0.136875 0.088750 0.078750
0 0.275000 0.853750 0.107500 0.107500
0 0.909375 0.576875 0.026250 0.026250
0 0.857500 0.865000 0.112500 0.112500
0 0.305625 0.321875 0.111250 0.098750
0 0.686875 0.260625 0.041250 0.041250
0 0.505625 0.568125 0.066250 0.066250
0 0.313125 0.071875 0.068750 0.068750
0 0.523750 0.382500 0.052500 0.052500
0 0.511875 0.928125 0.081250 0.081250
0 0.509375 0.079375 0.098750 0.098750
0 0.385000 0.941250 0.027500 0.027500
0 0.904375 0.474375 0.071250 0.071250
0 0.675000 0.550000 0.085000 0.085000
0 0.536875 0.813125 0.108750 0.108750
0 0.061875 0.508125 0.098750 0.098750
0 0.949375 0.595625 0.038750 0.038750
0 0.077500 0.280625 0.077500 0.076250
0 0.401875 0.844375 0.053750 0.068750
0 0.100625 0.661875 0.086250 0.111250
0 0.513750 0.322500 0.052500 0.052500
0 0.790000 0.545000 0.065000 0.065000
0 0.799375 0.306250 0.078750 0.062500
0 0.601875 0.229375 0.096250 0.096250
0 0.873750 0.710000 0.110000 0.110000
0 0.425000 0.348750 0.060000 0.060000
0 0.252500 0.526250 0.097500 0.097500
0 0.418750 0.627500 0.090000 0.090000
0 0.902500 0.146250 0.105000 0.105000
0 0.531250 0.463750 0.047500 0.047500
0 0.644375 0.736875 0.043750 0.043750
0 0.242500 0.200000 0.092500 0.092500
0 0.742500 0.410000 0.112500 0.112500
0 0.401875 0.253125 0.038750 0.038750
0 0.377500 0.504375 0.105000 0.086250
0 0.480625 0.198125 0.068750 0.056250
0 0.113750 0.386250 0.112500 0.112500
0 0.732500 0.925000 0.067500 0.067500
0 0.600000 0.639375 0.070000 0.048750
0 0.068750 0.194375 0.105000 0.073750
0 0.620625 0.942500 0.073750 0.052500
0 0.675000 0.094375 0.070000 0.048750
0 0.643125 0.852500 0.048750 0.040000
0 0.161875 0.816250 0.081250 0.067500
0 0.216250 0.738125 0.065000 0.053750
0 0.068750 0.088750 0.077500 0.075000
0 0.156250 0.283750 0.060000 0.057500
0 0.482500 0.501875 0.032500 0.031250
0 0.503750 0.686875 0.055000 0.033750
0 0.614375 0.415000 0.066250 0.040000
0 0.906250 0.335625 0.060000 0.036250
0 0.371875 0.743750 0.063750 0.092500
0 0.586875 0.333750 0.046250 0.067500
0 0.755000 0.718750 0.085000 0.097500
0 0.959375 0.890625 0.056250 0.048750
0 0.595000 0.474375 0.060000 0.051250
0 0.593750 0.540625 0.060000 0.051250
0 0.055625 0.910625 0.063750 0.063750
0 0.944375 0.062500 0.076250 0.045000
0 0.329375 0.170000 0.026250 0.015000
0 0.190000 0.622500 0.067500 0.040000
0 0.586250 0.895625 0.027500 0.016250
0 0.796250 0.052500 0.062500 0.062500
0 0.823750 0.613750 0.062500 0.057500
0 0.389375 0.189375 0.073750 0.071250
0 0.244375 0.936875 0.033750 0.033750
0 0.731250 0.285000 0.025000 0.025000