0 0.182500 0.165000 0.080000 0.090000
0 0.335000 0.333750 0.040000 0.045000
0 0.875625 0.771250 0.028750 0.032500
0 0.502500 0.071250 0.030000 0.030000
0 0.065625 0.788125 0.078750 0.078750
0 0.464375 0.480625 0.096250 0.096250
0 0.841250 0.895000 0.067500 0.067500
0 0.360000 0.653750 0.105000 0.095000
0 0.523750 0.285625 0.060000 0.061250
0 0.545000 0.689375 0.085000 0.086250
0 0.606875 0.843750 0.068750 0.070000
0 0.949375 0.863125 0.033750 0.036250
0 0.290000 0.882500 0.062500 0.062500
0 0.360625 0.248125 0.041250 0.041250
0 0.132500 0.682500 0.045000 0.045000
0 0.585625 0.154375 0.056250 0.056250
0 0.889375 0.293125 0.068750 0.068750
0 0.292500 0.195000 0.075000 0.075000
0 0.438750 0.218750 0.095000 0.095000
0 0.666875 0.275625 0.096250 0.096250
0 0.658750 0.451250 0.100000 0.107500
0 0.205000 0.466250 0.097500 0.105000
0 0.098750 0.245000 0.067500 0.072500
0 0.417500 0.826250 0.097500 0.105000
0 0.810000 0.078750 0.072500 0.072500
0 0.064375 0.494375 0.096250 0.088750
0 0.463125 0.679375 0.058750 0.053750
0 0.578750 0.213125 0.040000 0.036250
0 0.282500 0.483125 0.040000 0.036250
0 0.757500 0.640000 0.070000 0.045000
0 0.690000 0.183125 0.112500 0.073750
0 0.568750 0.931250 0.100000 0.065000
0 0.371875 0.073125 0.033750 0.021250
0 0.896875 0.091250 0.041250 0.042500
0 0.161250 0.894375 0.090000 0.093750
0 0.732500 0.563750 0.060000 0.062500
0 0.161875 0.803125 0.026250 0.026250
0 0.194375 0.560625 0.033750 0.033750
0 0.858750 0.657500 0.112500 0.112500
0 0.831250 0.200000 0.090000 0.090000
0 0.106875 0.061875 0.046250 0.046250
0 0.733750 0.692500 0.025000 0.032500
0 0.218125 0.310625 0.108750 0.108750
0 0.676875 0.764375 0.058750 0.058750
0 0.915625 0.409375 0.081250 0.081250
0 0.260625 0.761875 0.051250 0.051250
0 0.352500 0.421875 0.080000 0.103750
0 0.843125 0.538125 0.111250 0.098750
0 0.307500 0.061250 0.072500 0.075000
0 0.343125 0.545625 0.053750 0.053750
0 0.715625 0.849375 0.083750 0.083750
0 0.577500 0.466250 0.045000 0.045000
0 0.525625 0.792500 0.061250 0.072500
0 0.423750 0.308750 0.047500 0.047500
0 0.758750 0.431250 0.037500 0.037500
0 0.080000 0.352500 0.085000 0.085000
0 0.685625 0.066250 0.073750 0.095000
0 0.072500 0.591250 0.077500 0.077500