0 0.178750 0.202500 0.110000 0.102500
0 0.553125 0.629375 0.091250 0.091250
0 0.244375 0.805625 0.041250 0.048750
0 0.921875 0.379375 0.043750 0.051250
0 0.524375 0.820625 0.066250 0.078750
0 0.834375 0.207500 0.056250 0.055000
0 0.746250 0.253750 0.042500 0.042500
0 0.228750 0.466250 0.060000 0.060000
0 0.673125 0.315625 0.033750 0.033750
0 0.877500 0.618750 0.092500 0.092500
0 0.452500 0.223750 0.112500 0.137500
0 0.395625 0.716875 0.101250 0.116250
0 0.065625 0.533750 0.058750 0.067500
0 0.942500 0.830625 0.040000 0.038750
0 0.363125 0.098125 0.058750 0.056250
0 0.686875 0.629375 0.111250 0.108750
0 0.531875 0.444375 0.033750 0.036250
0 0.224375 0.628750 0.068750 0.075000
0 0.661875 0.883125 0.088750 0.096250
0 0.795000 0.745000 0.057500 0.037500
0 0.853125 0.833125 0.043750 0.028750
0 0.137500 0.908750 0.075000 0.050000
0 0.351250 0.467500 0.042500 0.042500
0 0.341875 0.925625 0.056250 0.056250
0 0.062500 0.815000 0.075000 0.067500
0 0.421875 0.858125 0.068750 0.061250
0 0.768750 0.371875 0.062500 0.053750
0 0.607500 0.764375 0.052500 0.056250
0 0.483750 0.353125 0.060000 0.063750
0 0.328125 0.865625 0.043750 0.031250
0 0.203125 0.305000 0.103750 0.075000
0 0.243750 0.523750 0.025000 0.017500
0 0.570625 0.093125 0.081250 0.081250
0 0.703750 0.493750 0.090000 0.055000
0 0.877500 0.068750 0.097500 0.097500
0 0.326875 0.328750 0.098750 0.097500
0 0.932500 0.475000 0.097500 0.097500
0 0.814375 0.284375 0.076250 0.076250
0 0.204375 0.365625 0.036250 0.028750
0 0.940625 0.178750 0.091250 0.072500
0 0.076250 0.299375 0.067500 0.053750
0 0.321875 0.416250 0.038750 0.030000
0 0.045625 0.928125 0.026250 0.021250
0 0.939375 0.777500 0.063750 0.052500
0 0.649375 0.355625 0.036250 0.028750
0 0.536250 0.926875 0.110000 0.096250
0 0.821875 0.911875 0.068750 0.068750
0 0.415625 0.589375 0.058750 0.058750
0 0.055000 0.077500 0.057500 0.057500
0 0.583750 0.216875 0.110000 0.093750
0 0.779375 0.635625 0.053750 0.053750
0 0.348125 0.628125 0.036250 0.036250
0 0.186250 0.107500 0.070000 0.070000
0 0.701250 0.410000 0.047500 0.047500
0 0.549375 0.386875 0.056250 0.058750
0 0.144375 0.461875 0.031250 0.031250
0 0.079375 0.390625 0.081250 0.081250
0 0.811875 0.480625 0.063750 0.063750
0 0.226875 0.035625 0.031250 0.031250
0 0.458125 0.469375 0.081250 0.081250
0 0.748125 0.056875 0.033750 0.021250
0 0.098750 0.190625 0.030000 0.018750
0 0.674375 0.058125 0.096250 0.078750
0 0.600000 0.503750 0.082500 0.067500
0 0.305000 0.176875 0.105000 0.086250
0 0.265625 0.733125 0.096250 0.078750
0 0.091250 0.627500 0.065000 0.065000
0 0.779375 0.551875 0.033750 0.033750