0 0.104375 0.811875 0.091250 0.111250
0 0.511875 0.173125 0.101250 0.101250
0 0.410000 0.323750 0.057500 0.057500
0 0.720000 0.816250 0.065000 0.065000
0 0.210625 0.460625 0.051250 0.051250
0 0.307500 0.291250 0.082500 0.082500
0 0.078750 0.265000 0.092500 0.172500
0 0.807500 0.591250 0.057500 0.107500
0 0.546875 0.066875 0.028750 0.053750
0 0.230000 0.856250 0.040000 0.075000
0 0.326250 0.505625 0.087500 0.126250
0 0.474375 0.358125 0.053750 0.053750
0 0.905000 0.226875 0.087500 0.061250
0 0.635000 0.708125 0.105000 0.073750
0 0.345625 0.876875 0.081250 0.081250
0 0.315625 0.705625 0.033750 0.033750
0 0.605000 0.146250 0.042500 0.042500
0 0.675000 0.346250 0.067500 0.067500
0 0.604375 0.543125 0.061250 0.061250
0 0.185625 0.536875 0.086250 0.086250
0 0.926875 0.719375 0.063750 0.063750
0 0.516250 0.641250 0.032500 0.032500
0 0.738750 0.580000 0.062500 0.062500
0 0.461250 0.878750 0.035000 0.040000
0 0.379375 0.134375 0.051250 0.051250
0 0.756875 0.364375 0.043750 0.043750
0 0.913125 0.626875 0.088750 0.086250
0 0.842500 0.055000 0.085000 0.085000
0 0.443750 0.738750 0.077500 0.077500
0 0.871875 0.848750 0.046250 0.045000
0 0.802500 0.438750 0.092500 0.085000
0 0.203125 0.240625 0.053750 0.048750
0 0.738125 0.051875 0.058750 0.046250
0 0.441875 0.613750 0.073750 0.105000
0 0.925625 0.416875 0.058750 0.083750
0 0.058750 0.917500 0.025000 0.035000
0 0.590000 0.451250 0.087500 0.087500
0 0.336875 0.634375 0.091250 0.091250
0 0.775000 0.749375 0.025000 0.028750
0 0.563750 0.871250 0.062500 0.062500
0 0.251875 0.676875 0.031250 0.031250
0 0.701250 0.206250 0.105000 0.105000
0 0.904375 0.313125 0.083750 0.083750
0 0.077500 0.435000 0.095000 0.095000
0 0.206250 0.383750 0.075000 0.075000
0 0.605625 0.219375 0.061250 0.061250
0 0.782500 0.298125 0.037500 0.033750
0 0.440000 0.425000 0.060000 0.055000
0 0.183125 0.715625 0.056250 0.051250
0 0.724375 0.923750 0.036250 0.032500
0 0.069375 0.100625 0.101250 0.101250
0 0.794375 0.158125 0.051250 0.051250
0 0.200000 0.137500 0.085000 0.085000
0 0.641875 0.828125 0.026250 0.026250
0 0.415625 0.905625 0.041250 0.041250
0 0.126250 0.921250 0.080000 0.080000
0 0.579375 0.330625 0.076250 0.076250
0 0.309375 0.084375 0.058750 0.058750
0 0.058125 0.689375 0.066250 0.093750
0 0.817500 0.730000 0.042500 0.060000
0 0.935625 0.520000 0.076250 0.107500
0 0.646250 0.901875 0.085000 0.071250
0 0.364375 0.793125 0.061250 0.061250
0 0.369375 0.049375 0.033750 0.033750
0 0.087500 0.558750 0.095000 0.072500
0 0.907500 0.913125 0.070000 0.053750
0 0.492500 0.491875 0.035000 0.026250
0 0.456250 0.073125 0.070000 0.053750
0 0.577500 0.619375 0.062500 0.043750