0 0.593125 0.610625 0.103750 0.116250
0 0.494375 0.613125 0.058750 0.071250
0 0.690625 0.631875 0.066250 0.066250
0 0.350625 0.843125 0.101250 0.101250
0 0.558125 0.199375 0.076250 0.076250
0 0.080625 0.260625 0.076250 0.076250
0 0.100000 0.716250 0.055000 0.055000
0 0.122500 0.877500 0.110000 0.110000
0 0.816875 0.244375 0.048750 0.058750
0 0.915000 0.878750 0.037500 0.045000
0 0.575625 0.476250 0.093750 0.090000
0 0.460000 0.708125 0.087500 0.083750
0 0.774375 0.816875 0.063750 0.061250
0 0.241875 0.447500 0.106250 0.102500
0 0.186250 0.087500 0.092500 0.112500
0 0.173125 0.717500 0.043750 0.052500
0 0.663750 0.786875 0.065000 0.078750
0 0.085625 0.404375 0.058750 0.071250
0 0.216250 0.261250 0.062500 0.062500
0 0.367500 0.150000 0.110000 0.110000
0 0.461250 0.411250 0.057500 0.057500
0 0.471250 0.044375 0.062500 0.056250
0 0.607500 0.884375 0.035000 0.031250
0 0.926250 0.598125 0.027500 0.023750
0 0.910000 0.761875 0.107500 0.101250
0 0.565625 0.342500 0.111250 0.105000
0 0.839375 0.620625 0.073750 0.073750
0 0.685625 0.873125 0.073750 0.073750
0 0.721875 0.339375 0.073750 0.083750
0 0.713750 0.092500 0.025000 0.025000
0 0.212500 0.343750 0.070000 0.070000
0 0.250000 0.746250 0.042500 0.042500
0 0.962500 0.410000 0.042500 0.042500
0 0.078750 0.126250 0.032500 0.032500
0 0.781875 0.065625 0.096250 0.088750
0 0.490625 0.797500 0.073750 0.067500
0 0.897500 0.093750 0.045000 0.045000
0 0.316875 0.611875 0.103750 0.103750
0 0.590000 0.060000 0.092500 0.092500
0 0.820000 0.432500 0.105000 0.105000
0 0.420625 0.318125 0.076250 0.076250
0 0.855000 0.146250 0.037500 0.037500
0 0.202500 0.580000 0.097500 0.097500
0 0.083125 0.608125 0.068750 0.068750
0 0.726250 0.172500 0.092500 0.092500
0 0.059375 0.498125 0.051250 0.051250
0 0.698125 0.544375 0.053750 0.053750
0 0.230000 0.853750 0.087500 0.087500
0 0.496250 0.898750 0.047500 0.047500
0 0.814375 0.908125 0.061250 0.061250
0 0.441875 0.484375 0.056250 0.056250
0 0.110000 0.195625 0.025000 0.026250
0 0.933125 0.249375 0.058750 0.061250
0 0.928125 0.503750 0.033750 0.037500
0 0.578125 0.755625 0.026250 0.031250
0 0.296875 0.345625 0.071250 0.086250
0 0.041875 0.050625 0.046250 0.046250
0 0.326875 0.061250 0.041250 0.037500
0 0.318750 0.926875 0.040000 0.036250
0 0.728125 0.738750 0.041250 0.037500