0 0.800625 0.310000 0.093750 0.062500
0 0.465625 0.549375 0.028750 0.018750
0 0.206875 0.777500 0.026250 0.017500
0 0.786875 0.233750 0.026250 0.017500
0 0.747500 0.618750 0.090000 0.090000
0 0.448750 0.310000 0.077500 0.077500
0 0.384375 0.134375 0.058750 0.058750
0 0.520000 0.095000 0.067500 0.045000
0 0.571250 0.818750 0.092500 0.092500
0 0.060000 0.297500 0.050000 0.050000
0 0.108125 0.601875 0.091250 0.091250
0 0.651875 0.614375 0.076250 0.076250
0 0.862500 0.623125 0.082500 0.083750
0 0.637500 0.421875 0.047500 0.046250
0 0.753125 0.743750 0.063750 0.062500
0 0.975000 0.469375 0.025000 0.023750
0 0.911875 0.889375 0.036250 0.036250
0 0.551250 0.330000 0.057500 0.055000
0 0.211875 0.631875 0.101250 0.101250
0 0.336875 0.723125 0.103750 0.103750
0 0.236875 0.344375 0.046250 0.046250
0 0.800000 0.854375 0.102500 0.081250
0 0.618125 0.198125 0.033750 0.033750
0 0.059375 0.693125 0.038750 0.038750
0 0.448750 0.792500 0.095000 0.095000
0 0.306250 0.571250 0.045000 0.045000
0 0.074375 0.796875 0.106250 0.106250
0 0.282500 0.854375 0.037500 0.028750
0 0.889375 0.395000 0.081250 0.062500
0 0.515625 0.178125 0.101250 0.101250
0 0.078125 0.453125 0.081250 0.081250
0 0.290625 0.244375 0.098750 0.098750
0 0.762500 0.396875 0.090000 0.086250
0 0.486250 0.900000 0.025000 0.025000
0 0.350625 0.909375 0.031250 0.031250
0 0.333125 0.483125 0.028750 0.028750
0 0.566875 0.708125 0.046250 0.046250
0 0.688750 0.043750 0.055000 0.055000
0 0.123125 0.111875 0.086250 0.083750
0 0.628750 0.308125 0.045000 0.043750
0 0.913750 0.238750 0.100000 0.097500
0 0.246875 0.909375 0.056250 0.053750
0 0.623750 0.101875 0.055000 0.051250
0 0.419375 0.391875 0.043750 0.041250
0 0.434375 0.905000 0.051250 0.047500
0 0.819375 0.939375 0.048750 0.048750
0 0.631875 0.364375 0.041250 0.041250
0 0.235625 0.411875 0.036250 0.036250
0 0.546250 0.461250 0.102500 0.102500
0 0.939375 0.322500 0.033750 0.032500
0 0.949375 0.518125 0.048750 0.048750
0 0.413125 0.620625 0.073750 0.073750
0 0.816250 0.100000 0.095000 0.082500
0 0.817500 0.483750 0.075000 0.072500
0 0.083750 0.535625 0.027500 0.026250
0 0.713750 0.155000 0.037500 0.037500
0 0.600625 0.541875 0.036250 0.036250
0 0.163750 0.232500 0.102500 0.102500
0 0.568750 0.606250 0.065000 0.065000
0 0.333125 0.860625 0.031250 0.031250
0 0.696250 0.310000 0.060000 0.067500
0 0.116250 0.914375 0.095000 0.106250
0 0.753750 0.938750 0.060000 0.067500
0 0.234375 0.095000 0.098750 0.102500
0 0.076875 0.229375 0.056250 0.058750
0 0.155625 0.409375 0.046250 0.046250