0 0.635625 0.756875 0.086250 0.086250
0 0.290000 0.732500 0.095000 0.075000
0 0.403125 0.687500 0.076250 0.060000
0 0.771250 0.583750 0.085000 0.067500
0 0.313750 0.901875 0.075000 0.058750
0 0.887500 0.085000 0.062500 0.060000
0 0.263750 0.533125 0.075000 0.076250
0 0.515625 0.314375 0.028750 0.011250
0 0.273125 0.282500 0.093750 0.037500
0 0.111250 0.457500 0.032500 0.012500
0 0.171875 0.079375 0.073750 0.028750
0 0.653750 0.455000 0.100000 0.100000
0 0.506250 0.446250 0.085000 0.085000
0 0.211875 0.033125 0.038750 0.038750
0 0.810625 0.798125 0.083750 0.083750
0 0.582500 0.627500 0.027500 0.027500
0 0.549375 0.183125 0.096250 0.098750
0 0.943750 0.347500 0.072500 0.075000
0 0.869375 0.437500 0.058750 0.060000
0 0.808750 0.316250 0.065000 0.055000
0 0.625625 0.305625 0.046250 0.046250
0 0.298750 0.195625 0.067500 0.058750
0 0.177500 0.336875 0.057500 0.058750
0 0.408125 0.873125 0.026250 0.026250
0 0.688125 0.375625 0.031250 0.031250
0 0.075625 0.318750 0.106250 0.107500
0 0.715625 0.212500 0.058750 0.060000
0 0.666875 0.665000 0.026250 0.025000
0 0.309375 0.096875 0.111250 0.111250
0 0.523750 0.853750 0.065000 0.065000
0 0.050625 0.080625 0.061250 0.061250
0 0.258750 0.431250 0.060000 0.060000
0 0.113125 0.546875 0.086250 0.086250
0 0.884375 0.190000 0.091250 0.085000
0 0.655625 0.590000 0.098750 0.107500
0 0.178750 0.877500 0.035000 0.035000
0 0.392500 0.404375 0.087500 0.053750
0 0.080000 0.746875 0.102500 0.063750
0 0.466250 0.077500 0.112500 0.070000
0 0.821250 0.041250 0.037500 0.022500
0 0.366250 0.578750 0.057500 0.057500
0 0.059375 0.833125 0.086250 0.086250
0 0.695625 0.848125 0.053750 0.053750
0 0.710625 0.091250 0.101250 0.085000
0 0.886875 0.663750 0.036250 0.030000
0 0.177500 0.665625 0.055000 0.046250
0 0.521250 0.578125 0.032500 0.026250
0 0.374375 0.266875 0.046250 0.046250
0 0.689375 0.290625 0.038750 0.038750
0 0.619375 0.361875 0.041250 0.041250
0 0.375000 0.925000 0.025000 0.025000
0 0.486875 0.753125 0.063750 0.063750
0 0.561875 0.095625 0.036250 0.036250
0 0.445000 0.960000 0.025000 0.025000