0 0.832500 0.072500 0.105000 0.105000
0 0.856875 0.541875 0.061250 0.063750
0 0.566875 0.567500 0.031250 0.032500
0 0.656875 0.691875 0.088750 0.096250
0 0.527500 0.471250 0.057500 0.055000
0 0.688750 0.843750 0.105000 0.102500
0 0.095000 0.499375 0.030000 0.028750
0 0.205000 0.616875 0.042500 0.041250
0 0.433750 0.680000 0.045000 0.040000
0 0.856250 0.214375 0.092500 0.081250
0 0.166250 0.533750 0.077500 0.077500
0 0.363125 0.534375 0.061250 0.061250
0 0.137500 0.423125 0.092500 0.101250
0 0.436250 0.225000 0.057500 0.057500
0 0.293125 0.198125 0.078750 0.078750
0 0.063125 0.690625 0.048750 0.048750
0 0.317500 0.613750 0.065000 0.065000
0 0.900000 0.728750 0.107500 0.107500
0 0.135000 0.700000 0.062500 0.062500
0 0.049375 0.093125 0.028750 0.026250
0 0.638750 0.281250 0.087500 0.082500
0 0.209375 0.910000 0.063750 0.060000
0 0.426250 0.886875 0.102500 0.096250
0 0.645000 0.146875 0.100000 0.091250
0 0.736875 0.491875 0.093750 0.086250
0 0.105625 0.912500 0.076250 0.070000
0 0.056250 0.157500 0.080000 0.080000
0 0.815625 0.435625 0.043750 0.043750
0 0.286875 0.308125 0.038750 0.038750
0 0.567500 0.898750 0.092500 0.092500
0 0.296250 0.090000 0.105000 0.105000
0 0.115625 0.778125 0.058750 0.058750
0 0.068125 0.311875 0.101250 0.106250
0 0.832500 0.915000 0.095000 0.100000
0 0.294375 0.683750 0.038750 0.040000
0 0.232500 0.333125 0.032500 0.033750
0 0.045625 0.508125 0.026250 0.026250
0 0.177500 0.244375 0.052500 0.048750
0 0.310000 0.860625 0.090000 0.083750
0 0.416250 0.117500 0.102500 0.095000
0 0.268750 0.506250 0.095000 0.095000
0 0.219375 0.831250 0.031250 0.025000
0 0.483750 0.325000 0.092500 0.092500
0 0.953750 0.260000 0.025000 0.025000
0 0.566875 0.714375 0.048750 0.048750
0 0.056250 0.590000 0.065000 0.065000
0 0.745000 0.282500 0.057500 0.057500
0 0.378750 0.312500 0.090000 0.090000
0 0.923125 0.620000 0.078750 0.052500
0 0.676875 0.385625 0.066250 0.093750
0 0.756250 0.571250 0.030000 0.042500
0 0.632500 0.504375 0.057500 0.058750
0 0.506875 0.630000 0.068750 0.070000
0 0.526250 0.116875 0.070000 0.071250
0 0.731875 0.139375 0.031250 0.028750
0 0.772500 0.705000 0.070000 0.065000
0 0.945625 0.336875 0.061250 0.061250
0 0.730000 0.205000 0.040000 0.040000
0 0.483125 0.775625 0.093750 0.076250
0 0.435625 0.463125 0.041250 0.033750
0 0.916875 0.485625 0.026250 0.021250
0 0.689375 0.585625 0.073750 0.076250
0 0.948125 0.559375 0.053750 0.048750
0 0.290625 0.430000 0.031250 0.042500
0 0.383125 0.763750 0.076250 0.090000
0 0.863750 0.336875 0.025000 0.028750
0 0.159375 0.136875 0.081250 0.101250
0 0.218125 0.711875 0.063750 0.078750
0 0.810000 0.481250 0.030000 0.030000
0 0.746250 0.086250 0.045000 0.045000
0 0.066250 0.426250 0.035000 0.030000
0 0.154375 0.035625 0.041250 0.041250