0 0.557500 0.368750 0.027500 0.025000
0 0.205625 0.601250 0.058750 0.060000
0 0.521250 0.103750 0.095000 0.080000
0 0.806250 0.631250 0.095000 0.080000
0 0.683750 0.207500 0.095000 0.080000
0 0.676250 0.866250 0.080000 0.067500
0 0.420625 0.094375 0.078750 0.078750
0 0.325000 0.053750 0.032500 0.032500
0 0.750000 0.360000 0.027500 0.027500
0 0.369375 0.870625 0.073750 0.073750
0 0.205625 0.463125 0.101250 0.101250
0 0.425000 0.767500 0.057500 0.067500
0 0.504375 0.486875 0.103750 0.121250
0 0.160000 0.700000 0.057500 0.067500
0 0.813750 0.802500 0.070000 0.082500
0 0.206875 0.859375 0.081250 0.081250
0 0.501250 0.877500 0.075000 0.075000
0 0.600625 0.433125 0.031250 0.031250
0 0.086875 0.391250 0.111250 0.090000
0 0.841250 0.351875 0.057500 0.046250
0 0.720000 0.464375 0.032500 0.026250
0 0.045000 0.785625 0.060000 0.043750
0 0.560000 0.650000 0.062500 0.065000
0 0.440625 0.362500 0.078750 0.080000
0 0.915000 0.603750 0.050000 0.050000
0 0.362500 0.612500 0.097500 0.097500
0 0.185000 0.232500 0.102500 0.195000
0 0.937500 0.140625 0.097500 0.186250
0 0.696250 0.633750 0.105000 0.200000
0 0.695000 0.100000 0.042500 0.042500
0 0.852500 0.070625 0.037500 0.016250
0 0.729375 0.423750 0.031250 0.032500
0 0.407500 0.194375 0.097500 0.106250
0 0.355625 0.520000 0.038750 0.042500
0 0.841875 0.185625 0.061250 0.066250
0 0.066875 0.166875 0.061250 0.066250
0 0.537500 0.203750 0.087500 0.087500
0 0.695000 0.303125 0.052500 0.073750
0 0.923750 0.793750 0.095000 0.095000
0 0.665625 0.938750 0.101250 0.040000
0 0.192500 0.078750 0.092500 0.075000
0 0.658125 0.439375 0.046250 0.046250
0 0.463750 0.631250 0.065000 0.065000
0 0.108750 0.506250 0.060000 0.060000
0 0.693125 0.789375 0.063750 0.063750
0 0.111250 0.903125 0.092500 0.081250
0 0.530625 0.313125 0.026250 0.031250
0 0.791875 0.054375 0.068750 0.083750
0 0.896875 0.465625 0.091250 0.111250
0 0.842500 0.916250 0.095000 0.095000