0 0.065625 0.856875 0.091250 0.128750
0 0.626250 0.824375 0.047500 0.038750
0 0.120625 0.725625 0.073750 0.073750
0 0.516875 0.105625 0.056250 0.051250
0 0.237500 0.397500 0.110000 0.102500
0 0.467500 0.403125 0.037500 0.033750
0 0.414375 0.246875 0.063750 0.063750
0 0.083125 0.189375 0.063750 0.063750
0 0.684375 0.283125 0.046250 0.046250
0 0.098125 0.510000 0.028750 0.022500
0 0.378125 0.335000 0.063750 0.070000
0 0.729375 0.354375 0.053750 0.058750
0 0.880000 0.193125 0.097500 0.106250
0 0.111875 0.598750 0.111250 0.105000
0 0.121875 0.400625 0.081250 0.081250
0 0.509375 0.321250 0.038750 0.037500
0 0.644375 0.346250 0.058750 0.057500
0 0.543125 0.630625 0.033750 0.033750
0 0.830000 0.671250 0.037500 0.037500
0 0.747500 0.577500 0.112500 0.112500
0 0.393125 0.665625 0.101250 0.101250
0 0.405000 0.091250 0.030000 0.030000
0 0.941875 0.299375 0.036250 0.036250
0 0.422500 0.147500 0.037500 0.037500
0 0.938750 0.780000 0.060000 0.060000
0 0.266875 0.781875 0.111250 0.111250
0 0.147500 0.790625 0.025000 0.018750
0 0.818125 0.780625 0.081250 0.111250
0 0.659375 0.726250 0.108750 0.090000
0 0.808125 0.088125 0.073750 0.073750
0 0.781250 0.448125 0.070000 0.098750
0 0.275000 0.268750 0.025000 0.025000
0 0.412500 0.573750 0.045000 0.037500
0 0.513125 0.688125 0.041250 0.033750
0 0.641250 0.134375 0.097500 0.081250
0 0.293750 0.492500 0.025000 0.025000
0 0.630000 0.418125 0.070000 0.038750
0 0.463750 0.840000 0.112500 0.062500
0 0.483750 0.755625 0.092500 0.051250
0 0.243125 0.891250 0.091250 0.050000
0 0.152500 0.141250 0.042500 0.042500
0 0.223125 0.658125 0.073750 0.073750
0 0.605625 0.501875 0.103750 0.103750
0 0.281875 0.164375 0.046250 0.046250
0 0.142500 0.291875 0.042500 0.051250
0 0.906875 0.605625 0.071250 0.086250
0 0.375625 0.421250 0.051250 0.062500
0 0.588125 0.254375 0.088750 0.081250
0 0.631250 0.890000 0.055000 0.050000
0 0.869375 0.393750 0.073750 0.067500
0 0.913125 0.064375 0.111250 0.101250
0 0.461875 0.925625 0.061250 0.061250
0 0.512500 0.563750 0.047500 0.047500
0 0.761875 0.694375 0.041250 0.041250
0 0.345625 0.270625 0.041250 0.041250
0 0.830625 0.299375 0.091250 0.091250
0 0.875625 0.884375 0.068750 0.068750
0 0.263750 0.060000 0.095000 0.095000
0 0.541250 0.921250 0.082500 0.082500
0 0.096250 0.050000 0.040000 0.040000
0 0.728125 0.230625 0.041250 0.041250
0 0.723750 0.171250 0.052500 0.052500
0 0.652500 0.036250 0.035000 0.035000
0 0.190000 0.257500 0.025000 0.025000
0 0.317500 0.865000 0.040000 0.040000
0 0.883750 0.478750 0.045000 0.045000
0 0.062500 0.948750 0.037500 0.035000
0 0.931875 0.948125 0.041250 0.038750