0 0.475000 0.043750 0.057500 0.057500
0 0.430000 0.601250 0.087500 0.087500
0 0.909375 0.036875 0.033750 0.033750
0 0.432500 0.877500 0.090000 0.085000
0 0.805000 0.673125 0.032500 0.038750
0 0.168125 0.553750 0.091250 0.105000
0 0.576875 0.366875 0.063750 0.073750
0 0.170625 0.748125 0.098750 0.111250
0 0.796250 0.418750 0.067500 0.075000
0 0.405625 0.141875 0.063750 0.071250
0 0.313750 0.877500 0.027500 0.027500
0 0.693750 0.473750 0.062500 0.062500
0 0.278750 0.762500 0.027500 0.027500
0 0.945625 0.910625 0.066250 0.066250
0 0.148750 0.301250 0.075000 0.075000
0 0.516250 0.742500 0.107500 0.107500
0 0.118125 0.924375 0.066250 0.066250
0 0.071250 0.468750 0.062500 0.062500
0 0.310000 0.616250 0.065000 0.065000
0 0.323750 0.281250 0.057500 0.057500
0 0.181250 0.846250 0.057500 0.057500
0 0.466875 0.403750 0.063750 0.060000
0 0.039375 0.831875 0.041250 0.038750
0 0.670625 0.311250 0.058750 0.055000
0 0.392500 0.381250 0.052500 0.050000
0 0.798750 0.320000 0.077500 0.077500
0 0.341875 0.749375 0.071250 0.071250
0 0.711875 0.089375 0.026250 0.026250
0 0.619375 0.835625 0.028750 0.028750
0 0.791875 0.100000 0.071250 0.072500
0 0.778125 0.778125 0.108750 0.108750
0 0.341875 0.046250 0.041250 0.037500
0 0.894375 0.628750 0.096250 0.067500
0 0.583125 0.925625 0.088750 0.088750
0 0.486250 0.275000 0.047500 0.047500
0 0.166250 0.091250 0.110000 0.110000
0 0.534375 0.619375 0.086250 0.086250
0 0.561875 0.109375 0.056250 0.056250
0 0.424375 0.509375 0.043750 0.043750
0 0.584375 0.478125 0.096250 0.096250
0 0.916250 0.292500 0.112500 0.112500
0 0.687500 0.202500 0.110000 0.110000
0 0.879375 0.170625 0.038750 0.038750
0 0.252500 0.927500 0.042500 0.042500
0 0.953750 0.156250 0.065000 0.065000
0 0.947500 0.466250 0.042500 0.042500
0 0.902500 0.771250 0.080000 0.080000
0 0.238750 0.253750 0.062500 0.062500
0 0.740625 0.873125 0.053750 0.053750
0 0.332500 0.157500 0.032500 0.032500
0 0.651875 0.569375 0.041250 0.041250
0 0.670625 0.710625 0.068750 0.068750
0 0.217500 0.425000 0.080000 0.080000
0 0.785625 0.201875 0.043750 0.043750
0 0.863125 0.549375 0.051250 0.051250
0 0.061875 0.623125 0.043750 0.043750
0 0.417500 0.750000 0.065000 0.065000
0 0.295625 0.524375 0.096250 0.096250
0 0.749375 0.596875 0.063750 0.063750
0 0.577500 0.220000 0.095000 0.095000
0 0.108750 0.392500 0.060000 0.060000
0 0.802500 0.891250 0.050000 0.050000
0 0.062500 0.747500 0.065000 0.065000
0 0.047500 0.101250 0.055000 0.057500
0 0.642500 0.076250 0.072500 0.072500
0 0.267500 0.127500 0.077500 0.092500
0 0.305000 0.213750 0.050000 0.060000
0 0.277500 0.048750 0.035000 0.035000
0 0.541250 0.043750 0.045000 0.045000
0 0.161250 0.208750 0.070000 0.067500
0 0.486250 0.155000 0.067500 0.047500
0 0.052500 0.315000 0.070000 0.050000
0 0.068750 0.216250 0.060000 0.060000
0 0.382500 0.222500 0.027500 0.027500
0 0.262500 0.711250 0.030000 0.035000
0 0.510000 0.845000 0.050000 0.050000
0 0.308750 0.446250 0.042500 0.040000
0 0.732500 0.367500 0.032500 0.032500
0 0.916250 0.372500 0.027500 0.025000
0 0.709375 0.939375 0.046250 0.046250
0 0.678750 0.780000 0.055000 0.055000