0 0.867500 0.451250 0.080000 0.092500
0 0.495000 0.813750 0.110000 0.127500
0 0.786875 0.271250 0.048750 0.047500
0 0.296250 0.788125 0.090000 0.088750
0 0.865000 0.275000 0.037500 0.037500
0 0.647500 0.451875 0.075000 0.068750
0 0.203125 0.053750 0.033750 0.030000
0 0.305625 0.484375 0.036250 0.036250
0 0.601250 0.575000 0.070000 0.070000
0 0.518750 0.092500 0.095000 0.095000
0 0.878125 0.785625 0.101250 0.101250
0 0.063125 0.364375 0.061250 0.061250
0 0.181875 0.555625 0.103750 0.103750
0 0.662500 0.816250 0.060000 0.082500
0 0.120000 0.762500 0.100000 0.100000
0 0.106875 0.181875 0.091250 0.108750
0 0.818750 0.653750 0.105000 0.105000
0 0.490000 0.687500 0.077500 0.077500
0 0.383125 0.304375 0.048750 0.048750
0 0.952500 0.695000 0.060000 0.045000
0 0.419375 0.134375 0.068750 0.068750
0 0.953750 0.217500 0.027500 0.037500
0 0.263750 0.902500 0.067500 0.092500
0 0.389375 0.838125 0.038750 0.038750
0 0.740625 0.475625 0.088750 0.088750
0 0.431875 0.223125 0.061250 0.073750
0 0.151250 0.335625 0.057500 0.068750
0 0.353750 0.167500 0.025000 0.030000
0 0.043750 0.490625 0.052500 0.063750
0 0.541875 0.370000 0.111250 0.097500
0 0.891875 0.882500 0.053750 0.047500
0 0.681250 0.640000 0.047500 0.047500
0 0.330000 0.600000 0.085000 0.085000
0 0.186875 0.915000 0.048750 0.040000
0 0.413125 0.436875 0.036250 0.036250
0 0.510000 0.538750 0.075000 0.075000
0 0.271250 0.383750 0.087500 0.087500
0 0.231875 0.201875 0.093750 0.053750
0 0.238750 0.693125 0.050000 0.028750
0 0.324375 0.683750 0.096250 0.055000
0 0.380625 0.763750 0.043750 0.025000
0 0.609375 0.710000 0.086250 0.072500
0 0.681875 0.188750 0.103750 0.087500
0 0.434375 0.483750 0.051250 0.042500
0 0.939375 0.089375 0.063750 0.063750
0 0.073125 0.888125 0.036250 0.036250
0 0.753750 0.878750 0.097500 0.092500
0 0.228750 0.310000 0.035000 0.035000
0 0.755625 0.766250 0.071250 0.060000
0 0.585000 0.243750 0.055000 0.055000
0 0.784375 0.074375 0.093750 0.093750
0 0.948750 0.596250 0.052500 0.052500
0 0.258750 0.066250 0.030000 0.030000
0 0.159375 0.470625 0.028750 0.028750
0 0.819375 0.166875 0.076250 0.076250
0 0.629375 0.913125 0.086250 0.083750
0 0.695625 0.565000 0.026250 0.025000
0 0.063125 0.599375 0.098750 0.098750
0 0.404375 0.046875 0.031250 0.031250
0 0.538125 0.175625 0.053750 0.053750
0 0.036875 0.694375 0.046250 0.046250