0 0.531875 0.621875 0.108750 0.106250
0 0.743750 0.452500 0.087500 0.087500
0 0.263750 0.910000 0.100000 0.100000
0 0.599375 0.413125 0.041250 0.041250
0 0.671250 0.260625 0.037500 0.036250
0 0.555000 0.070625 0.090000 0.091250
0 0.765000 0.320000 0.107500 0.117500
0 0.061250 0.380000 0.065000 0.065000
0 0.698750 0.651250 0.057500 0.057500
0 0.529375 0.828125 0.103750 0.103750
0 0.771875 0.731875 0.091250 0.083750
0 0.474375 0.486250 0.103750 0.095000
0 0.185000 0.768125 0.025000 0.028750
0 0.671250 0.140625 0.087500 0.103750
0 0.238125 0.486875 0.096250 0.113750
0 0.206250 0.401250 0.042500 0.042500
0 0.258750 0.617500 0.097500 0.097500
0 0.553750 0.203750 0.080000 0.080000
0 0.382500 0.924375 0.072500 0.063750
0 0.063125 0.087500 0.096250 0.095000
0 0.788125 0.066875 0.063750 0.063750
0 0.856250 0.378750 0.050000 0.050000
0 0.779375 0.566875 0.053750 0.053750
0 0.808125 0.812500 0.046250 0.045000
0 0.649375 0.760625 0.066250 0.061250
0 0.407500 0.602500 0.065000 0.060000
0 0.721875 0.848125 0.038750 0.036250
0 0.403125 0.831875 0.103750 0.103750
0 0.318125 0.243750 0.028750 0.027500
0 0.096875 0.256250 0.086250 0.085000
0 0.271875 0.789375 0.111250 0.108750
0 0.122500 0.888750 0.105000 0.102500
0 0.128125 0.549375 0.106250 0.071250
0 0.876250 0.272500 0.100000 0.067500
0 0.929375 0.542500 0.063750 0.060000
0 0.921875 0.636875 0.073750 0.073750
0 0.458125 0.271875 0.093750 0.093750
0 0.638750 0.498750 0.095000 0.112500
0 0.201875 0.088125 0.028750 0.033750
0 0.718750 0.935625 0.025000 0.028750
0 0.398750 0.696250 0.085000 0.100000
0 0.933750 0.433125 0.030000 0.028750
0 0.388125 0.041250 0.053750 0.047500
0 0.910625 0.804375 0.108750 0.096250
0 0.373750 0.381250 0.110000 0.097500
0 0.316250 0.101250 0.067500 0.060000
0 0.536875 0.933125 0.076250 0.076250
0 0.845000 0.078750 0.035000 0.035000
0 0.513750 0.725000 0.085000 0.085000
0 0.239375 0.225625 0.073750 0.073750
0 0.343750 0.558750 0.030000 0.030000
0 0.132500 0.347500 0.052500 0.052500
0 0.129375 0.685625 0.098750 0.098750
0 0.442500 0.127500 0.110000 0.110000
0 0.737500 0.168750 0.027500 0.015000
0 0.321875 0.466250 0.053750 0.030000
0 0.061875 0.462500 0.051250 0.050000
0 0.645000 0.877500 0.077500 0.075000
0 0.153750 0.425625 0.045000 0.043750
0 0.840625 0.434375 0.046250 0.026250
0 0.912500 0.196875 0.095000 0.053750
0 0.897500 0.070000 0.027500 0.015000
0 0.186875 0.140625 0.041250 0.041250
0 0.883750 0.922500 0.100000 0.100000
0 0.573750 0.329375 0.075000 0.073750
0 0.246250 0.109375 0.045000 0.043750
0 0.332500 0.186250 0.067500 0.067500
0 0.389375 0.544375 0.038750 0.038750
0 0.491875 0.355625 0.068750 0.033750
0 0.878750 0.127500 0.045000 0.045000