0 0.460000 0.296250 0.100000 0.100000
0 0.939375 0.583125 0.088750 0.088750
0 0.186250 0.832500 0.035000 0.035000
0 0.868125 0.254375 0.098750 0.098750
0 0.819375 0.353125 0.028750 0.028750
0 0.081875 0.593125 0.066250 0.078750
0 0.755000 0.555000 0.112500 0.112500
0 0.226875 0.675625 0.108750 0.108750
0 0.396250 0.548125 0.092500 0.093750
0 0.235625 0.101875 0.086250 0.086250
0 0.540000 0.177500 0.112500 0.112500
0 0.859375 0.939375 0.043750 0.043750
0 0.829375 0.815625 0.098750 0.098750
0 0.078750 0.160000 0.042500 0.042500
0 0.403750 0.416250 0.080000 0.080000
0 0.573125 0.493125 0.071250 0.061250
0 0.263750 0.551250 0.092500 0.092500
0 0.795000 0.415000 0.042500 0.042500
0 0.076250 0.458750 0.050000 0.050000
0 0.371250 0.698750 0.032500 0.032500
0 0.216250 0.242500 0.047500 0.047500
0 0.866250 0.733750 0.030000 0.030000
0 0.585000 0.783750 0.092500 0.060000
0 0.161875 0.430625 0.051250 0.031250
0 0.325000 0.105625 0.060000 0.036250
0 0.825000 0.097500 0.097500 0.097500
0 0.731875 0.816875 0.036250 0.036250
0 0.162500 0.342500 0.057500 0.075000
0 0.898750 0.408750 0.075000 0.030000
0 0.319375 0.914375 0.068750 0.068750
0 0.705625 0.893125 0.093750 0.093750
0 0.927500 0.916250 0.070000 0.070000
0 0.534375 0.896875 0.098750 0.091250
0 0.088750 0.310625 0.032500 0.028750
0 0.733125 0.390625 0.053750 0.056250
0 0.498125 0.607500 0.026250 0.027500
0 0.631250 0.340000 0.090000 0.095000
0 0.865625 0.614375 0.031250 0.051250
0 0.091875 0.889375 0.101250 0.168750
0 0.163125 0.103750 0.043750 0.072500
0 0.662500 0.156250 0.107500 0.100000
0 0.361250 0.245625 0.082500 0.093750
0 0.795000 0.307500 0.032500 0.032500
0 0.421250 0.793750 0.065000 0.052500
0 0.678750 0.730000 0.080000 0.065000
0 0.487500 0.429375 0.032500 0.026250
0 0.322500 0.823750 0.087500 0.087500
0 0.601875 0.625000 0.076250 0.075000
0 0.212500 0.898125 0.067500 0.063750
0 0.161875 0.496250 0.068750 0.065000
0 0.253125 0.428125 0.073750 0.073750
0 0.794375 0.676875 0.093750 0.093750
0 0.972500 0.326250 0.027500 0.050000
0 0.275625 0.183750 0.046250 0.042500
0 0.084375 0.748125 0.093750 0.086250
0 0.415625 0.880625 0.083750 0.071250
0 0.111250 0.228750 0.050000 0.050000
0 0.947500 0.472500 0.072500 0.072500
0 0.951875 0.781875 0.051250 0.051250
0 0.232500 0.769375 0.047500 0.056250
0 0.742500 0.248750 0.052500 0.062500
0 0.918125 0.130625 0.066250 0.078750
0 0.450000 0.742500 0.030000 0.035000
0 0.654375 0.050000 0.043750 0.040000
0 0.436250 0.066250 0.050000 0.050000