0 0.738125 0.731875 0.033750 0.033750
0 0.830625 0.125625 0.096250 0.096250
0 0.562500 0.671250 0.095000 0.095000
0 0.171250 0.537500 0.070000 0.070000
0 0.871250 0.382500 0.080000 0.080000
0 0.236250 0.817500 0.100000 0.100000
0 0.891250 0.495000 0.085000 0.085000
0 0.481875 0.226875 0.078750 0.068750
0 0.258750 0.668750 0.060000 0.060000
0 0.449375 0.785625 0.048750 0.048750
0 0.594375 0.230625 0.043750 0.038750
0 0.837500 0.634375 0.075000 0.083750
0 0.464375 0.851875 0.046250 0.046250
0 0.656875 0.681875 0.056250 0.056250
0 0.109375 0.471875 0.043750 0.043750
0 0.440625 0.456875 0.078750 0.078750
0 0.271250 0.356250 0.110000 0.110000
0 0.546875 0.086875 0.088750 0.088750
0 0.031875 0.509375 0.038750 0.038750
0 0.317500 0.538750 0.070000 0.070000
0 0.934375 0.898125 0.036250 0.036250
0 0.254375 0.574375 0.033750 0.033750
0 0.788125 0.809375 0.103750 0.103750
0 0.070000 0.397500 0.090000 0.090000
0 0.933750 0.281250 0.057500 0.057500
0 0.326875 0.784375 0.043750 0.043750
0 0.572500 0.421250 0.105000 0.105000
0 0.486250 0.925625 0.030000 0.031250
0 0.741875 0.333125 0.046250 0.046250
0 0.198125 0.206875 0.053750 0.053750
0 0.943750 0.838750 0.037500 0.037500
0 0.102500 0.587500 0.052500 0.052500
0 0.952500 0.766250 0.040000 0.040000
0 0.721250 0.473750 0.067500 0.067500
0 0.076250 0.091250 0.087500 0.087500
0 0.950000 0.215000 0.055000 0.055000
0 0.156250 0.783750 0.025000 0.025000
0 0.307500 0.156875 0.060000 0.058750
0 0.443125 0.643750 0.088750 0.092500
0 0.089375 0.205625 0.108750 0.113750
0 0.238750 0.071250 0.047500 0.050000
0 0.782500 0.250000 0.060000 0.060000
0 0.675000 0.585000 0.097500 0.105000
0 0.879375 0.790625 0.031250 0.031250
0 0.450625 0.316875 0.068750 0.068750
0 0.805000 0.921250 0.097500 0.097500
0 0.689375 0.394375 0.061250 0.061250
0 0.242500 0.933750 0.045000 0.045000
0 0.082500 0.787500 0.072500 0.072500
0 0.223750 0.465000 0.045000 0.045000
0 0.136250 0.860000 0.047500 0.032500
0 0.641250 0.771250 0.112500 0.077500
0 0.386250 0.910000 0.087500 0.087500
0 0.144375 0.680625 0.103750 0.103750
0 0.942500 0.672500 0.057500 0.057500
0 0.556875 0.864375 0.056250 0.076250
0 0.150000 0.285625 0.032500 0.023750