0 0.230000 0.541250 0.057500 0.057500
0 0.220625 0.158750 0.068750 0.067500
0 0.418125 0.323750 0.103750 0.102500
0 0.432500 0.613750 0.077500 0.077500
0 0.404375 0.126875 0.101250 0.101250
0 0.896875 0.434375 0.068750 0.068750
0 0.418125 0.440625 0.091250 0.091250
0 0.800625 0.686875 0.066250 0.066250
0 0.523750 0.326875 0.060000 0.056250
0 0.091875 0.860000 0.058750 0.055000
0 0.907500 0.731875 0.082500 0.088750
0 0.733750 0.586250 0.092500 0.092500
0 0.777500 0.219375 0.082500 0.051250
0 0.730625 0.404375 0.096250 0.058750
0 0.306250 0.096250 0.072500 0.062500
0 0.301875 0.899375 0.056250 0.056250
0 0.219375 0.403125 0.111250 0.111250
0 0.902500 0.242500 0.090000 0.085000
0 0.223125 0.714375 0.098750 0.071250
0 0.659375 0.820625 0.101250 0.073750
0 0.630625 0.373125 0.056250 0.041250
0 0.468750 0.764375 0.030000 0.021250
0 0.801875 0.595625 0.028750 0.028750
0 0.542500 0.907500 0.035000 0.035000
0 0.628125 0.268125 0.063750 0.063750
0 0.523125 0.093750 0.096250 0.097500
0 0.191875 0.278125 0.063750 0.056250
0 0.553125 0.576875 0.038750 0.036250
0 0.786250 0.481875 0.052500 0.048750
0 0.756875 0.771250 0.061250 0.057500
0 0.440625 0.853125 0.108750 0.108750
0 0.940625 0.838125 0.093750 0.093750
0 0.523750 0.960000 0.025000 0.025000
0 0.764375 0.273750 0.071250 0.027500
0 0.162500 0.832500 0.060000 0.047500
0 0.848125 0.143125 0.101250 0.081250
0 0.071250 0.565625 0.027500 0.031250
0 0.738125 0.925000 0.096250 0.087500
0 0.650000 0.158125 0.100000 0.091250
0 0.131875 0.311250 0.033750 0.030000
0 0.280000 0.255000 0.087500 0.082500
0 0.647500 0.656250 0.055000 0.055000
0 0.118125 0.130625 0.071250 0.071250
0 0.071875 0.660625 0.063750 0.063750
0 0.563125 0.625625 0.046250 0.046250
0 0.889375 0.554375 0.083750 0.083750
0 0.525625 0.473125 0.098750 0.098750
0 0.326875 0.341875 0.038750 0.038750
0 0.886250 0.338125 0.092500 0.088750
0 0.900625 0.645625 0.066250 0.063750
0 0.073125 0.407500 0.101250 0.097500