0 0.121250 0.764375 0.035000 0.033750
0 0.916875 0.593125 0.051250 0.051250
0 0.485000 0.453125 0.070000 0.048750
0 0.424375 0.363750 0.046250 0.032500
0 0.841875 0.366875 0.078750 0.078750
0 0.282500 0.515000 0.075000 0.075000
0 0.765625 0.645625 0.051250 0.051250
0 0.160625 0.438125 0.056250 0.056250
0 0.943125 0.189375 0.056250 0.056250
0 0.920000 0.940000 0.040000 0.032500
0 0.435625 0.796250 0.096250 0.080000
0 0.116875 0.690625 0.051250 0.051250
0 0.743125 0.211875 0.056250 0.056250
0 0.818750 0.460000 0.037500 0.037500
0 0.167500 0.908750 0.080000 0.080000
0 0.218750 0.490000 0.032500 0.032500
0 0.411250 0.198750 0.047500 0.037500
0 0.752500 0.545625 0.065000 0.051250
0 0.074375 0.394375 0.086250 0.068750
0 0.841875 0.286875 0.071250 0.056250
0 0.163125 0.381875 0.041250 0.036250
0 0.886875 0.485625 0.053750 0.048750
0 0.501875 0.223125 0.068750 0.061250
0 0.663125 0.841250 0.073750 0.072500
0 0.405000 0.541250 0.110000 0.110000
0 0.550000 0.711250 0.097500 0.097500
0 0.764375 0.308125 0.031250 0.031250
0 0.702500 0.707500 0.027500 0.027500
0 0.641875 0.086875 0.058750 0.071250
0 0.247500 0.086250 0.027500 0.032500
0 0.603125 0.460625 0.053750 0.046250
0 0.299375 0.861250 0.071250 0.065000
0 0.231250 0.903750 0.025000 0.022500
0 0.227500 0.769375 0.107500 0.086250
0 0.579375 0.613125 0.103750 0.083750
0 0.204375 0.150625 0.038750 0.031250
0 0.835000 0.911250 0.040000 0.040000
0 0.090000 0.118750 0.050000 0.050000
0 0.042500 0.842500 0.035000 0.035000
0 0.411250 0.671250 0.032500 0.032500
0 0.313125 0.140000 0.051250 0.037500
0 0.640000 0.327500 0.082500 0.060000
0 0.193125 0.210625 0.091250 0.066250
0 0.079375 0.495625 0.051250 0.041250
0 0.536250 0.075625 0.032500 0.026250
0 0.716875 0.428125 0.078750 0.063750
0 0.772500 0.714375 0.040000 0.033750
0 0.797500 0.063750 0.105000 0.095000
0 0.889375 0.763125 0.103750 0.093750
0 0.771875 0.821875 0.103750 0.096250
0 0.133125 0.546875 0.043750 0.043750
0 0.346250 0.203125 0.045000 0.043750
0 0.910000 0.665625 0.052500 0.076250
0 0.264375 0.294375 0.053750 0.078750
0 0.498125 0.341875 0.063750 0.063750
0 0.336250 0.047500 0.047500 0.047500
0 0.038750 0.688750 0.040000 0.040000
0 0.741250 0.941250 0.045000 0.045000
0 0.319375 0.100625 0.026250 0.026250
0 0.888750 0.201250 0.032500 0.032500
0 0.263750 0.601250 0.057500 0.057500
0 0.616250 0.391250 0.032500 0.032500
0 0.130000 0.304375 0.095000 0.083750
0 0.960625 0.293125 0.036250 0.031250
0 0.285000 0.402500 0.092500 0.105000
0 0.535000 0.927500 0.072500 0.070000
0 0.185625 0.069375 0.061250 0.061250
0 0.042500 0.618750 0.057500 0.057500
0 0.470000 0.643750 0.040000 0.040000
0 0.072500 0.206250 0.092500 0.092500
0 0.661250 0.229375 0.037500 0.031250
0 0.530625 0.831250 0.056250 0.047500
0 0.826875 0.556250 0.058750 0.050000
0 0.431250 0.057500 0.080000 0.067500
0 0.712500 0.281250 0.042500 0.042500
0 0.898750 0.036250 0.032500 0.025000
0 0.943750 0.873750 0.070000 0.055000
0 0.909375 0.110000 0.103750 0.082500
0 0.613125 0.943750 0.056250 0.050000
0 0.391875 0.428125 0.088750 0.078750
0 0.839375 0.616875 0.061250 0.053750
0 0.569375 0.133750 0.048750 0.047500
0 0.346250 0.640000 0.055000 0.052500
0 0.641875 0.530625 0.048750 0.048750
0 0.326875 0.730625 0.031250 0.031250
0 0.820000 0.160000 0.050000 0.050000
0 0.541875 0.530625 0.061250 0.061250
0 0.390625 0.273125 0.058750 0.058750