0 0.430625 0.886250 0.096250 0.077500
0 0.459375 0.581250 0.046250 0.037500
0 0.051250 0.300000 0.057500 0.055000
0 0.405625 0.689375 0.068750 0.068750
0 0.320625 0.303125 0.043750 0.043750
0 0.801250 0.420000 0.052500 0.052500
0 0.239375 0.558125 0.056250 0.056250
0 0.871250 0.929375 0.072500 0.063750
0 0.377500 0.157500 0.047500 0.047500
0 0.146250 0.570000 0.025000 0.012500
0 0.173125 0.671250 0.036250 0.017500
0 0.833750 0.791250 0.102500 0.090000
0 0.753750 0.238750 0.105000 0.092500
0 0.546250 0.680625 0.110000 0.096250
0 0.868125 0.546875 0.106250 0.106250
0 0.805000 0.678750 0.040000 0.040000
0 0.275625 0.349375 0.026250 0.026250
0 0.548125 0.440625 0.076250 0.076250
0 0.683125 0.468750 0.063750 0.052500
0 0.696875 0.598750 0.081250 0.032500
0 0.167500 0.290000 0.087500 0.077500
0 0.198125 0.898750 0.076250 0.067500
0 0.578125 0.137500 0.026250 0.022500
0 0.671875 0.740000 0.101250 0.077500
0 0.086250 0.400000 0.105000 0.127500
0 0.179375 0.750000 0.038750 0.030000
0 0.340625 0.050000 0.048750 0.045000
0 0.520625 0.220625 0.073750 0.073750
0 0.305000 0.732500 0.102500 0.102500
0 0.271250 0.157500 0.092500 0.092500
0 0.863125 0.096875 0.098750 0.098750
0 0.640000 0.926250 0.080000 0.080000
0 0.876250 0.678750 0.057500 0.030000
0 0.581250 0.033125 0.077500 0.041250
0 0.473125 0.050000 0.108750 0.057500
0 0.354375 0.583750 0.098750 0.052500
0 0.340000 0.491250 0.027500 0.027500
0 0.887500 0.347500 0.102500 0.102500
0 0.474375 0.135625 0.026250 0.026250
0 0.218750 0.467500 0.105000 0.105000
0 0.565625 0.321875 0.036250 0.036250
0 0.151250 0.070625 0.112500 0.106250
0 0.687500 0.348750 0.110000 0.107500
0 0.451875 0.323125 0.086250 0.083750
0 0.086250 0.176250 0.087500 0.087500
0 0.546875 0.900625 0.091250 0.091250
0 0.730625 0.077500 0.081250 0.082500
0 0.080625 0.901250 0.101250 0.102500
0 0.550625 0.819375 0.028750 0.028750
0 0.350625 0.384375 0.038750 0.038750
0 0.960625 0.148750 0.043750 0.040000
0 0.753125 0.896250 0.106250 0.097500
0 0.343750 0.876250 0.047500 0.047500
0 0.359375 0.236875 0.041250 0.041250
0 0.949375 0.442500 0.048750 0.052500
0 0.579375 0.091875 0.046250 0.046250
0 0.595000 0.533125 0.082500 0.083750
0 0.105000 0.760625 0.057500 0.058750
0 0.890625 0.226250 0.058750 0.060000
0 0.404375 0.520625 0.051250 0.051250
0 0.086875 0.622500 0.071250 0.072500
0 0.278125 0.234375 0.046250 0.046250
0 0.440000 0.192500 0.062500 0.062500
0 0.113125 0.501250 0.068750 0.060000
0 0.945625 0.899375 0.053750 0.053750
0 0.472500 0.792500 0.070000 0.070000
0 0.648125 0.811875 0.038750 0.031250
0 0.188125 0.223750 0.028750 0.022500
0 0.730625 0.666250 0.068750 0.055000