0 0.093125 0.705625 0.101250 0.101250
0 0.469375 0.469375 0.083750 0.083750
0 0.296875 0.448125 0.053750 0.053750
0 0.776875 0.248125 0.028750 0.028750
0 0.067500 0.301250 0.100000 0.090000
0 0.384375 0.899375 0.083750 0.083750
0 0.075625 0.165625 0.068750 0.068750
0 0.219375 0.925625 0.041250 0.041250
0 0.518125 0.599375 0.038750 0.038750
0 0.236875 0.292500 0.083750 0.090000
0 0.841875 0.431250 0.093750 0.095000
0 0.726875 0.321250 0.091250 0.092500
0 0.633750 0.472500 0.065000 0.065000
0 0.718750 0.880000 0.067500 0.067500
0 0.108750 0.491250 0.067500 0.067500
0 0.838125 0.334375 0.061250 0.061250
0 0.579375 0.824375 0.046250 0.046250
0 0.449375 0.206875 0.053750 0.046250
0 0.325000 0.639375 0.062500 0.053750
0 0.221250 0.702500 0.102500 0.102500
0 0.789375 0.135625 0.036250 0.036250
0 0.903125 0.068125 0.043750 0.043750
0 0.088750 0.412500 0.030000 0.030000
0 0.796250 0.720000 0.052500 0.032500
0 0.576250 0.047500 0.107500 0.067500
0 0.830625 0.835625 0.058750 0.036250
0 0.623750 0.751875 0.037500 0.023750
0 0.183750 0.528125 0.047500 0.033750
0 0.524375 0.269375 0.076250 0.053750
0 0.753125 0.620625 0.103750 0.073750
0 0.856250 0.788750 0.042500 0.030000
0 0.275625 0.151875 0.043750 0.043750
0 0.165625 0.170625 0.041250 0.041250
0 0.900000 0.200000 0.105000 0.105000
0 0.586875 0.573125 0.078750 0.078750
0 0.753750 0.503750 0.057500 0.057500
0 0.050625 0.601875 0.053750 0.053750
0 0.517500 0.746875 0.080000 0.073750
0 0.710625 0.788125 0.043750 0.043750
0 0.708125 0.068125 0.093750 0.101250
0 0.623750 0.887500 0.035000 0.035000
0 0.515000 0.823750 0.045000 0.045000
0 0.588750 0.162500 0.092500 0.142500
0 0.371875 0.434375 0.028750 0.028750
0 0.085000 0.838750 0.080000 0.080000
0 0.847500 0.588750 0.062500 0.062500
0 0.176250 0.070000 0.055000 0.055000
0 0.928125 0.323125 0.098750 0.098750
0 0.323750 0.363750 0.075000 0.075000
0 0.337500 0.760000 0.077500 0.077500
0 0.407500 0.073750 0.087500 0.087500
0 0.288750 0.858125 0.082500 0.076250
0 0.932500 0.872500 0.105000 0.097500
0 0.960000 0.085000 0.047500 0.047500
0 0.476250 0.662500 0.027500 0.027500
0 0.473125 0.938125 0.061250 0.061250
0 0.789375 0.780000 0.048750 0.047500
0 0.459375 0.355625 0.096250 0.096250
0 0.108125 0.096875 0.026250 0.026250
0 0.698125 0.716875 0.078750 0.078750
0 0.923750 0.531875 0.062500 0.058750
0 0.165625 0.585625 0.041250 0.041250
0 0.410625 0.566250 0.093750 0.072500
0 0.666875 0.406875 0.038750 0.038750
0 0.200000 0.431250 0.100000 0.100000
0 0.905000 0.673750 0.032500 0.032500
0 0.293750 0.074375 0.110000 0.088750
0 0.366875 0.259375 0.073750 0.073750
0 0.439375 0.714375 0.061250 0.061250
0 0.940625 0.746875 0.083750 0.083750