0 0.606250 0.636250 0.110000 0.110000
0 0.254375 0.119375 0.028750 0.028750
0 0.653750 0.863750 0.025000 0.025000
0 0.178125 0.557500 0.106250 0.077500
0 0.846875 0.717500 0.066250 0.047500
0 0.258125 0.081250 0.033750 0.030000
0 0.120000 0.166250 0.030000 0.027500
0 0.410625 0.390625 0.108750 0.098750
0 0.885625 0.509375 0.086250 0.086250
0 0.160625 0.714375 0.086250 0.086250
0 0.723125 0.588125 0.031250 0.031250
0 0.858125 0.939375 0.058750 0.058750
0 0.480625 0.111875 0.071250 0.071250
0 0.515000 0.302500 0.060000 0.060000
0 0.827500 0.065000 0.030000 0.030000
0 0.052500 0.582500 0.055000 0.055000
0 0.717500 0.781250 0.062500 0.062500
0 0.095625 0.400625 0.028750 0.028750
0 0.651875 0.350625 0.093750 0.093750
0 0.340625 0.151875 0.098750 0.098750
0 0.270625 0.445000 0.108750 0.110000
0 0.260625 0.806875 0.053750 0.068750
0 0.948750 0.739375 0.072500 0.063750
0 0.839375 0.196875 0.083750 0.081250
0 0.440000 0.950625 0.027500 0.026250
0 0.828750 0.833750 0.112500 0.112500
0 0.555625 0.891875 0.091250 0.091250
0 0.475000 0.540000 0.082500 0.082500
0 0.377500 0.806250 0.082500 0.082500
0 0.449375 0.660625 0.098750 0.098750
0 0.897500 0.311250 0.112500 0.112500
0 0.640625 0.739375 0.053750 0.053750
0 0.352500 0.646250 0.075000 0.075000
0 0.481250 0.792500 0.062500 0.062500
0 0.686875 0.246875 0.036250 0.036250
0 0.191875 0.819375 0.061250 0.061250
0 0.241250 0.236250 0.055000 0.055000
0 0.297500 0.718750 0.050000 0.050000
0 0.345625 0.495625 0.026250 0.026250
0 0.624375 0.123125 0.101250 0.088750
0 0.201250 0.621875 0.025000 0.023750
0 0.581250 0.257500 0.037500 0.035000
0 0.775000 0.305000 0.107500 0.102500
0 0.413125 0.271250 0.076250 0.072500
0 0.207500 0.940625 0.067500 0.063750
0 0.755000 0.658125 0.060000 0.056250
0 0.668750 0.460000 0.100000 0.095000
0 0.127500 0.295000 0.060000 0.060000
0 0.057500 0.802500 0.060000 0.060000
0 0.936250 0.648750 0.087500 0.087500
0 0.926875 0.096875 0.048750 0.048750
0 0.536875 0.424375 0.101250 0.101250
0 0.190000 0.103750 0.077500 0.077500
0 0.300625 0.330625 0.078750 0.078750
0 0.348750 0.925000 0.042500 0.042500
0 0.044375 0.516875 0.053750 0.053750
0 0.780000 0.931875 0.072500 0.068750
0 0.753750 0.204375 0.045000 0.051250
0 0.783125 0.462500 0.103750 0.122500
0 0.925625 0.204375 0.066250 0.078750
0 0.938125 0.903750 0.081250 0.115000
0 0.046875 0.736875 0.051250 0.051250
0 0.167500 0.404375 0.052500 0.056250
0 0.634375 0.256875 0.046250 0.048750
0 0.446250 0.876875 0.030000 0.028750
0 0.115625 0.934375 0.081250 0.081250
0 0.730000 0.098125 0.092500 0.101250
0 0.457500 0.188750 0.055000 0.060000
0 0.235000 0.738125 0.035000 0.033750
0 0.385625 0.030000 0.036250 0.035000
0 0.065625 0.149375 0.061250 0.058750
0 0.579375 0.526250 0.041250 0.040000
0 0.180000 0.183750 0.052500 0.052500
0 0.105000 0.459375 0.052500 0.053750