0 0.491250 0.801875 0.070000 0.041250
0 0.212500 0.490000 0.055000 0.032500
0 0.533750 0.887500 0.085000 0.050000
0 0.664375 0.341875 0.056250 0.066250
0 0.912500 0.487500 0.057500 0.055000
0 0.186875 0.889375 0.111250 0.111250
0 0.395625 0.903750 0.038750 0.037500
0 0.609375 0.808750 0.046250 0.040000
0 0.279375 0.036875 0.041250 0.041250
0 0.794375 0.780625 0.036250 0.023750
0 0.083125 0.440625 0.043750 0.038750
0 0.900625 0.648125 0.088750 0.078750
0 0.535625 0.510000 0.098750 0.087500
0 0.379375 0.098750 0.096250 0.092500
0 0.865625 0.197500 0.073750 0.062500
0 0.654375 0.124375 0.048750 0.048750
0 0.133750 0.298125 0.107500 0.083750
0 0.343750 0.501250 0.092500 0.092500
0 0.799375 0.388125 0.068750 0.056250
0 0.688125 0.776875 0.043750 0.036250
0 0.200625 0.189375 0.028750 0.023750
0 0.740000 0.575625 0.032500 0.026250
0 0.504375 0.399375 0.088750 0.088750
0 0.923750 0.371250 0.050000 0.057500
0 0.360625 0.704375 0.086250 0.098750
0 0.499375 0.698125 0.081250 0.093750
0 0.293125 0.226875 0.086250 0.086250
0 0.089375 0.723125 0.028750 0.028750
0 0.395625 0.394375 0.058750 0.053750
0 0.772500 0.466250 0.082500 0.082500
0 0.845000 0.913750 0.112500 0.112500
0 0.233750 0.640000 0.072500 0.082500
0 0.096875 0.074375 0.093750 0.093750
0 0.671250 0.857500 0.037500 0.037500
0 0.226250 0.745625 0.112500 0.113750
0 0.600625 0.704375 0.101250 0.101250
0 0.299375 0.346875 0.061250 0.068750
0 0.655625 0.033125 0.026250 0.028750
0 0.653125 0.533125 0.068750 0.076250
0 0.888750 0.033750 0.027500 0.030000
0 0.634375 0.244375 0.068750 0.076250
0 0.106875 0.521250 0.066250 0.082500
0 0.449375 0.219375 0.101250 0.126250
0 0.831250 0.319375 0.037500 0.046250
0 0.775625 0.656250 0.108750 0.090000
0 0.028750 0.547500 0.025000 0.020000
0 0.359375 0.812500 0.108750 0.090000
0 0.788125 0.117500 0.063750 0.052500
0 0.745000 0.223750 0.090000 0.090000
0 0.275625 0.110625 0.086250 0.086250
0 0.931250 0.793750 0.077500 0.077500
0 0.053750 0.872500 0.070000 0.070000
0 0.674375 0.424375 0.078750 0.078750
0 0.531875 0.056250 0.093750 0.070000
0 0.912500 0.277500 0.067500 0.067500
0 0.755625 0.933750 0.051250 0.057500
0 0.823125 0.551875 0.063750 0.071250
0 0.125000 0.388750 0.050000 0.050000
0 0.290625 0.416875 0.048750 0.048750
0 0.375625 0.609375 0.073750 0.073750
0 0.093125 0.625625 0.098750 0.098750
0 0.964375 0.220625 0.028750 0.028750
0 0.900000 0.076250 0.027500 0.027500
0 0.155000 0.173750 0.030000 0.030000
0 0.641875 0.931250 0.066250 0.080000
0 0.715625 0.072500 0.033750 0.040000
0 0.165625 0.588125 0.026250 0.026250
0 0.187500 0.117500 0.067500 0.067500
0 0.579375 0.135000 0.063750 0.062500
0 0.871250 0.404375 0.030000 0.026250
0 0.305625 0.919375 0.083750 0.073750
0 0.186875 0.371250 0.051250 0.027500
0 0.248125 0.545000 0.048750 0.052500
0 0.090000 0.158750 0.052500 0.052500
0 0.181875 0.441875 0.033750 0.033750
0 0.729375 0.326875 0.041250 0.041250