0 0.883125 0.506875 0.081250 0.081250
0 0.115000 0.658750 0.045000 0.045000
0 0.746875 0.453125 0.096250 0.096250
0 0.846250 0.646250 0.050000 0.050000
0 0.536250 0.903750 0.090000 0.090000
0 0.522500 0.590625 0.042500 0.041250
0 0.210000 0.644375 0.090000 0.088750
0 0.232500 0.372500 0.105000 0.105000
0 0.083750 0.285625 0.100000 0.076250
0 0.540625 0.305625 0.043750 0.033750
0 0.789375 0.668750 0.048750 0.037500
0 0.216875 0.076875 0.091250 0.093750
0 0.219375 0.780000 0.058750 0.060000
0 0.700625 0.627500 0.061250 0.062500
0 0.954375 0.849375 0.031250 0.031250
0 0.460625 0.455625 0.111250 0.091250
0 0.526875 0.150000 0.088750 0.072500
0 0.350625 0.306250 0.076250 0.062500
0 0.429375 0.806875 0.086250 0.071250
0 0.726875 0.291250 0.086250 0.090000
0 0.203750 0.541875 0.092500 0.096250
0 0.867500 0.883750 0.070000 0.072500
0 0.695625 0.836875 0.101250 0.101250
0 0.823750 0.749375 0.087500 0.063750
0 0.829375 0.060625 0.083750 0.061250
0 0.651875 0.213750 0.068750 0.050000
0 0.316250 0.704375 0.105000 0.076250
0 0.481250 0.312500 0.052500 0.052500
0 0.848125 0.228125 0.103750 0.103750
0 0.381250 0.935000 0.080000 0.080000
0 0.071250 0.843750 0.075000 0.075000
0 0.491250 0.719375 0.060000 0.053750
0 0.337500 0.175625 0.102500 0.098750
0 0.285625 0.596875 0.046250 0.046250
0 0.594375 0.539375 0.081250 0.081250
0 0.124375 0.758125 0.071250 0.071250
0 0.926875 0.659375 0.058750 0.048750
0 0.900625 0.361875 0.096250 0.096250
0 0.581875 0.776875 0.101250 0.101250
0 0.941875 0.191250 0.053750 0.070000
0 0.175625 0.906875 0.111250 0.111250
0 0.616250 0.052500 0.057500 0.052500
0 0.353750 0.058750 0.082500 0.075000
0 0.306875 0.530625 0.063750 0.058750
0 0.097500 0.520625 0.080000 0.073750
0 0.627500 0.367500 0.080000 0.080000
0 0.769375 0.535625 0.048750 0.048750
0 0.061875 0.196875 0.056250 0.056250
0 0.787500 0.930000 0.070000 0.070000
0 0.361875 0.440625 0.056250 0.056250
0 0.056875 0.739375 0.046250 0.046250
0 0.499375 0.050000 0.036250 0.035000
0 0.743750 0.185000 0.057500 0.057500
0 0.385000 0.573750 0.055000 0.055000
0 0.058750 0.107500 0.090000 0.090000
0 0.617500 0.121250 0.030000 0.030000
0 0.186250 0.246250 0.080000 0.080000
0 0.166875 0.163125 0.053750 0.053750
0 0.070625 0.417500 0.036250 0.032500
0 0.623125 0.931875 0.061250 0.061250
0 0.935625 0.084375 0.053750 0.053750
0 0.733750 0.041250 0.027500 0.027500