0 0.106250 0.143750 0.025000 0.025000
0 0.881250 0.066250 0.060000 0.060000
0 0.554375 0.721875 0.108750 0.108750
0 0.451875 0.103125 0.058750 0.058750
0 0.715625 0.211875 0.086250 0.086250
0 0.525625 0.899375 0.108750 0.108750
0 0.845625 0.394375 0.058750 0.058750
0 0.140000 0.482500 0.077500 0.077500
0 0.086250 0.752500 0.107500 0.107500
0 0.326250 0.080000 0.072500 0.067500
0 0.727500 0.865000 0.080000 0.080000
0 0.193125 0.109375 0.063750 0.063750
0 0.594375 0.496875 0.048750 0.048750
0 0.416250 0.350000 0.075000 0.075000
0 0.781250 0.616875 0.077500 0.093750
0 0.649375 0.086875 0.058750 0.058750
0 0.155625 0.619375 0.108750 0.108750
0 0.100000 0.278125 0.092500 0.111250
0 0.343750 0.907500 0.110000 0.132500
0 0.942500 0.517500 0.072500 0.087500
0 0.577500 0.587500 0.075000 0.090000
0 0.866875 0.915625 0.068750 0.068750
0 0.534375 0.214375 0.096250 0.096250
0 0.814375 0.248125 0.048750 0.048750
0 0.908125 0.809375 0.111250 0.111250
0 0.240625 0.348125 0.078750 0.078750
0 0.103125 0.884375 0.081250 0.078750
0 0.934375 0.183125 0.098750 0.096250
0 0.394375 0.445625 0.063750 0.061250
0 0.756875 0.335625 0.096250 0.096250
0 0.494375 0.453125 0.076250 0.076250
0 0.330000 0.593750 0.040000 0.040000
0 0.432500 0.226250 0.065000 0.065000
0 0.258750 0.230625 0.097500 0.096250
0 0.621250 0.426875 0.030000 0.028750
0 0.431250 0.720625 0.095000 0.093750
0 0.281250 0.492500 0.035000 0.035000
0 0.860000 0.555625 0.040000 0.041250
0 0.262500 0.694375 0.060000 0.053750
0 0.961875 0.424375 0.028750 0.028750
0 0.045000 0.123125 0.040000 0.023750
0 0.653125 0.373750 0.068750 0.055000
0 0.295000 0.775000 0.040000 0.040000
0 0.458125 0.546875 0.038750 0.038750
0 0.920625 0.676875 0.061250 0.061250
0 0.743750 0.088750 0.112500 0.145000
0 0.730000 0.481250 0.112500 0.145000
0 0.930625 0.335625 0.071250 0.071250
0 0.615625 0.858125 0.041250 0.041250
0 0.848125 0.465625 0.028750 0.028750
0 0.770000 0.756250 0.072500 0.065000
0 0.048125 0.371875 0.048750 0.048750
0 0.141875 0.385625 0.086250 0.086250
0 0.676875 0.724375 0.098750 0.098750
0 0.858125 0.318125 0.028750 0.028750
0 0.230625 0.861875 0.073750 0.073750
0 0.951250 0.600000 0.057500 0.057500
0 0.523125 0.333125 0.106250 0.106250
0 0.113125 0.060625 0.026250 0.026250
0 0.398125 0.808750 0.046250 0.042500