0 0.855625 0.140625 0.101250 0.071250
0 0.554375 0.118750 0.048750 0.092500
0 0.186250 0.566250 0.107500 0.107500
0 0.685000 0.297500 0.027500 0.027500
0 0.714375 0.708125 0.106250 0.106250
0 0.413125 0.428750 0.061250 0.065000
0 0.849375 0.348125 0.073750 0.073750
0 0.798750 0.605000 0.032500 0.032500
0 0.686875 0.188750 0.051250 0.057500
0 0.290625 0.604375 0.026250 0.026250
0 0.304375 0.219375 0.096250 0.096250
0 0.510000 0.373750 0.090000 0.090000
0 0.665000 0.356250 0.030000 0.022500
0 0.442500 0.146875 0.095000 0.111250
0 0.125000 0.301250 0.085000 0.100000
0 0.418750 0.250625 0.052500 0.061250
0 0.282500 0.503125 0.065000 0.076250
0 0.123750 0.197500 0.060000 0.060000
0 0.821250 0.701250 0.087500 0.052500
0 0.166875 0.830625 0.101250 0.101250
0 0.719375 0.545625 0.051250 0.051250
0 0.571875 0.655625 0.076250 0.076250
0 0.325625 0.753125 0.063750 0.063750
0 0.423125 0.651875 0.071250 0.071250
0 0.905000 0.735000 0.062500 0.087500
0 0.597500 0.260000 0.110000 0.110000
0 0.923750 0.478750 0.087500 0.087500
0 0.073125 0.451875 0.076250 0.078750
0 0.344375 0.877500 0.111250 0.102500
0 0.836875 0.948125 0.043750 0.043750
0 0.363125 0.088125 0.033750 0.033750
0 0.847500 0.876250 0.057500 0.040000
0 0.769375 0.272500 0.053750 0.037500
0 0.936875 0.808750 0.063750 0.045000
0 0.602500 0.797500 0.085000 0.060000
0 0.618750 0.436875 0.107500 0.108750
0 0.258750 0.411250 0.050000 0.050000
0 0.575000 0.941250 0.060000 0.060000
0 0.718750 0.838750 0.065000 0.057500
0 0.211250 0.110000 0.097500 0.087500
0 0.598750 0.560000 0.097500 0.097500
0 0.386250 0.541250 0.110000 0.110000
0 0.939375 0.615625 0.086250 0.086250
0 0.075000 0.093750 0.080000 0.112500
0 0.948750 0.126875 0.070000 0.098750
0 0.624375 0.135000 0.058750 0.082500
0 0.642500 0.875000 0.040000 0.040000
0 0.828750 0.773750 0.040000 0.040000
0 0.322500 0.682500 0.060000 0.060000
0 0.751250 0.118750 0.045000 0.045000
0 0.369375 0.336875 0.078750 0.078750
0 0.750625 0.461875 0.048750 0.048750
0 0.485000 0.906250 0.100000 0.100000
0 0.471875 0.803125 0.086250 0.086250
0 0.650000 0.941875 0.032500 0.038750
0 0.094375 0.690625 0.106250 0.106250
0 0.786250 0.863750 0.050000 0.050000
0 0.260000 0.667500 0.045000 0.045000
0 0.904375 0.246875 0.066250 0.066250