0 0.392500 0.056875 0.085000 0.061250
0 0.233125 0.284375 0.091250 0.066250
0 0.889375 0.747500 0.086250 0.062500
0 0.103750 0.064375 0.067500 0.048750
0 0.305625 0.863750 0.071250 0.135000
0 0.942500 0.875625 0.027500 0.021250
0 0.740000 0.731875 0.070000 0.056250
0 0.044375 0.576250 0.053750 0.082500
0 0.178125 0.581875 0.036250 0.036250
0 0.103750 0.900000 0.072500 0.072500
0 0.605000 0.438750 0.082500 0.082500
0 0.605625 0.181875 0.103750 0.103750
0 0.459375 0.879375 0.061250 0.061250
0 0.195625 0.711875 0.076250 0.076250
0 0.887500 0.112500 0.060000 0.060000
0 0.651250 0.904375 0.065000 0.063750
0 0.905000 0.431250 0.057500 0.057500
0 0.782500 0.528125 0.067500 0.068750
0 0.480625 0.560625 0.051250 0.051250
0 0.425625 0.138125 0.081250 0.081250
0 0.363125 0.476875 0.061250 0.056250
0 0.548750 0.764375 0.065000 0.051250
0 0.640625 0.341875 0.081250 0.063750
0 0.875000 0.847500 0.080000 0.077500
0 0.904375 0.536875 0.043750 0.043750
0 0.248125 0.166250 0.108750 0.102500
0 0.861250 0.928125 0.052500 0.048750
0 0.452500 0.465000 0.072500 0.067500
0 0.869375 0.243750 0.066250 0.062500
0 0.586250 0.081250 0.077500 0.077500
0 0.733750 0.171250 0.082500 0.082500
0 0.665625 0.544375 0.066250 0.066250
0 0.641875 0.616875 0.041250 0.041250
0 0.967500 0.210000 0.037500 0.045000
0 0.573750 0.918125 0.050000 0.043750
0 0.754375 0.857500 0.051250 0.045000
0 0.128125 0.802500 0.051250 0.045000
0 0.259375 0.606250 0.098750 0.097500
0 0.430625 0.283125 0.111250 0.108750
0 0.110625 0.343750 0.106250 0.105000
0 0.386250 0.928125 0.070000 0.068750
0 0.083125 0.141875 0.038750 0.023750
0 0.510000 0.956250 0.030000 0.030000
0 0.269375 0.424375 0.078750 0.078750
0 0.286250 0.055000 0.077500 0.077500
0 0.869375 0.305625 0.038750 0.038750
0 0.669375 0.748125 0.048750 0.058750
0 0.521250 0.626875 0.065000 0.058750
0 0.816875 0.437500 0.033750 0.032500
0 0.140000 0.450625 0.090000 0.086250
0 0.751875 0.625000 0.078750 0.075000
0 0.377500 0.728125 0.082500 0.078750
0 0.823750 0.611875 0.035000 0.033750
0 0.561875 0.711875 0.063750 0.023750
0 0.293750 0.701250 0.065000 0.025000
0 0.523750 0.313750 0.050000 0.095000
0 0.743750 0.405000 0.085000 0.162500
0 0.390000 0.596875 0.070000 0.133750
0 0.213750 0.846250 0.090000 0.090000
0 0.073125 0.218125 0.078750 0.078750
0 0.300625 0.274375 0.026250 0.026250
0 0.436875 0.803750 0.031250 0.027500
0 0.231875 0.521250 0.048750 0.047500
0 0.948125 0.630625 0.076250 0.073750
0 0.379375 0.380625 0.073750 0.071250
0 0.210000 0.943750 0.062500 0.052500
0 0.954375 0.316875 0.066250 0.053750
0 0.743750 0.068750 0.075000 0.090000
0 0.295625 0.496875 0.053750 0.046250
0 0.755000 0.258750 0.062500 0.062500
0 0.191250 0.048125 0.085000 0.068750
0 0.465000 0.392500 0.060000 0.047500
0 0.632500 0.670000 0.032500 0.030000