0 0.707500 0.567500 0.065000 0.062500
0 0.910000 0.443125 0.107500 0.103750
0 0.820000 0.641875 0.097500 0.093750
0 0.620000 0.900000 0.072500 0.070000
0 0.245625 0.153125 0.036250 0.036250
0 0.832500 0.557500 0.025000 0.025000
0 0.386250 0.358750 0.092500 0.092500
0 0.144375 0.886875 0.086250 0.086250
0 0.839375 0.109375 0.066250 0.066250
0 0.583125 0.318125 0.083750 0.083750
0 0.852500 0.856250 0.065000 0.065000
0 0.078750 0.480000 0.070000 0.070000
0 0.539375 0.098750 0.063750 0.075000
0 0.255625 0.285000 0.093750 0.110000
0 0.413125 0.525000 0.093750 0.110000
0 0.141875 0.583125 0.041250 0.041250
0 0.193750 0.395000 0.085000 0.085000
0 0.660000 0.061250 0.037500 0.037500
0 0.536250 0.493750 0.110000 0.110000
0 0.386250 0.168750 0.045000 0.045000
0 0.716250 0.250000 0.090000 0.090000
0 0.581875 0.396875 0.036250 0.036250
0 0.513750 0.795000 0.112500 0.112500
0 0.100625 0.182500 0.106250 0.105000
0 0.290000 0.671875 0.070000 0.068750
0 0.276875 0.841875 0.108750 0.143750
0 0.479375 0.221250 0.028750 0.035000
0 0.290625 0.079375 0.081250 0.081250
0 0.636875 0.680625 0.078750 0.133750
0 0.042500 0.939375 0.035000 0.058750
0 0.087500 0.333750 0.090000 0.090000
0 0.654375 0.153125 0.056250 0.056250
0 0.855000 0.767500 0.082500 0.082500
0 0.843125 0.336250 0.076250 0.085000
0 0.305000 0.441250 0.025000 0.027500
0 0.268125 0.603750 0.063750 0.045000
0 0.487500 0.910625 0.030000 0.021250
0 0.822500 0.213125 0.057500 0.041250
0 0.389375 0.096875 0.061250 0.043750
0 0.943125 0.545625 0.053750 0.053750
0 0.188750 0.686875 0.072500 0.073750
0 0.775000 0.116875 0.035000 0.031250
0 0.949375 0.883125 0.031250 0.028750
0 0.392500 0.778125 0.102500 0.158750
0 0.938750 0.256875 0.067500 0.103750
0 0.473125 0.646875 0.076250 0.078750
0 0.066875 0.710000 0.103750 0.125000
0 0.471875 0.359375 0.026250 0.031250
0 0.741875 0.875000 0.068750 0.082500
0 0.677500 0.418750 0.075000 0.070000
0 0.405000 0.929375 0.085000 0.078750
0 0.159375 0.781875 0.056250 0.058750
0 0.779375 0.514375 0.061250 0.061250
0 0.951875 0.814375 0.066250 0.066250
0 0.573125 0.179375 0.028750 0.028750
0 0.925625 0.125625 0.076250 0.076250
0 0.161250 0.307500 0.037500 0.037500
0 0.208750 0.555000 0.040000 0.040000
0 0.445000 0.145625 0.037500 0.036250
0 0.571875 0.674375 0.033750 0.033750
0 0.365625 0.240625 0.043750 0.043750
0 0.109375 0.081875 0.051250 0.051250
0 0.654375 0.833125 0.028750 0.028750
0 0.601250 0.822500 0.045000 0.045000
0 0.870625 0.043125 0.041250 0.041250
0 0.304375 0.516875 0.108750 0.108750
0 0.938750 0.670000 0.097500 0.097500
0 0.870625 0.934375 0.063750 0.063750
0 0.754375 0.771875 0.038750 0.038750
0 0.046875 0.564375 0.041250 0.041250
0 0.055625 0.818125 0.031250 0.031250
0 0.170000 0.076875 0.050000 0.043750
0 0.577500 0.591250 0.035000 0.030000
0 0.490625 0.289375 0.083750 0.068750
0 0.716250 0.038750 0.040000 0.040000
0 0.785625 0.431875 0.043750 0.043750
0 0.630000 0.232500 0.037500 0.037500
0 0.044375 0.409375 0.046250 0.046250
0 0.276875 0.383750 0.038750 0.035000
0 0.182500 0.501875 0.047500 0.043750
0 0.388750 0.645625 0.040000 0.036250
0 0.941250 0.036250 0.037500 0.037500
0 0.721875 0.333125 0.041250 0.041250