0 0.054375 0.119375 0.073750 0.076250
0 0.063750 0.563125 0.050000 0.051250
0 0.942500 0.819375 0.082500 0.098750
0 0.155625 0.520000 0.056250 0.067500
0 0.692500 0.626875 0.067500 0.081250
0 0.458750 0.758125 0.102500 0.123750
0 0.858750 0.450625 0.072500 0.093750
0 0.753750 0.265000 0.087500 0.087500
0 0.489375 0.521875 0.046250 0.046250
0 0.231250 0.119375 0.035000 0.033750
0 0.408750 0.183125 0.037500 0.036250
0 0.459375 0.860625 0.031250 0.031250
0 0.704375 0.869375 0.028750 0.028750
0 0.273125 0.232500 0.108750 0.117500
0 0.128750 0.336250 0.032500 0.035000
0 0.673750 0.495000 0.095000 0.102500
0 0.541250 0.292500 0.042500 0.042500
0 0.274375 0.836875 0.086250 0.086250
0 0.465000 0.080000 0.110000 0.110000
0 0.556875 0.518125 0.036250 0.036250
0 0.808750 0.163750 0.087500 0.087500
0 0.200625 0.421250 0.036250 0.025000
0 0.825000 0.902500 0.090000 0.065000
0 0.859375 0.635625 0.043750 0.031250
0 0.447500 0.580000 0.062500 0.045000
0 0.520000 0.378750 0.090000 0.090000
0 0.879375 0.245625 0.053750 0.053750
0 0.576250 0.048750 0.055000 0.055000
0 0.675625 0.145625 0.098750 0.098750
0 0.350000 0.405000 0.085000 0.085000
0 0.153750 0.197500 0.092500 0.092500
0 0.961875 0.319375 0.033750 0.033750
0 0.645000 0.337500 0.080000 0.110000
0 0.104375 0.665000 0.086250 0.117500
0 0.221875 0.594375 0.056250 0.076250
0 0.810625 0.684375 0.036250 0.036250
0 0.145625 0.874375 0.031250 0.031250
0 0.273750 0.695000 0.090000 0.090000
0 0.582500 0.772500 0.090000 0.100000
0 0.882500 0.339375 0.092500 0.108750
0 0.724375 0.728125 0.096250 0.096250
0 0.339375 0.583125 0.108750 0.108750
0 0.899375 0.564375 0.093750 0.093750
0 0.585625 0.146875 0.048750 0.048750
0 0.230000 0.495625 0.057500 0.046250
0 0.814375 0.555000 0.056250 0.045000
0 0.539375 0.237500 0.048750 0.047500
0 0.617500 0.925625 0.085000 0.083750
0 0.395000 0.951875 0.040000 0.038750
0 0.058125 0.270000 0.038750 0.037500
0 0.058750 0.947500 0.030000 0.030000
0 0.123125 0.936875 0.051250 0.051250
0 0.363125 0.855625 0.058750 0.058750
0 0.296250 0.071875 0.077500 0.073750
0 0.192500 0.788125 0.025000 0.023750
0 0.201250 0.842500 0.035000 0.035000
0 0.068125 0.862500 0.103750 0.082500
0 0.760625 0.426250 0.043750 0.035000
0 0.931875 0.122500 0.101250 0.080000
0 0.067500 0.392500 0.050000 0.050000
0 0.192500 0.681875 0.042500 0.066250
0 0.793750 0.356250 0.030000 0.030000
0 0.530000 0.912500 0.060000 0.060000
0 0.682500 0.057500 0.062500 0.045000
0 0.473750 0.640000 0.052500 0.050000
0 0.298750 0.493750 0.045000 0.042500
0 0.921250 0.727500 0.047500 0.047500
0 0.441250 0.275000 0.097500 0.090000
0 0.776875 0.057500 0.086250 0.080000
0 0.363125 0.039375 0.036250 0.033750
0 0.583750 0.662500 0.027500 0.025000
0 0.595000 0.593750 0.065000 0.065000
0 0.842500 0.773750 0.087500 0.087500