0 0.518750 0.945000 0.030000 0.030000
0 0.066250 0.868750 0.082500 0.082500
0 0.839375 0.173125 0.066250 0.066250
0 0.605625 0.356875 0.073750 0.073750
0 0.160625 0.050625 0.031250 0.031250
0 0.303125 0.394375 0.038750 0.031250
0 0.387500 0.718750 0.060000 0.060000
0 0.126875 0.115625 0.073750 0.073750
0 0.763750 0.063750 0.035000 0.035000
0 0.328750 0.196250 0.067500 0.067500
0 0.473125 0.141875 0.031250 0.031250
0 0.356875 0.321875 0.058750 0.058750
0 0.477500 0.557500 0.100000 0.100000
0 0.319375 0.696250 0.031250 0.040000
0 0.523125 0.771250 0.101250 0.130000
0 0.758750 0.671250 0.075000 0.075000
0 0.925625 0.440625 0.046250 0.046250
0 0.232500 0.388125 0.067500 0.068750
0 0.205000 0.511875 0.057500 0.058750
0 0.625625 0.130625 0.058750 0.058750
0 0.220625 0.748125 0.058750 0.058750
0 0.908750 0.360000 0.097500 0.087500
0 0.882500 0.622500 0.082500 0.082500
0 0.788750 0.877500 0.100000 0.100000
0 0.785625 0.415625 0.093750 0.093750
0 0.805000 0.768750 0.072500 0.072500
0 0.615000 0.577500 0.090000 0.090000
0 0.887500 0.513750 0.085000 0.082500
0 0.831250 0.094375 0.047500 0.046250
0 0.703750 0.325625 0.040000 0.038750
0 0.399375 0.032500 0.041250 0.040000
0 0.438125 0.806875 0.031250 0.031250
0 0.770000 0.543750 0.047500 0.047500
0 0.113125 0.260625 0.051250 0.051250
0 0.696250 0.395000 0.027500 0.027500
0 0.664375 0.786875 0.053750 0.053750
0 0.067500 0.756250 0.110000 0.110000
0 0.346250 0.565000 0.110000 0.110000
0 0.521250 0.387500 0.037500 0.037500
0 0.203125 0.630625 0.063750 0.056250
0 0.386250 0.083125 0.067500 0.041250
0 0.105625 0.650625 0.046250 0.046250
0 0.195000 0.850625 0.110000 0.131250
0 0.449375 0.304375 0.103750 0.093750
0 0.104375 0.536875 0.106250 0.096250
0 0.936875 0.770625 0.043750 0.038750
0 0.289375 0.071250 0.026250 0.022500
0 0.140000 0.356250 0.095000 0.095000
0 0.408750 0.431250 0.092500 0.092500
0 0.735625 0.146250 0.103750 0.107500
0 0.492500 0.633125 0.030000 0.031250
0 0.950000 0.045000 0.060000 0.062500
0 0.360000 0.926250 0.040000 0.040000
0 0.258125 0.940625 0.026250 0.026250
0 0.925000 0.891250 0.095000 0.095000
0 0.210625 0.316875 0.026250 0.026250
0 0.939375 0.189375 0.078750 0.078750
0 0.648750 0.900000 0.082500 0.082500
0 0.576875 0.243750 0.086250 0.057500
0 0.501250 0.678125 0.032500 0.038750
0 0.053750 0.936875 0.052500 0.038750
0 0.344375 0.809375 0.066250 0.058750
0 0.636250 0.711250 0.065000 0.055000
0 0.227500 0.281250 0.035000 0.025000
0 0.918125 0.713125 0.058750 0.036250
0 0.811250 0.277500 0.080000 0.080000
0 0.609375 0.066875 0.043750 0.043750
0 0.737500 0.752500 0.037500 0.037500
0 0.210000 0.206250 0.092500 0.092500
0 0.518750 0.066250 0.055000 0.055000
0 0.279375 0.715625 0.026250 0.031250
0 0.611250 0.458750 0.102500 0.102500
0 0.228750 0.065000 0.052500 0.052500
0 0.443750 0.916250 0.102500 0.090000
0 0.498750 0.441250 0.057500 0.050000
0 0.690625 0.261875 0.073750 0.073750
0 0.036250 0.250625 0.045000 0.051250
0 0.903750 0.257500 0.025000 0.025000
0 0.055000 0.307500 0.037500 0.040000
0 0.549375 0.874375 0.033750 0.033750
0 0.061250 0.040000 0.052500 0.052500
0 0.331875 0.457500 0.028750 0.027500