0 0.641875 0.848125 0.093750 0.093750
0 0.844375 0.304375 0.086250 0.086250
0 0.850625 0.441875 0.073750 0.073750
0 0.146875 0.451875 0.063750 0.063750
0 0.411250 0.698125 0.085000 0.078750
0 0.284375 0.677500 0.043750 0.040000
0 0.825000 0.898750 0.067500 0.067500
0 0.729375 0.788750 0.028750 0.037500
0 0.538125 0.263125 0.093750 0.093750
0 0.797500 0.547500 0.065000 0.065000
0 0.860000 0.131250 0.060000 0.060000
0 0.713750 0.343750 0.107500 0.105000
0 0.203125 0.160625 0.056250 0.056250
0 0.598750 0.432500 0.107500 0.107500
0 0.338750 0.566250 0.057500 0.057500
0 0.116250 0.936250 0.060000 0.060000
0 0.172500 0.752500 0.090000 0.090000
0 0.076875 0.346875 0.051250 0.051250
0 0.291875 0.504375 0.048750 0.048750
0 0.384375 0.890000 0.108750 0.090000
0 0.333750 0.792500 0.087500 0.072500
0 0.665000 0.171250 0.062500 0.075000
0 0.066875 0.803125 0.076250 0.091250
0 0.209375 0.085625 0.078750 0.078750
0 0.059375 0.446875 0.031250 0.031250
0 0.545000 0.585625 0.055000 0.048750
0 0.496875 0.140000 0.096250 0.085000
0 0.906875 0.572500 0.096250 0.090000
0 0.633750 0.676250 0.037500 0.037500
0 0.405000 0.258125 0.070000 0.056250
0 0.124375 0.526875 0.051250 0.041250
0 0.814375 0.836875 0.048750 0.038750
0 0.089375 0.101250 0.071250 0.057500
0 0.728750 0.652500 0.095000 0.095000
0 0.430625 0.476875 0.101250 0.101250
0 0.678750 0.097500 0.027500 0.027500