0 0.931875 0.739375 0.103750 0.103750
0 0.598750 0.416250 0.037500 0.037500
0 0.170625 0.541875 0.046250 0.046250
0 0.111875 0.090625 0.046250 0.043750
0 0.809375 0.364375 0.041250 0.038750
0 0.298125 0.496250 0.081250 0.077500
0 0.510000 0.924375 0.050000 0.043750
0 0.556875 0.660000 0.056250 0.057500
0 0.673750 0.831250 0.102500 0.102500
0 0.826875 0.089375 0.068750 0.068750
0 0.080000 0.635000 0.095000 0.095000
0 0.245000 0.132500 0.037500 0.037500
0 0.476250 0.292500 0.075000 0.075000
0 0.782500 0.553750 0.085000 0.085000
0 0.824375 0.846875 0.078750 0.078750
0 0.170625 0.126875 0.038750 0.043750
0 0.335000 0.768750 0.040000 0.037500
0 0.461250 0.801250 0.077500 0.072500
0 0.088125 0.421875 0.041250 0.038750
0 0.359375 0.326250 0.111250 0.105000
0 0.130625 0.844375 0.066250 0.066250
0 0.251875 0.330625 0.028750 0.021250
0 0.912500 0.060000 0.082500 0.082500
0 0.161875 0.280625 0.083750 0.083750
0 0.280625 0.944375 0.051250 0.051250
0 0.916875 0.455625 0.058750 0.058750
0 0.638125 0.349375 0.033750 0.033750
0 0.084375 0.496875 0.083750 0.083750
0 0.660625 0.512500 0.103750 0.112500
0 0.413750 0.903750 0.095000 0.102500
0 0.640000 0.730000 0.040000 0.040000
0 0.459375 0.670625 0.083750 0.083750
0 0.802500 0.220000 0.082500 0.082500
0 0.573750 0.207500 0.050000 0.050000
0 0.468750 0.108750 0.045000 0.045000
0 0.755625 0.056875 0.056250 0.056250
0 0.263750 0.396250 0.037500 0.037500
0 0.898750 0.617500 0.045000 0.045000
0 0.343125 0.085625 0.096250 0.101250
0 0.912500 0.933125 0.030000 0.031250
0 0.708750 0.311875 0.075000 0.068750
0 0.228750 0.683750 0.085000 0.077500
0 0.579375 0.102500 0.078750 0.085000
0 0.427500 0.189375 0.067500 0.068750
0 0.476875 0.521250 0.093750 0.095000
0 0.036250 0.733750 0.042500 0.042500
0 0.812500 0.771250 0.042500 0.042500
0 0.901250 0.318750 0.087500 0.087500
0 0.565625 0.824375 0.081250 0.081250
0 0.242500 0.595000 0.077500 0.077500
0 0.763750 0.755000 0.037500 0.037500
0 0.555625 0.737500 0.068750 0.070000
0 0.695625 0.943750 0.058750 0.060000
0 0.206875 0.759375 0.028750 0.033750
0 0.723750 0.680000 0.035000 0.042500
0 0.959375 0.943125 0.046250 0.056250
0 0.469375 0.414375 0.066250 0.061250
0 0.054375 0.924375 0.061250 0.056250
0 0.161875 0.378750 0.078750 0.072500
0 0.973750 0.076875 0.025000 0.023750
0 0.358750 0.635000 0.100000 0.097500
0 0.245625 0.841875 0.063750 0.061250
0 0.061250 0.281250 0.057500 0.062500
0 0.907500 0.542500 0.075000 0.082500
0 0.676875 0.147500 0.093750 0.087500