0 0.661250 0.865000 0.112500 0.112500
0 0.214375 0.091875 0.026250 0.026250
0 0.505000 0.676250 0.037500 0.037500
0 0.896250 0.351250 0.082500 0.082500
0 0.866250 0.721250 0.070000 0.075000
0 0.350625 0.528125 0.041250 0.043750
0 0.288750 0.878125 0.050000 0.056250
0 0.773750 0.410625 0.090000 0.101250
0 0.176875 0.610625 0.101250 0.113750
0 0.336250 0.752500 0.037500 0.037500
0 0.515000 0.058750 0.087500 0.087500
0 0.503750 0.363750 0.082500 0.082500
0 0.409375 0.698750 0.051250 0.047500
0 0.760625 0.731875 0.051250 0.058750
0 0.881250 0.575000 0.072500 0.082500
0 0.551875 0.516250 0.073750 0.085000
0 0.243125 0.431875 0.093750 0.093750
0 0.405000 0.332500 0.067500 0.067500
0 0.413125 0.120625 0.076250 0.076250
0 0.664375 0.730000 0.031250 0.037500
0 0.072500 0.106875 0.062500 0.076250
0 0.389375 0.907500 0.086250 0.105000
0 0.608125 0.375625 0.026250 0.031250
0 0.341250 0.426250 0.065000 0.065000
0 0.871875 0.473125 0.091250 0.091250
0 0.340000 0.145000 0.030000 0.030000
0 0.929375 0.198125 0.031250 0.031250
0 0.776875 0.559375 0.043750 0.043750
0 0.176250 0.781250 0.085000 0.090000
0 0.318750 0.660000 0.037500 0.040000
0 0.178750 0.327500 0.080000 0.085000
0 0.744375 0.291875 0.111250 0.118750
0 0.678125 0.550625 0.076250 0.061250
0 0.443750 0.530000 0.080000 0.080000
0 0.135000 0.901250 0.025000 0.025000
0 0.471875 0.751875 0.078750 0.031250
0 0.901250 0.837500 0.045000 0.045000
0 0.273125 0.553750 0.061250 0.062500
0 0.100000 0.419375 0.080000 0.081250
0 0.822500 0.931250 0.087500 0.077500
0 0.635000 0.308750 0.055000 0.060000
0 0.206250 0.919375 0.065000 0.071250
0 0.062500 0.768750 0.037500 0.040000
0 0.293125 0.323125 0.101250 0.101250
0 0.960000 0.743750 0.040000 0.040000
0 0.627500 0.030625 0.025000 0.018750
0 0.521875 0.849375 0.093750 0.093750
0 0.783750 0.837500 0.037500 0.030000
0 0.665625 0.176875 0.103750 0.083750
0 0.234375 0.203750 0.031250 0.025000
0 0.773750 0.123750 0.055000 0.045000
0 0.488125 0.258750 0.083750 0.065000
0 0.678750 0.396250 0.075000 0.075000
0 0.073125 0.296875 0.093750 0.093750
0 0.713750 0.093750 0.040000 0.040000
0 0.839375 0.244375 0.063750 0.061250
0 0.605625 0.648125 0.061250 0.061250
0 0.935625 0.089375 0.058750 0.058750
0 0.061875 0.583125 0.053750 0.053750
0 0.955625 0.894375 0.038750 0.046250
0 0.653125 0.248750 0.033750 0.040000
0 0.560000 0.936250 0.055000 0.062500
0 0.245000 0.746250 0.035000 0.035000
0 0.272500 0.113750 0.060000 0.060000
0 0.951250 0.693750 0.040000 0.040000
0 0.631250 0.093750 0.065000 0.065000
0 0.063125 0.513125 0.063750 0.063750
0 0.578125 0.716875 0.028750 0.028750
0 0.590000 0.585000 0.037500 0.037500
0 0.845625 0.048125 0.031250 0.031250
0 0.165625 0.158125 0.028750 0.036250
0 0.043125 0.184375 0.031250 0.031250
0 0.552500 0.651250 0.030000 0.030000
0 0.068750 0.828750 0.042500 0.042500
0 0.158125 0.250625 0.028750 0.028750
0 0.536875 0.174375 0.088750 0.088750
0 0.758125 0.635000 0.053750 0.042500
0 0.858750 0.151875 0.075000 0.071250
0 0.953125 0.950625 0.038750 0.038750
0 0.053125 0.901875 0.073750 0.071250
0 0.386875 0.805000 0.038750 0.037500
0 0.407500 0.260000 0.037500 0.037500
0 0.141250 0.078750 0.057500 0.057500
0 0.044375 0.673125 0.041250 0.041250
0 0.848750 0.645000 0.042500 0.042500
0 0.345625 0.211875 0.071250 0.088750
0 0.329375 0.820000 0.036250 0.032500
0 0.688125 0.621250 0.046250 0.052500
0 0.793750 0.043750 0.052500 0.052500
0 0.836875 0.839375 0.041250 0.041250
0 0.635625 0.476875 0.053750 0.053750