0 0.340625 0.068125 0.066250 0.066250
0 0.645625 0.796875 0.076250 0.076250
0 0.872500 0.350000 0.110000 0.090000
0 0.461875 0.686875 0.051250 0.051250
0 0.153125 0.060000 0.066250 0.055000
0 0.505625 0.043750 0.031250 0.025000
0 0.237500 0.503750 0.057500 0.047500
0 0.623125 0.531875 0.046250 0.046250
0 0.352500 0.323750 0.080000 0.080000
0 0.896250 0.647500 0.110000 0.087500
0 0.153750 0.341875 0.112500 0.088750
0 0.832500 0.464375 0.050000 0.038750
0 0.056875 0.091875 0.051250 0.043750
0 0.458125 0.561875 0.108750 0.093750
0 0.194375 0.150625 0.033750 0.028750
0 0.629375 0.657500 0.081250 0.070000
0 0.097500 0.912500 0.050000 0.042500
0 0.943125 0.485625 0.043750 0.033750
0 0.653125 0.070000 0.083750 0.087500
0 0.821875 0.090000 0.033750 0.035000
0 0.580000 0.184375 0.097500 0.101250
0 0.885000 0.768750 0.072500 0.072500
0 0.126875 0.625625 0.071250 0.071250
0 0.217500 0.808750 0.060000 0.060000
0 0.385625 0.175625 0.108750 0.108750
0 0.770000 0.753750 0.042500 0.042500
0 0.737500 0.262500 0.060000 0.057500
0 0.949375 0.090625 0.076250 0.073750
0 0.341250 0.663750 0.090000 0.087500
0 0.630000 0.417500 0.087500 0.085000
0 0.045625 0.373125 0.063750 0.061250
0 0.075000 0.751875 0.092500 0.096250
0 0.051250 0.209375 0.035000 0.026250
0 0.554375 0.299375 0.106250 0.081250
0 0.562500 0.801875 0.047500 0.036250
0 0.556250 0.907500 0.077500 0.047500
0 0.721875 0.643125 0.048750 0.046250
0 0.557500 0.566250 0.062500 0.060000
0 0.406250 0.913750 0.085000 0.082500
0 0.735625 0.356875 0.061250 0.058750
0 0.221875 0.668125 0.103750 0.103750
0 0.278750 0.365000 0.045000 0.045000
0 0.303750 0.772500 0.090000 0.090000
0 0.119375 0.485625 0.108750 0.121250
0 0.478750 0.775000 0.060000 0.067500
0 0.716875 0.911875 0.101250 0.101250
0 0.197500 0.218750 0.090000 0.090000
0 0.821875 0.898125 0.026250 0.026250
0 0.761250 0.476250 0.070000 0.070000
0 0.451250 0.302500 0.067500 0.067500
0 0.955000 0.735625 0.032500 0.033750
0 0.884375 0.910625 0.048750 0.051250
0 0.288750 0.199375 0.067500 0.071250
0 0.515000 0.450625 0.090000 0.096250
0 0.357500 0.536875 0.060000 0.046250
0 0.860625 0.206250 0.048750 0.037500
0 0.772500 0.555625 0.095000 0.073750
0 0.515000 0.111875 0.035000 0.026250
0 0.216250 0.922500 0.100000 0.100000
0 0.849375 0.143750 0.041250 0.037500
0 0.720625 0.181875 0.071250 0.066250
0 0.328125 0.926875 0.056250 0.056250
0 0.230000 0.068750 0.055000 0.055000
0 0.393125 0.456875 0.088750 0.088750
0 0.525625 0.674375 0.036250 0.036250
0 0.734375 0.819375 0.036250 0.036250
0 0.120000 0.233750 0.050000 0.050000
0 0.885000 0.541250 0.057500 0.057500
0 0.650625 0.290625 0.046250 0.046250
0 0.040000 0.651250 0.042500 0.047500
0 0.802500 0.038750 0.052500 0.052500
0 0.403125 0.758125 0.076250 0.076250
0 0.946250 0.258750 0.077500 0.077500
0 0.254375 0.294375 0.036250 0.036250
0 0.063750 0.275000 0.027500 0.027500
0 0.035000 0.511875 0.042500 0.056250
0 0.964375 0.801875 0.038750 0.038750
0 0.281250 0.420625 0.070000 0.041250
0 0.941250 0.178125 0.077500 0.046250
0 0.280000 0.561875 0.035000 0.036250