0 0.679375 0.903125 0.071250 0.071250
0 0.243125 0.145625 0.056250 0.056250
0 0.910000 0.290000 0.097500 0.097500
0 0.787500 0.098125 0.110000 0.088750
0 0.663750 0.092500 0.062500 0.062500
0 0.394375 0.623125 0.101250 0.101250
0 0.700625 0.808750 0.091250 0.095000
0 0.096875 0.765625 0.103750 0.108750
0 0.265000 0.902500 0.110000 0.115000
0 0.821250 0.181250 0.060000 0.062500
0 0.399375 0.835625 0.081250 0.063750
0 0.602500 0.717500 0.032500 0.032500
0 0.064375 0.130625 0.073750 0.068750
0 0.328750 0.316250 0.105000 0.097500
0 0.498125 0.200000 0.086250 0.080000
0 0.855625 0.744375 0.071250 0.066250
0 0.745625 0.519375 0.081250 0.081250
0 0.499375 0.458125 0.098750 0.096250
0 0.628750 0.521250 0.112500 0.110000
0 0.906875 0.958125 0.031250 0.023750
0 0.159375 0.573125 0.098750 0.078750
0 0.752500 0.662500 0.100000 0.137500
0 0.891875 0.622500 0.083750 0.115000
0 0.485000 0.812500 0.047500 0.065000
0 0.158125 0.179375 0.073750 0.101250
0 0.273750 0.550000 0.045000 0.045000
0 0.283750 0.726250 0.082500 0.082500
0 0.470000 0.336250 0.102500 0.102500
0 0.725625 0.425625 0.026250 0.026250
0 0.943750 0.377500 0.065000 0.060000
0 0.175000 0.101875 0.037500 0.033750
0 0.536250 0.932500 0.092500 0.085000
0 0.191875 0.745000 0.046250 0.040000
0 0.170000 0.313750 0.062500 0.062500
0 0.856250 0.490000 0.107500 0.117500
0 0.055625 0.370625 0.086250 0.086250
0 0.910625 0.145625 0.101250 0.096250
0 0.387500 0.722500 0.070000 0.062500
0 0.075625 0.472500 0.111250 0.100000
0 0.392500 0.192500 0.045000 0.040000
0 0.677500 0.318125 0.087500 0.078750
0 0.340625 0.239375 0.046250 0.038750
0 0.613750 0.174375 0.070000 0.058750
0 0.803750 0.832500 0.067500 0.057500
0 0.120625 0.873125 0.098750 0.083750
0 0.290625 0.403125 0.051250 0.036250
0 0.588125 0.113125 0.026250 0.018750
0 0.638750 0.635000 0.055000 0.040000
0 0.513750 0.581875 0.055000 0.053750
0 0.545625 0.855625 0.051250 0.043750
0 0.323125 0.050625 0.038750 0.033750
0 0.373125 0.480625 0.073750 0.073750
0 0.417500 0.092500 0.052500 0.050000
0 0.500000 0.111250 0.042500 0.040000
0 0.713125 0.220000 0.101250 0.097500
0 0.911250 0.837500 0.085000 0.085000
0 0.606250 0.415000 0.070000 0.070000
0 0.133125 0.665625 0.028750 0.048750
0 0.509375 0.668750 0.088750 0.092500
0 0.274375 0.625625 0.063750 0.066250
0 0.786250 0.346875 0.080000 0.091250
0 0.180625 0.401875 0.053750 0.061250
0 0.069375 0.647500 0.053750 0.040000
0 0.946875 0.518125 0.046250 0.051250
0 0.078125 0.208750 0.066250 0.070000
0 0.125000 0.943125 0.050000 0.031250
0 0.193750 0.478125 0.085000 0.053750
0 0.793125 0.271875 0.038750 0.038750
0 0.045000 0.065000 0.030000 0.030000
0 0.549375 0.048125 0.031250 0.031250
0 0.433750 0.920000 0.025000 0.022500
0 0.239375 0.300000 0.058750 0.055000
0 0.048125 0.284375 0.026250 0.026250
0 0.801875 0.930625 0.078750 0.078750
0 0.590625 0.321250 0.028750 0.040000
0 0.035625 0.933125 0.043750 0.043750
0 0.463125 0.879375 0.028750 0.028750
0 0.940625 0.061875 0.036250 0.036250
0 0.451875 0.041875 0.058750 0.033750
0 0.114375 0.059375 0.046250 0.046250
0 0.269375 0.233750 0.061250 0.052500