0 0.328750 0.333750 0.112500 0.115000
0 0.156250 0.344375 0.075000 0.076250
0 0.386875 0.710000 0.096250 0.097500
0 0.738750 0.838750 0.087500 0.087500
0 0.446875 0.085625 0.103750 0.103750
0 0.797500 0.492500 0.110000 0.110000
0 0.410625 0.587500 0.083750 0.107500
0 0.945000 0.741250 0.080000 0.057500
0 0.651250 0.191250 0.110000 0.110000
0 0.913125 0.455625 0.076250 0.076250
0 0.541875 0.316875 0.108750 0.108750
0 0.844375 0.070625 0.061250 0.061250
0 0.200000 0.177500 0.055000 0.062500
0 0.335625 0.096250 0.031250 0.035000
0 0.103125 0.225625 0.088750 0.101250
0 0.825625 0.598125 0.058750 0.073750
0 0.455000 0.424375 0.080000 0.076250
0 0.845000 0.784375 0.082500 0.088750
0 0.823750 0.696250 0.030000 0.032500
0 0.225000 0.896250 0.060000 0.065000
0 0.363125 0.246250 0.073750 0.025000
0 0.325000 0.051250 0.057500 0.020000
0 0.790625 0.320625 0.103750 0.103750
0 0.079375 0.074375 0.048750 0.048750
0 0.088750 0.850625 0.087500 0.093750
0 0.316875 0.885000 0.088750 0.095000
0 0.168750 0.741250 0.032500 0.032500
0 0.525000 0.563750 0.095000 0.095000
0 0.241875 0.514375 0.053750 0.053750
0 0.250625 0.623125 0.108750 0.103750
0 0.616250 0.716250 0.080000 0.070000
0 0.306875 0.175000 0.106250 0.085000
0 0.948750 0.881875 0.055000 0.043750
0 0.305625 0.538750 0.026250 0.020000
0 0.473125 0.723125 0.051250 0.051250
0 0.947500 0.378125 0.055000 0.018750
0 0.550625 0.886875 0.103750 0.036250
0 0.063750 0.513750 0.097500 0.097500
0 0.047500 0.327500 0.065000 0.065000
0 0.900000 0.643750 0.070000 0.070000
0 0.623125 0.450625 0.083750 0.083750
0 0.318125 0.478125 0.061250 0.061250
0 0.229375 0.075625 0.096250 0.096250
0 0.840000 0.183750 0.085000 0.085000
0 0.051875 0.615625 0.038750 0.038750
0 0.478750 0.813750 0.080000 0.072500
0 0.757500 0.045625 0.057500 0.051250
0 0.224375 0.784375 0.043750 0.038750
0 0.850000 0.919375 0.072500 0.063750
0 0.183125 0.258125 0.036250 0.036250
0 0.153750 0.590000 0.067500 0.067500
0 0.938125 0.538125 0.068750 0.068750
0 0.643125 0.536250 0.098750 0.065000
0 0.743750 0.700000 0.100000 0.115000
0 0.598750 0.063125 0.060000 0.068750
0 0.070000 0.411250 0.042500 0.070000
0 0.596250 0.644375 0.032500 0.053750
0 0.593125 0.806875 0.053750 0.053750
0 0.941875 0.190625 0.088750 0.088750
0 0.358125 0.796875 0.056250 0.041250
0 0.200625 0.698125 0.026250 0.018750
0 0.680625 0.307500 0.083750 0.100000
0 0.425000 0.211250 0.040000 0.025000
0 0.228750 0.432500 0.067500 0.042500
0 0.137500 0.926875 0.062500 0.038750
0 0.077500 0.713750 0.042500 0.042500
0 0.750625 0.149375 0.051250 0.051250
0 0.415625 0.930625 0.058750 0.058750
0 0.938125 0.285625 0.053750 0.053750
0 0.914375 0.060625 0.063750 0.063750
0 0.501250 0.213750 0.065000 0.065000
0 0.724375 0.941875 0.063750 0.063750
0 0.101875 0.138125 0.043750 0.043750
0 0.158750 0.456250 0.050000 0.030000
0 0.549375 0.156875 0.033750 0.033750
0 0.299375 0.730625 0.051250 0.051250
0 0.160625 0.813750 0.036250 0.040000
0 0.534375 0.059375 0.028750 0.031250
0 0.910000 0.946875 0.032500 0.036250
0 0.679375 0.089375 0.076250 0.076250
0 0.548750 0.483750 0.035000 0.035000
0 0.103125 0.757500 0.033750 0.030000