0 0.882500 0.270000 0.110000 0.110000
0 0.418750 0.448750 0.072500 0.072500
0 0.607500 0.355000 0.057500 0.057500
0 0.167500 0.057500 0.070000 0.070000
0 0.270625 0.105625 0.081250 0.088750
0 0.109375 0.626875 0.103750 0.113750
0 0.741875 0.728750 0.088750 0.097500
0 0.662500 0.870000 0.032500 0.035000
0 0.821250 0.605625 0.112500 0.116250
0 0.488125 0.179375 0.068750 0.068750
0 0.633750 0.638750 0.085000 0.085000
0 0.530625 0.861875 0.033750 0.033750
0 0.316250 0.805000 0.062500 0.062500
0 0.741250 0.440000 0.112500 0.097500
0 0.365625 0.118125 0.058750 0.056250
0 0.586250 0.477500 0.067500 0.065000
0 0.823750 0.822500 0.075000 0.072500
0 0.635000 0.103750 0.095000 0.092500
0 0.231250 0.830000 0.032500 0.032500
0 0.314375 0.549375 0.028750 0.028750
0 0.523125 0.079375 0.108750 0.108750
0 0.174375 0.366875 0.098750 0.098750
0 0.777500 0.250000 0.077500 0.077500
0 0.306875 0.476875 0.101250 0.101250
0 0.070000 0.122500 0.095000 0.095000
0 0.191250 0.231250 0.027500 0.027500
0 0.470000 0.563750 0.110000 0.110000
0 0.217500 0.700000 0.087500 0.087500
0 0.520625 0.693750 0.043750 0.047500
0 0.903125 0.131875 0.036250 0.038750
0 0.350625 0.925000 0.068750 0.075000
0 0.960000 0.080000 0.055000 0.055000
0 0.266250 0.242500 0.100000 0.100000
0 0.207500 0.926250 0.072500 0.060000
0 0.385625 0.355625 0.061250 0.056250
0 0.100000 0.262500 0.092500 0.085000
0 0.418125 0.800625 0.103750 0.103750
0 0.610000 0.812500 0.062500 0.062500
0 0.491875 0.320625 0.111250 0.116250
0 0.168750 0.170000 0.057500 0.052500
0 0.914375 0.459375 0.086250 0.086250
0 0.069375 0.391875 0.076250 0.098750
0 0.107500 0.898750 0.107500 0.140000
0 0.095625 0.505625 0.058750 0.076250
0 0.921875 0.784375 0.081250 0.081250
0 0.819375 0.166875 0.026250 0.026250
0 0.755625 0.170625 0.061250 0.061250
0 0.464375 0.930625 0.073750 0.073750
0 0.118750 0.787500 0.057500 0.057500
0 0.374375 0.206875 0.101250 0.101250
0 0.743750 0.081250 0.077500 0.077500
0 0.362500 0.048750 0.060000 0.060000
0 0.918750 0.603750 0.040000 0.052500
0 0.697500 0.290000 0.057500 0.075000
0 0.714375 0.598125 0.056250 0.046250
0 0.565625 0.931875 0.073750 0.061250
0 0.236250 0.590000 0.075000 0.062500
0 0.699375 0.172500 0.036250 0.030000
0 0.169375 0.453125 0.033750 0.033750
0 0.257500 0.371250 0.045000 0.045000
0 0.365000 0.618750 0.067500 0.067500
0 0.831250 0.361250 0.050000 0.050000
0 0.898750 0.371250 0.062500 0.062500
0 0.945625 0.926250 0.063750 0.045000
0 0.732500 0.930000 0.100000 0.070000
0 0.930625 0.705000 0.043750 0.030000
0 0.275625 0.912500 0.038750 0.037500
0 0.596250 0.411875 0.042500 0.041250
0 0.598125 0.219375 0.083750 0.083750
0 0.735000 0.812500 0.047500 0.047500
0 0.600625 0.551875 0.056250 0.043750
0 0.344375 0.711875 0.041250 0.041250