0 0.700625 0.574375 0.033750 0.033750
0 0.811875 0.178125 0.038750 0.038750
0 0.765000 0.325000 0.067500 0.067500
0 0.536250 0.505000 0.037500 0.037500
0 0.921875 0.145625 0.058750 0.063750
0 0.478125 0.834375 0.078750 0.078750
0 0.035625 0.551875 0.033750 0.033750
0 0.912500 0.818750 0.052500 0.040000
0 0.741250 0.838750 0.057500 0.062500
0 0.491875 0.212500 0.111250 0.120000
0 0.619375 0.920625 0.086250 0.093750
0 0.062500 0.316250 0.052500 0.052500
0 0.202500 0.556250 0.082500 0.072500
0 0.092500 0.698750 0.092500 0.092500
0 0.770625 0.254375 0.051250 0.051250
0 0.290625 0.128125 0.026250 0.026250
0 0.263750 0.262500 0.037500 0.037500
0 0.232500 0.870000 0.030000 0.030000
0 0.620000 0.800000 0.037500 0.035000
0 0.408750 0.673750 0.045000 0.042500
0 0.405000 0.087500 0.102500 0.097500
0 0.178125 0.714375 0.038750 0.033750
0 0.156875 0.953125 0.048750 0.041250
0 0.866250 0.385625 0.035000 0.028750
0 0.143750 0.045000 0.050000 0.042500
0 0.521250 0.395625 0.107500 0.091250
0 0.554375 0.070625 0.093750 0.093750
0 0.413125 0.471875 0.048750 0.048750
0 0.678125 0.283125 0.033750 0.033750
0 0.193125 0.794375 0.056250 0.056250
0 0.526875 0.708125 0.071250 0.118750
0 0.854375 0.290625 0.086250 0.143750
0 0.723750 0.728750 0.075000 0.125000
0 0.829375 0.079375 0.103750 0.103750
0 0.688750 0.938750 0.032500 0.027500
0 0.379375 0.369375 0.033750 0.033750
0 0.786250 0.490000 0.112500 0.112500
0 0.679375 0.099375 0.106250 0.106250
0 0.296875 0.920625 0.058750 0.058750
0 0.875000 0.498750 0.045000 0.045000
0 0.210000 0.148125 0.032500 0.033750
0 0.457500 0.324375 0.025000 0.026250
0 0.093750 0.470000 0.087500 0.087500
0 0.540000 0.940000 0.050000 0.050000
0 0.639375 0.235625 0.076250 0.046250
0 0.564375 0.560000 0.043750 0.047500
0 0.473125 0.466250 0.028750 0.025000
0 0.356250 0.445625 0.030000 0.026250
0 0.833750 0.912500 0.110000 0.110000
0 0.286875 0.724375 0.093750 0.093750
0 0.965625 0.616875 0.031250 0.031250
0 0.186875 0.295625 0.098750 0.098750
0 0.436875 0.738125 0.028750 0.028750
0 0.946875 0.701875 0.063750 0.063750
0 0.212500 0.057500 0.065000 0.065000
0 0.822500 0.817500 0.025000 0.025000
0 0.375625 0.590625 0.093750 0.093750
0 0.261875 0.432500 0.093750 0.097500
0 0.104375 0.821250 0.093750 0.082500
0 0.104375 0.157500 0.098750 0.102500
0 0.664375 0.370625 0.058750 0.061250
0 0.380000 0.912500 0.067500 0.070000
0 0.631250 0.668125 0.095000 0.098750
0 0.106250 0.611250 0.050000 0.050000
0 0.789375 0.606875 0.088750 0.081250
0 0.393750 0.293750 0.055000 0.055000
0 0.465625 0.938125 0.063750 0.058750
0 0.973750 0.887500 0.027500 0.025000
0 0.379375 0.787500 0.071250 0.062500
0 0.609375 0.747500 0.058750 0.037500
0 0.868750 0.592500 0.047500 0.047500
0 0.524375 0.606250 0.038750 0.027500
0 0.261875 0.641250 0.068750 0.050000
0 0.058125 0.045000 0.076250 0.055000
0 0.556875 0.823125 0.058750 0.058750
0 0.931250 0.537500 0.042500 0.042500
0 0.284375 0.512500 0.056250 0.037500
0 0.684375 0.517500 0.061250 0.050000
0 0.796875 0.700000 0.046250 0.045000
0 0.320625 0.210625 0.048750 0.048750