0 0.503125 0.643125 0.088750 0.078750
0 0.842500 0.430625 0.045000 0.053750
0 0.130625 0.183125 0.046250 0.056250
0 0.061250 0.810000 0.070000 0.070000
0 0.658750 0.193750 0.100000 0.100000
0 0.775625 0.323125 0.106250 0.106250
0 0.949375 0.838125 0.073750 0.073750
0 0.688750 0.828125 0.090000 0.056250
0 0.146250 0.513125 0.105000 0.066250
0 0.835625 0.868125 0.093750 0.058750
0 0.311875 0.544375 0.068750 0.043750
0 0.898125 0.504375 0.046250 0.043750
0 0.255000 0.190625 0.027500 0.026250
0 0.485625 0.862500 0.078750 0.077500
0 0.161875 0.407500 0.106250 0.105000
0 0.425625 0.612500 0.041250 0.047500
0 0.920000 0.666250 0.102500 0.120000
0 0.031250 0.564375 0.025000 0.028750
0 0.555000 0.176875 0.055000 0.063750
0 0.084375 0.276875 0.083750 0.083750
0 0.290000 0.901875 0.070000 0.056250
0 0.425625 0.074375 0.048750 0.038750
0 0.560000 0.515000 0.072500 0.057500
0 0.201250 0.678750 0.087500 0.087500
0 0.365000 0.362500 0.040000 0.040000
0 0.235000 0.752500 0.042500 0.042500
0 0.480000 0.322500 0.032500 0.032500
0 0.348125 0.784375 0.103750 0.096250
0 0.673125 0.680000 0.081250 0.057500
0 0.320625 0.197500 0.058750 0.060000
0 0.660000 0.573750 0.112500 0.115000
0 0.218125 0.073125 0.073750 0.073750
0 0.501875 0.380625 0.048750 0.048750
0 0.602500 0.692500 0.040000 0.040000
0 0.373750 0.466250 0.025000 0.025000
0 0.588750 0.421875 0.070000 0.083750
0 0.625625 0.070000 0.071250 0.082500
0 0.637500 0.310000 0.095000 0.100000
0 0.300625 0.311250 0.038750 0.040000
0 0.776250 0.221250 0.065000 0.067500
0 0.472500 0.166250 0.055000 0.055000
0 0.424375 0.895625 0.028750 0.028750
0 0.500000 0.090625 0.047500 0.041250
0 0.119375 0.746875 0.043750 0.038750
0 0.838125 0.553750 0.056250 0.042500
0 0.249375 0.845000 0.051250 0.037500
0 0.768125 0.524375 0.026250 0.018750
0 0.776875 0.698750 0.101250 0.100000
0 0.966875 0.256875 0.036250 0.036250
0 0.793750 0.788750 0.032500 0.032500
0 0.394375 0.686875 0.083750 0.083750
0 0.095000 0.908125 0.067500 0.061250
0 0.757500 0.443750 0.060000 0.055000
0 0.905625 0.098750 0.091250 0.082500
0 0.618125 0.783125 0.031250 0.021250
0 0.776250 0.609375 0.062500 0.043750
0 0.906875 0.930625 0.043750 0.043750
0 0.455000 0.775000 0.057500 0.050000
0 0.922500 0.387500 0.092500 0.105000
0 0.531875 0.319375 0.043750 0.048750
0 0.048750 0.125625 0.072500 0.088750
0 0.347500 0.899375 0.030000 0.036250
0 0.223750 0.298750 0.070000 0.085000
0 0.332500 0.596250 0.035000 0.042500
0 0.536875 0.246250 0.088750 0.035000
0 0.700000 0.061250 0.042500 0.042500
0 0.053750 0.466250 0.060000 0.077500
0 0.282500 0.428125 0.110000 0.143750
0 0.792500 0.125000 0.107500 0.107500
0 0.099375 0.654375 0.096250 0.096250
0 0.177500 0.887500 0.062500 0.062500
0 0.425625 0.446875 0.026250 0.028750
0 0.197500 0.587500 0.067500 0.055000
0 0.840000 0.935000 0.042500 0.042500
0 0.058750 0.375000 0.077500 0.077500
0 0.631875 0.908125 0.066250 0.066250
0 0.506875 0.934375 0.028750 0.028750
0 0.658750 0.487500 0.035000 0.035000
0 0.326250 0.076250 0.070000 0.070000
0 0.405625 0.262500 0.046250 0.040000
0 0.440000 0.525625 0.070000 0.056250
0 0.130625 0.073750 0.028750 0.022500