0 0.296875 0.887500 0.048750 0.045000
0 0.668125 0.816250 0.048750 0.045000
0 0.390000 0.148750 0.030000 0.027500
0 0.288750 0.450000 0.065000 0.057500
0 0.890625 0.912500 0.048750 0.042500
0 0.416875 0.390000 0.083750 0.075000
0 0.552500 0.218750 0.047500 0.047500
0 0.632500 0.351250 0.105000 0.105000
0 0.593125 0.480625 0.031250 0.031250
0 0.255000 0.223750 0.070000 0.070000
0 0.451250 0.273750 0.075000 0.075000
0 0.359375 0.658125 0.076250 0.078750
0 0.690625 0.132500 0.103750 0.107500
0 0.643125 0.910625 0.033750 0.033750
0 0.095000 0.037500 0.027500 0.032500
0 0.903750 0.500000 0.067500 0.067500
0 0.670000 0.496250 0.042500 0.042500
0 0.906875 0.713125 0.108750 0.108750
0 0.186875 0.406875 0.043750 0.043750
0 0.096250 0.173750 0.027500 0.027500
0 0.158750 0.075000 0.047500 0.047500
0 0.508125 0.411875 0.081250 0.081250
0 0.567500 0.836250 0.067500 0.067500
0 0.728125 0.586875 0.111250 0.111250
0 0.489375 0.159375 0.071250 0.051250
0 0.915000 0.240000 0.052500 0.037500
0 0.471875 0.826250 0.028750 0.020000
0 0.531875 0.668750 0.076250 0.055000
0 0.138750 0.542500 0.032500 0.032500
0 0.443125 0.489375 0.051250 0.051250
0 0.242500 0.085000 0.070000 0.082500
0 0.905625 0.116250 0.111250 0.132500
0 0.550000 0.911875 0.047500 0.056250
0 0.266875 0.365625 0.038750 0.046250
0 0.377500 0.906250 0.090000 0.085000
0 0.390000 0.796875 0.075000 0.048750
0 0.128125 0.829375 0.088750 0.088750
0 0.305625 0.744375 0.041250 0.041250
0 0.136875 0.664375 0.046250 0.046250
0 0.072500 0.455000 0.072500 0.072500
0 0.740625 0.860625 0.046250 0.046250
0 0.806250 0.440000 0.100000 0.100000
0 0.095625 0.273125 0.111250 0.111250
0 0.805000 0.048750 0.072500 0.072500
0 0.175000 0.463750 0.055000 0.055000
0 0.217500 0.923750 0.080000 0.080000
0 0.230000 0.788750 0.065000 0.065000
0 0.918125 0.588125 0.091250 0.091250
0 0.525625 0.553125 0.078750 0.078750
0 0.670625 0.253125 0.056250 0.056250
0 0.752500 0.321250 0.030000 0.020000
0 0.891250 0.331250 0.105000 0.070000
0 0.384375 0.216250 0.026250 0.017500
0 0.353125 0.521250 0.031250 0.020000
0 0.833125 0.226875 0.026250 0.026250
0 0.093750 0.100000 0.035000 0.032500
0 0.303750 0.821875 0.065000 0.061250
0 0.791250 0.720625 0.097500 0.093750
0 0.596250 0.105625 0.055000 0.063750
0 0.915000 0.836875 0.052500 0.061250
0 0.813125 0.924375 0.046250 0.053750
0 0.203125 0.579375 0.033750 0.038750
0 0.588750 0.571250 0.025000 0.025000
0 0.275000 0.538750 0.057500 0.057500
0 0.218750 0.650000 0.075000 0.075000
0 0.118125 0.940625 0.051250 0.051250
0 0.376250 0.078750 0.052500 0.052500
0 0.200625 0.325625 0.031250 0.031250
0 0.153125 0.168125 0.061250 0.061250
0 0.635625 0.603125 0.038750 0.038750
0 0.610625 0.678125 0.046250 0.046250
0 0.040000 0.915000 0.052500 0.052500
0 0.403125 0.734375 0.028750 0.028750
0 0.520625 0.054375 0.031250 0.031250
0 0.085000 0.580000 0.055000 0.055000
0 0.693125 0.039375 0.026250 0.026250
0 0.951875 0.938125 0.056250 0.056250
0 0.444375 0.085625 0.063750 0.063750
0 0.325000 0.352500 0.055000 0.055000
0 0.623750 0.728750 0.032500 0.032500
0 0.061875 0.682500 0.086250 0.082500
0 0.341250 0.275625 0.080000 0.076250
0 0.740000 0.271250 0.040000 0.037500
0 0.512500 0.718750 0.030000 0.030000
0 0.534375 0.298125 0.063750 0.063750
0 0.805000 0.347500 0.042500 0.042500
0 0.478750 0.920000 0.065000 0.065000
0 0.323750 0.175625 0.027500 0.028750
0 0.744375 0.936250 0.058750 0.062500