0 0.072500 0.328750 0.040000 0.045000
0 0.710000 0.934375 0.050000 0.056250
0 0.833750 0.762500 0.082500 0.092500
0 0.606875 0.210625 0.073750 0.073750
0 0.733750 0.250625 0.062500 0.061250
0 0.492500 0.408750 0.080000 0.077500
0 0.477500 0.731250 0.102500 0.100000
0 0.883125 0.436875 0.101250 0.098750
0 0.708125 0.121875 0.093750 0.093750
0 0.921875 0.150625 0.108750 0.111250
0 0.316250 0.682500 0.095000 0.097500
0 0.260625 0.578750 0.061250 0.062500
0 0.742500 0.459375 0.042500 0.038750
0 0.610000 0.903125 0.045000 0.041250
0 0.911250 0.803750 0.057500 0.057500
0 0.415000 0.608750 0.075000 0.075000
0 0.815625 0.859375 0.031250 0.031250
0 0.248125 0.826875 0.048750 0.048750
0 0.258750 0.401250 0.090000 0.090000
0 0.867500 0.923750 0.067500 0.067500
0 0.421875 0.525625 0.048750 0.058750
0 0.512500 0.146250 0.090000 0.097500
0 0.568750 0.535000 0.097500 0.097500
0 0.610000 0.035000 0.045000 0.045000
0 0.372500 0.463750 0.025000 0.025000
0 0.883125 0.603125 0.091250 0.091250
0 0.087500 0.666875 0.052500 0.046250
0 0.945625 0.225000 0.026250 0.022500
0 0.126875 0.777500 0.111250 0.097500
0 0.595625 0.358750 0.091250 0.080000
0 0.936875 0.334375 0.081250 0.081250
0 0.793750 0.571250 0.040000 0.040000
0 0.158750 0.145000 0.112500 0.112500
0 0.726875 0.330625 0.071250 0.071250
0 0.314375 0.860625 0.028750 0.028750
0 0.712500 0.540000 0.085000 0.085000
0 0.249375 0.131875 0.051250 0.053750
0 0.395625 0.855625 0.071250 0.071250
0 0.243125 0.913750 0.053750 0.037500
0 0.161875 0.406250 0.043750 0.030000
0 0.800625 0.213750 0.043750 0.030000
0 0.721875 0.846875 0.088750 0.073750
0 0.659375 0.458750 0.031250 0.025000
0 0.838125 0.328750 0.066250 0.055000
0 0.279375 0.295625 0.101250 0.083750
0 0.660625 0.726875 0.078750 0.078750
0 0.095000 0.536250 0.102500 0.102500
0 0.397500 0.113750 0.095000 0.095000
0 0.176250 0.256250 0.077500 0.077500
0 0.700625 0.623125 0.061250 0.061250
0 0.296875 0.502500 0.071250 0.050000
0 0.590000 0.829375 0.037500 0.026250
0 0.426875 0.040000 0.053750 0.037500
0 0.406250 0.257500 0.077500 0.077500
0 0.502500 0.892500 0.097500 0.097500
0 0.168750 0.633750 0.065000 0.065000
0 0.848750 0.051250 0.060000 0.060000
0 0.059375 0.060625 0.063750 0.063750
0 0.161250 0.912500 0.062500 0.062500
0 0.921875 0.049375 0.051250 0.051250
0 0.513750 0.261875 0.097500 0.096250
0 0.965625 0.909375 0.041250 0.036250
0 0.605000 0.123750 0.075000 0.067500
0 0.269375 0.220000 0.063750 0.045000
0 0.054375 0.861875 0.053750 0.053750
0 0.400625 0.366875 0.076250 0.076250
0 0.260625 0.045000 0.091250 0.052500
0 0.738125 0.041875 0.081250 0.046250
0 0.086250 0.448750 0.075000 0.042500