0 0.132500 0.907500 0.085000 0.112500
0 0.602500 0.091250 0.062500 0.062500
0 0.936875 0.319375 0.071250 0.071250
0 0.068750 0.161250 0.057500 0.057500
0 0.313750 0.110000 0.092500 0.092500
0 0.688125 0.326875 0.108750 0.131250
0 0.591250 0.696875 0.032500 0.038750
0 0.356250 0.383125 0.102500 0.123750
0 0.718125 0.604375 0.026250 0.031250
0 0.758750 0.168750 0.062500 0.060000
0 0.690625 0.089375 0.096250 0.061250
0 0.058750 0.743750 0.032500 0.020000
0 0.317500 0.713125 0.030000 0.018750
0 0.222500 0.370625 0.035000 0.021250
0 0.258750 0.262500 0.040000 0.040000
0 0.576875 0.500000 0.108750 0.110000
0 0.546250 0.286250 0.112500 0.112500
0 0.890625 0.848125 0.093750 0.093750
0 0.236250 0.478750 0.095000 0.095000
0 0.094375 0.536875 0.106250 0.106250
0 0.878750 0.433750 0.112500 0.112500
0 0.101875 0.240625 0.068750 0.068750
0 0.197500 0.141250 0.102500 0.102500
0 0.566875 0.600625 0.051250 0.051250
0 0.772500 0.825000 0.057500 0.057500
0 0.293750 0.815000 0.105000 0.105000
0 0.673750 0.938750 0.065000 0.065000
0 0.670625 0.172500 0.043750 0.045000
0 0.742500 0.705625 0.055000 0.048750
0 0.306875 0.951875 0.033750 0.041250
0 0.086875 0.388125 0.111250 0.111250
0 0.346875 0.639375 0.073750 0.073750
0 0.515625 0.159375 0.086250 0.076250
0 0.830000 0.943125 0.030000 0.026250
0 0.617500 0.841250 0.102500 0.090000
0 0.411875 0.800625 0.103750 0.091250
0 0.100000 0.813750 0.057500 0.047500
0 0.945000 0.571250 0.085000 0.070000
0 0.637500 0.746250 0.052500 0.042500
0 0.936250 0.138750 0.072500 0.055000
0 0.741875 0.905625 0.053750 0.048750
0 0.760625 0.536250 0.091250 0.072500
0 0.182500 0.708750 0.100000 0.080000
0 0.553125 0.400625 0.046250 0.036250
0 0.842500 0.085000 0.077500 0.077500
0 0.270000 0.626250 0.055000 0.055000
0 0.915000 0.230000 0.030000 0.030000
0 0.793750 0.292500 0.087500 0.087500
0 0.896250 0.708125 0.042500 0.038750
0 0.471250 0.589375 0.085000 0.078750
0 0.394375 0.221875 0.106250 0.098750
0 0.866250 0.657500 0.045000 0.045000
0 0.753750 0.448750 0.035000 0.035000
0 0.366250 0.536250 0.072500 0.072500
0 0.668125 0.703125 0.026250 0.026250