0 0.195000 0.878750 0.075000 0.075000
0 0.839375 0.274375 0.098750 0.098750
0 0.054375 0.175000 0.041250 0.050000
0 0.794375 0.654375 0.106250 0.128750
0 0.335000 0.401875 0.077500 0.093750
0 0.848125 0.180000 0.056250 0.057500
0 0.095625 0.603125 0.026250 0.026250
0 0.681875 0.056250 0.071250 0.072500
0 0.577500 0.055625 0.077500 0.078750
0 0.651250 0.442500 0.040000 0.040000
0 0.246250 0.741250 0.030000 0.030000
0 0.179375 0.490625 0.091250 0.091250
0 0.616250 0.263750 0.040000 0.040000
0 0.468125 0.640625 0.076250 0.076250
0 0.145625 0.374375 0.078750 0.068750
0 0.843750 0.843750 0.105000 0.092500
0 0.884375 0.042500 0.081250 0.050000
0 0.414375 0.886875 0.091250 0.056250
0 0.674375 0.256875 0.051250 0.036250
0 0.111875 0.835625 0.066250 0.066250
0 0.239375 0.630625 0.053750 0.053750
0 0.538125 0.904375 0.093750 0.093750
0 0.851875 0.478125 0.096250 0.096250
0 0.293125 0.929375 0.038750 0.038750
0 0.104375 0.743125 0.078750 0.078750
0 0.197500 0.116250 0.105000 0.105000
0 0.575625 0.664375 0.078750 0.078750
0 0.774375 0.348125 0.028750 0.028750
0 0.941875 0.351875 0.026250 0.026250
0 0.929375 0.291875 0.028750 0.028750
0 0.364375 0.654375 0.081250 0.081250
0 0.931875 0.631875 0.108750 0.148750
0 0.248125 0.288750 0.051250 0.070000
0 0.118125 0.929375 0.056250 0.076250
0 0.485625 0.257500 0.063750 0.077500
0 0.086875 0.038750 0.028750 0.035000
0 0.723750 0.331250 0.025000 0.030000
0 0.461250 0.063750 0.087500 0.087500
0 0.521875 0.169375 0.071250 0.071250
0 0.506875 0.350625 0.066250 0.066250
0 0.379375 0.559375 0.073750 0.073750
0 0.352500 0.162500 0.105000 0.105000
0 0.371250 0.797500 0.087500 0.087500
0 0.620625 0.323125 0.026250 0.026250
0 0.160000 0.643750 0.075000 0.102500
0 0.686250 0.655000 0.075000 0.102500
0 0.083125 0.515625 0.051250 0.048750
0 0.851875 0.357500 0.056250 0.050000
0 0.927500 0.845000 0.040000 0.040000
0 0.591875 0.146875 0.043750 0.043750
0 0.458750 0.941250 0.035000 0.035000
0 0.696250 0.842500 0.112500 0.112500
0 0.767500 0.187500 0.052500 0.052500
0 0.070000 0.331250 0.027500 0.027500
0 0.036250 0.395000 0.032500 0.032500
0 0.848750 0.756250 0.055000 0.055000
0 0.583125 0.569375 0.083750 0.083750
0 0.028125 0.084375 0.026250 0.026250
0 0.557500 0.456250 0.082500 0.082500
0 0.073125 0.256875 0.088750 0.088750
0 0.336875 0.274375 0.033750 0.033750
0 0.612500 0.826875 0.030000 0.028750
0 0.720000 0.515625 0.087500 0.083750
0 0.497500 0.761875 0.080000 0.076250
0 0.837500 0.115000 0.057500 0.055000
0 0.726250 0.415625 0.085000 0.081250
0 0.235625 0.566875 0.041250 0.041250
0 0.910625 0.094375 0.033750 0.033750
0 0.165625 0.243125 0.076250 0.076250
0 0.660625 0.750625 0.033750 0.031250
0 0.441875 0.425625 0.028750 0.026250
0 0.234375 0.397500 0.066250 0.062500
0 0.040000 0.853750 0.045000 0.045000
0 0.051250 0.938750 0.062500 0.062500