0 0.884375 0.903125 0.043750 0.043750
0 0.189375 0.173125 0.051250 0.051250
0 0.734375 0.216875 0.038750 0.038750
0 0.533750 0.033750 0.065000 0.042500
0 0.515625 0.412500 0.096250 0.095000
0 0.675000 0.628750 0.110000 0.107500
0 0.436875 0.608750 0.096250 0.095000
0 0.668750 0.834375 0.070000 0.068750
0 0.920625 0.501875 0.101250 0.093750
0 0.523750 0.691250 0.042500 0.042500
0 0.133125 0.065625 0.073750 0.073750
0 0.730000 0.413750 0.077500 0.077500
0 0.503125 0.121875 0.098750 0.098750
0 0.169375 0.671875 0.056250 0.061250
0 0.763750 0.849375 0.040000 0.038750
0 0.887500 0.313125 0.107500 0.106250
0 0.330625 0.136250 0.073750 0.072500
0 0.119375 0.160625 0.056250 0.056250
0 0.082500 0.291250 0.035000 0.035000
0 0.475000 0.755000 0.062500 0.062500
0 0.175000 0.567500 0.070000 0.070000
0 0.211875 0.885625 0.078750 0.078750
0 0.093125 0.758125 0.061250 0.061250
0 0.910625 0.684375 0.081250 0.081250
0 0.331250 0.895000 0.102500 0.102500
0 0.094375 0.412500 0.083750 0.085000
0 0.782500 0.084375 0.105000 0.106250
0 0.309375 0.723750 0.103750 0.067500
0 0.594375 0.380625 0.043750 0.028750
0 0.563125 0.936250 0.106250 0.070000
0 0.423125 0.114375 0.038750 0.041250
0 0.228125 0.346250 0.098750 0.107500
0 0.799375 0.631250 0.108750 0.117500
0 0.630000 0.117500 0.100000 0.100000
0 0.484375 0.490625 0.031250 0.031250
0 0.404375 0.250625 0.111250 0.111250
0 0.908750 0.146250 0.105000 0.105000
0 0.292500 0.505000 0.082500 0.082500
0 0.651250 0.270000 0.080000 0.080000
0 0.705625 0.518750 0.043750 0.037500
0 0.545000 0.235000 0.107500 0.092500
0 0.961875 0.431875 0.033750 0.028750
0 0.800000 0.922500 0.105000 0.090000
0 0.079375 0.575625 0.093750 0.093750
0 0.904375 0.798125 0.066250 0.066250
0 0.208125 0.073125 0.058750 0.058750
0 0.372500 0.430625 0.057500 0.098750
0 0.426250 0.891250 0.070000 0.120000
0 0.634375 0.739375 0.031250 0.031250
0 0.578750 0.520000 0.092500 0.092500
0 0.895000 0.402500 0.052500 0.052500
0 0.045000 0.208125 0.055000 0.043750
0 0.121250 0.870625 0.082500 0.086250
0 0.316875 0.605625 0.093750 0.098750
0 0.773125 0.294375 0.093750 0.098750
0 0.559375 0.798750 0.066250 0.110000
0 0.246250 0.618750 0.027500 0.045000
0 0.178750 0.471250 0.062500 0.062500
0 0.031250 0.468750 0.025000 0.025000
0 0.368125 0.519375 0.036250 0.036250
0 0.050000 0.088750 0.060000 0.060000
0 0.644375 0.426875 0.026250 0.026250
0 0.069375 0.679375 0.058750 0.056250
0 0.795000 0.515000 0.092500 0.090000
0 0.832500 0.406875 0.042500 0.041250
0 0.124375 0.948125 0.056250 0.053750
0 0.758125 0.747500 0.083750 0.075000
0 0.310625 0.231875 0.058750 0.058750
0 0.540000 0.618125 0.090000 0.081250
0 0.534375 0.327500 0.038750 0.042500
0 0.211875 0.776250 0.046250 0.050000
0 0.251875 0.166250 0.053750 0.042500
0 0.845000 0.835000 0.035000 0.035000
0 0.350625 0.056875 0.071250 0.071250
0 0.051250 0.841250 0.037500 0.037500
0 0.793750 0.210000 0.055000 0.055000
0 0.923125 0.606875 0.058750 0.058750
0 0.209375 0.231250 0.031250 0.032500
0 0.882500 0.957500 0.045000 0.022500
0 0.697500 0.901875 0.065000 0.033750
0 0.285000 0.791250 0.057500 0.030000