0 0.091875 0.449375 0.101250 0.101250
0 0.473750 0.908750 0.065000 0.065000
0 0.290625 0.888125 0.106250 0.106250
0 0.475000 0.356250 0.097500 0.097500
0 0.383125 0.029375 0.031250 0.031250
0 0.570000 0.082500 0.097500 0.097500
0 0.953125 0.790625 0.061250 0.061250
0 0.710625 0.399375 0.028750 0.028750
0 0.628125 0.311875 0.053750 0.053750
0 0.225625 0.420625 0.086250 0.086250
0 0.792500 0.535000 0.110000 0.110000
0 0.483750 0.553125 0.082500 0.073750
0 0.875625 0.391250 0.058750 0.052500
0 0.319375 0.175625 0.076250 0.068750
0 0.796875 0.920625 0.106250 0.096250
0 0.658750 0.452500 0.027500 0.027500
0 0.837500 0.670000 0.080000 0.080000
0 0.737500 0.045000 0.057500 0.057500
0 0.221875 0.586875 0.071250 0.071250
0 0.879375 0.760625 0.038750 0.038750
0 0.469375 0.220000 0.091250 0.075000
0 0.625000 0.202500 0.055000 0.055000
0 0.128125 0.197500 0.033750 0.062500
0 0.705000 0.501875 0.030000 0.056250
0 0.441875 0.764375 0.088750 0.166250
0 0.552500 0.720625 0.080000 0.076250
0 0.660000 0.861250 0.107500 0.102500
0 0.962500 0.215000 0.047500 0.045000
0 0.846250 0.133125 0.070000 0.066250
0 0.931875 0.494375 0.048750 0.048750
0 0.088750 0.330000 0.100000 0.100000
0 0.335625 0.595625 0.091250 0.091250
0 0.191875 0.094375 0.026250 0.026250
0 0.755625 0.256875 0.071250 0.071250
0 0.109375 0.814375 0.091250 0.091250
0 0.075625 0.088125 0.101250 0.101250
0 0.644375 0.641875 0.066250 0.066250
0 0.340625 0.448125 0.103750 0.103750
0 0.335625 0.720625 0.078750 0.078750
0 0.690625 0.124375 0.081250 0.081250
0 0.866250 0.310000 0.055000 0.055000
0 0.299375 0.325625 0.063750 0.063750
0 0.185625 0.303125 0.078750 0.063750
0 0.930625 0.574375 0.103750 0.083750
0 0.920000 0.850000 0.035000 0.027500
0 0.083750 0.936875 0.065000 0.068750
0 0.945625 0.130000 0.061250 0.065000
0 0.076250 0.684375 0.100000 0.106250
0 0.945625 0.696875 0.068750 0.073750
0 0.788750 0.802500 0.105000 0.092500
0 0.821875 0.058750 0.056250 0.062500
0 0.777500 0.385625 0.072500 0.081250
0 0.433750 0.097500 0.055000 0.055000
0 0.532500 0.463750 0.040000 0.040000