0 0.666875 0.523125 0.031250 0.031250
0 0.348125 0.883125 0.098750 0.098750
0 0.121250 0.060000 0.095000 0.095000
0 0.225625 0.935625 0.046250 0.048750
0 0.653750 0.156250 0.042500 0.045000
0 0.810625 0.144375 0.093750 0.098750
0 0.351875 0.378750 0.031250 0.025000
0 0.495625 0.860625 0.063750 0.051250
0 0.683750 0.073750 0.107500 0.087500
0 0.821250 0.448750 0.095000 0.095000
0 0.879375 0.753750 0.091250 0.060000
0 0.503750 0.656250 0.100000 0.065000
0 0.552500 0.590000 0.047500 0.047500
0 0.533125 0.296875 0.081250 0.081250
0 0.230625 0.221875 0.056250 0.056250
0 0.350625 0.789375 0.068750 0.068750
0 0.379375 0.129375 0.038750 0.038750
0 0.200000 0.547500 0.107500 0.107500
0 0.746875 0.566875 0.086250 0.086250
0 0.756250 0.220000 0.025000 0.025000
0 0.300000 0.247500 0.035000 0.035000
0 0.087500 0.300000 0.102500 0.102500
0 0.695625 0.398125 0.066250 0.066250
0 0.409375 0.535625 0.093750 0.113750
0 0.060625 0.533750 0.041250 0.047500
0 0.676250 0.755625 0.105000 0.196250
0 0.427500 0.303125 0.067500 0.126250
0 0.173125 0.318125 0.048750 0.091250
0 0.210000 0.785000 0.075000 0.140000
0 0.325625 0.706875 0.061250 0.061250
0 0.287500 0.137500 0.107500 0.095000
0 0.080625 0.911250 0.068750 0.060000
0 0.138125 0.418750 0.098750 0.087500
0 0.090625 0.668125 0.041250 0.036250
0 0.884375 0.604375 0.111250 0.111250
0 0.036250 0.465625 0.030000 0.023750
0 0.567500 0.740000 0.090000 0.072500
0 0.848125 0.929375 0.078750 0.078750
0 0.923750 0.339375 0.085000 0.083750
0 0.827500 0.248125 0.085000 0.083750
0 0.328125 0.585625 0.051250 0.051250
0 0.571250 0.456250 0.062500 0.062500
0 0.567500 0.138750 0.107500 0.107500
0 0.897500 0.127500 0.030000 0.030000
0 0.101875 0.760625 0.081250 0.081250
0 0.793750 0.846250 0.050000 0.050000
0 0.623125 0.591875 0.043750 0.043750
0 0.450000 0.762500 0.100000 0.100000
0 0.636250 0.948750 0.055000 0.050000
0 0.696250 0.292500 0.095000 0.055000
0 0.542500 0.803750 0.040000 0.022500
0 0.428125 0.194375 0.076250 0.076250
0 0.828125 0.044375 0.026250 0.026250
0 0.315625 0.050625 0.058750 0.058750
0 0.903750 0.417500 0.035000 0.035000
0 0.092500 0.173750 0.105000 0.105000
0 0.271250 0.371250 0.045000 0.042500
0 0.945000 0.821250 0.055000 0.055000