0 0.123750 0.793750 0.042500 0.042500
0 0.532500 0.915000 0.090000 0.090000
0 0.688750 0.521250 0.030000 0.027500
0 0.898125 0.436875 0.073750 0.073750
0 0.380000 0.770000 0.055000 0.055000
0 0.155000 0.268750 0.095000 0.095000
0 0.835000 0.260000 0.062500 0.062500
0 0.873125 0.751875 0.068750 0.063750
0 0.955000 0.849375 0.035000 0.033750
0 0.579375 0.158125 0.068750 0.066250
0 0.815000 0.853750 0.102500 0.100000
0 0.337500 0.476250 0.092500 0.090000
0 0.661875 0.366875 0.066250 0.066250
0 0.231875 0.383125 0.036250 0.036250
0 0.805625 0.091875 0.098750 0.098750
0 0.466875 0.293125 0.083750 0.083750
0 0.220625 0.523125 0.068750 0.068750
0 0.883125 0.359375 0.053750 0.053750
0 0.616250 0.516250 0.062500 0.062500
0 0.469375 0.690000 0.098750 0.105000
0 0.121250 0.595000 0.082500 0.087500
0 0.051875 0.165000 0.061250 0.065000
0 0.784375 0.353125 0.086250 0.086250
0 0.221875 0.184375 0.056250 0.056250
0 0.331250 0.642500 0.112500 0.112500
0 0.048125 0.751875 0.043750 0.043750
0 0.590000 0.357500 0.027500 0.027500
0 0.653125 0.109375 0.046250 0.046250
0 0.694375 0.783125 0.076250 0.076250
0 0.413125 0.160625 0.066250 0.066250
0 0.855625 0.609375 0.103750 0.103750
0 0.255625 0.800625 0.058750 0.058750
0 0.132500 0.109375 0.040000 0.031250
0 0.302500 0.351250 0.075000 0.075000
0 0.468125 0.493125 0.053750 0.053750
0 0.801875 0.462500 0.068750 0.077500
0 0.055000 0.349375 0.082500 0.093750
0 0.318750 0.165625 0.102500 0.116250
0 0.540625 0.778125 0.036250 0.041250
0 0.926875 0.182500 0.086250 0.087500
0 0.481250 0.391250 0.065000 0.065000
0 0.738750 0.226250 0.110000 0.110000
0 0.662500 0.610000 0.082500 0.082500
0 0.090625 0.470625 0.066250 0.058750
0 0.553750 0.055000 0.072500 0.065000
0 0.382500 0.885000 0.032500 0.032500
0 0.183125 0.704375 0.071250 0.071250
0 0.043125 0.598125 0.048750 0.048750
0 0.439375 0.049375 0.056250 0.056250
0 0.529375 0.590625 0.068750 0.068750
0 0.194375 0.903125 0.071250 0.071250
0 0.191875 0.086875 0.026250 0.026250
0 0.948125 0.586875 0.046250 0.046250
0 0.510000 0.832500 0.052500 0.052500
0 0.093125 0.730625 0.031250 0.033750
0 0.495000 0.150625 0.082500 0.088750
0 0.675000 0.935000 0.070000 0.075000
0 0.930625 0.269375 0.051250 0.051250
0 0.966250 0.447500 0.040000 0.040000
0 0.703125 0.054375 0.041250 0.041250
0 0.635625 0.700625 0.066250 0.066250
0 0.626875 0.257500 0.091250 0.110000
0 0.228125 0.454375 0.026250 0.031250
0 0.441250 0.802500 0.042500 0.042500
0 0.741250 0.693750 0.070000 0.052500
0 0.543750 0.286875 0.045000 0.033750
0 0.295000 0.917500 0.090000 0.090000