0 0.065625 0.472500 0.048750 0.075000
0 0.635625 0.860000 0.043750 0.067500
0 0.248750 0.833125 0.065000 0.098750
0 0.603750 0.075000 0.032500 0.032500
0 0.640625 0.452500 0.088750 0.097500
0 0.238125 0.267500 0.066250 0.072500
0 0.408750 0.701875 0.047500 0.051250
0 0.883750 0.793125 0.087500 0.096250
0 0.903125 0.418125 0.091250 0.076250
0 0.525625 0.156875 0.048750 0.048750
0 0.516875 0.656875 0.048750 0.048750
0 0.265000 0.111250 0.027500 0.027500
0 0.323750 0.406250 0.052500 0.052500
0 0.875625 0.225625 0.093750 0.093750
0 0.083125 0.852500 0.036250 0.032500
0 0.060000 0.245625 0.082500 0.083750
0 0.450625 0.480000 0.103750 0.105000
0 0.351875 0.561875 0.043750 0.043750
0 0.146250 0.756875 0.090000 0.091250
0 0.768125 0.372500 0.093750 0.102500
0 0.605625 0.251250 0.051250 0.045000
0 0.649375 0.104375 0.038750 0.028750
0 0.740000 0.920000 0.110000 0.082500
0 0.826250 0.943750 0.027500 0.020000
0 0.453750 0.181250 0.067500 0.070000
0 0.113125 0.376250 0.083750 0.082500
0 0.217500 0.394375 0.110000 0.108750
0 0.148750 0.208750 0.042500 0.042500
0 0.901250 0.106250 0.057500 0.057500
0 0.201250 0.122500 0.035000 0.035000
0 0.671875 0.593750 0.098750 0.087500
0 0.380625 0.386875 0.038750 0.038750
0 0.797500 0.593750 0.067500 0.067500
0 0.345000 0.172500 0.027500 0.027500
0 0.110625 0.098125 0.078750 0.086250
0 0.841875 0.709375 0.051250 0.051250
0 0.193750 0.551250 0.112500 0.112500
0 0.052500 0.668750 0.052500 0.052500
0 0.164375 0.865625 0.053750 0.053750
0 0.770000 0.763750 0.057500 0.057500
0 0.297500 0.667500 0.030000 0.030000
0 0.486875 0.876875 0.093750 0.093750
0 0.436875 0.631875 0.038750 0.038750
0 0.751875 0.259375 0.098750 0.098750
0 0.916250 0.946250 0.055000 0.055000
0 0.048750 0.590000 0.050000 0.050000
0 0.348750 0.275000 0.105000 0.105000
0 0.361875 0.094375 0.098750 0.098750
0 0.588125 0.349375 0.068750 0.063750
0 0.367500 0.893125 0.100000 0.093750
0 0.300000 0.183750 0.027500 0.027500
0 0.741875 0.479375 0.081250 0.081250
0 0.577500 0.710000 0.025000 0.025000
0 0.653125 0.766875 0.096250 0.096250
0 0.316875 0.785625 0.048750 0.048750
0 0.810000 0.110000 0.045000 0.045000
0 0.535000 0.092500 0.027500 0.027500
0 0.901875 0.335625 0.036250 0.028750
0 0.950625 0.325000 0.033750 0.030000
0 0.908125 0.606875 0.063750 0.063750
0 0.567500 0.665000 0.035000 0.035000
0 0.650000 0.145000 0.037500 0.037500
0 0.948125 0.503125 0.066250 0.066250
0 0.505625 0.574375 0.033750 0.031250
0 0.513125 0.354375 0.031250 0.028750
0 0.340625 0.723750 0.043750 0.047500
0 0.318125 0.478750 0.066250 0.072500
0 0.486875 0.098125 0.036250 0.038750
0 0.490000 0.766250 0.075000 0.075000
0 0.486250 0.290000 0.080000 0.080000
0 0.050000 0.786875 0.035000 0.038750
0 0.814375 0.510000 0.046250 0.052500
0 0.210625 0.650625 0.036250 0.041250