0 0.329375 0.350625 0.066250 0.066250
0 0.287500 0.796250 0.047500 0.047500
0 0.501250 0.657500 0.110000 0.110000
0 0.668750 0.620000 0.035000 0.035000
0 0.179375 0.174375 0.053750 0.053750
0 0.611875 0.260625 0.051250 0.051250
0 0.973750 0.326875 0.025000 0.023750
0 0.831250 0.242500 0.107500 0.107500
0 0.070000 0.720000 0.042500 0.042500
0 0.761250 0.401250 0.077500 0.077500
0 0.464375 0.503125 0.026250 0.026250
0 0.600625 0.363125 0.046250 0.046250
0 0.733750 0.112500 0.082500 0.082500
0 0.177500 0.352500 0.032500 0.032500
0 0.834375 0.671875 0.101250 0.101250
0 0.090625 0.293125 0.073750 0.071250
0 0.959375 0.176875 0.056250 0.053750
0 0.411875 0.831875 0.068750 0.066250
0 0.788750 0.783750 0.077500 0.075000
0 0.923750 0.681875 0.035000 0.013750
0 0.511875 0.251875 0.083750 0.083750
0 0.725000 0.311250 0.042500 0.042500
0 0.116875 0.838750 0.063750 0.077500
0 0.382500 0.680000 0.027500 0.032500
0 0.725000 0.791875 0.032500 0.038750
0 0.396875 0.485625 0.068750 0.083750
0 0.089375 0.608125 0.101250 0.101250
0 0.822500 0.930000 0.077500 0.077500
0 0.299375 0.685625 0.106250 0.098750
0 0.080000 0.410625 0.077500 0.071250
0 0.070625 0.110625 0.046250 0.046250
0 0.181250 0.832500 0.050000 0.050000
0 0.931250 0.631250 0.072500 0.072500
0 0.314375 0.888125 0.103750 0.103750
0 0.255000 0.222500 0.065000 0.065000
0 0.528750 0.568750 0.032500 0.032500
0 0.608750 0.693750 0.085000 0.085000
0 0.248125 0.501875 0.083750 0.093750
0 0.731875 0.601875 0.073750 0.073750
0 0.373750 0.111250 0.107500 0.107500
0 0.901875 0.781875 0.096250 0.096250
0 0.400625 0.734375 0.056250 0.056250
0 0.630000 0.056250 0.080000 0.080000
0 0.878750 0.481875 0.087500 0.083750
0 0.896250 0.101875 0.052500 0.056250
0 0.920625 0.903125 0.038750 0.041250
0 0.646875 0.805625 0.093750 0.093750
0 0.641250 0.539375 0.087500 0.103750
0 0.638125 0.916875 0.076250 0.091250
0 0.167500 0.726250 0.102500 0.102500
0 0.383125 0.574375 0.066250 0.066250
0 0.423750 0.314375 0.047500 0.046250
0 0.276875 0.145625 0.068750 0.066250
0 0.593125 0.436875 0.078750 0.076250
0 0.541250 0.858750 0.092500 0.102500
0 0.507500 0.144375 0.060000 0.053750
0 0.502500 0.067500 0.077500 0.077500
0 0.897500 0.357500 0.102500 0.102500
0 0.414375 0.375625 0.051250 0.051250
0 0.756875 0.668125 0.028750 0.016250
0 0.261250 0.312500 0.025000 0.020000
0 0.246875 0.406250 0.081250 0.082500
0 0.481250 0.775000 0.040000 0.040000
0 0.608125 0.155000 0.066250 0.067500
0 0.081250 0.197500 0.095000 0.095000
0 0.143750 0.496250 0.037500 0.030000
0 0.399375 0.220625 0.096250 0.086250
0 0.420000 0.930000 0.042500 0.042500
0 0.533125 0.948750 0.068750 0.047500