0 0.248750 0.382500 0.027500 0.027500
0 0.654375 0.755625 0.033750 0.033750
0 0.596250 0.571250 0.077500 0.077500
0 0.617500 0.466875 0.060000 0.071250
0 0.288125 0.284375 0.036250 0.036250
0 0.730625 0.139375 0.051250 0.051250
0 0.861250 0.892500 0.100000 0.100000
0 0.453125 0.177500 0.036250 0.037500
0 0.156875 0.481875 0.078750 0.078750
0 0.918125 0.801250 0.036250 0.035000
0 0.823125 0.172500 0.103750 0.102500
0 0.078750 0.363750 0.060000 0.052500
0 0.568750 0.836250 0.040000 0.035000
0 0.468750 0.816250 0.075000 0.075000
0 0.063125 0.899375 0.086250 0.086250
0 0.723750 0.921250 0.087500 0.087500
0 0.181875 0.578750 0.086250 0.090000
0 0.881875 0.522500 0.088750 0.092500
0 0.811250 0.735000 0.112500 0.117500
0 0.732500 0.290625 0.087500 0.091250
0 0.331875 0.443125 0.053750 0.053750
0 0.730000 0.526250 0.052500 0.052500
0 0.941875 0.080625 0.086250 0.086250
0 0.400000 0.653750 0.087500 0.087500
0 0.833750 0.618750 0.045000 0.030000
0 0.815000 0.453125 0.025000 0.016250
0 0.886875 0.352500 0.063750 0.042500
0 0.951875 0.601250 0.041250 0.027500
0 0.363125 0.799375 0.051250 0.051250
0 0.069375 0.771875 0.038750 0.038750
0 0.263125 0.036875 0.028750 0.028750
0 0.168125 0.353125 0.073750 0.073750
0 0.616875 0.269375 0.061250 0.053750
0 0.361250 0.373125 0.047500 0.041250
0 0.185000 0.803750 0.097500 0.097500
0 0.381250 0.266250 0.062500 0.062500
0 0.145000 0.711250 0.027500 0.027500
0 0.365625 0.910625 0.061250 0.061250
0 0.443125 0.935625 0.063750 0.043750
0 0.358125 0.194375 0.063750 0.063750
0 0.445625 0.474375 0.096250 0.096250
0 0.200625 0.050625 0.036250 0.048750
0 0.818750 0.372500 0.042500 0.057500
0 0.108750 0.132500 0.087500 0.120000
0 0.461875 0.305625 0.076250 0.076250
0 0.570000 0.101250 0.042500 0.042500
0 0.570625 0.668750 0.101250 0.102500
0 0.653750 0.036250 0.027500 0.027500
0 0.281250 0.849375 0.075000 0.096250
0 0.751250 0.595000 0.047500 0.047500
0 0.851250 0.052500 0.065000 0.065000
0 0.165625 0.263125 0.088750 0.088750
0 0.351875 0.066875 0.103750 0.103750
0 0.616250 0.915000 0.070000 0.072500
0 0.300625 0.686250 0.071250 0.067500
0 0.541875 0.295000 0.061250 0.057500
0 0.465000 0.086250 0.097500 0.097500
0 0.731250 0.402500 0.110000 0.110000
0 0.165625 0.906875 0.091250 0.091250
0 0.267500 0.176250 0.082500 0.082500
0 0.738750 0.026250 0.025000 0.025000
0 0.318750 0.543750 0.105000 0.105000
0 0.527500 0.482500 0.032500 0.032500
0 0.732500 0.836250 0.025000 0.025000
0 0.077500 0.607500 0.052500 0.052500
0 0.921875 0.725625 0.091250 0.091250
0 0.633125 0.091250 0.058750 0.060000
0 0.906875 0.620625 0.031250 0.031250
0 0.465000 0.391875 0.025000 0.046250
0 0.659375 0.670625 0.061250 0.056250
0 0.529375 0.933125 0.026250 0.023750
0 0.570625 0.190625 0.071250 0.071250
0 0.141875 0.656875 0.038750 0.038750
0 0.839375 0.272500 0.043750 0.047500
0 0.226250 0.705000 0.062500 0.062500
0 0.571250 0.755000 0.032500 0.032500
0 0.056250 0.276250 0.062500 0.062500
0 0.915625 0.210625 0.053750 0.053750