0 0.491250 0.438750 0.070000 0.070000
0 0.785000 0.813750 0.090000 0.080000
0 0.521250 0.792500 0.082500 0.072500
0 0.102500 0.523750 0.110000 0.097500
0 0.549375 0.578125 0.093750 0.066250
0 0.551250 0.660000 0.082500 0.057500
0 0.665000 0.120000 0.027500 0.027500
0 0.870000 0.470000 0.037500 0.045000
0 0.399375 0.838125 0.103750 0.098750
0 0.156875 0.776250 0.078750 0.072500
0 0.525625 0.120000 0.053750 0.052500
0 0.440000 0.540000 0.100000 0.100000
0 0.763750 0.198750 0.075000 0.075000
0 0.130625 0.680625 0.056250 0.056250
0 0.738750 0.477500 0.107500 0.107500
0 0.211250 0.083750 0.067500 0.067500
0 0.591875 0.436875 0.078750 0.078750
0 0.931875 0.346875 0.081250 0.081250
0 0.255625 0.250625 0.071250 0.071250
0 0.316875 0.385625 0.066250 0.066250
0 0.150625 0.866875 0.078750 0.078750
0 0.233125 0.346875 0.083750 0.086250
0 0.862500 0.120625 0.055000 0.056250
0 0.711250 0.905000 0.027500 0.027500
0 0.233125 0.525625 0.076250 0.078750
0 0.120625 0.176875 0.031250 0.031250
0 0.853125 0.554375 0.026250 0.026250
0 0.800000 0.376250 0.062500 0.062500
0 0.408125 0.685625 0.096250 0.096250
0 0.706250 0.650000 0.072500 0.072500
0 0.770625 0.069375 0.106250 0.106250
0 0.820000 0.678750 0.027500 0.027500
0 0.585625 0.301875 0.086250 0.086250
0 0.382500 0.141250 0.087500 0.087500
0 0.128750 0.041250 0.042500 0.042500
0 0.928750 0.571875 0.105000 0.103750
0 0.685000 0.750625 0.095000 0.093750
0 0.878750 0.806875 0.047500 0.046250
0 0.682500 0.380625 0.050000 0.038750
0 0.863750 0.908125 0.090000 0.068750
0 0.607500 0.909375 0.102500 0.078750
0 0.133750 0.128125 0.047500 0.046250
0 0.103750 0.244375 0.085000 0.083750
0 0.468750 0.926875 0.057500 0.056250
0 0.858750 0.266250 0.047500 0.047500
0 0.397500 0.916250 0.037500 0.035000
0 0.241875 0.435000 0.063750 0.060000
0 0.445000 0.028750 0.035000 0.032500
0 0.270625 0.816875 0.111250 0.103750
0 0.132500 0.345000 0.100000 0.100000
0 0.930000 0.109375 0.030000 0.046250
0 0.651875 0.185000 0.053750 0.052500
0 0.275000 0.707500 0.087500 0.085000
0 0.334375 0.538125 0.096250 0.093750
0 0.324375 0.933125 0.066250 0.066250
0 0.370625 0.286875 0.061250 0.061250
0 0.731875 0.261875 0.026250 0.026250
0 0.285000 0.141250 0.062500 0.062500
0 0.755625 0.910625 0.041250 0.041250
0 0.561875 0.209375 0.061250 0.061250
0 0.465625 0.253125 0.111250 0.111250
0 0.899375 0.669375 0.071250 0.071250
0 0.610625 0.128125 0.046250 0.046250
0 0.626250 0.047500 0.055000 0.055000
0 0.213750 0.610000 0.070000 0.065000
0 0.183750 0.178125 0.055000 0.036250
0 0.048125 0.720000 0.036250 0.060000
0 0.670000 0.293750 0.060000 0.075000
0 0.448125 0.359375 0.053750 0.066250
0 0.598125 0.775000 0.056250 0.070000
0 0.248750 0.890625 0.032500 0.026250
0 0.949375 0.431875 0.061250 0.061250
0 0.055000 0.128750 0.077500 0.077500
0 0.081875 0.841875 0.031250 0.031250
0 0.188125 0.705625 0.028750 0.028750
0 0.897500 0.057500 0.042500 0.042500
0 0.954375 0.850625 0.056250 0.056250
0 0.860625 0.379375 0.041250 0.041250
0 0.091250 0.751250 0.032500 0.032500
0 0.945000 0.229375 0.080000 0.078750
0 0.053750 0.907500 0.062500 0.062500
0 0.495000 0.046250 0.037500 0.037500
0 0.364375 0.048125 0.041250 0.041250
0 0.940625 0.735625 0.031250 0.031250
0 0.096875 0.600625 0.041250 0.041250
0 0.948125 0.780625 0.026250 0.026250
0 0.652500 0.571875 0.025000 0.023750
0 0.288750 0.631250 0.052500 0.052500