0 0.081875 0.873750 0.051250 0.085000
0 0.755000 0.254375 0.107500 0.178750
0 0.495000 0.367500 0.045000 0.075000
0 0.251250 0.120000 0.097500 0.080000
0 0.378125 0.669375 0.081250 0.066250
0 0.895000 0.211250 0.065000 0.065000
0 0.243750 0.373750 0.107500 0.107500
0 0.270000 0.559375 0.050000 0.058750
0 0.743750 0.920625 0.035000 0.041250
0 0.639375 0.569375 0.066250 0.066250
0 0.560625 0.840625 0.111250 0.143750
0 0.871875 0.753125 0.103750 0.103750
0 0.868750 0.588750 0.032500 0.032500
0 0.215000 0.836250 0.100000 0.092500
0 0.429375 0.241875 0.091250 0.083750
0 0.606250 0.171250 0.032500 0.030000
0 0.610000 0.321250 0.080000 0.052500
0 0.677500 0.955000 0.042500 0.027500
0 0.550000 0.250000 0.057500 0.057500
0 0.363750 0.870000 0.100000 0.100000
0 0.217500 0.201250 0.045000 0.045000
0 0.955000 0.525000 0.040000 0.040000
0 0.161250 0.543750 0.060000 0.060000
0 0.688125 0.412500 0.038750 0.032500
0 0.233125 0.718125 0.106250 0.106250
0 0.084375 0.316250 0.101250 0.095000
0 0.874375 0.517500 0.056250 0.052500
0 0.773750 0.813750 0.057500 0.057500
0 0.620000 0.701250 0.090000 0.090000
0 0.914375 0.101875 0.108750 0.108750
0 0.914375 0.374375 0.028750 0.028750
0 0.503750 0.695000 0.110000 0.110000
0 0.721875 0.079375 0.078750 0.086250
0 0.083750 0.571875 0.070000 0.071250
0 0.535000 0.530000 0.092500 0.092500
0 0.366875 0.076875 0.078750 0.078750
0 0.970000 0.443750 0.030000 0.030000
0 0.115625 0.195000 0.053750 0.052500
0 0.431875 0.350000 0.051250 0.050000
0 0.449375 0.083750 0.051250 0.050000
0 0.385000 0.755625 0.085000 0.083750
0 0.750000 0.585625 0.055000 0.053750
0 0.432500 0.573125 0.067500 0.061250
0 0.919375 0.286875 0.063750 0.058750
0 0.893750 0.893750 0.105000 0.127500
0 0.547500 0.053125 0.097500 0.081250
0 0.538750 0.597500 0.027500 0.022500
0 0.082500 0.663125 0.107500 0.088750
0 0.961250 0.213750 0.025000 0.020000
0 0.724375 0.660625 0.076250 0.076250
0 0.786250 0.457500 0.067500 0.067500
0 0.360625 0.456875 0.091250 0.091250
0 0.148750 0.478750 0.065000 0.025000
0 0.513125 0.430625 0.061250 0.023750
0 0.894375 0.441875 0.041250 0.016250
0 0.235625 0.287500 0.068750 0.027500