0 0.603125 0.716250 0.058750 0.057500
0 0.851875 0.221250 0.078750 0.077500
0 0.843750 0.065625 0.105000 0.101250
0 0.764375 0.387500 0.093750 0.090000
0 0.613750 0.419375 0.085000 0.081250
0 0.348750 0.708125 0.102500 0.098750
0 0.863750 0.330000 0.032500 0.032500
0 0.941250 0.878750 0.092500 0.092500
0 0.080625 0.292500 0.061250 0.057500
0 0.568125 0.042500 0.058750 0.055000
0 0.803125 0.721875 0.076250 0.058750
0 0.685000 0.232500 0.042500 0.042500
0 0.105000 0.571250 0.062500 0.062500
0 0.234375 0.808125 0.091250 0.091250
0 0.638125 0.868125 0.086250 0.086250
0 0.368750 0.188750 0.045000 0.035000
0 0.490000 0.853125 0.105000 0.103750
0 0.515000 0.672500 0.042500 0.055000
0 0.748125 0.187500 0.063750 0.082500
0 0.912500 0.535000 0.097500 0.097500
0 0.382500 0.067500 0.057500 0.057500
0 0.178750 0.222500 0.062500 0.062500
0 0.208125 0.713125 0.041250 0.041250
0 0.352500 0.422500 0.097500 0.097500
0 0.541875 0.310625 0.038750 0.038750
0 0.248125 0.303125 0.081250 0.081250
0 0.297500 0.072500 0.080000 0.080000
0 0.623750 0.111875 0.050000 0.048750
0 0.500000 0.551875 0.100000 0.146250
0 0.453750 0.214375 0.062500 0.091250
0 0.898750 0.672500 0.075000 0.110000
0 0.604375 0.608125 0.071250 0.103750
0 0.356250 0.897500 0.045000 0.045000
0 0.096250 0.723750 0.092500 0.100000
0 0.110000 0.936250 0.035000 0.037500
0 0.068125 0.391875 0.083750 0.083750
0 0.607500 0.293750 0.072500 0.072500
0 0.725625 0.820625 0.051250 0.051250
0 0.241250 0.598750 0.085000 0.085000
0 0.833125 0.853125 0.103750 0.103750
0 0.401875 0.524375 0.048750 0.048750
0 0.750000 0.516250 0.102500 0.102500
0 0.253125 0.915625 0.091250 0.091250
0 0.246875 0.405625 0.028750 0.028750
0 0.254375 0.493125 0.071250 0.071250
0 0.088750 0.068750 0.082500 0.082500
0 0.679375 0.729375 0.073750 0.066250
0 0.588750 0.195000 0.075000 0.067500
0 0.945625 0.351875 0.046250 0.046250
0 0.670625 0.353125 0.028750 0.028750
0 0.479375 0.110625 0.086250 0.086250
0 0.794375 0.638125 0.083750 0.083750