0 0.787500 0.467500 0.075000 0.082500
0 0.408125 0.854375 0.026250 0.028750
0 0.233125 0.203125 0.033750 0.036250
0 0.385000 0.458750 0.030000 0.032500
0 0.836875 0.760625 0.046250 0.046250
0 0.847500 0.167500 0.090000 0.097500
0 0.337500 0.842500 0.030000 0.032500
0 0.291875 0.361250 0.103750 0.080000
0 0.531875 0.776250 0.071250 0.055000
0 0.294375 0.736875 0.106250 0.106250
0 0.232500 0.252500 0.047500 0.047500
0 0.162500 0.731250 0.095000 0.095000
0 0.351250 0.090625 0.050000 0.053750
0 0.634375 0.756875 0.108750 0.108750
0 0.045625 0.779375 0.063750 0.063750
0 0.872500 0.433750 0.032500 0.032500
0 0.871875 0.931875 0.041250 0.041250
0 0.452500 0.603750 0.082500 0.095000
0 0.310000 0.210000 0.072500 0.072500
0 0.521875 0.493125 0.066250 0.066250
0 0.722500 0.747500 0.032500 0.032500
0 0.112500 0.128750 0.035000 0.035000
0 0.276250 0.850000 0.065000 0.065000
0 0.620625 0.353125 0.103750 0.103750
0 0.921875 0.816250 0.063750 0.072500
0 0.786875 0.058125 0.043750 0.048750
0 0.631250 0.578750 0.077500 0.087500
0 0.799375 0.679375 0.073750 0.083750
0 0.178750 0.336250 0.067500 0.067500
0 0.259375 0.546875 0.073750 0.098750
0 0.801875 0.356875 0.093750 0.066250
0 0.916250 0.284375 0.070000 0.076250
0 0.097500 0.873750 0.080000 0.080000
0 0.738750 0.258750 0.085000 0.085000
0 0.600625 0.183125 0.101250 0.101250
0 0.488750 0.095000 0.105000 0.105000
0 0.708750 0.893125 0.112500 0.103750
0 0.150625 0.060625 0.088750 0.081250
0 0.399375 0.383125 0.093750 0.093750
0 0.060625 0.228750 0.096250 0.095000
0 0.947500 0.541250 0.030000 0.030000
0 0.419375 0.267500 0.101250 0.102500
0 0.088125 0.361875 0.026250 0.026250
0 0.125000 0.448750 0.077500 0.077500
0 0.621875 0.499375 0.033750 0.033750
0 0.875000 0.565000 0.032500 0.032500