0 0.226875 0.719375 0.086250 0.076250
0 0.821250 0.792500 0.025000 0.025000
0 0.438750 0.832500 0.045000 0.045000
0 0.805625 0.610625 0.051250 0.051250
0 0.706875 0.473125 0.096250 0.096250
0 0.218750 0.540000 0.092500 0.092500
0 0.111875 0.058125 0.053750 0.053750
0 0.427500 0.441250 0.095000 0.095000
0 0.480000 0.123750 0.045000 0.045000
0 0.926875 0.418125 0.051250 0.051250
0 0.243125 0.193125 0.103750 0.126250
0 0.686250 0.606875 0.100000 0.121250
0 0.554375 0.090625 0.061250 0.073750
0 0.103750 0.567500 0.082500 0.082500
0 0.972500 0.150000 0.027500 0.027500
0 0.354375 0.566875 0.066250 0.066250
0 0.904375 0.703125 0.048750 0.038750
0 0.492500 0.295000 0.045000 0.035000
0 0.862500 0.933750 0.085000 0.067500
0 0.745000 0.318125 0.082500 0.088750
0 0.118750 0.845000 0.062500 0.067500
0 0.309375 0.930625 0.056250 0.061250
0 0.570000 0.806250 0.067500 0.067500
0 0.812500 0.121250 0.110000 0.110000
0 0.328750 0.742500 0.070000 0.070000
0 0.575000 0.232500 0.067500 0.067500
0 0.731250 0.878750 0.070000 0.070000
0 0.341875 0.194375 0.048750 0.053750
0 0.214375 0.639375 0.056250 0.061250
0 0.413750 0.245625 0.065000 0.071250
0 0.318125 0.405625 0.103750 0.113750
0 0.074375 0.125625 0.066250 0.063750
0 0.850625 0.268125 0.096250 0.096250
0 0.497500 0.690000 0.110000 0.110000
0 0.646250 0.738750 0.057500 0.057500
0 0.073125 0.386875 0.053750 0.053750
0 0.542500 0.536250 0.102500 0.102500
0 0.036250 0.593125 0.027500 0.026250
0 0.259375 0.075625 0.058750 0.058750
0 0.691875 0.073125 0.076250 0.076250
0 0.081250 0.265000 0.092500 0.092500
0 0.919375 0.561250 0.106250 0.127500
0 0.443750 0.932500 0.077500 0.080000
0 0.374375 0.919375 0.033750 0.033750
0 0.233750 0.321250 0.037500 0.037500
0 0.561250 0.907500 0.112500 0.112500
0 0.403750 0.122500 0.045000 0.045000
0 0.361250 0.838750 0.070000 0.070000
0 0.125000 0.663750 0.090000 0.090000
0 0.443750 0.540000 0.050000 0.050000
0 0.895000 0.804375 0.090000 0.108750
0 0.187500 0.398750 0.042500 0.042500
0 0.941875 0.073125 0.076250 0.076250
0 0.728125 0.764375 0.078750 0.081250
0 0.603750 0.341250 0.102500 0.105000
0 0.226250 0.885000 0.092500 0.095000
0 0.927500 0.346250 0.030000 0.030000
0 0.403750 0.171250 0.035000 0.035000
0 0.601875 0.636875 0.041250 0.041250
0 0.826250 0.837500 0.030000 0.037500
0 0.811875 0.480625 0.093750 0.093750
0 0.955000 0.285000 0.052500 0.052500
0 0.081250 0.758750 0.085000 0.085000
0 0.336250 0.285000 0.052500 0.047500
0 0.310000 0.072500 0.025000 0.025000
0 0.626250 0.471250 0.045000 0.045000
0 0.039375 0.861875 0.048750 0.048750
0 0.667500 0.173750 0.080000 0.080000
0 0.503125 0.199375 0.048750 0.043750
0 0.194375 0.786875 0.048750 0.043750