0 0.973125 0.151250 0.028750 0.035000
0 0.303750 0.747500 0.077500 0.055000
0 0.751875 0.541250 0.101250 0.072500
0 0.446875 0.265000 0.036250 0.025000
0 0.688125 0.748125 0.106250 0.106250
0 0.244375 0.941875 0.048750 0.048750
0 0.138125 0.678125 0.041250 0.041250
0 0.318125 0.923125 0.071250 0.071250
0 0.443750 0.488750 0.040000 0.040000
0 0.741250 0.636250 0.067500 0.067500
0 0.397500 0.145000 0.050000 0.050000
0 0.266250 0.838750 0.027500 0.027500
0 0.240000 0.607500 0.062500 0.062500
0 0.270000 0.390625 0.097500 0.098750
0 0.881250 0.690625 0.057500 0.058750
0 0.555625 0.923125 0.038750 0.038750
0 0.613125 0.556875 0.111250 0.113750
0 0.741875 0.891875 0.026250 0.026250
0 0.502500 0.535625 0.027500 0.026250
0 0.581250 0.271875 0.042500 0.041250
0 0.235000 0.253750 0.080000 0.077500
0 0.106250 0.425000 0.062500 0.062500
0 0.751875 0.308125 0.056250 0.056250
0 0.408750 0.926250 0.045000 0.045000
0 0.890625 0.840625 0.086250 0.086250
0 0.183750 0.791250 0.095000 0.095000
0 0.105625 0.505625 0.028750 0.028750
0 0.470000 0.400000 0.095000 0.095000
0 0.712500 0.402500 0.060000 0.060000
0 0.672500 0.151250 0.060000 0.060000
0 0.918125 0.350625 0.091250 0.091250
0 0.878750 0.567500 0.110000 0.110000
0 0.092500 0.595000 0.082500 0.082500
0 0.512500 0.126250 0.032500 0.032500
0 0.051875 0.166875 0.056250 0.058750
0 0.402500 0.713125 0.047500 0.048750
0 0.885625 0.151875 0.096250 0.126250
0 0.751250 0.051250 0.057500 0.075000
0 0.534375 0.051875 0.038750 0.051250
0 0.346250 0.556250 0.077500 0.077500
0 0.200000 0.072500 0.102500 0.102500
0 0.400000 0.060000 0.070000 0.070000
0 0.773750 0.128750 0.060000 0.060000
0 0.613750 0.352500 0.095000 0.095000
0 0.584375 0.671875 0.053750 0.053750
0 0.474375 0.209375 0.071250 0.071250
0 0.370625 0.458125 0.086250 0.086250
0 0.151250 0.910000 0.112500 0.112500
0 0.069375 0.674375 0.026250 0.026250
0 0.548125 0.781875 0.046250 0.046250
0 0.447500 0.840000 0.040000 0.040000
0 0.317500 0.277500 0.060000 0.060000
0 0.481875 0.320625 0.026250 0.026250
0 0.122500 0.277500 0.092500 0.092500
0 0.637500 0.883750 0.095000 0.095000
0 0.586875 0.185625 0.096250 0.096250
0 0.231875 0.493125 0.108750 0.086250
0 0.070625 0.063750 0.073750 0.070000
0 0.826875 0.260000 0.076250 0.072500
0 0.945625 0.446250 0.076250 0.072500
0 0.471875 0.715000 0.073750 0.070000
0 0.441875 0.603750 0.088750 0.092500
0 0.277500 0.683750 0.045000 0.045000
0 0.200000 0.700000 0.040000 0.040000
0 0.294375 0.073125 0.066250 0.066250
0 0.811250 0.407500 0.067500 0.067500
0 0.800625 0.775625 0.071250 0.071250
0 0.601875 0.095625 0.028750 0.028750
0 0.612500 0.443750 0.077500 0.065000
0 0.389375 0.369375 0.051250 0.048750
0 0.156875 0.178125 0.053750 0.053750
0 0.360000 0.631250 0.052500 0.052500
0 0.503125 0.946875 0.036250 0.036250
0 0.055000 0.943750 0.060000 0.060000
0 0.945625 0.755625 0.048750 0.056250
0 0.077500 0.780625 0.095000 0.108750
0 0.694375 0.041875 0.036250 0.036250