0 0.080000 0.725625 0.047500 0.046250
0 0.792500 0.354375 0.107500 0.106250
0 0.268750 0.180625 0.050000 0.048750
0 0.765000 0.803125 0.037500 0.038750
0 0.601250 0.456250 0.072500 0.067500
0 0.775625 0.650625 0.106250 0.106250
0 0.367500 0.477500 0.107500 0.107500
0 0.749375 0.760625 0.028750 0.028750
0 0.205625 0.553125 0.051250 0.058750
0 0.101875 0.871875 0.083750 0.096250
0 0.501875 0.488125 0.051250 0.058750
0 0.931875 0.903750 0.076250 0.087500
0 0.174375 0.708125 0.061250 0.053750
0 0.862500 0.935000 0.030000 0.030000
0 0.169375 0.233125 0.106250 0.103750
0 0.679375 0.244375 0.103750 0.101250
0 0.274375 0.400000 0.048750 0.047500
0 0.551875 0.181875 0.061250 0.058750
0 0.811250 0.029375 0.037500 0.026250
0 0.873750 0.673750 0.072500 0.072500
0 0.857500 0.800000 0.102500 0.102500
0 0.156250 0.332500 0.070000 0.070000
0 0.433125 0.624375 0.086250 0.086250
0 0.918750 0.303750 0.062500 0.062500
0 0.580625 0.870625 0.111250 0.111250
0 0.790625 0.533125 0.101250 0.101250
0 0.215625 0.911875 0.103750 0.103750
0 0.345000 0.321875 0.030000 0.036250
0 0.187500 0.086250 0.062500 0.047500
0 0.455000 0.475000 0.025000 0.025000
0 0.300000 0.746250 0.042500 0.042500
0 0.730625 0.094375 0.093750 0.093750
0 0.826250 0.246250 0.082500 0.082500
0 0.678125 0.831875 0.068750 0.068750
0 0.548125 0.583125 0.108750 0.108750
0 0.621875 0.368750 0.088750 0.085000
0 0.075625 0.117500 0.046250 0.047500
0 0.483750 0.312500 0.112500 0.117500
0 0.460000 0.193125 0.095000 0.098750
0 0.432500 0.076875 0.077500 0.086250
0 0.173125 0.440625 0.041250 0.046250
0 0.808750 0.891875 0.050000 0.056250
0 0.838125 0.153125 0.046250 0.051250
0 0.293750 0.092500 0.092500 0.112500
0 0.943125 0.184375 0.056250 0.068750
0 0.119375 0.584375 0.106250 0.106250
0 0.395625 0.865625 0.108750 0.126250
0 0.723125 0.918125 0.038750 0.023750
0 0.928750 0.588750 0.097500 0.060000
0 0.134375 0.940000 0.041250 0.025000
0 0.916250 0.442500 0.105000 0.065000
0 0.752500 0.442500 0.045000 0.045000
0 0.679375 0.701875 0.038750 0.038750
0 0.538750 0.721250 0.087500 0.087500
0 0.083125 0.250625 0.046250 0.046250
0 0.296875 0.664375 0.081250 0.081250
0 0.098125 0.439375 0.061250 0.058750
0 0.583750 0.080000 0.110000 0.110000
0 0.461250 0.415000 0.062500 0.060000
0 0.230000 0.815000 0.070000 0.067500
0 0.946875 0.700000 0.051250 0.050000
0 0.663125 0.928750 0.038750 0.037500
0 0.730625 0.167500 0.026250 0.022500
0 0.153750 0.776250 0.065000 0.062500
0 0.059375 0.350625 0.061250 0.058750