0 0.138125 0.724375 0.076250 0.046250
0 0.296875 0.635625 0.098750 0.098750
0 0.933750 0.353750 0.050000 0.050000
0 0.735625 0.645625 0.046250 0.046250
0 0.101875 0.908125 0.101250 0.101250
0 0.085625 0.531875 0.096250 0.096250
0 0.788750 0.122500 0.090000 0.090000
0 0.912500 0.246250 0.075000 0.075000
0 0.210000 0.266250 0.080000 0.080000
0 0.545625 0.770625 0.046250 0.046250
0 0.441875 0.124375 0.078750 0.078750
0 0.550625 0.675625 0.048750 0.048750
0 0.518125 0.062500 0.053750 0.032500
0 0.475000 0.655625 0.075000 0.078750
0 0.205000 0.109375 0.067500 0.071250
0 0.808125 0.368125 0.056250 0.058750
0 0.245625 0.488125 0.108750 0.103750
0 0.603750 0.950000 0.052500 0.050000
0 0.135625 0.063125 0.046250 0.043750
0 0.754375 0.453125 0.053750 0.051250
0 0.838750 0.628750 0.085000 0.085000
0 0.653750 0.731250 0.090000 0.090000
0 0.259375 0.926875 0.106250 0.093750
0 0.587500 0.476250 0.052500 0.052500
0 0.769375 0.906875 0.041250 0.036250
0 0.772500 0.219375 0.092500 0.081250
0 0.492500 0.345625 0.060000 0.038750
0 0.906250 0.489375 0.075000 0.048750
0 0.071250 0.222500 0.055000 0.035000
0 0.344375 0.487500 0.058750 0.037500
0 0.496875 0.858125 0.038750 0.038750
0 0.488750 0.476250 0.072500 0.072500
0 0.933125 0.744375 0.053750 0.053750
0 0.655000 0.386250 0.100000 0.100000
0 0.701250 0.940000 0.070000 0.070000
0 0.806875 0.761250 0.108750 0.110000
0 0.395000 0.211250 0.060000 0.060000
0 0.385000 0.585625 0.030000 0.021250
0 0.578125 0.179375 0.028750 0.028750
0 0.385000 0.386250 0.112500 0.112500
0 0.048750 0.325000 0.052500 0.052500
0 0.295625 0.071875 0.056250 0.056250
0 0.066875 0.404375 0.088750 0.088750
0 0.591875 0.861875 0.046250 0.046250
0 0.430625 0.769375 0.093750 0.093750
0 0.865000 0.895000 0.110000 0.110000
0 0.617500 0.071875 0.077500 0.093750
0 0.641250 0.605000 0.110000 0.132500
0 0.413125 0.900625 0.088750 0.086250
0 0.916875 0.558750 0.056250 0.055000
0 0.657500 0.228750 0.110000 0.107500
0 0.926250 0.043750 0.065000 0.062500
0 0.120625 0.651250 0.088750 0.070000
0 0.303125 0.732500 0.088750 0.070000
0 0.826250 0.445000 0.027500 0.027500
0 0.791250 0.516250 0.042500 0.042500
0 0.515000 0.931875 0.067500 0.063750
0 0.548125 0.242500 0.083750 0.080000
0 0.318750 0.248125 0.075000 0.071250
0 0.660000 0.859375 0.075000 0.071250
0 0.120625 0.141875 0.056250 0.088750
0 0.308750 0.822500 0.030000 0.047500
0 0.225000 0.344375 0.060000 0.056250
0 0.208125 0.189375 0.041250 0.038750
0 0.350000 0.132500 0.027500 0.025000