0 0.481875 0.729375 0.076250 0.076250
0 0.898750 0.111250 0.040000 0.040000
0 0.825625 0.573125 0.058750 0.058750
0 0.520000 0.596250 0.102500 0.102500
0 0.123750 0.745000 0.060000 0.055000
0 0.376250 0.317500 0.100000 0.092500
0 0.822500 0.279375 0.045000 0.041250
0 0.634375 0.483750 0.046250 0.042500
0 0.070625 0.631875 0.033750 0.038750
0 0.316875 0.141875 0.066250 0.066250
0 0.499375 0.909375 0.103750 0.103750
0 0.126250 0.333750 0.040000 0.040000
0 0.733125 0.338125 0.106250 0.106250
0 0.540625 0.295625 0.111250 0.113750
0 0.483125 0.066875 0.041250 0.041250
0 0.522500 0.450625 0.087500 0.088750
0 0.749375 0.571250 0.053750 0.055000
0 0.097500 0.255625 0.062500 0.061250
0 0.780000 0.919375 0.100000 0.098750
0 0.897500 0.473125 0.085000 0.083750
0 0.562500 0.125000 0.032500 0.032500
0 0.141250 0.883125 0.087500 0.091250
0 0.419375 0.218125 0.076250 0.076250
0 0.375625 0.551875 0.041250 0.041250
0 0.636250 0.773750 0.110000 0.132500
0 0.771250 0.077500 0.075000 0.070000
0 0.910625 0.661875 0.086250 0.081250
0 0.934375 0.166250 0.056250 0.052500
0 0.921250 0.260625 0.107500 0.101250
0 0.143125 0.399375 0.073750 0.073750
0 0.910000 0.838750 0.062500 0.055000
0 0.155000 0.655000 0.040000 0.035000
0 0.371250 0.462500 0.107500 0.107500
0 0.128750 0.511875 0.100000 0.101250
0 0.921250 0.565000 0.055000 0.042500
0 0.906875 0.046250 0.071250 0.067500
0 0.217500 0.866250 0.030000 0.027500
0 0.365000 0.670625 0.062500 0.058750
0 0.790625 0.195625 0.051250 0.048750
0 0.293750 0.058750 0.030000 0.027500
0 0.059375 0.124375 0.091250 0.083750
0 0.267500 0.720000 0.057500 0.052500
0 0.245000 0.618125 0.110000 0.101250
0 0.752500 0.738750 0.082500 0.082500
0 0.232500 0.275000 0.112500 0.112500
0 0.380625 0.838125 0.038750 0.038750
0 0.378125 0.905625 0.081250 0.081250
0 0.055625 0.375625 0.071250 0.071250
0 0.168750 0.131250 0.080000 0.080000
0 0.840000 0.051250 0.045000 0.045000
0 0.627500 0.105000 0.062500 0.062500
0 0.398750 0.072500 0.050000 0.057500
0 0.762500 0.458750 0.070000 0.085000
0 0.611250 0.601875 0.065000 0.078750
0 0.181250 0.770000 0.032500 0.032500
0 0.248125 0.114375 0.056250 0.056250
0 0.823750 0.657500 0.035000 0.035000
0 0.239375 0.504375 0.068750 0.068750
0 0.226875 0.798125 0.036250 0.036250
0 0.263750 0.373750 0.032500 0.027500
0 0.616250 0.891875 0.082500 0.071250
0 0.498750 0.163750 0.037500 0.037500
0 0.705000 0.172500 0.055000 0.055000
0 0.968125 0.790625 0.028750 0.028750
0 0.773125 0.828125 0.068750 0.068750
0 0.942500 0.372500 0.045000 0.045000
0 0.357500 0.767500 0.072500 0.072500
0 0.436875 0.592500 0.036250 0.035000
0 0.280000 0.933125 0.075000 0.076250
0 0.502500 0.815625 0.067500 0.068750
0 0.489375 0.204375 0.028750 0.028750
0 0.259375 0.439375 0.033750 0.033750
0 0.941875 0.745625 0.043750 0.043750
0 0.543750 0.040000 0.050000 0.050000
0 0.576875 0.173125 0.038750 0.038750
0 0.702500 0.632500 0.050000 0.050000