0 0.753750 0.038750 0.037500 0.037500
0 0.635000 0.419375 0.045000 0.041250
0 0.105000 0.302500 0.095000 0.087500
0 0.361250 0.828125 0.097500 0.098750
0 0.825000 0.403125 0.070000 0.071250
0 0.152500 0.458750 0.047500 0.047500
0 0.691875 0.210000 0.108750 0.110000
0 0.951250 0.715000 0.045000 0.045000
0 0.774375 0.823125 0.066250 0.066250
0 0.091875 0.660625 0.081250 0.081250
0 0.231875 0.710625 0.081250 0.081250
0 0.366250 0.153750 0.112500 0.112500
0 0.296250 0.248750 0.042500 0.042500
0 0.633125 0.564375 0.111250 0.111250
0 0.496250 0.852500 0.040000 0.042500
0 0.606875 0.775000 0.096250 0.102500
0 0.118125 0.523750 0.031250 0.032500
0 0.134375 0.768750 0.043750 0.052500
0 0.506875 0.204375 0.036250 0.036250
0 0.047500 0.816250 0.027500 0.027500
0 0.075000 0.738750 0.055000 0.055000
0 0.890625 0.059375 0.046250 0.046250
0 0.475000 0.388750 0.062500 0.062500
0 0.461875 0.761875 0.036250 0.036250
0 0.938125 0.640625 0.083750 0.086250
0 0.118125 0.176250 0.051250 0.052500
0 0.953750 0.856250 0.025000 0.025000
0 0.903125 0.315625 0.073750 0.073750
0 0.370000 0.427500 0.062500 0.062500
0 0.705000 0.747500 0.055000 0.055000
0 0.262500 0.363750 0.067500 0.067500
0 0.586875 0.329375 0.086250 0.086250
0 0.103750 0.843750 0.067500 0.067500
0 0.336875 0.545625 0.048750 0.048750
0 0.258125 0.855625 0.091250 0.106250
0 0.308125 0.453750 0.033750 0.032500
0 0.798750 0.647500 0.072500 0.070000
0 0.221875 0.077500 0.111250 0.107500
0 0.498750 0.611250 0.097500 0.095000
0 0.790625 0.511250 0.051250 0.062500
0 0.933125 0.485625 0.083750 0.083750
0 0.748750 0.910000 0.090000 0.090000
0 0.805000 0.222500 0.080000 0.080000
0 0.179375 0.626875 0.041250 0.036250
0 0.121250 0.931875 0.062500 0.056250
0 0.554375 0.939375 0.053750 0.048750
0 0.700000 0.681250 0.055000 0.050000
0 0.504375 0.159375 0.033750 0.033750
0 0.262500 0.460000 0.040000 0.040000
0 0.357500 0.712500 0.087500 0.087500
0 0.480625 0.499375 0.106250 0.103750
0 0.661875 0.116875 0.081250 0.053750
0 0.326250 0.488750 0.030000 0.020000
0 0.583125 0.453125 0.043750 0.028750
0 0.896250 0.943125 0.077500 0.051250
0 0.795000 0.737500 0.070000 0.070000
0 0.530625 0.070625 0.106250 0.106250
0 0.538125 0.833125 0.026250 0.026250
0 0.628750 0.872500 0.072500 0.072500
0 0.206250 0.170000 0.047500 0.047500
0 0.581250 0.196250 0.032500 0.032500
0 0.373750 0.918750 0.047500 0.047500
0 0.729375 0.360625 0.093750 0.093750
0 0.893125 0.815000 0.066250 0.057500
0 0.927500 0.163750 0.105000 0.105000
0 0.514375 0.290625 0.038750 0.038750
0 0.341875 0.349375 0.061250 0.061250
0 0.205000 0.247500 0.082500 0.082500
0 0.441875 0.278125 0.091250 0.091250
0 0.254375 0.629375 0.028750 0.028750
0 0.253750 0.541250 0.050000 0.060000
0 0.471875 0.698125 0.048750 0.058750
0 0.791250 0.122500 0.062500 0.062500
0 0.490000 0.807500 0.027500 0.027500
0 0.803125 0.579375 0.026250 0.026250
0 0.613750 0.662500 0.035000 0.027500
0 0.720625 0.449375 0.071250 0.056250
0 0.043750 0.119375 0.045000 0.036250
0 0.188750 0.547500 0.035000 0.035000
0 0.694375 0.044375 0.061250 0.061250
0 0.428125 0.914375 0.046250 0.046250
0 0.052500 0.056250 0.072500 0.072500
0 0.945625 0.390625 0.048750 0.048750
0 0.374375 0.623125 0.068750 0.068750
0 0.381875 0.493125 0.033750 0.028750
0 0.875000 0.726875 0.062500 0.053750
0 0.607500 0.940000 0.025000 0.025000
0 0.065000 0.935000 0.027500 0.030000
0 0.056250 0.476875 0.075000 0.081250
0 0.934375 0.084375 0.026250 0.023750
0 0.843125 0.586875 0.026250 0.026250
0 0.348125 0.281875 0.038750 0.038750
0 0.710000 0.505000 0.027500 0.027500
0 0.671250 0.956875 0.025000 0.016250
0 0.838750 0.870625 0.040000 0.026250
0 0.185625 0.375625 0.051250 0.033750
0 0.118125 0.110625 0.043750 0.043750