0 0.100000 0.701250 0.092500 0.075000
0 0.497500 0.737500 0.092500 0.112500
0 0.258750 0.584375 0.032500 0.038750
0 0.615000 0.219375 0.045000 0.053750
0 0.392500 0.668125 0.077500 0.093750
0 0.161875 0.495625 0.086250 0.088750
0 0.373750 0.846875 0.067500 0.068750
0 0.137500 0.127500 0.110000 0.105000
0 0.407500 0.372500 0.090000 0.085000
0 0.480000 0.957500 0.035000 0.032500
0 0.793750 0.171875 0.072500 0.068750
0 0.559375 0.307500 0.063750 0.062500
0 0.267500 0.873750 0.095000 0.087500
0 0.426250 0.485000 0.090000 0.090000
0 0.740625 0.683750 0.046250 0.052500
0 0.656250 0.894375 0.107500 0.123750
0 0.646250 0.504375 0.062500 0.071250
0 0.790625 0.753750 0.041250 0.047500
0 0.501875 0.846875 0.078750 0.078750
0 0.877500 0.292500 0.075000 0.075000
0 0.865625 0.385625 0.036250 0.036250
0 0.692500 0.602500 0.082500 0.082500
0 0.188125 0.799375 0.033750 0.033750
0 0.867500 0.541875 0.080000 0.081250
0 0.915000 0.840625 0.085000 0.076250
0 0.402500 0.560000 0.035000 0.035000
0 0.508750 0.130000 0.057500 0.057500
0 0.798750 0.850000 0.102500 0.102500
0 0.365625 0.195625 0.086250 0.061250
0 0.205625 0.029375 0.033750 0.023750
0 0.083125 0.041250 0.063750 0.045000
0 0.285000 0.361875 0.112500 0.123750
0 0.935000 0.946875 0.040000 0.043750
0 0.210625 0.693125 0.106250 0.116250
0 0.727500 0.504375 0.060000 0.036250
0 0.048125 0.945625 0.063750 0.038750
0 0.327500 0.070625 0.075000 0.046250
0 0.956875 0.152500 0.036250 0.022500
0 0.424375 0.054375 0.071250 0.071250
0 0.580000 0.644375 0.070000 0.058750
0 0.593750 0.406875 0.077500 0.066250
0 0.898750 0.667500 0.057500 0.057500
0 0.265625 0.486875 0.063750 0.063750
0 0.117500 0.811250 0.092500 0.092500
0 0.100000 0.357500 0.057500 0.057500
0 0.633750 0.113750 0.080000 0.080000
0 0.677500 0.768750 0.040000 0.040000
0 0.752500 0.410000 0.100000 0.100000
0 0.475625 0.251875 0.026250 0.026250
0 0.266875 0.187500 0.068750 0.050000
0 0.509375 0.591875 0.053750 0.053750
0 0.268125 0.273125 0.031250 0.031250
0 0.821875 0.061250 0.096250 0.097500
0 0.173125 0.235000 0.071250 0.072500
0 0.808750 0.676875 0.057500 0.046250
0 0.696875 0.273750 0.086250 0.070000
0 0.911250 0.745625 0.080000 0.063750
0 0.305000 0.703750 0.065000 0.065000
0 0.143750 0.412500 0.032500 0.017500
0 0.720000 0.170000 0.042500 0.022500
0 0.836875 0.614375 0.036250 0.018750
0 0.061875 0.576250 0.093750 0.112500
0 0.958750 0.571875 0.057500 0.068750
0 0.343125 0.925625 0.041250 0.048750
0 0.306250 0.550625 0.035000 0.041250
0 0.675000 0.707500 0.062500 0.062500
0 0.923125 0.078125 0.091250 0.091250
0 0.326875 0.630000 0.031250 0.030000
0 0.382500 0.765000 0.057500 0.057500
0 0.161250 0.571250 0.047500 0.047500
0 0.153125 0.935625 0.051250 0.051250
0 0.922500 0.378750 0.055000 0.055000
0 0.411875 0.936250 0.063750 0.050000
0 0.387500 0.287500 0.042500 0.042500
0 0.589375 0.735625 0.068750 0.068750
0 0.096875 0.286875 0.053750 0.053750
0 0.174375 0.366875 0.036250 0.036250
0 0.853750 0.468750 0.040000 0.040000
0 0.545625 0.053125 0.076250 0.076250