0 0.645625 0.222500 0.091250 0.095000
0 0.499375 0.279375 0.103750 0.108750
0 0.228750 0.085000 0.035000 0.035000
0 0.903125 0.389375 0.071250 0.071250
0 0.108125 0.638125 0.103750 0.103750
0 0.670625 0.131875 0.041250 0.041250
0 0.928750 0.117500 0.060000 0.060000
0 0.208750 0.902500 0.077500 0.077500
0 0.315000 0.426250 0.107500 0.107500
0 0.779375 0.704375 0.061250 0.058750
0 0.301250 0.221250 0.032500 0.030000
0 0.832500 0.787500 0.030000 0.027500
0 0.629375 0.918750 0.046250 0.042500
0 0.885625 0.251875 0.068750 0.068750
0 0.629375 0.731875 0.106250 0.106250
0 0.110000 0.155000 0.105000 0.105000
0 0.232500 0.298750 0.047500 0.047500
0 0.815000 0.523750 0.032500 0.032500
0 0.937500 0.920000 0.090000 0.090000
0 0.142500 0.523750 0.037500 0.037500
0 0.824375 0.258125 0.038750 0.038750
0 0.071250 0.415000 0.107500 0.107500
0 0.865625 0.574375 0.041250 0.041250
0 0.214375 0.666875 0.078750 0.093750
0 0.777500 0.436250 0.097500 0.097500
0 0.325000 0.898750 0.100000 0.100000
0 0.803750 0.055000 0.037500 0.037500
0 0.584375 0.381875 0.056250 0.056250
0 0.101875 0.298125 0.103750 0.103750
0 0.768125 0.111875 0.053750 0.053750
0 0.565000 0.506250 0.080000 0.090000
0 0.186250 0.435000 0.060000 0.060000
0 0.337500 0.125000 0.092500 0.092500
0 0.686875 0.345625 0.058750 0.058750
0 0.214375 0.810625 0.073750 0.073750
0 0.778750 0.903750 0.097500 0.097500
0 0.453125 0.474375 0.031250 0.031250
0 0.683750 0.611250 0.112500 0.112500
0 0.352500 0.311250 0.097500 0.097500
0 0.293125 0.683125 0.031250 0.031250
0 0.450625 0.734375 0.086250 0.086250
0 0.891250 0.827500 0.055000 0.055000
0 0.410625 0.539375 0.053750 0.053750
0 0.470625 0.875625 0.038750 0.038750
0 0.878125 0.663125 0.108750 0.108750
0 0.598125 0.058125 0.046250 0.046250
0 0.454375 0.140625 0.058750 0.058750
0 0.093750 0.051250 0.055000 0.055000
0 0.308750 0.551250 0.082500 0.082500
0 0.785000 0.345000 0.047500 0.047500
0 0.072500 0.781250 0.070000 0.070000