0 0.317500 0.066250 0.107500 0.107500
0 0.464375 0.610625 0.048750 0.048750
0 0.170625 0.136875 0.076250 0.076250
0 0.215625 0.726875 0.098750 0.098750
0 0.400625 0.440625 0.056250 0.056250
0 0.381250 0.612500 0.087500 0.087500
0 0.662500 0.305000 0.067500 0.067500
0 0.690000 0.860000 0.095000 0.095000
0 0.870625 0.909375 0.036250 0.036250
0 0.871250 0.365000 0.112500 0.112500
0 0.275000 0.590000 0.097500 0.097500
0 0.686250 0.382500 0.030000 0.030000
0 0.885625 0.778125 0.046250 0.046250
0 0.476875 0.470625 0.073750 0.073750
0 0.949375 0.936875 0.056250 0.056250
0 0.470000 0.238750 0.025000 0.025000
0 0.173750 0.041250 0.045000 0.045000
0 0.593750 0.457500 0.082500 0.082500
0 0.531250 0.097500 0.042500 0.042500
0 0.771875 0.242500 0.083750 0.082500
0 0.229375 0.428125 0.111250 0.111250
0 0.130625 0.808125 0.043750 0.043750
0 0.591875 0.209375 0.058750 0.058750
0 0.805625 0.088125 0.083750 0.083750
0 0.720625 0.705625 0.101250 0.101250
0 0.830000 0.692500 0.050000 0.050000
0 0.416250 0.737500 0.100000 0.100000
0 0.920625 0.674375 0.041250 0.041250
0 0.143125 0.264375 0.071250 0.071250
0 0.907500 0.473750 0.075000 0.075000
0 0.438750 0.293750 0.025000 0.027500
0 0.396250 0.907500 0.080000 0.090000
0 0.321250 0.231875 0.087500 0.098750
0 0.097500 0.915000 0.037500 0.042500
0 0.056875 0.439375 0.038750 0.041250
0 0.541875 0.688750 0.058750 0.062500
0 0.678750 0.115000 0.032500 0.032500
0 0.238750 0.316875 0.052500 0.041250
0 0.303125 0.510625 0.026250 0.023750
0 0.902500 0.065000 0.082500 0.082500
0 0.871250 0.557500 0.035000 0.035000
0 0.181875 0.569375 0.056250 0.056250
0 0.640000 0.566250 0.062500 0.062500
0 0.111875 0.530625 0.061250 0.061250
0 0.817500 0.755000 0.045000 0.045000
0 0.311875 0.306875 0.041250 0.033750
0 0.571875 0.931250 0.083750 0.082500
0 0.783125 0.536250 0.093750 0.092500
0 0.905000 0.626875 0.025000 0.023750