0 0.266875 0.852500 0.101250 0.105000
0 0.425625 0.440625 0.096250 0.103750
0 0.910000 0.929375 0.092500 0.091250
0 0.471250 0.200000 0.107500 0.107500
0 0.800000 0.796250 0.052500 0.052500
0 0.205000 0.671250 0.100000 0.100000
0 0.455625 0.640625 0.088750 0.088750
0 0.620000 0.876250 0.070000 0.070000
0 0.594375 0.388125 0.106250 0.106250
0 0.315625 0.740000 0.083750 0.057500
0 0.130000 0.552500 0.055000 0.037500
0 0.333125 0.545000 0.101250 0.070000
0 0.757500 0.105000 0.080000 0.080000
0 0.334375 0.103125 0.111250 0.111250
0 0.125625 0.100625 0.103750 0.103750
0 0.550625 0.497500 0.048750 0.055000
0 0.505000 0.885625 0.102500 0.116250
0 0.902500 0.624375 0.090000 0.101250
0 0.801250 0.723125 0.065000 0.058750
0 0.859375 0.054375 0.056250 0.056250
0 0.251250 0.241250 0.080000 0.090000
0 0.161250 0.460625 0.090000 0.101250
0 0.794375 0.193125 0.063750 0.071250
0 0.156250 0.829375 0.087500 0.091250
0 0.905625 0.140000 0.091250 0.095000
0 0.858125 0.426875 0.061250 0.063750
0 0.115625 0.226250 0.096250 0.100000
0 0.355000 0.285625 0.102500 0.118750
0 0.570625 0.226250 0.043750 0.042500
0 0.760625 0.868125 0.071250 0.071250
0 0.491250 0.063750 0.080000 0.080000
0 0.034375 0.036875 0.031250 0.031250
0 0.853750 0.290000 0.100000 0.100000
0 0.658750 0.097500 0.085000 0.112500
0 0.215000 0.346250 0.065000 0.065000
0 0.875625 0.710625 0.031250 0.031250
0 0.265625 0.444375 0.081250 0.081250
0 0.615625 0.765625 0.091250 0.091250
0 0.688750 0.877500 0.052500 0.052500
0 0.950000 0.823750 0.040000 0.040000
0 0.576875 0.616875 0.063750 0.063750
0 0.761250 0.357500 0.047500 0.047500
0 0.303750 0.655000 0.072500 0.072500
0 0.658750 0.247500 0.065000 0.065000
0 0.052500 0.496250 0.032500 0.032500
0 0.068125 0.835625 0.046250 0.046250
0 0.465000 0.765000 0.025000 0.025000
0 0.718750 0.568750 0.040000 0.040000
0 0.706250 0.732500 0.070000 0.070000
0 0.778750 0.587500 0.062500 0.062500
0 0.055000 0.887500 0.035000 0.035000
0 0.709375 0.464375 0.103750 0.103750
0 0.955000 0.356875 0.027500 0.021250
0 0.377500 0.876250 0.102500 0.102500
0 0.930625 0.533125 0.066250 0.066250
0 0.067500 0.427500 0.070000 0.070000
0 0.055000 0.691250 0.085000 0.085000
0 0.960000 0.780000 0.025000 0.027500
0 0.880625 0.805625 0.068750 0.068750
0 0.950625 0.046875 0.068750 0.068750
0 0.746250 0.286250 0.055000 0.055000
0 0.070000 0.770000 0.035000 0.035000
0 0.586250 0.043750 0.045000 0.045000
0 0.256875 0.550625 0.036250 0.036250
0 0.185625 0.235625 0.026250 0.026250
0 0.680625 0.365625 0.043750 0.043750
0 0.431875 0.720625 0.036250 0.036250
0 0.221250 0.128125 0.070000 0.071250
0 0.057500 0.343750 0.040000 0.040000