0 0.331250 0.402500 0.057500 0.057500
0 0.696250 0.536250 0.052500 0.052500
0 0.040625 0.529375 0.036250 0.036250
0 0.123125 0.703125 0.036250 0.036250
0 0.676250 0.410000 0.107500 0.112500
0 0.308750 0.128125 0.050000 0.051250
0 0.781875 0.590000 0.101250 0.105000
0 0.488750 0.455625 0.042500 0.018750
0 0.571875 0.118750 0.083750 0.037500
0 0.367500 0.655000 0.050000 0.022500
0 0.683125 0.883125 0.051250 0.051250
0 0.715625 0.113125 0.073750 0.073750
0 0.888125 0.386875 0.043750 0.043750
0 0.511250 0.682500 0.090000 0.090000
0 0.705000 0.741250 0.030000 0.030000
0 0.361250 0.306250 0.110000 0.112500
0 0.073750 0.895625 0.097500 0.086250
0 0.332500 0.525625 0.070000 0.061250
0 0.226250 0.113750 0.057500 0.057500
0 0.228750 0.670000 0.077500 0.077500
0 0.907500 0.098750 0.065000 0.065000
0 0.395000 0.158750 0.085000 0.085000
0 0.774375 0.316875 0.043750 0.038750
0 0.517500 0.202500 0.055000 0.057500
0 0.882500 0.261875 0.052500 0.051250
0 0.886250 0.722500 0.052500 0.052500
0 0.549375 0.904375 0.078750 0.078750
0 0.926250 0.872500 0.072500 0.070000
0 0.802500 0.396250 0.105000 0.105000
0 0.573125 0.784375 0.093750 0.093750
0 0.476250 0.503750 0.055000 0.055000
0 0.553125 0.041875 0.031250 0.043750
0 0.398125 0.806875 0.041250 0.041250
0 0.105000 0.102500 0.100000 0.100000
0 0.950000 0.501250 0.060000 0.022500
0 0.216250 0.816250 0.072500 0.072500
0 0.501250 0.288125 0.105000 0.076250
0 0.645625 0.049375 0.036250 0.026250
0 0.400000 0.879375 0.050000 0.036250
0 0.107500 0.311250 0.025000 0.017500
0 0.728125 0.690625 0.068750 0.051250
0 0.551875 0.570000 0.076250 0.057500
0 0.170000 0.292500 0.035000 0.035000
0 0.775000 0.808750 0.095000 0.095000
0 0.144375 0.515625 0.096250 0.096250
0 0.943125 0.783125 0.046250 0.046250
0 0.665000 0.231250 0.100000 0.100000
0 0.253125 0.290625 0.076250 0.073750
0 0.301250 0.065000 0.057500 0.057500
0 0.173750 0.927500 0.072500 0.072500
0 0.908750 0.575000 0.100000 0.100000
0 0.271250 0.918750 0.107500 0.102500
0 0.245625 0.401875 0.066250 0.063750
0 0.271250 0.186875 0.030000 0.028750
0 0.253750 0.571250 0.042500 0.040000
0 0.620625 0.651875 0.063750 0.063750
0 0.822500 0.193750 0.040000 0.040000
0 0.503125 0.361875 0.053750 0.053750
0 0.335625 0.724375 0.096250 0.096250
0 0.151875 0.392500 0.051250 0.050000
0 0.260625 0.512500 0.053750 0.052500
0 0.081250 0.607500 0.105000 0.070000
0 0.113750 0.231875 0.092500 0.061250
0 0.469375 0.066875 0.083750 0.073750