0 0.140000 0.236875 0.025000 0.031250
0 0.850000 0.525000 0.092500 0.092500
0 0.165000 0.578125 0.105000 0.108750
0 0.220625 0.444375 0.063750 0.066250
0 0.209375 0.135625 0.111250 0.116250
0 0.465625 0.706875 0.028750 0.028750
0 0.531875 0.385625 0.108750 0.108750
0 0.151250 0.892500 0.057500 0.057500
0 0.040000 0.505000 0.035000 0.035000
0 0.825000 0.146250 0.047500 0.047500
0 0.401250 0.730625 0.075000 0.073750
0 0.373125 0.923125 0.071250 0.071250
0 0.635625 0.468125 0.068750 0.068750
0 0.326250 0.493125 0.075000 0.071250
0 0.577500 0.168125 0.072500 0.068750
0 0.916875 0.743125 0.098750 0.093750
0 0.197500 0.956875 0.025000 0.036250
0 0.418125 0.510625 0.061250 0.088750
0 0.330000 0.335000 0.107500 0.157500
0 0.592500 0.654375 0.067500 0.076250
0 0.626875 0.866875 0.096250 0.093750
0 0.313750 0.789375 0.052500 0.051250
0 0.775000 0.638750 0.087500 0.085000
0 0.870625 0.634375 0.061250 0.058750
0 0.783125 0.847500 0.108750 0.107500
0 0.823750 0.055625 0.035000 0.033750
0 0.735000 0.329375 0.077500 0.076250
0 0.031875 0.335625 0.038750 0.038750
0 0.498125 0.036250 0.031250 0.030000
0 0.501875 0.801250 0.108750 0.117500
0 0.921250 0.145625 0.055000 0.058750
0 0.663125 0.706250 0.056250 0.060000
0 0.740000 0.151250 0.097500 0.097500
0 0.482500 0.920000 0.090000 0.090000
0 0.114375 0.698125 0.093750 0.093750
0 0.644375 0.560625 0.048750 0.038750
0 0.937500 0.646875 0.032500 0.026250
0 0.425625 0.149375 0.101250 0.081250
0 0.149375 0.801250 0.081250 0.065000
0 0.936875 0.066250 0.093750 0.085000
0 0.898125 0.321875 0.108750 0.108750
0 0.069375 0.773125 0.026250 0.026250
0 0.654375 0.765625 0.033750 0.033750
0 0.141250 0.336250 0.047500 0.035000
0 0.271875 0.892500 0.083750 0.062500
0 0.820000 0.426875 0.105000 0.078750
0 0.503750 0.279375 0.045000 0.033750
0 0.465000 0.603750 0.075000 0.075000
0 0.097500 0.422500 0.100000 0.100000
0 0.108750 0.100000 0.035000 0.035000
0 0.066250 0.253750 0.080000 0.080000
0 0.655000 0.158750 0.032500 0.032500
0 0.531875 0.501875 0.066250 0.066250
0 0.093750 0.159375 0.052500 0.058750
0 0.308750 0.668750 0.092500 0.105000
0 0.670000 0.241250 0.060000 0.067500
0 0.883750 0.922500 0.072500 0.075000
0 0.270625 0.570625 0.038750 0.038750
0 0.720625 0.477500 0.078750 0.065000
0 0.065625 0.931875 0.038750 0.031250
0 0.798750 0.945000 0.025000 0.020000
0 0.420625 0.405625 0.058750 0.058750
0 0.220625 0.281875 0.068750 0.068750
0 0.067500 0.588750 0.067500 0.092500
0 0.945625 0.481875 0.071250 0.071250
0 0.619375 0.065000 0.041250 0.035000
0 0.596875 0.295000 0.061250 0.052500
0 0.822500 0.718750 0.055000 0.055000
0 0.435000 0.328750 0.070000 0.070000
0 0.318750 0.097500 0.075000 0.075000
0 0.089375 0.041875 0.051250 0.051250
0 0.214375 0.712500 0.056250 0.090000
0 0.144375 0.278125 0.033750 0.031250
0 0.505625 0.073750 0.026250 0.025000
0 0.953750 0.570625 0.062500 0.058750
0 0.905625 0.211875 0.051250 0.051250
0 0.581875 0.585625 0.028750 0.023750