0 0.911250 0.315000 0.065000 0.065000
0 0.318750 0.451250 0.082500 0.082500
0 0.780625 0.631875 0.078750 0.078750
0 0.440625 0.673125 0.036250 0.036250
0 0.885625 0.616875 0.088750 0.088750
0 0.692500 0.578750 0.030000 0.030000
0 0.526250 0.325000 0.025000 0.030000
0 0.421250 0.213125 0.055000 0.066250
0 0.509375 0.865000 0.076250 0.092500
0 0.365000 0.930000 0.027500 0.032500
0 0.671875 0.773125 0.071250 0.071250
0 0.577500 0.133750 0.085000 0.085000
0 0.770625 0.453125 0.103750 0.103750
0 0.069375 0.292500 0.038750 0.027500
0 0.351250 0.809375 0.102500 0.088750
0 0.211875 0.192500 0.063750 0.055000
0 0.643125 0.585625 0.051250 0.043750
0 0.162500 0.431875 0.110000 0.118750
0 0.321875 0.634375 0.101250 0.108750
0 0.329375 0.338125 0.108750 0.086250
0 0.878125 0.754375 0.108750 0.108750
0 0.134375 0.918125 0.083750 0.083750
0 0.911250 0.153750 0.112500 0.112500
0 0.611250 0.327500 0.062500 0.062500
0 0.446250 0.426250 0.082500 0.082500
0 0.055625 0.733750 0.036250 0.022500
0 0.466250 0.580000 0.105000 0.127500
0 0.133125 0.283750 0.063750 0.077500
0 0.770625 0.723125 0.061250 0.073750
0 0.650625 0.684375 0.071250 0.063750
0 0.208750 0.312500 0.060000 0.065000
0 0.046250 0.821250 0.035000 0.037500
0 0.470625 0.125625 0.083750 0.083750
0 0.729375 0.887500 0.088750 0.082500
0 0.798125 0.931875 0.028750 0.026250
0 0.244375 0.760000 0.091250 0.085000
0 0.133750 0.542500 0.070000 0.070000
0 0.779375 0.553125 0.063750 0.063750
0 0.126250 0.631250 0.095000 0.077500
0 0.815000 0.345000 0.092500 0.075000
0 0.517500 0.720000 0.097500 0.077500
0 0.927500 0.048750 0.092500 0.072500
0 0.760625 0.256250 0.086250 0.067500
0 0.338750 0.156250 0.067500 0.067500
0 0.643750 0.243750 0.082500 0.082500
0 0.103125 0.170625 0.103750 0.103750
0 0.890625 0.929375 0.046250 0.046250
0 0.053125 0.437500 0.066250 0.090000
0 0.585625 0.872500 0.056250 0.067500
0 0.767500 0.136250 0.057500 0.057500
0 0.670625 0.463125 0.076250 0.076250
0 0.657500 0.382500 0.030000 0.030000
0 0.675000 0.127500 0.095000 0.095000
0 0.130000 0.066875 0.077500 0.053750
0 0.353125 0.523125 0.031250 0.031250
0 0.236875 0.904375 0.051250 0.051250