0 0.301250 0.443750 0.090000 0.090000
0 0.116250 0.115000 0.075000 0.075000
0 0.293125 0.214375 0.036250 0.036250
0 0.266250 0.150625 0.050000 0.051250
0 0.288750 0.311875 0.075000 0.068750
0 0.755625 0.776250 0.098750 0.090000
0 0.378750 0.727500 0.087500 0.087500
0 0.039375 0.885625 0.053750 0.053750
0 0.581875 0.684375 0.108750 0.108750
0 0.154375 0.866250 0.098750 0.185000
0 0.955625 0.168125 0.048750 0.091250
0 0.381250 0.817500 0.092500 0.057500
0 0.437500 0.145000 0.032500 0.032500
0 0.543750 0.336250 0.095000 0.095000
0 0.426250 0.582500 0.027500 0.027500
0 0.100000 0.293750 0.052500 0.040000
0 0.914375 0.909375 0.076250 0.058750
0 0.156875 0.393125 0.028750 0.026250
0 0.565625 0.565625 0.048750 0.038750
0 0.481875 0.466250 0.108750 0.087500
0 0.733125 0.071250 0.091250 0.117500
0 0.795000 0.190625 0.067500 0.086250
0 0.158750 0.493125 0.100000 0.128750
0 0.636250 0.879375 0.095000 0.086250
0 0.430625 0.294375 0.061250 0.073750
0 0.853750 0.508750 0.052500 0.052500
0 0.655000 0.227500 0.085000 0.085000
0 0.212500 0.738750 0.025000 0.025000
0 0.613125 0.444375 0.071250 0.071250
0 0.357500 0.290000 0.035000 0.035000
0 0.556250 0.190000 0.097500 0.097500
0 0.232500 0.652500 0.082500 0.072500
0 0.270625 0.913125 0.106250 0.093750
0 0.886875 0.409375 0.108750 0.113750
0 0.126250 0.220000 0.055000 0.055000
0 0.726875 0.671250 0.071250 0.067500
0 0.764375 0.865625 0.048750 0.046250
0 0.933750 0.561875 0.062500 0.058750
0 0.721875 0.565625 0.101250 0.096250
0 0.715625 0.453125 0.111250 0.111250
0 0.740000 0.263750 0.042500 0.042500
0 0.878125 0.261875 0.071250 0.076250
0 0.682500 0.295625 0.025000 0.031250
0 0.527500 0.811250 0.060000 0.077500
0 0.246250 0.805625 0.040000 0.051250
0 0.588125 0.097500 0.108750 0.057500
0 0.296875 0.725000 0.061250 0.032500
0 0.068125 0.521875 0.058750 0.031250
0 0.875625 0.725625 0.108750 0.096250
0 0.502500 0.750625 0.030000 0.028750
0 0.888125 0.630000 0.111250 0.042500
0 0.651250 0.338125 0.062500 0.023750
0 0.323125 0.070625 0.101250 0.038750
0 0.085625 0.663125 0.076250 0.028750
0 0.762500 0.337500 0.055000 0.055000
0 0.418125 0.914375 0.088750 0.088750
0 0.906875 0.059375 0.076250 0.076250
0 0.375000 0.203750 0.047500 0.047500
0 0.127500 0.702500 0.030000 0.030000
0 0.510625 0.909375 0.081250 0.081250
0 0.906875 0.829375 0.083750 0.083750
0 0.266875 0.581875 0.053750 0.051250
0 0.960000 0.678750 0.035000 0.035000
0 0.638125 0.784375 0.076250 0.076250
0 0.833125 0.926875 0.068750 0.068750
0 0.231250 0.500000 0.025000 0.025000
0 0.103750 0.362500 0.030000 0.025000
0 0.043125 0.418125 0.056250 0.046250
0 0.973125 0.950625 0.026250 0.026250
0 0.063125 0.785625 0.068750 0.068750
0 0.153125 0.275625 0.028750 0.028750
0 0.399375 0.356875 0.036250 0.036250
0 0.331250 0.540000 0.032500 0.032500
0 0.360625 0.624375 0.061250 0.061250