0 0.855000 0.203750 0.070000 0.070000
0 0.479375 0.208125 0.078750 0.078750
0 0.418125 0.869375 0.091250 0.091250
0 0.547500 0.773125 0.105000 0.121250
0 0.483750 0.299375 0.047500 0.033750
0 0.280000 0.817500 0.025000 0.017500
0 0.448750 0.688750 0.072500 0.052500
0 0.683125 0.117500 0.026250 0.025000
0 0.925000 0.899375 0.025000 0.023750
0 0.674375 0.699375 0.061250 0.058750
0 0.847500 0.667500 0.052500 0.050000
0 0.192500 0.420000 0.105000 0.070000
0 0.085000 0.601250 0.112500 0.075000
0 0.170000 0.107500 0.080000 0.060000
0 0.791250 0.598750 0.070000 0.052500
0 0.418125 0.479375 0.076250 0.076250
0 0.375625 0.258750 0.078750 0.092500
0 0.244375 0.215000 0.068750 0.080000
0 0.871875 0.390625 0.043750 0.043750
0 0.759375 0.805625 0.108750 0.108750
0 0.876875 0.095625 0.098750 0.098750
0 0.768750 0.187500 0.072500 0.072500
0 0.578125 0.900625 0.033750 0.033750
0 0.608750 0.396250 0.060000 0.060000
0 0.636875 0.843125 0.058750 0.058750
0 0.581875 0.524375 0.071250 0.071250
0 0.663750 0.058750 0.072500 0.072500
0 0.732500 0.467500 0.100000 0.100000
0 0.177500 0.696250 0.072500 0.060000
0 0.838750 0.477500 0.045000 0.045000
0 0.342500 0.697500 0.102500 0.102500
0 0.545625 0.394375 0.036250 0.036250
0 0.686875 0.178125 0.041250 0.041250
0 0.135625 0.764375 0.043750 0.043750
0 0.563125 0.205625 0.071250 0.068750
0 0.306875 0.491875 0.066250 0.063750
0 0.156875 0.880625 0.091250 0.091250
0 0.942500 0.828750 0.045000 0.045000
0 0.247500 0.115000 0.035000 0.035000
0 0.207500 0.362500 0.027500 0.027500
0 0.796250 0.330625 0.075000 0.063750
0 0.940625 0.314375 0.051250 0.051250
0 0.527500 0.059375 0.075000 0.076250
0 0.667500 0.585625 0.055000 0.056250
0 0.917500 0.487500 0.042500 0.042500
0 0.086250 0.140625 0.072500 0.068750
0 0.660625 0.250625 0.046250 0.043750
0 0.676250 0.368750 0.040000 0.040000
0 0.107500 0.275000 0.095000 0.095000
0 0.426875 0.090625 0.078750 0.078750
0 0.869375 0.948125 0.046250 0.046250
0 0.920625 0.231875 0.033750 0.033750
0 0.457500 0.942500 0.035000 0.035000
0 0.032500 0.238125 0.035000 0.033750
0 0.071875 0.391875 0.083750 0.066250
0 0.606875 0.626875 0.036250 0.028750
0 0.278750 0.913750 0.110000 0.087500
0 0.571875 0.289375 0.058750 0.046250
0 0.436250 0.585000 0.102500 0.102500
0 0.927500 0.585000 0.060000 0.057500
0 0.333750 0.382500 0.080000 0.097500
0 0.108125 0.518750 0.053750 0.065000
0 0.905000 0.754375 0.090000 0.088750
0 0.326250 0.143750 0.070000 0.070000
0 0.208750 0.622500 0.065000 0.065000
0 0.499375 0.481875 0.031250 0.031250
0 0.914375 0.655625 0.028750 0.028750
0 0.052500 0.878750 0.067500 0.062500
0 0.286875 0.295000 0.048750 0.045000
0 0.613125 0.135000 0.041250 0.037500
0 0.890000 0.291250 0.035000 0.035000
0 0.776250 0.082500 0.067500 0.092500