0 0.414375 0.655000 0.108750 0.090000
0 0.071875 0.863125 0.066250 0.066250
0 0.940625 0.246875 0.041250 0.041250
0 0.329375 0.246875 0.093750 0.093750
0 0.405625 0.740625 0.028750 0.028750
0 0.083125 0.186875 0.043750 0.043750
0 0.245625 0.228125 0.026250 0.028750
0 0.871250 0.515625 0.045000 0.051250
0 0.482500 0.886250 0.085000 0.085000
0 0.481875 0.500625 0.096250 0.096250
0 0.760000 0.455000 0.112500 0.112500
0 0.141875 0.519375 0.088750 0.088750
0 0.038125 0.046875 0.028750 0.028750
0 0.141250 0.401250 0.107500 0.107500
0 0.825625 0.929375 0.061250 0.048750
0 0.908125 0.935625 0.048750 0.038750
0 0.808750 0.631250 0.045000 0.045000
0 0.368750 0.815000 0.105000 0.105000
0 0.893125 0.718750 0.106250 0.137500
0 0.225625 0.086875 0.068750 0.088750
0 0.241250 0.671250 0.052500 0.067500
0 0.502500 0.080625 0.072500 0.093750
0 0.594375 0.590000 0.048750 0.052500
0 0.060000 0.264375 0.077500 0.093750
0 0.289375 0.530000 0.063750 0.055000
0 0.586250 0.303125 0.085000 0.073750
0 0.357500 0.146250 0.050000 0.042500
0 0.155625 0.295625 0.071250 0.066250
0 0.096875 0.754375 0.071250 0.071250
0 0.237500 0.829375 0.105000 0.068750
0 0.617500 0.812500 0.072500 0.087500
0 0.690000 0.635000 0.065000 0.065000
0 0.602500 0.136250 0.087500 0.087500
0 0.085000 0.105000 0.060000 0.070000
0 0.755625 0.140000 0.098750 0.187500
0 0.780625 0.329375 0.108750 0.108750
0 0.662500 0.383750 0.030000 0.030000
0 0.448125 0.239375 0.048750 0.058750
0 0.595000 0.660000 0.042500 0.042500
0 0.070625 0.676875 0.046250 0.046250
0 0.465000 0.353750 0.102500 0.102500
0 0.165000 0.630000 0.067500 0.067500
0 0.919375 0.373125 0.063750 0.063750
0 0.766250 0.760000 0.090000 0.090000
0 0.628750 0.907500 0.047500 0.047500
0 0.164375 0.198125 0.058750 0.058750
0 0.281875 0.415625 0.101250 0.101250
0 0.166250 0.076250 0.035000 0.035000
0 0.388750 0.065000 0.105000 0.105000
0 0.763750 0.856250 0.070000 0.070000
0 0.191250 0.925625 0.090000 0.083750
0 0.906875 0.856875 0.086250 0.081250
0 0.914375 0.103125 0.031250 0.028750
0 0.598125 0.383125 0.073750 0.068750
0 0.326250 0.912500 0.072500 0.072500
0 0.365000 0.555000 0.070000 0.070000
0 0.570625 0.040625 0.038750 0.038750
0 0.453125 0.741875 0.028750 0.023750
0 0.700000 0.556875 0.067500 0.056250
0 0.853125 0.186250 0.071250 0.060000
0 0.876875 0.253125 0.046250 0.038750
0 0.931250 0.581875 0.075000 0.056250
0 0.615000 0.470000 0.087500 0.087500