0 0.245000 0.198750 0.110000 0.077500
0 0.473125 0.421875 0.051250 0.051250
0 0.931250 0.618750 0.057500 0.057500
0 0.199375 0.698125 0.056250 0.056250
0 0.264375 0.535625 0.108750 0.078750
0 0.411250 0.476250 0.040000 0.040000
0 0.494375 0.539375 0.036250 0.036250
0 0.719375 0.286875 0.076250 0.076250
0 0.841250 0.443750 0.100000 0.100000
0 0.449375 0.340625 0.056250 0.056250
0 0.126875 0.835625 0.083750 0.083750
0 0.938125 0.891875 0.063750 0.063750
0 0.091250 0.633750 0.037500 0.037500
0 0.857500 0.781250 0.077500 0.077500
0 0.396250 0.616250 0.090000 0.090000
0 0.036875 0.906875 0.043750 0.043750
0 0.839375 0.870625 0.038750 0.033750
0 0.763750 0.660000 0.112500 0.112500
0 0.856250 0.238750 0.092500 0.092500
0 0.295000 0.313750 0.087500 0.087500
0 0.286250 0.782500 0.097500 0.097500
0 0.090625 0.364375 0.053750 0.051250
0 0.746875 0.051875 0.048750 0.048750
0 0.562500 0.077500 0.090000 0.090000
0 0.574375 0.848125 0.038750 0.038750
0 0.629375 0.409375 0.106250 0.128750
0 0.069375 0.518125 0.091250 0.111250
0 0.480625 0.212500 0.111250 0.152500
0 0.405000 0.068750 0.042500 0.057500
0 0.465000 0.866875 0.110000 0.151250
0 0.607500 0.191875 0.052500 0.071250
0 0.702500 0.810000 0.025000 0.017500
0 0.523750 0.733750 0.077500 0.077500
0 0.621250 0.739375 0.100000 0.141250
0 0.283750 0.667500 0.060000 0.060000
0 0.673750 0.881875 0.085000 0.106250
0 0.740000 0.188750 0.065000 0.065000
0 0.874375 0.046875 0.068750 0.068750
0 0.112500 0.113750 0.105000 0.105000
0 0.889375 0.559375 0.046250 0.046250
0 0.270000 0.875000 0.055000 0.055000
0 0.691875 0.526875 0.081250 0.081250
0 0.141250 0.215000 0.052500 0.052500
0 0.586875 0.606875 0.101250 0.101250
0 0.295625 0.071875 0.103750 0.103750
0 0.118750 0.928750 0.080000 0.080000
0 0.804375 0.346875 0.036250 0.036250
0 0.191875 0.410000 0.093750 0.085000
0 0.749375 0.116250 0.068750 0.062500
0 0.143125 0.717500 0.038750 0.052500
0 0.962500 0.183750 0.032500 0.032500
0 0.831250 0.530625 0.035000 0.023750
0 0.190625 0.125000 0.028750 0.020000
0 0.067500 0.745000 0.097500 0.067500
0 0.665000 0.101875 0.075000 0.033750
0 0.288750 0.432500 0.077500 0.077500
0 0.605000 0.317500 0.025000 0.025000
0 0.945625 0.798750 0.083750 0.077500
0 0.426250 0.723125 0.065000 0.061250
0 0.336250 0.181875 0.055000 0.053750
0 0.659375 0.154375 0.033750 0.033750
0 0.926875 0.484375 0.028750 0.028750
0 0.912500 0.351250 0.057500 0.057500
0 0.048750 0.598750 0.032500 0.032500
0 0.776875 0.868125 0.033750 0.033750
0 0.738750 0.376875 0.077500 0.088750
0 0.945625 0.140625 0.033750 0.038750
0 0.605000 0.929375 0.035000 0.031250
0 0.256250 0.945000 0.032500 0.032500