0 0.210000 0.678125 0.050000 0.038750
0 0.258750 0.928750 0.067500 0.052500
0 0.117500 0.944375 0.062500 0.048750
0 0.580000 0.260000 0.107500 0.100000
0 0.068750 0.536250 0.102500 0.095000
0 0.396250 0.692500 0.105000 0.097500
0 0.491250 0.108750 0.107500 0.100000
0 0.133125 0.169375 0.071250 0.068750
0 0.503750 0.611250 0.072500 0.070000
0 0.848125 0.649375 0.061250 0.073750
0 0.083125 0.042500 0.028750 0.035000
0 0.248750 0.430000 0.082500 0.082500
0 0.458125 0.263125 0.083750 0.083750
0 0.640625 0.801250 0.058750 0.047500
0 0.472500 0.897500 0.092500 0.092500
0 0.098125 0.746875 0.063750 0.063750
0 0.378125 0.089375 0.101250 0.101250
0 0.535625 0.028125 0.031250 0.031250
0 0.805000 0.858750 0.097500 0.097500
0 0.800625 0.120625 0.103750 0.103750
0 0.640000 0.575000 0.055000 0.055000
0 0.280000 0.221250 0.107500 0.107500
0 0.491250 0.747500 0.030000 0.030000
0 0.932500 0.480000 0.065000 0.065000
0 0.474375 0.194375 0.036250 0.036250
0 0.083750 0.666250 0.050000 0.060000
0 0.712500 0.283750 0.055000 0.065000
0 0.620000 0.075000 0.102500 0.122500
0 0.071875 0.381875 0.108750 0.108750
0 0.518125 0.484375 0.111250 0.111250
0 0.201875 0.601250 0.048750 0.047500
0 0.330000 0.545625 0.037500 0.036250
0 0.405625 0.414375 0.071250 0.056250
0 0.871250 0.561250 0.062500 0.050000
0 0.050625 0.293750 0.026250 0.020000
0 0.759375 0.650625 0.086250 0.068750
0 0.787500 0.343750 0.027500 0.027500
0 0.709375 0.209375 0.058750 0.051250
0 0.904375 0.256875 0.103750 0.103750
0 0.774375 0.478125 0.101250 0.101250
0 0.222500 0.827500 0.077500 0.077500
0 0.661250 0.446250 0.065000 0.057500
0 0.723750 0.797500 0.045000 0.045000
0 0.591875 0.908125 0.106250 0.106250
0 0.644375 0.700625 0.108750 0.108750
0 0.794375 0.259375 0.068750 0.043750
0 0.906250 0.358750 0.102500 0.065000
0 0.405000 0.796875 0.057500 0.036250
0 0.297500 0.781250 0.027500 0.027500
0 0.539375 0.750625 0.046250 0.046250
0 0.351250 0.890000 0.082500 0.082500
0 0.335625 0.478125 0.043750 0.043750
0 0.702500 0.922500 0.082500 0.065000
0 0.271875 0.110625 0.093750 0.093750
0 0.933750 0.930000 0.077500 0.077500
0 0.775625 0.771875 0.028750 0.028750
0 0.943750 0.646250 0.087500 0.087500
0 0.547500 0.684375 0.057500 0.043750
0 0.406875 0.551875 0.086250 0.083750
0 0.268750 0.608125 0.047500 0.046250
0 0.483125 0.812500 0.043750 0.042500
0 0.906250 0.141250 0.062500 0.045000
0 0.168125 0.439375 0.056250 0.056250
0 0.110000 0.265000 0.040000 0.042500
0 0.933125 0.769375 0.096250 0.103750
0 0.510625 0.358125 0.073750 0.073750
0 0.160625 0.066875 0.043750 0.043750
0 0.784375 0.947500 0.051250 0.050000
0 0.329375 0.321250 0.073750 0.072500
0 0.223125 0.510625 0.056250 0.053750
0 0.735625 0.035000 0.048750 0.040000
0 0.180000 0.237500 0.055000 0.045000
0 0.711875 0.360625 0.053750 0.051250
0 0.910000 0.059375 0.090000 0.083750
0 0.071250 0.216250 0.025000 0.022500
0 0.605625 0.365000 0.078750 0.072500
0 0.201875 0.325625 0.066250 0.066250
0 0.426875 0.335625 0.046250 0.046250
0 0.091250 0.855000 0.100000 0.100000
0 0.028750 0.762500 0.032500 0.032500
0 0.816250 0.203125 0.057500 0.036250
0 0.068750 0.140000 0.040000 0.037500
0 0.836250 0.751875 0.067500 0.081250