0 0.597500 0.441250 0.037500 0.037500
0 0.786250 0.170625 0.050000 0.048750
0 0.784375 0.739375 0.061250 0.063750
0 0.176875 0.140625 0.058750 0.061250
0 0.191875 0.325000 0.041250 0.042500
0 0.280000 0.270000 0.072500 0.075000
0 0.343125 0.834375 0.063750 0.063750
0 0.647500 0.786250 0.035000 0.035000
0 0.446875 0.037500 0.033750 0.027500
0 0.728750 0.421875 0.085000 0.071250
0 0.142500 0.666875 0.110000 0.103750
0 0.866250 0.321875 0.107500 0.101250
0 0.730000 0.934375 0.050000 0.068750
0 0.749375 0.615000 0.083750 0.115000
0 0.194375 0.796875 0.056250 0.076250
0 0.872500 0.629375 0.095000 0.098750
0 0.076250 0.775000 0.095000 0.095000
0 0.939375 0.496875 0.088750 0.088750
0 0.563750 0.515000 0.050000 0.050000
0 0.493125 0.755625 0.081250 0.071250
0 0.905000 0.769375 0.097500 0.086250
0 0.060625 0.196250 0.096250 0.085000
0 0.550000 0.275000 0.027500 0.027500
0 0.512500 0.180000 0.055000 0.055000
0 0.384375 0.769375 0.028750 0.028750
0 0.344375 0.316250 0.028750 0.045000
0 0.465625 0.563750 0.086250 0.135000
0 0.071250 0.555000 0.090000 0.090000
0 0.330000 0.525625 0.042500 0.061250
0 0.352500 0.075000 0.080000 0.087500
0 0.290000 0.716250 0.112500 0.112500
0 0.238750 0.082500 0.045000 0.045000
0 0.796875 0.819375 0.036250 0.036250
0 0.671250 0.145000 0.107500 0.107500
0 0.936250 0.911250 0.075000 0.075000
0 0.412500 0.238125 0.040000 0.038750
0 0.260625 0.434375 0.081250 0.081250
0 0.271250 0.802500 0.030000 0.030000
0 0.422500 0.416250 0.065000 0.065000
0 0.551250 0.346875 0.112500 0.096250
0 0.274375 0.931875 0.066250 0.056250
0 0.572500 0.168750 0.045000 0.037500
0 0.851250 0.196250 0.025000 0.025000
0 0.835625 0.500625 0.046250 0.046250
0 0.713750 0.765000 0.065000 0.065000
0 0.094375 0.883750 0.103750 0.092500
0 0.597500 0.921250 0.067500 0.067500
0 0.764375 0.286875 0.076250 0.076250
0 0.392500 0.927500 0.057500 0.057500
0 0.606875 0.601875 0.098750 0.098750
0 0.654375 0.451875 0.026250 0.026250
0 0.680625 0.273125 0.056250 0.053750
0 0.036250 0.092500 0.037500 0.037500
0 0.263750 0.173750 0.077500 0.077500
0 0.603125 0.719375 0.041250 0.041250
0 0.930625 0.149375 0.096250 0.096250
0 0.867500 0.060000 0.067500 0.067500
0 0.826875 0.915625 0.108750 0.108750
0 0.505625 0.048125 0.053750 0.053750
0 0.966875 0.570625 0.036250 0.018750
0 0.044375 0.378125 0.046250 0.023750
0 0.260625 0.618750 0.108750 0.057500
0 0.759375 0.026875 0.026250 0.026250
0 0.075000 0.453750 0.080000 0.080000
0 0.191250 0.900000 0.065000 0.065000
0 0.152500 0.240000 0.047500 0.047500
0 0.676250 0.333750 0.035000 0.035000
0 0.513750 0.881875 0.072500 0.048750
0 0.859375 0.398125 0.028750 0.028750
0 0.689375 0.854375 0.076250 0.076250
0 0.273125 0.551875 0.056250 0.056250
0 0.171250 0.502500 0.055000 0.055000
0 0.651875 0.386875 0.046250 0.046250
0 0.691875 0.038125 0.048750 0.048750
0 0.335625 0.183125 0.033750 0.033750
0 0.408125 0.316875 0.073750 0.073750
0 0.277500 0.856250 0.050000 0.050000
0 0.104375 0.383125 0.033750 0.036250
0 0.168750 0.442500 0.035000 0.035000
0 0.757500 0.221875 0.050000 0.038750
0 0.481250 0.671250 0.035000 0.027500
0 0.343125 0.255625 0.031250 0.031250
0 0.564375 0.229375 0.028750 0.028750
0 0.500000 0.111250 0.057500 0.057500
0 0.660000 0.692500 0.035000 0.035000
0 0.704375 0.698125 0.031250 0.031250
0 0.041250 0.686250 0.050000 0.047500
0 0.463125 0.930000 0.028750 0.027500
0 0.412500 0.166250 0.067500 0.065000
0 0.953750 0.688750 0.040000 0.040000
0 0.128750 0.063750 0.042500 0.042500
0 0.562500 0.111250 0.047500 0.047500
0 0.528750 0.433750 0.040000 0.040000
0 0.935625 0.049375 0.051250 0.051250
0 0.870000 0.702500 0.025000 0.025000