0 0.670000 0.645625 0.052500 0.053750
0 0.853750 0.275000 0.042500 0.042500
0 0.138125 0.457500 0.051250 0.030000
0 0.880625 0.545000 0.038750 0.022500
0 0.832500 0.389375 0.107500 0.063750
0 0.468750 0.146250 0.102500 0.102500
0 0.770625 0.838125 0.063750 0.063750
0 0.632500 0.092500 0.087500 0.087500
0 0.319375 0.510000 0.083750 0.085000
0 0.271250 0.116250 0.095000 0.095000
0 0.288750 0.818750 0.062500 0.062500
0 0.385625 0.660625 0.093750 0.123750
0 0.687500 0.322500 0.032500 0.042500
0 0.191250 0.263125 0.052500 0.068750
0 0.836875 0.696875 0.086250 0.113750
0 0.498750 0.822500 0.097500 0.097500
0 0.699375 0.398125 0.046250 0.046250
0 0.665625 0.250625 0.058750 0.058750
0 0.229375 0.940625 0.058750 0.058750
0 0.119375 0.741875 0.103750 0.103750
0 0.186875 0.536875 0.038750 0.038750
0 0.558750 0.556250 0.082500 0.082500
0 0.164375 0.377500 0.098750 0.085000
0 0.321250 0.930000 0.065000 0.065000
0 0.564375 0.389375 0.061250 0.061250
0 0.278750 0.238750 0.100000 0.100000
0 0.782500 0.113750 0.107500 0.107500
0 0.781875 0.460625 0.058750 0.058750
0 0.053750 0.453125 0.080000 0.063750
0 0.358125 0.388125 0.106250 0.098750
0 0.158125 0.956875 0.026250 0.023750
0 0.931250 0.754375 0.055000 0.051250
0 0.575000 0.250000 0.042500 0.040000
0 0.388750 0.269375 0.065000 0.061250
0 0.890625 0.178750 0.078750 0.075000
0 0.088125 0.126875 0.046250 0.043750
0 0.754375 0.378750 0.031250 0.027500
0 0.071250 0.579375 0.090000 0.078750
0 0.741250 0.624375 0.070000 0.061250
0 0.107500 0.893750 0.065000 0.057500
0 0.473750 0.576250 0.065000 0.065000
0 0.699375 0.529375 0.086250 0.086250
0 0.973750 0.115000 0.027500 0.027500
0 0.475625 0.351875 0.073750 0.073750
0 0.260000 0.685000 0.105000 0.092500
0 0.854375 0.903125 0.083750 0.073750
0 0.955000 0.930625 0.052500 0.046250
0 0.638125 0.886875 0.111250 0.098750
0 0.095000 0.228750 0.092500 0.082500
0 0.611250 0.734375 0.102500 0.091250
0 0.890625 0.501250 0.036250 0.035000
0 0.646250 0.188125 0.025000 0.023750
0 0.496250 0.431875 0.042500 0.041250
0 0.490000 0.255000 0.087500 0.085000
0 0.339375 0.102500 0.026250 0.025000
0 0.492500 0.646250 0.062500 0.060000
0 0.731250 0.200625 0.027500 0.026250
0 0.940000 0.650000 0.087500 0.087500
0 0.031875 0.884375 0.033750 0.033750
0 0.767500 0.308750 0.077500 0.077500
0 0.089375 0.034375 0.033750 0.033750
0 0.364375 0.838125 0.051250 0.051250
0 0.929375 0.359375 0.058750 0.058750
0 0.879375 0.825625 0.028750 0.028750
0 0.442500 0.431250 0.040000 0.040000
0 0.162500 0.633750 0.052500 0.052500
0 0.179375 0.179375 0.033750 0.038750
0 0.419375 0.924375 0.048750 0.056250
0 0.161875 0.052500 0.096250 0.067500
0 0.518750 0.736875 0.027500 0.028750
0 0.950000 0.514375 0.060000 0.063750
0 0.418125 0.770000 0.033750 0.025000
0 0.736250 0.758125 0.052500 0.051250
0 0.367500 0.781875 0.032500 0.031250