0 0.763750 0.785000 0.042500 0.042500
0 0.413750 0.886250 0.055000 0.047500
0 0.090000 0.804375 0.027500 0.028750
0 0.413125 0.231875 0.108750 0.113750
0 0.467500 0.563125 0.040000 0.041250
0 0.173125 0.915000 0.026250 0.027500
0 0.898125 0.423125 0.033750 0.023750
0 0.789375 0.645625 0.103750 0.103750
0 0.095625 0.676875 0.071250 0.068750
0 0.420625 0.778125 0.068750 0.066250
0 0.246250 0.591875 0.095000 0.086250
0 0.569375 0.801250 0.108750 0.107500
0 0.672500 0.512500 0.092500 0.092500
0 0.570000 0.145000 0.050000 0.050000
0 0.452500 0.476250 0.092500 0.092500
0 0.749375 0.136875 0.046250 0.046250
0 0.343125 0.718125 0.066250 0.066250
0 0.846250 0.166250 0.075000 0.075000
0 0.086875 0.489375 0.088750 0.088750
0 0.512500 0.326250 0.035000 0.035000
0 0.045625 0.903125 0.028750 0.028750
0 0.058125 0.594375 0.061250 0.061250
0 0.783750 0.408750 0.070000 0.070000
0 0.802500 0.527500 0.112500 0.112500
0 0.876250 0.352500 0.097500 0.097500
0 0.165000 0.303750 0.057500 0.057500
0 0.636250 0.105000 0.057500 0.057500
0 0.592500 0.936250 0.072500 0.072500
0 0.068750 0.286250 0.112500 0.112500
0 0.353750 0.651250 0.030000 0.030000
0 0.285625 0.864375 0.093750 0.093750
0 0.871250 0.816250 0.100000 0.100000
0 0.583125 0.631875 0.098750 0.098750
0 0.335000 0.398125 0.112500 0.113750
0 0.189375 0.178125 0.091250 0.091250
0 0.530000 0.063750 0.102500 0.095000
0 0.118750 0.096875 0.050000 0.046250
0 0.196250 0.702500 0.077500 0.077500
0 0.904375 0.618125 0.061250 0.051250
0 0.325000 0.057500 0.082500 0.070000
0 0.926875 0.105000 0.053750 0.045000
0 0.690625 0.351250 0.088750 0.075000
0 0.699375 0.796250 0.071250 0.062500
0 0.922500 0.525625 0.100000 0.101250
0 0.944375 0.206875 0.053750 0.053750
0 0.463125 0.353750 0.046250 0.062500
0 0.595000 0.290000 0.042500 0.042500
0 0.176250 0.392500 0.055000 0.055000
0 0.505000 0.938750 0.050000 0.050000
0 0.428125 0.099375 0.048750 0.048750
0 0.741250 0.912500 0.055000 0.052500
0 0.298125 0.161875 0.096250 0.088750
0 0.200000 0.471875 0.080000 0.073750
0 0.741250 0.261875 0.082500 0.076250
0 0.659375 0.946875 0.026250 0.023750
0 0.109375 0.391250 0.056250 0.050000
0 0.348125 0.566875 0.078750 0.078750
0 0.251250 0.308750 0.047500 0.047500
0 0.666875 0.260000 0.038750 0.052500
0 0.675000 0.690625 0.065000 0.088750
0 0.563750 0.432500 0.045000 0.045000
0 0.156250 0.782500 0.065000 0.065000
0 0.691250 0.187500 0.042500 0.042500
0 0.853750 0.925625 0.085000 0.068750