0 0.246250 0.055000 0.077500 0.077500
0 0.476875 0.441875 0.031250 0.026250
0 0.534375 0.088125 0.043750 0.036250
0 0.273750 0.522500 0.100000 0.187500
0 0.773125 0.670000 0.038750 0.072500
0 0.370625 0.818750 0.111250 0.207500
0 0.569375 0.565625 0.066250 0.076250
0 0.841250 0.795000 0.100000 0.115000
0 0.482500 0.388750 0.040000 0.045000
0 0.200000 0.177500 0.025000 0.025000
0 0.586250 0.250000 0.082500 0.082500
0 0.558125 0.871875 0.106250 0.106250
0 0.338750 0.166250 0.062500 0.062500
0 0.611250 0.686875 0.025000 0.036250
0 0.290625 0.239375 0.046250 0.046250
0 0.111250 0.351250 0.085000 0.085000
0 0.296250 0.336250 0.065000 0.065000
0 0.771875 0.516875 0.071250 0.071250
0 0.820000 0.318750 0.100000 0.100000
0 0.821250 0.227500 0.032500 0.037500
0 0.477500 0.311250 0.095000 0.095000
0 0.765625 0.243125 0.031250 0.031250
0 0.493125 0.688125 0.088750 0.088750
0 0.778125 0.930625 0.058750 0.058750
0 0.123750 0.577500 0.095000 0.095000
0 0.711875 0.159375 0.106250 0.106250
0 0.243750 0.738750 0.095000 0.095000
0 0.755625 0.424375 0.078750 0.078750
0 0.848125 0.927500 0.038750 0.037500
0 0.614375 0.350625 0.091250 0.091250
0 0.880000 0.426250 0.072500 0.072500
0 0.363125 0.551875 0.048750 0.048750
0 0.895000 0.118750 0.110000 0.110000
0 0.601250 0.468750 0.067500 0.067500
0 0.055000 0.816250 0.050000 0.060000
0 0.879375 0.631875 0.053750 0.051250
0 0.791250 0.045000 0.065000 0.062500
0 0.810625 0.599375 0.051250 0.048750
0 0.039375 0.111875 0.036250 0.031250
0 0.100000 0.192500 0.070000 0.062500
0 0.681875 0.786875 0.101250 0.123750
0 0.173125 0.915625 0.093750 0.113750
0 0.683750 0.037500 0.027500 0.020000
0 0.673750 0.583750 0.062500 0.045000
0 0.486875 0.173125 0.073750 0.068750
0 0.390625 0.101875 0.041250 0.038750
0 0.700000 0.647500 0.072500 0.042500
0 0.073750 0.706250 0.090000 0.052500
0 0.443750 0.578750 0.060000 0.035000
0 0.146875 0.076250 0.051250 0.030000
0 0.212500 0.330000 0.080000 0.080000
0 0.939375 0.310625 0.093750 0.093750
0 0.675625 0.071875 0.031250 0.031250
0 0.121250 0.460000 0.110000 0.110000
0 0.383125 0.371875 0.051250 0.051250
0 0.486875 0.490625 0.043750 0.043750
0 0.391875 0.468125 0.051250 0.051250
0 0.502500 0.776250 0.070000 0.070000
0 0.500000 0.568750 0.035000 0.032500
0 0.092500 0.931250 0.035000 0.035000
0 0.951875 0.504375 0.063750 0.053750
0 0.948750 0.617500 0.032500 0.020000
0 0.747500 0.600625 0.060000 0.036250
0 0.614375 0.050625 0.073750 0.073750
0 0.936875 0.834375 0.046250 0.056250
0 0.311875 0.109375 0.031250 0.031250
0 0.572500 0.145000 0.060000 0.057500
0 0.068125 0.276875 0.043750 0.043750
0 0.808750 0.165000 0.047500 0.047500
0 0.383750 0.645000 0.072500 0.072500
0 0.568750 0.752500 0.027500 0.027500
0 0.164375 0.726250 0.028750 0.022500