0 0.395625 0.601875 0.028750 0.028750
0 0.083750 0.505000 0.100000 0.100000
0 0.410000 0.796250 0.090000 0.090000
0 0.809375 0.331875 0.081250 0.081250
0 0.544375 0.834375 0.048750 0.046250
0 0.448750 0.367500 0.085000 0.085000
0 0.131250 0.213750 0.057500 0.057500
0 0.323125 0.224375 0.076250 0.076250
0 0.560000 0.131250 0.085000 0.085000
0 0.798750 0.042500 0.037500 0.037500
0 0.212500 0.772500 0.035000 0.035000
0 0.670000 0.756250 0.090000 0.090000
0 0.478125 0.111875 0.048750 0.048750
0 0.056875 0.115625 0.053750 0.053750
0 0.549375 0.640625 0.066250 0.066250
0 0.893750 0.073750 0.090000 0.090000
0 0.863125 0.856875 0.096250 0.096250
0 0.158750 0.301250 0.062500 0.062500
0 0.290000 0.457500 0.047500 0.047500
0 0.758125 0.879375 0.038750 0.038750
0 0.700000 0.366250 0.102500 0.102500
0 0.943125 0.406875 0.076250 0.076250
0 0.810625 0.501875 0.111250 0.111250
0 0.592500 0.946250 0.025000 0.025000
0 0.309375 0.606875 0.081250 0.088750
0 0.102500 0.696875 0.090000 0.098750
0 0.953125 0.511250 0.043750 0.052500
0 0.690625 0.503750 0.111250 0.135000
0 0.051875 0.609375 0.048750 0.036250
0 0.580000 0.461250 0.075000 0.075000
0 0.576250 0.746875 0.077500 0.068750
0 0.612500 0.236875 0.055000 0.048750
0 0.326875 0.104375 0.088750 0.078750
0 0.308125 0.706875 0.086250 0.086250
0 0.285000 0.330000 0.085000 0.085000
0 0.136250 0.808750 0.080000 0.080000
0 0.573750 0.350000 0.110000 0.110000
0 0.814375 0.685625 0.058750 0.058750
0 0.680625 0.641875 0.058750 0.058750
0 0.659375 0.861250 0.073750 0.067500
0 0.937500 0.588750 0.062500 0.087500
0 0.584375 0.900000 0.033750 0.047500
0 0.416875 0.918750 0.091250 0.065000
0 0.238125 0.895625 0.098750 0.071250
0 0.700000 0.185625 0.105000 0.181250
0 0.949375 0.732500 0.061250 0.105000
0 0.405000 0.519375 0.030000 0.051250
0 0.905000 0.222500 0.082500 0.065000
0 0.139375 0.067500 0.093750 0.075000
0 0.461250 0.268125 0.087500 0.083750
0 0.061250 0.186250 0.042500 0.040000
0 0.038125 0.808750 0.043750 0.072500
0 0.200000 0.686250 0.065000 0.107500
0 0.402500 0.688750 0.057500 0.057500
0 0.199375 0.546875 0.103750 0.103750
0 0.857500 0.626250 0.037500 0.037500
0 0.304375 0.791875 0.028750 0.028750
0 0.501875 0.550625 0.078750 0.078750
0 0.390000 0.445625 0.047500 0.046250
0 0.227500 0.156250 0.072500 0.072500
0 0.146250 0.382500 0.040000 0.040000
0 0.303125 0.530625 0.046250 0.046250
0 0.693125 0.053125 0.068750 0.068750
0 0.753125 0.746875 0.041250 0.041250
0 0.709375 0.922500 0.036250 0.035000
0 0.869375 0.390625 0.033750 0.021250
0 0.671250 0.956875 0.030000 0.018750
0 0.241250 0.086875 0.040000 0.026250
0 0.078750 0.918750 0.090000 0.090000
0 0.620625 0.045625 0.038750 0.038750
0 0.791250 0.130000 0.045000 0.045000
0 0.047500 0.245000 0.060000 0.047500
0 0.066250 0.351875 0.100000 0.098750
0 0.877500 0.690625 0.050000 0.048750
0 0.234375 0.232500 0.041250 0.040000
0 0.956250 0.920000 0.052500 0.052500
0 0.839375 0.945625 0.051250 0.051250
0 0.118125 0.150625 0.038750 0.038750
0 0.741250 0.605625 0.042500 0.041250
0 0.785625 0.236250 0.051250 0.050000
0 0.526875 0.890000 0.056250 0.047500
0 0.947500 0.319375 0.055000 0.046250
0 0.766250 0.808125 0.057500 0.048750
0 0.455000 0.458125 0.060000 0.051250
0 0.211250 0.412500 0.055000 0.045000
0 0.469375 0.721250 0.046250 0.040000
0 0.888750 0.755625 0.027500 0.023750
0 0.377500 0.374375 0.032500 0.046250
0 0.901250 0.506875 0.042500 0.033750
0 0.410625 0.056250 0.051250 0.040000