0 0.762500 0.648750 0.042500 0.042500
0 0.713750 0.465000 0.110000 0.117500
0 0.165625 0.397500 0.093750 0.100000
0 0.251250 0.673750 0.072500 0.077500
0 0.863750 0.862500 0.075000 0.075000
0 0.585000 0.752500 0.065000 0.042500
0 0.064375 0.162500 0.053750 0.035000
0 0.730000 0.923125 0.045000 0.028750
0 0.256875 0.915625 0.101250 0.066250
0 0.943750 0.323750 0.035000 0.032500
0 0.588125 0.586875 0.111250 0.111250
0 0.075000 0.851875 0.052500 0.046250
0 0.601875 0.060625 0.048750 0.058750
0 0.594375 0.201250 0.088750 0.107500
0 0.713750 0.126250 0.025000 0.025000
0 0.545000 0.399375 0.055000 0.066250
0 0.451875 0.564375 0.083750 0.101250
0 0.293125 0.268125 0.081250 0.081250
0 0.860000 0.613750 0.092500 0.092500
0 0.086875 0.234375 0.031250 0.031250
0 0.832500 0.478125 0.077500 0.078750
0 0.594375 0.856875 0.026250 0.026250
0 0.691250 0.743750 0.055000 0.055000
0 0.070000 0.097500 0.040000 0.040000
0 0.137500 0.642500 0.082500 0.082500
0 0.846250 0.076250 0.102500 0.102500
0 0.650000 0.311250 0.055000 0.055000
0 0.298750 0.507500 0.042500 0.042500
0 0.381250 0.379375 0.047500 0.056250
0 0.939375 0.814375 0.026250 0.031250
0 0.310000 0.073750 0.077500 0.070000
0 0.540000 0.484375 0.032500 0.028750
0 0.465000 0.915625 0.090000 0.081250
0 0.435625 0.302500 0.063750 0.057500
0 0.183125 0.208750 0.066250 0.060000
0 0.670625 0.892500 0.051250 0.050000
0 0.496875 0.176875 0.071250 0.071250
0 0.708125 0.378125 0.038750 0.038750
0 0.808750 0.235000 0.107500 0.107500
0 0.170000 0.523750 0.107500 0.107500
0 0.434375 0.755625 0.086250 0.086250
0 0.787500 0.750000 0.110000 0.110000
0 0.095625 0.788750 0.041250 0.032500
0 0.949375 0.616875 0.068750 0.068750
0 0.346875 0.605000 0.061250 0.055000
0 0.268750 0.815000 0.105000 0.095000
0 0.057500 0.565000 0.052500 0.047500
0 0.942500 0.727500 0.085000 0.085000
0 0.693125 0.254375 0.033750 0.033750
0 0.460625 0.413750 0.096250 0.117500
0 0.928750 0.461250 0.052500 0.052500
0 0.056250 0.734375 0.037500 0.036250
0 0.275625 0.384375 0.088750 0.086250
0 0.623750 0.502500 0.030000 0.030000
0 0.261250 0.187500 0.062500 0.062500
0 0.061875 0.406875 0.096250 0.096250
0 0.370000 0.516250 0.047500 0.047500
0 0.406250 0.083750 0.092500 0.092500
0 0.083750 0.286875 0.097500 0.056250
0 0.124375 0.124375 0.043750 0.043750