0 0.751875 0.825000 0.053750 0.057500
0 0.545000 0.267500 0.087500 0.087500
0 0.928125 0.875625 0.066250 0.066250
0 0.418125 0.330625 0.061250 0.061250
0 0.072500 0.419375 0.085000 0.131250
0 0.821250 0.248125 0.102500 0.158750
0 0.500000 0.577500 0.050000 0.050000
0 0.581250 0.728750 0.047500 0.047500
0 0.909375 0.940625 0.046250 0.046250
0 0.704375 0.446250 0.091250 0.080000
0 0.187500 0.165000 0.090000 0.090000
0 0.576875 0.484375 0.063750 0.063750
0 0.061875 0.059375 0.073750 0.073750
0 0.500625 0.884375 0.051250 0.051250
0 0.195000 0.697500 0.107500 0.107500
0 0.372500 0.793750 0.100000 0.100000
0 0.062500 0.883750 0.075000 0.075000
0 0.430000 0.075625 0.087500 0.091250
0 0.291250 0.668125 0.070000 0.068750
0 0.843125 0.482500 0.063750 0.107500
0 0.165625 0.528750 0.066250 0.060000
0 0.125625 0.804375 0.063750 0.063750
0 0.938750 0.602500 0.060000 0.060000
0 0.101250 0.257500 0.057500 0.057500
0 0.647500 0.258750 0.052500 0.057500
0 0.413750 0.175625 0.092500 0.068750
0 0.659375 0.850625 0.026250 0.026250
0 0.776250 0.653750 0.110000 0.110000
0 0.353125 0.483125 0.098750 0.098750
0 0.198750 0.331250 0.092500 0.092500
0 0.062500 0.155000 0.082500 0.082500
0 0.576250 0.371250 0.110000 0.102500
0 0.550000 0.123750 0.097500 0.097500
0 0.656250 0.781250 0.080000 0.080000
0 0.423125 0.683125 0.076250 0.076250
0 0.298750 0.283750 0.035000 0.035000
0 0.376250 0.885000 0.062500 0.062500
0 0.613125 0.658125 0.053750 0.053750
0 0.065625 0.609375 0.078750 0.078750
0 0.229375 0.808125 0.083750 0.083750
0 0.661250 0.912500 0.047500 0.047500
0 0.872500 0.110000 0.102500 0.102500
0 0.439375 0.579375 0.048750 0.048750
0 0.955625 0.421875 0.051250 0.051250
0 0.225000 0.438125 0.057500 0.068750
0 0.790000 0.371875 0.057500 0.068750
0 0.743125 0.549375 0.053750 0.053750
0 0.701250 0.103750 0.107500 0.107500
0 0.371250 0.565000 0.045000 0.045000
0 0.524375 0.820625 0.061250 0.061250