0 0.951875 0.413125 0.031250 0.031250
0 0.647500 0.350000 0.072500 0.072500
0 0.776250 0.629375 0.067500 0.073750
0 0.366250 0.083125 0.067500 0.073750
0 0.357500 0.615625 0.090000 0.098750
0 0.468750 0.495000 0.077500 0.067500
0 0.495625 0.158750 0.066250 0.052500
0 0.251875 0.748750 0.038750 0.030000
0 0.533125 0.350625 0.068750 0.053750
0 0.181250 0.938125 0.077500 0.061250
0 0.808125 0.753125 0.043750 0.043750
0 0.500625 0.719375 0.051250 0.051250
0 0.311250 0.225000 0.087500 0.087500
0 0.857500 0.923750 0.090000 0.090000
0 0.229375 0.108125 0.043750 0.043750
0 0.095000 0.426250 0.052500 0.052500
0 0.370000 0.872500 0.090000 0.090000
0 0.665000 0.217500 0.095000 0.095000
0 0.221250 0.583125 0.035000 0.041250
0 0.685625 0.804375 0.056250 0.066250
0 0.211875 0.309375 0.083750 0.093750
0 0.568125 0.196875 0.028750 0.031250
0 0.772500 0.330000 0.102500 0.115000
0 0.638125 0.570625 0.108750 0.118750
0 0.124375 0.335625 0.073750 0.073750
0 0.423125 0.257500 0.098750 0.100000
0 0.077500 0.148125 0.105000 0.106250
0 0.596875 0.918750 0.068750 0.070000
0 0.485000 0.601875 0.065000 0.066250
0 0.939375 0.869375 0.038750 0.038750
0 0.358750 0.437500 0.067500 0.067500
0 0.855625 0.719375 0.036250 0.036250
0 0.512500 0.657500 0.027500 0.027500
0 0.765625 0.539375 0.033750 0.036250
0 0.695000 0.433750 0.072500 0.077500
0 0.083125 0.541875 0.103750 0.111250
0 0.425625 0.167500 0.048750 0.052500
0 0.631875 0.078750 0.046250 0.045000
0 0.103750 0.245000 0.030000 0.030000
0 0.126875 0.733125 0.051250 0.051250
0 0.930000 0.507500 0.097500 0.097500
0 0.091875 0.834375 0.058750 0.058750
0 0.768750 0.151250 0.052500 0.042500
0 0.250000 0.443750 0.087500 0.085000
0 0.688125 0.911875 0.068750 0.066250
0 0.926875 0.638750 0.031250 0.030000
0 0.063750 0.638750 0.065000 0.062500
0 0.806875 0.063750 0.103750 0.100000
0 0.436250 0.709375 0.030000 0.028750
0 0.383750 0.701250 0.055000 0.055000
0 0.498125 0.038125 0.033750 0.033750
0 0.566875 0.818125 0.098750 0.098750
0 0.868750 0.212500 0.077500 0.077500
0 0.892500 0.803750 0.070000 0.070000
0 0.927500 0.333750 0.102500 0.100000
0 0.707500 0.064375 0.035000 0.033750
0 0.591250 0.719375 0.070000 0.068750
0 0.678125 0.721250 0.081250 0.080000
0 0.214375 0.691875 0.058750 0.058750
0 0.044375 0.255625 0.058750 0.058750
0 0.448750 0.388750 0.070000 0.080000
0 0.828125 0.460000 0.078750 0.090000
0 0.165625 0.085625 0.056250 0.056250
0 0.276250 0.818750 0.072500 0.070000
0 0.470000 0.918750 0.080000 0.080000
0 0.060000 0.767500 0.057500 0.057500
0 0.858125 0.640625 0.068750 0.068750
0 0.409375 0.774375 0.073750 0.073750
0 0.161875 0.850625 0.028750 0.041250
0 0.308125 0.058750 0.031250 0.045000
0 0.033750 0.442500 0.027500 0.037500
0 0.306250 0.330000 0.060000 0.060000
0 0.553750 0.417500 0.030000 0.030000
0 0.755000 0.860000 0.025000 0.022500
0 0.035625 0.065625 0.036250 0.036250
0 0.713750 0.123750 0.035000 0.035000
0 0.256250 0.061250 0.025000 0.025000
0 0.106875 0.946875 0.031250 0.031250
0 0.928125 0.071875 0.103750 0.103750