0 0.916250 0.486250 0.035000 0.035000
0 0.529375 0.046875 0.041250 0.041250
0 0.527500 0.436250 0.047500 0.047500
0 0.707500 0.824375 0.100000 0.103750
0 0.696250 0.713750 0.087500 0.087500
0 0.320000 0.725000 0.095000 0.095000
0 0.660000 0.272500 0.097500 0.097500
0 0.841250 0.870000 0.075000 0.075000
0 0.790000 0.203750 0.100000 0.100000
0 0.778750 0.530000 0.045000 0.045000
0 0.202500 0.451250 0.087500 0.087500
0 0.495000 0.318125 0.047500 0.043750
0 0.414375 0.065625 0.066250 0.053750
0 0.363125 0.876250 0.061250 0.087500
0 0.146250 0.342500 0.087500 0.087500
0 0.917500 0.660000 0.040000 0.040000
0 0.366875 0.131875 0.046250 0.046250
0 0.210000 0.210625 0.065000 0.078750
0 0.625000 0.922500 0.047500 0.057500
0 0.518750 0.937500 0.047500 0.057500
0 0.821875 0.440625 0.053750 0.053750
0 0.454375 0.467500 0.041250 0.040000
0 0.738125 0.085625 0.096250 0.093750
0 0.387500 0.261875 0.037500 0.036250
0 0.076875 0.058125 0.026250 0.026250
0 0.466250 0.208750 0.082500 0.082500
0 0.087500 0.606250 0.065000 0.065000
0 0.607500 0.805625 0.047500 0.061250
0 0.169375 0.555625 0.081250 0.106250
0 0.829375 0.610625 0.048750 0.063750
0 0.618125 0.056250 0.031250 0.040000
0 0.786250 0.300625 0.072500 0.068750
0 0.908125 0.393125 0.083750 0.078750
0 0.593750 0.161250 0.107500 0.107500
0 0.521250 0.590000 0.102500 0.102500
0 0.901250 0.202500 0.060000 0.060000
0 0.074375 0.436875 0.081250 0.081250
0 0.941875 0.848125 0.071250 0.071250
0 0.295000 0.606250 0.067500 0.067500
0 0.610000 0.725625 0.067500 0.061250
0 0.080625 0.863125 0.081250 0.073750
0 0.208750 0.926250 0.107500 0.097500
0 0.255000 0.355625 0.092500 0.083750
0 0.771250 0.743125 0.047500 0.041250
0 0.118125 0.145625 0.088750 0.078750
0 0.422500 0.750000 0.065000 0.057500
0 0.316875 0.213125 0.078750 0.078750
0 0.155000 0.735000 0.112500 0.112500
0 0.939375 0.728125 0.046250 0.046250
0 0.871250 0.103750 0.060000 0.060000
0 0.664375 0.533125 0.103750 0.103750
0 0.535625 0.856875 0.043750 0.043750
0 0.231250 0.090000 0.082500 0.082500
0 0.835000 0.028750 0.030000 0.030000
0 0.513125 0.759375 0.038750 0.038750
0 0.336250 0.503750 0.085000 0.085000
0 0.603125 0.383750 0.043750 0.030000
0 0.433750 0.372500 0.035000 0.035000
0 0.711875 0.434375 0.056250 0.056250
0 0.348125 0.047500 0.028750 0.045000
0 0.343750 0.395000 0.037500 0.027500
0 0.740625 0.931250 0.093750 0.070000
0 0.050625 0.316875 0.061250 0.061250
0 0.106250 0.220000 0.055000 0.045000
0 0.749375 0.617500 0.046250 0.037500
0 0.936250 0.561250 0.070000 0.057500
0 0.675000 0.367500 0.060000 0.060000
0 0.921875 0.293125 0.086250 0.086250
0 0.468125 0.678125 0.056250 0.056250
0 0.794375 0.696875 0.036250 0.036250
0 0.433750 0.558750 0.055000 0.055000
0 0.361875 0.615625 0.043750 0.043750
0 0.043750 0.678750 0.037500 0.037500
0 0.856250 0.287500 0.027500 0.030000
0 0.433125 0.881875 0.056250 0.056250
0 0.058125 0.530000 0.073750 0.065000
0 0.571875 0.288125 0.063750 0.056250
0 0.425625 0.947500 0.033750 0.030000