0 0.507500 0.081250 0.070000 0.070000
0 0.880000 0.350000 0.062500 0.062500
0 0.526875 0.380625 0.046250 0.046250
0 0.100625 0.265625 0.058750 0.058750
0 0.413750 0.851875 0.047500 0.048750
0 0.178750 0.786875 0.090000 0.093750
0 0.064375 0.917500 0.031250 0.032500
0 0.195000 0.415000 0.067500 0.067500
0 0.701250 0.783750 0.030000 0.030000
0 0.223125 0.123125 0.038750 0.038750
0 0.347500 0.082500 0.087500 0.087500
0 0.483750 0.645000 0.087500 0.087500
0 0.620000 0.137500 0.060000 0.060000
0 0.219375 0.271875 0.108750 0.108750
0 0.776250 0.051250 0.040000 0.040000
0 0.386250 0.210000 0.095000 0.095000
0 0.845000 0.196250 0.105000 0.105000
0 0.667500 0.350000 0.055000 0.055000
0 0.323125 0.346875 0.083750 0.083750
0 0.640000 0.230625 0.075000 0.091250
0 0.866875 0.493125 0.081250 0.111250
0 0.298750 0.749375 0.092500 0.126250
0 0.566875 0.856250 0.098750 0.135000
0 0.588125 0.619375 0.053750 0.073750
0 0.221250 0.621250 0.092500 0.092500
0 0.059375 0.466875 0.056250 0.058750
0 0.493750 0.209375 0.072500 0.066250
0 0.726875 0.432500 0.096250 0.077500
0 0.814375 0.899375 0.081250 0.081250
0 0.088125 0.361875 0.068750 0.068750
0 0.265000 0.896250 0.065000 0.065000
0 0.334375 0.631875 0.103750 0.078750
0 0.703750 0.501250 0.050000 0.037500
0 0.145000 0.904375 0.097500 0.073750
0 0.715625 0.881875 0.096250 0.073750
0 0.393125 0.509375 0.056250 0.056250
0 0.820000 0.646250 0.082500 0.082500
0 0.426250 0.364375 0.062500 0.081250
0 0.137500 0.127500 0.032500 0.042500
0 0.144375 0.530625 0.041250 0.053750
0 0.232500 0.057500 0.050000 0.065000
0 0.912500 0.873750 0.090000 0.090000
0 0.256250 0.362500 0.025000 0.025000
0 0.945000 0.638750 0.082500 0.082500
0 0.815000 0.786250 0.087500 0.087500
0 0.941875 0.275625 0.043750 0.043750
0 0.119375 0.616875 0.046250 0.046250
0 0.481875 0.901875 0.031250 0.031250
0 0.564375 0.519375 0.048750 0.048750
0 0.422500 0.775000 0.067500 0.067500
0 0.074375 0.795625 0.088750 0.101250
0 0.271250 0.526250 0.047500 0.047500
0 0.709375 0.121875 0.083750 0.083750
0 0.066250 0.123750 0.090000 0.090000
0 0.632500 0.050625 0.040000 0.038750
0 0.776875 0.555625 0.073750 0.071250
0 0.781250 0.325625 0.075000 0.076250
0 0.614375 0.729375 0.086250 0.088750
0 0.887500 0.045625 0.047500 0.048750
0 0.112500 0.205000 0.040000 0.040000
0 0.283750 0.431250 0.047500 0.047500
0 0.548750 0.952500 0.025000 0.025000
0 0.723125 0.650000 0.038750 0.035000
0 0.718125 0.249375 0.048750 0.043750