0 0.248125 0.626875 0.068750 0.068750
0 0.926250 0.273750 0.112500 0.090000
0 0.780000 0.902500 0.057500 0.057500
0 0.508125 0.594375 0.046250 0.046250
0 0.738125 0.213125 0.093750 0.128750
0 0.486875 0.769375 0.108750 0.108750
0 0.706875 0.639375 0.086250 0.086250
0 0.273750 0.527500 0.095000 0.095000
0 0.127500 0.626250 0.105000 0.102500
0 0.399375 0.581875 0.066250 0.063750
0 0.068125 0.770625 0.083750 0.083750
0 0.280625 0.781875 0.066250 0.066250
0 0.330000 0.375000 0.045000 0.045000
0 0.815625 0.835625 0.066250 0.061250
0 0.960000 0.528750 0.027500 0.025000
0 0.420000 0.150000 0.105000 0.105000
0 0.355000 0.902500 0.065000 0.065000
0 0.650625 0.364375 0.111250 0.111250
0 0.571875 0.485625 0.101250 0.101250
0 0.179375 0.220625 0.046250 0.046250
0 0.728125 0.084375 0.101250 0.101250
0 0.693750 0.907500 0.072500 0.087500
0 0.159375 0.356250 0.048750 0.050000
0 0.069375 0.518750 0.038750 0.040000
0 0.157500 0.520000 0.095000 0.095000
0 0.889375 0.630625 0.053750 0.046250
0 0.768750 0.335625 0.027500 0.023750
0 0.961875 0.463125 0.028750 0.028750
0 0.800625 0.680625 0.071250 0.086250
0 0.105000 0.209375 0.077500 0.093750
0 0.907500 0.847500 0.067500 0.082500
0 0.190625 0.150625 0.028750 0.028750
0 0.277500 0.291250 0.095000 0.095000
0 0.488125 0.042500 0.056250 0.045000
0 0.368125 0.771250 0.056250 0.045000
0 0.275000 0.072500 0.112500 0.112500
0 0.220000 0.703750 0.025000 0.022500
0 0.879375 0.741875 0.038750 0.036250
0 0.850000 0.474375 0.085000 0.066250
0 0.458750 0.344375 0.107500 0.083750
0 0.706250 0.754375 0.072500 0.056250
0 0.093125 0.871875 0.091250 0.093750
0 0.375625 0.691250 0.033750 0.030000
0 0.435000 0.443750 0.100000 0.100000
0 0.874375 0.106875 0.108750 0.108750
0 0.391875 0.256875 0.076250 0.058750
0 0.271250 0.875625 0.082500 0.063750
0 0.630000 0.698750 0.032500 0.025000
0 0.647500 0.160000 0.045000 0.035000
0 0.800000 0.578750 0.052500 0.070000
0 0.502500 0.656250 0.045000 0.060000
0 0.913750 0.926250 0.032500 0.042500
0 0.566250 0.256250 0.090000 0.090000
0 0.110000 0.293750 0.042500 0.042500
0 0.768125 0.489375 0.051250 0.051250
0 0.562500 0.740000 0.025000 0.025000
0 0.254375 0.421875 0.081250 0.081250
0 0.322500 0.217500 0.037500 0.037500
0 0.566875 0.908125 0.103750 0.103750
0 0.145625 0.414375 0.048750 0.048750
0 0.351250 0.831250 0.055000 0.055000
0 0.685625 0.543750 0.093750 0.072500
0 0.646250 0.265000 0.035000 0.035000
0 0.116250 0.055000 0.072500 0.072500
0 0.627500 0.088750 0.075000 0.075000
0 0.750625 0.824375 0.046250 0.046250