0 0.586250 0.575000 0.047500 0.047500
0 0.267500 0.617500 0.110000 0.110000
0 0.910625 0.589375 0.088750 0.088750
0 0.242500 0.211250 0.090000 0.090000
0 0.553750 0.660000 0.095000 0.095000
0 0.698125 0.493125 0.093750 0.093750
0 0.090625 0.847500 0.081250 0.062500
0 0.918750 0.918125 0.105000 0.081250
0 0.828750 0.781250 0.077500 0.077500
0 0.741250 0.633750 0.047500 0.047500
0 0.388750 0.747500 0.085000 0.085000
0 0.400625 0.624375 0.036250 0.036250
0 0.272500 0.826250 0.102500 0.097500
0 0.455000 0.692500 0.032500 0.032500
0 0.256875 0.303750 0.046250 0.045000
0 0.441875 0.304375 0.108750 0.108750
0 0.099375 0.152500 0.076250 0.075000
0 0.669375 0.348750 0.081250 0.080000
0 0.530625 0.808125 0.036250 0.043750
0 0.864375 0.089375 0.096250 0.096250
0 0.446250 0.505000 0.057500 0.060000
0 0.281875 0.463125 0.108750 0.108750
0 0.668750 0.863750 0.095000 0.095000
0 0.910625 0.375625 0.051250 0.051250
0 0.078750 0.720000 0.095000 0.095000
0 0.766875 0.571875 0.043750 0.043750
0 0.771875 0.883125 0.091250 0.091250
0 0.599375 0.504375 0.076250 0.076250
0 0.585625 0.296875 0.071250 0.071250
0 0.791250 0.297500 0.062500 0.062500
0 0.662500 0.773125 0.067500 0.063750
0 0.826875 0.446875 0.101250 0.096250
0 0.226875 0.944375 0.041250 0.041250
0 0.069375 0.571250 0.088750 0.082500
0 0.840625 0.367500 0.036250 0.032500
0 0.358750 0.117500 0.067500 0.062500
0 0.098750 0.293750 0.060000 0.060000
0 0.692500 0.086250 0.095000 0.095000
0 0.700000 0.215000 0.090000 0.090000
0 0.462500 0.618750 0.032500 0.045000
0 0.899375 0.773125 0.038750 0.053750
0 0.529375 0.934375 0.073750 0.073750
0 0.102500 0.383125 0.112500 0.103750
0 0.605625 0.100625 0.058750 0.053750
0 0.197500 0.831875 0.032500 0.028750
0 0.460625 0.164375 0.098750 0.093750
0 0.880000 0.301250 0.045000 0.042500
0 0.643125 0.631250 0.028750 0.035000
0 0.893125 0.198750 0.051250 0.062500
0 0.385000 0.920000 0.105000 0.102500
0 0.508125 0.069375 0.081250 0.078750
0 0.209375 0.096250 0.111250 0.120000
0 0.172500 0.568125 0.050000 0.078750