0 0.158125 0.435625 0.028750 0.028750
0 0.378125 0.378125 0.071250 0.071250
0 0.885000 0.612500 0.075000 0.075000
0 0.566250 0.521250 0.062500 0.062500
0 0.851250 0.417500 0.040000 0.040000
0 0.361875 0.499375 0.066250 0.066250
0 0.746250 0.742500 0.100000 0.100000
0 0.223125 0.063125 0.076250 0.058750
0 0.526875 0.866250 0.033750 0.025000
0 0.131250 0.866875 0.037500 0.033750
0 0.156250 0.749375 0.075000 0.068750
0 0.331250 0.730000 0.080000 0.072500
0 0.556875 0.229375 0.056250 0.051250
0 0.858750 0.197500 0.067500 0.067500
0 0.465625 0.565625 0.101250 0.101250
0 0.705625 0.305625 0.108750 0.108750
0 0.844375 0.804375 0.073750 0.073750
0 0.252500 0.330000 0.112500 0.112500
0 0.837500 0.061250 0.057500 0.067500
0 0.056250 0.816250 0.067500 0.080000
0 0.628125 0.646875 0.053750 0.053750
0 0.068750 0.518750 0.042500 0.042500
0 0.103750 0.295000 0.087500 0.087500
0 0.635625 0.075625 0.036250 0.036250
0 0.065625 0.401875 0.033750 0.033750
0 0.605625 0.435625 0.088750 0.088750
0 0.625000 0.825000 0.080000 0.080000
0 0.913750 0.267500 0.047500 0.047500
0 0.350000 0.067500 0.095000 0.095000
0 0.700000 0.203750 0.027500 0.027500
0 0.296250 0.889375 0.067500 0.068750
0 0.345000 0.646875 0.062500 0.063750
0 0.461875 0.418750 0.061250 0.062500
0 0.891250 0.706250 0.045000 0.045000
0 0.541875 0.304375 0.046250 0.046250
0 0.074375 0.130625 0.033750 0.033750
0 0.175625 0.595000 0.028750 0.032500
0 0.457500 0.198125 0.082500 0.093750
0 0.240625 0.704375 0.066250 0.126250
0 0.199375 0.173125 0.081250 0.083750
0 0.570625 0.051875 0.026250 0.026250
0 0.780625 0.474375 0.063750 0.066250
0 0.526250 0.696875 0.087500 0.091250
0 0.461250 0.921250 0.030000 0.030000
0 0.750625 0.934375 0.071250 0.071250
0 0.431875 0.804375 0.098750 0.098750
0 0.850000 0.322500 0.032500 0.032500
0 0.900625 0.507500 0.058750 0.057500
0 0.039375 0.602500 0.043750 0.045000
0 0.050625 0.691875 0.071250 0.073750
0 0.935625 0.863750 0.088750 0.092500
0 0.583750 0.931250 0.045000 0.045000
0 0.214375 0.955625 0.031250 0.031250
0 0.945000 0.112500 0.072500 0.072500
0 0.777500 0.643750 0.052500 0.052500
0 0.718125 0.094375 0.106250 0.106250
0 0.698750 0.507500 0.060000 0.060000
0 0.840625 0.898125 0.026250 0.026250
0 0.217500 0.836875 0.032500 0.028750
0 0.057500 0.931875 0.050000 0.043750
0 0.115625 0.055000 0.073750 0.065000
0 0.428750 0.479375 0.045000 0.038750
0 0.911875 0.786875 0.046250 0.046250
0 0.104375 0.183125 0.046250 0.046250
0 0.344375 0.796250 0.041250 0.042500
0 0.419375 0.889375 0.026250 0.026250
0 0.113125 0.916875 0.031250 0.026250
0 0.220625 0.513125 0.061250 0.061250
0 0.696250 0.625000 0.055000 0.055000
0 0.385000 0.250000 0.030000 0.030000
0 0.267500 0.607500 0.052500 0.052500
0 0.926250 0.361250 0.077500 0.087500
0 0.099375 0.595000 0.028750 0.032500
0 0.801875 0.557500 0.071250 0.080000
0 0.490625 0.332500 0.031250 0.035000
0 0.260000 0.435000 0.077500 0.077500
0 0.306250 0.223750 0.035000 0.035000
0 0.519375 0.790625 0.046250 0.046250
0 0.748125 0.835625 0.071250 0.071250
0 0.637500 0.928750 0.035000 0.035000
0 0.613750 0.708750 0.055000 0.055000