0 0.466875 0.465625 0.056250 0.088750
0 0.422500 0.793750 0.035000 0.035000
0 0.743750 0.575000 0.100000 0.100000
0 0.621875 0.173125 0.061250 0.061250
0 0.136250 0.226250 0.092500 0.092500
0 0.174375 0.914375 0.068750 0.083750
0 0.233750 0.801875 0.087500 0.106250
0 0.759375 0.811250 0.111250 0.135000
0 0.586250 0.351250 0.047500 0.057500
0 0.096250 0.496250 0.085000 0.085000
0 0.925000 0.138125 0.085000 0.103750
0 0.671250 0.443750 0.090000 0.110000
0 0.869375 0.516875 0.088750 0.088750
0 0.651875 0.894375 0.028750 0.028750
0 0.500625 0.808125 0.071250 0.071250
0 0.960000 0.052500 0.047500 0.047500
0 0.085625 0.347500 0.103750 0.135000
0 0.342500 0.153750 0.085000 0.085000
0 0.950625 0.234375 0.061250 0.061250
0 0.730625 0.288125 0.053750 0.053750
0 0.940000 0.700000 0.075000 0.075000
0 0.337500 0.822500 0.052500 0.052500
0 0.698125 0.066875 0.101250 0.096250
0 0.942500 0.937500 0.070000 0.070000
0 0.392500 0.442500 0.060000 0.057500
0 0.160000 0.337500 0.027500 0.027500
0 0.860625 0.628750 0.061250 0.062500
0 0.916875 0.812500 0.081250 0.082500
0 0.107500 0.720625 0.097500 0.098750
0 0.710625 0.188750 0.098750 0.100000
0 0.456250 0.719375 0.055000 0.048750
0 0.261250 0.481250 0.112500 0.100000
0 0.556875 0.475625 0.103750 0.091250
0 0.120625 0.038750 0.046250 0.040000
0 0.486875 0.345625 0.088750 0.088750
0 0.149375 0.808125 0.051250 0.051250
0 0.225625 0.178750 0.041250 0.037500
0 0.519375 0.598750 0.103750 0.095000
0 0.865625 0.300625 0.033750 0.033750
0 0.848125 0.391875 0.048750 0.048750
0 0.659375 0.708125 0.033750 0.033750
0 0.365625 0.275625 0.066250 0.066250
0 0.039375 0.867500 0.031250 0.030000
0 0.921875 0.323750 0.048750 0.047500
0 0.386875 0.561875 0.048750 0.048750
0 0.443125 0.240625 0.046250 0.046250
0 0.491250 0.057500 0.080000 0.080000
0 0.173125 0.428125 0.048750 0.048750
0 0.826250 0.152500 0.077500 0.077500
0 0.261250 0.691250 0.060000 0.060000
0 0.064375 0.611875 0.036250 0.036250
0 0.270000 0.280000 0.090000 0.090000
0 0.520000 0.217500 0.070000 0.070000
0 0.813750 0.942500 0.042500 0.042500
0 0.060000 0.202500 0.045000 0.045000
0 0.806875 0.053125 0.071250 0.071250
0 0.248125 0.608125 0.076250 0.076250
0 0.378750 0.068750 0.030000 0.030000
0 0.751875 0.680625 0.091250 0.091250
0 0.156250 0.132500 0.077500 0.077500
0 0.260000 0.931250 0.080000 0.080000
0 0.322500 0.061875 0.050000 0.068750
0 0.091875 0.883125 0.056250 0.076250
0 0.170625 0.596875 0.053750 0.073750
0 0.421250 0.912500 0.105000 0.097500
0 0.251875 0.105625 0.068750 0.068750
0 0.031250 0.747500 0.025000 0.025000
0 0.928125 0.415625 0.081250 0.081250
0 0.568125 0.914375 0.103750 0.103750
0 0.378750 0.708750 0.082500 0.082500
0 0.600625 0.796875 0.068750 0.068750