0 0.496250 0.678750 0.060000 0.055000
0 0.545000 0.311250 0.042500 0.042500
0 0.827500 0.510000 0.107500 0.107500
0 0.655000 0.550000 0.080000 0.080000
0 0.286875 0.914375 0.081250 0.081250
0 0.592500 0.176875 0.077500 0.076250
0 0.328750 0.393750 0.065000 0.060000
0 0.064375 0.393125 0.083750 0.083750
0 0.528750 0.783750 0.042500 0.042500
0 0.736250 0.526250 0.025000 0.025000
0 0.863750 0.256250 0.097500 0.097500
0 0.061250 0.585000 0.057500 0.057500
0 0.913125 0.925625 0.061250 0.061250
0 0.317500 0.671250 0.042500 0.042500
0 0.086250 0.503750 0.077500 0.077500
0 0.752500 0.688750 0.040000 0.040000
0 0.037500 0.241250 0.037500 0.037500
0 0.237500 0.775625 0.062500 0.071250
0 0.731250 0.807500 0.055000 0.062500
0 0.816875 0.099375 0.088750 0.086250
0 0.538750 0.476875 0.112500 0.108750
0 0.287500 0.328125 0.030000 0.028750
0 0.335625 0.755625 0.056250 0.053750
0 0.342500 0.037500 0.040000 0.040000
0 0.352500 0.560000 0.087500 0.087500
0 0.835000 0.907500 0.050000 0.050000
0 0.163125 0.599375 0.081250 0.081250
0 0.155625 0.265625 0.031250 0.031250
0 0.607500 0.755000 0.072500 0.042500
0 0.323750 0.176250 0.105000 0.105000
0 0.108125 0.753125 0.106250 0.083750
0 0.716250 0.123750 0.082500 0.060000
0 0.490000 0.223750 0.110000 0.080000
0 0.658750 0.255625 0.040000 0.028750
0 0.198125 0.358750 0.096250 0.120000
0 0.512500 0.079375 0.025000 0.031250
0 0.234375 0.685625 0.088750 0.033750
0 0.666250 0.702500 0.047500 0.047500
0 0.200000 0.492500 0.075000 0.075000
0 0.075000 0.117500 0.047500 0.047500
0 0.193750 0.171250 0.102500 0.102500
0 0.156875 0.061875 0.081250 0.073750
0 0.758750 0.377500 0.100000 0.090000
0 0.860000 0.378750 0.052500 0.047500
0 0.946875 0.424375 0.076250 0.098750
0 0.930000 0.528125 0.030000 0.038750
0 0.616875 0.898750 0.078750 0.072500
0 0.468750 0.592500 0.085000 0.077500
0 0.843750 0.730625 0.090000 0.088750
0 0.443125 0.897500 0.048750 0.047500
0 0.411250 0.678750 0.042500 0.042500
0 0.258125 0.599375 0.046250 0.046250
0 0.341875 0.091875 0.033750 0.033750
0 0.144375 0.898125 0.103750 0.103750
0 0.871875 0.595625 0.041250 0.041250
0 0.654375 0.343750 0.088750 0.090000
0 0.967500 0.098125 0.032500 0.031250
0 0.455000 0.331875 0.045000 0.043750
0 0.845000 0.816875 0.055000 0.053750
0 0.618125 0.092500 0.038750 0.037500
0 0.416875 0.836250 0.043750 0.040000
0 0.420000 0.052500 0.070000 0.065000
0 0.650625 0.444375 0.071250 0.066250
0 0.277500 0.060625 0.065000 0.088750