0 0.650625 0.420000 0.091250 0.087500
0 0.329375 0.093750 0.048750 0.075000
0 0.778125 0.211250 0.093750 0.085000
0 0.145625 0.356250 0.103750 0.095000
0 0.440625 0.860625 0.108750 0.098750
0 0.181250 0.108750 0.027500 0.030000
0 0.913125 0.206875 0.051250 0.051250
0 0.733750 0.605625 0.045000 0.043750
0 0.764375 0.923750 0.048750 0.052500
0 0.838125 0.624375 0.056250 0.056250
0 0.327500 0.585000 0.042500 0.042500
0 0.510625 0.323125 0.053750 0.053750
0 0.771250 0.671250 0.040000 0.040000
0 0.099375 0.890625 0.108750 0.073750
0 0.575000 0.568125 0.032500 0.021250
0 0.448125 0.166875 0.046250 0.046250
0 0.225625 0.229375 0.081250 0.081250
0 0.563125 0.169375 0.046250 0.046250
0 0.594375 0.905625 0.036250 0.036250
0 0.468750 0.690625 0.080000 0.073750
0 0.827500 0.808750 0.095000 0.095000
0 0.140000 0.227500 0.062500 0.062500
0 0.388750 0.186250 0.052500 0.052500
0 0.272500 0.443125 0.032500 0.028750
0 0.505625 0.460625 0.053750 0.053750
0 0.263750 0.867500 0.070000 0.070000
0 0.053750 0.625625 0.027500 0.028750
0 0.882500 0.515000 0.092500 0.100000
0 0.586250 0.263125 0.047500 0.051250
0 0.594375 0.066875 0.066250 0.071250
0 0.809375 0.046875 0.068750 0.068750
0 0.165625 0.764375 0.036250 0.036250
0 0.575000 0.713750 0.110000 0.110000
0 0.316875 0.210000 0.066250 0.067500
0 0.239375 0.527500 0.046250 0.047500
0 0.398750 0.353125 0.092500 0.076250
0 0.653750 0.535000 0.032500 0.032500
0 0.336875 0.729375 0.111250 0.111250
0 0.621250 0.831250 0.100000 0.085000
0 0.720625 0.795625 0.083750 0.071250
0 0.485625 0.585000 0.076250 0.065000
0 0.730000 0.122500 0.070000 0.070000
0 0.870000 0.328750 0.057500 0.057500
0 0.228750 0.745625 0.037500 0.021250
0 0.120625 0.633750 0.061250 0.035000