0 0.728125 0.561250 0.048750 0.050000
0 0.104375 0.727500 0.111250 0.115000
0 0.563125 0.117500 0.046250 0.047500
0 0.696875 0.686875 0.028750 0.028750
0 0.412500 0.213750 0.062500 0.062500
0 0.413125 0.528125 0.066250 0.066250
0 0.041875 0.205625 0.038750 0.038750
0 0.092500 0.395000 0.095000 0.095000
0 0.333750 0.328750 0.050000 0.050000
0 0.858750 0.785000 0.070000 0.070000
0 0.142500 0.098750 0.090000 0.072500
0 0.707500 0.293125 0.107500 0.086250
0 0.492500 0.474375 0.040000 0.031250
0 0.547500 0.730625 0.095000 0.076250
0 0.871250 0.059375 0.095000 0.086250
0 0.471875 0.325000 0.091250 0.082500
0 0.438125 0.756875 0.091250 0.103750
0 0.407500 0.095625 0.102500 0.063750
0 0.392500 0.592500 0.077500 0.047500
0 0.268125 0.443750 0.088750 0.107500
0 0.726250 0.101250 0.090000 0.110000
0 0.808125 0.541875 0.081250 0.081250
0 0.940625 0.461875 0.063750 0.056250
0 0.630000 0.461875 0.075000 0.106250
0 0.275000 0.618125 0.087500 0.086250
0 0.478125 0.206875 0.043750 0.043750
0 0.630000 0.702500 0.052500 0.052500
0 0.846250 0.230000 0.035000 0.035000
0 0.098125 0.495625 0.058750 0.056250
0 0.490000 0.105000 0.040000 0.040000
0 0.712500 0.931875 0.047500 0.043750
0 0.068750 0.912500 0.070000 0.065000
0 0.575000 0.254375 0.082500 0.076250
0 0.731875 0.735625 0.033750 0.031250
0 0.253125 0.760625 0.093750 0.086250
0 0.548125 0.598750 0.058750 0.055000
0 0.453750 0.913750 0.112500 0.112500
0 0.920625 0.681875 0.108750 0.108750
0 0.799375 0.201875 0.043750 0.041250
0 0.777500 0.410000 0.072500 0.067500
0 0.928750 0.327500 0.080000 0.152500
0 0.796250 0.899375 0.090000 0.086250
0 0.944375 0.820000 0.068750 0.067500
0 0.176875 0.338750 0.051250 0.050000
0 0.284375 0.907500 0.093750 0.092500
0 0.253750 0.196875 0.112500 0.111250
0 0.720625 0.626250 0.061250 0.057500
0 0.665625 0.821875 0.073750 0.068750
0 0.165000 0.901250 0.090000 0.085000
0 0.175625 0.567500 0.071250 0.045000
0 0.269375 0.069375 0.088750 0.056250
0 0.568125 0.836250 0.091250 0.057500
0 0.795000 0.025625 0.042500 0.026250
0 0.630000 0.646250 0.035000 0.035000
0 0.095000 0.301250 0.032500 0.032500
0 0.532500 0.530625 0.055000 0.043750
0 0.792500 0.670625 0.055000 0.043750
0 0.078125 0.852500 0.043750 0.035000
0 0.623125 0.913125 0.068750 0.081250
0 0.266875 0.306875 0.066250 0.078750
0 0.905625 0.200625 0.068750 0.068750
0 0.848125 0.370625 0.053750 0.053750
0 0.473125 0.394375 0.038750 0.038750
0 0.169375 0.478125 0.061250 0.056250
0 0.849375 0.133125 0.046250 0.046250
0 0.400625 0.443125 0.083750 0.083750
0 0.860625 0.446250 0.078750 0.060000
0 0.546250 0.054375 0.032500 0.023750
0 0.539375 0.661875 0.036250 0.036250
0 0.779375 0.713125 0.031250 0.023750