0 0.392500 0.501250 0.047500 0.047500
0 0.083125 0.771875 0.111250 0.111250
0 0.940625 0.816875 0.061250 0.061250
0 0.333750 0.160000 0.095000 0.095000
0 0.605000 0.127500 0.025000 0.025000
0 0.912500 0.356250 0.037500 0.037500
0 0.933750 0.220000 0.030000 0.030000
0 0.209375 0.441875 0.091250 0.091250
0 0.357500 0.412500 0.105000 0.100000
0 0.621250 0.773750 0.055000 0.052500
0 0.064375 0.506250 0.081250 0.077500
0 0.891250 0.615000 0.097500 0.092500
0 0.650625 0.180625 0.028750 0.023750
0 0.736875 0.851250 0.058750 0.050000
0 0.693750 0.561250 0.067500 0.057500
0 0.370625 0.064375 0.083750 0.058750
0 0.500000 0.911250 0.092500 0.065000
0 0.631875 0.658125 0.083750 0.083750
0 0.628125 0.533125 0.041250 0.041250
0 0.095000 0.260625 0.092500 0.101250
0 0.131875 0.093750 0.091250 0.100000
0 0.413750 0.599375 0.097500 0.106250
0 0.455000 0.397500 0.025000 0.020000
0 0.827500 0.933750 0.037500 0.040000
0 0.899375 0.906875 0.068750 0.068750
0 0.479375 0.171250 0.081250 0.065000
0 0.291250 0.534375 0.042500 0.033750
0 0.135625 0.596875 0.106250 0.086250
0 0.506250 0.561250 0.047500 0.037500
0 0.746875 0.301875 0.083750 0.083750
0 0.792500 0.510000 0.052500 0.047500
0 0.854375 0.264375 0.058750 0.058750
0 0.213125 0.235625 0.108750 0.108750
0 0.486875 0.448125 0.053750 0.048750
0 0.234375 0.343750 0.061250 0.055000
0 0.500625 0.263750 0.098750 0.090000
0 0.390625 0.885000 0.093750 0.085000
0 0.933750 0.477500 0.080000 0.137500
0 0.820000 0.814375 0.067500 0.116250
0 0.296875 0.703750 0.098750 0.170000
0 0.742500 0.078750 0.042500 0.072500
0 0.358750 0.292500 0.072500 0.072500
0 0.048750 0.086250 0.045000 0.045000
0 0.240000 0.842500 0.095000 0.067500
0 0.733750 0.687500 0.092500 0.065000
0 0.670625 0.084375 0.048750 0.048750
0 0.911875 0.083125 0.041250 0.041250
0 0.943125 0.709375 0.081250 0.081250
0 0.481250 0.108750 0.040000 0.040000
0 0.587500 0.356250 0.040000 0.040000
0 0.104375 0.907500 0.091250 0.110000
0 0.244375 0.943125 0.063750 0.063750
0 0.748125 0.411250 0.101250 0.095000
0 0.541875 0.711875 0.038750 0.038750
0 0.726875 0.925625 0.078750 0.078750
0 0.281250 0.403750 0.032500 0.032500
0 0.628750 0.888750 0.082500 0.107500
0 0.240625 0.083750 0.063750 0.082500
0 0.761875 0.213750 0.098750 0.070000
0 0.702500 0.767500 0.072500 0.072500
0 0.808125 0.051875 0.051250 0.051250
0 0.440625 0.690625 0.058750 0.058750
0 0.110625 0.395625 0.066250 0.066250
0 0.625000 0.427500 0.075000 0.067500
0 0.537500 0.642500 0.057500 0.057500
0 0.625000 0.238750 0.037500 0.040000
0 0.477500 0.798125 0.082500 0.071250
0 0.480625 0.335625 0.036250 0.036250
0 0.873125 0.152500 0.033750 0.032500
0 0.840625 0.411875 0.046250 0.046250
0 0.551875 0.121875 0.038750 0.043750
0 0.032500 0.175000 0.030000 0.030000
0 0.849375 0.345625 0.063750 0.063750
0 0.953750 0.288750 0.052500 0.052500
0 0.628750 0.305000 0.030000 0.030000