0 0.595000 0.315625 0.057500 0.031250
0 0.293750 0.857500 0.112500 0.112500
0 0.688125 0.219375 0.058750 0.058750
0 0.826250 0.107500 0.110000 0.110000
0 0.035625 0.754375 0.033750 0.033750
0 0.702500 0.862500 0.087500 0.087500
0 0.636250 0.576250 0.060000 0.060000
0 0.756875 0.273750 0.043750 0.040000
0 0.106250 0.176250 0.107500 0.100000
0 0.365625 0.298750 0.043750 0.040000
0 0.961250 0.696875 0.050000 0.046250
0 0.414375 0.588125 0.028750 0.028750
0 0.184375 0.353125 0.081250 0.081250
0 0.102500 0.880000 0.080000 0.080000
0 0.880000 0.432500 0.055000 0.055000
0 0.611250 0.501250 0.030000 0.030000
0 0.707500 0.383750 0.072500 0.072500
0 0.650625 0.705625 0.088750 0.121250
0 0.416875 0.440625 0.093750 0.128750
0 0.078750 0.644375 0.025000 0.033750
0 0.403125 0.699375 0.053750 0.053750
0 0.871250 0.663750 0.027500 0.020000
0 0.248125 0.059375 0.048750 0.046250
0 0.890000 0.915000 0.030000 0.030000
0 0.341250 0.712500 0.050000 0.050000
0 0.490625 0.850625 0.071250 0.071250
0 0.673125 0.291875 0.068750 0.068750
0 0.885000 0.789375 0.067500 0.051250
0 0.447500 0.248125 0.100000 0.076250
0 0.898750 0.263750 0.062500 0.047500
0 0.190625 0.609375 0.043750 0.043750
0 0.862500 0.581875 0.092500 0.111250
0 0.489375 0.645625 0.103750 0.103750
0 0.266875 0.338125 0.058750 0.058750
0 0.955625 0.824375 0.053750 0.053750
0 0.365625 0.106875 0.103750 0.103750
0 0.651875 0.060625 0.088750 0.088750
0 0.083750 0.487500 0.110000 0.090000
0 0.258125 0.695000 0.033750 0.027500
0 0.740625 0.664375 0.066250 0.053750
0 0.513125 0.082500 0.091250 0.082500
0 0.230625 0.196875 0.101250 0.101250
0 0.782500 0.350000 0.050000 0.050000
0 0.406250 0.843750 0.055000 0.055000
0 0.138125 0.626875 0.036250 0.036250
0 0.931875 0.370625 0.051250 0.051250
0 0.112500 0.070000 0.110000 0.097500
0 0.268125 0.642500 0.053750 0.047500
0 0.423125 0.781875 0.051250 0.036250
0 0.342500 0.552500 0.065000 0.062500
0 0.587500 0.150000 0.042500 0.040000
0 0.311875 0.470000 0.031250 0.040000
0 0.077500 0.319375 0.105000 0.136250
0 0.748125 0.534375 0.091250 0.118750
0 0.583125 0.920625 0.041250 0.041250
0 0.804375 0.210625 0.063750 0.063750
0 0.195625 0.789375 0.068750 0.068750
0 0.205000 0.451250 0.090000 0.090000
0 0.821875 0.705625 0.046250 0.046250
0 0.525000 0.473750 0.082500 0.082500
0 0.574375 0.818125 0.046250 0.046250
0 0.243750 0.548750 0.045000 0.045000
0 0.954375 0.194375 0.066250 0.066250
0 0.520000 0.335000 0.077500 0.077500
0 0.760000 0.766250 0.050000 0.050000
0 0.442500 0.535000 0.040000 0.040000
0 0.447500 0.943750 0.062500 0.062500
0 0.513750 0.547500 0.042500 0.042500
0 0.370625 0.211875 0.036250 0.036250
0 0.955625 0.613125 0.053750 0.053750
0 0.802500 0.301250 0.027500 0.027500
0 0.825000 0.402500 0.030000 0.030000
0 0.181875 0.925625 0.048750 0.048750
0 0.946250 0.096875 0.072500 0.068750
0 0.148125 0.727500 0.038750 0.040000
0 0.320625 0.406875 0.071250 0.056250
0 0.950000 0.525000 0.047500 0.047500
0 0.670625 0.488125 0.036250 0.036250
0 0.538125 0.758125 0.031250 0.031250
0 0.808750 0.910000 0.092500 0.092500
0 0.743125 0.121875 0.041250 0.041250
0 0.126250 0.581250 0.037500 0.037500
0 0.329375 0.943750 0.046250 0.040000
0 0.538750 0.202500 0.042500 0.037500
0 0.676250 0.156875 0.025000 0.021250
0 0.110625 0.793125 0.061250 0.061250
0 0.038750 0.820625 0.025000 0.036250
0 0.596250 0.252500 0.032500 0.032500
0 0.846250 0.485000 0.035000 0.035000
0 0.477500 0.163750 0.065000 0.065000