0 0.135000 0.207500 0.060000 0.057500
0 0.825000 0.850000 0.090000 0.080000
0 0.831875 0.075625 0.106250 0.093750
0 0.596250 0.246250 0.067500 0.045000
0 0.865000 0.651250 0.090000 0.090000
0 0.691250 0.797500 0.052500 0.052500
0 0.728125 0.888125 0.066250 0.066250
0 0.098750 0.883750 0.090000 0.090000
0 0.817500 0.376250 0.097500 0.097500
0 0.504375 0.381875 0.073750 0.073750
0 0.325625 0.875625 0.101250 0.101250
0 0.608750 0.631250 0.072500 0.072500
0 0.751250 0.247500 0.085000 0.085000
0 0.470625 0.790625 0.078750 0.078750
0 0.456250 0.232500 0.060000 0.072500
0 0.441875 0.478125 0.103750 0.103750
0 0.148750 0.498750 0.110000 0.110000
0 0.295000 0.551250 0.085000 0.085000
0 0.052500 0.624375 0.067500 0.078750
0 0.542500 0.298125 0.035000 0.041250
0 0.482500 0.134375 0.055000 0.063750
0 0.250000 0.365000 0.030000 0.030000
0 0.308750 0.249375 0.107500 0.108750
0 0.625625 0.164375 0.058750 0.068750
0 0.777500 0.767500 0.045000 0.052500
0 0.075625 0.366875 0.103750 0.121250
0 0.321250 0.363750 0.060000 0.070000
0 0.456875 0.603125 0.091250 0.091250
0 0.715000 0.728750 0.032500 0.032500
0 0.395625 0.346875 0.063750 0.063750
0 0.603750 0.510000 0.105000 0.105000
0 0.234375 0.078125 0.073750 0.073750
0 0.526250 0.908750 0.037500 0.037500
0 0.765000 0.517500 0.065000 0.062500
0 0.075625 0.095625 0.098750 0.098750
0 0.420000 0.915000 0.027500 0.027500
0 0.924375 0.150625 0.048750 0.048750
0 0.147500 0.273750 0.050000 0.050000
0 0.756875 0.636875 0.068750 0.068750
0 0.950000 0.856250 0.040000 0.040000
0 0.922500 0.725625 0.042500 0.043750
0 0.493125 0.690625 0.063750 0.066250
0 0.701875 0.040000 0.041250 0.042500
0 0.335000 0.095625 0.050000 0.051250
0 0.166875 0.718125 0.111250 0.121250
0 0.377500 0.570000 0.050000 0.055000
0 0.283750 0.651250 0.080000 0.087500
0 0.918125 0.325000 0.063750 0.070000
0 0.910625 0.503125 0.083750 0.083750
0 0.649375 0.365625 0.088750 0.088750
0 0.646250 0.716875 0.042500 0.041250
0 0.401250 0.081875 0.062500 0.071250
0 0.293125 0.754375 0.086250 0.098750
0 0.178750 0.362500 0.082500 0.095000
0 0.608125 0.800625 0.068750 0.078750
0 0.193125 0.910625 0.076250 0.076250
0 0.871875 0.250000 0.031250 0.030000
0 0.228750 0.175625 0.035000 0.033750
0 0.637500 0.035000 0.025000 0.025000
0 0.956875 0.914375 0.061250 0.061250
0 0.687500 0.483750 0.042500 0.042500
0 0.046875 0.805625 0.051250 0.051250
0 0.843750 0.560000 0.025000 0.025000
0 0.478750 0.298750 0.035000 0.035000
0 0.904375 0.435625 0.028750 0.028750
0 0.299375 0.439375 0.056250 0.056250
0 0.042500 0.710000 0.047500 0.075000
0 0.937500 0.236875 0.050000 0.041250
0 0.954375 0.574375 0.043750 0.043750
0 0.591875 0.896875 0.078750 0.066250
0 0.386250 0.702500 0.082500 0.070000
0 0.802500 0.160625 0.060000 0.051250
0 0.552500 0.056250 0.070000 0.070000
0 0.545000 0.128750 0.047500 0.047500
0 0.301250 0.153750 0.047500 0.047500
0 0.050625 0.255000 0.073750 0.072500
0 0.850625 0.766875 0.051250 0.051250
0 0.733125 0.410625 0.048750 0.071250