0 0.560625 0.589375 0.026250 0.026250
0 0.638125 0.183125 0.043750 0.043750
0 0.785000 0.630000 0.102500 0.102500
0 0.161875 0.489375 0.071250 0.071250
0 0.613125 0.115625 0.066250 0.066250
0 0.248125 0.575625 0.081250 0.081250
0 0.738125 0.154375 0.026250 0.026250
0 0.147500 0.361250 0.065000 0.065000
0 0.676875 0.543125 0.083750 0.083750
0 0.362500 0.885625 0.095000 0.173750
0 0.641875 0.332500 0.041250 0.075000
0 0.465625 0.774375 0.093750 0.171250
0 0.260625 0.125625 0.066250 0.121250
0 0.898125 0.261875 0.093750 0.163750
0 0.481250 0.570625 0.052500 0.091250
0 0.797500 0.091250 0.067500 0.117500
0 0.105625 0.603750 0.048750 0.045000
0 0.370625 0.272500 0.058750 0.055000
0 0.233750 0.730000 0.110000 0.100000
0 0.491875 0.223125 0.081250 0.081250
0 0.056250 0.085000 0.082500 0.082500
0 0.262500 0.402500 0.100000 0.100000
0 0.824375 0.501875 0.051250 0.051250
0 0.467500 0.106250 0.050000 0.050000
0 0.173125 0.237500 0.031250 0.030000
0 0.765625 0.255625 0.098750 0.098750
0 0.399375 0.476875 0.046250 0.046250
0 0.375625 0.682500 0.058750 0.057500
0 0.855625 0.401250 0.063750 0.062500
0 0.655000 0.719375 0.107500 0.106250
0 0.690625 0.625625 0.061250 0.063750
0 0.164375 0.905625 0.091250 0.088750
0 0.076250 0.368125 0.025000 0.023750
0 0.066875 0.524375 0.086250 0.083750
0 0.390000 0.074375 0.055000 0.053750
0 0.921250 0.911250 0.025000 0.025000
0 0.915625 0.463750 0.033750 0.032500
0 0.776250 0.916875 0.035000 0.033750
0 0.076250 0.738125 0.097500 0.096250
0 0.267500 0.893125 0.037500 0.036250
0 0.927500 0.702500 0.092500 0.105000
0 0.755000 0.396250 0.100000 0.100000
0 0.456875 0.375625 0.078750 0.078750
0 0.895625 0.051875 0.026250 0.026250
0 0.758125 0.511875 0.046250 0.046250
0 0.083750 0.233750 0.032500 0.030000
0 0.345000 0.593125 0.047500 0.038750
0 0.640625 0.898750 0.098750 0.080000
0 0.952500 0.555000 0.040000 0.040000
0 0.142500 0.422500 0.027500 0.027500
0 0.526875 0.916875 0.066250 0.066250