0 0.461875 0.519375 0.048750 0.048750
0 0.214375 0.100625 0.111250 0.111250
0 0.300625 0.838125 0.033750 0.033750
0 0.160625 0.344375 0.066250 0.066250
0 0.734375 0.529375 0.056250 0.056250
0 0.492500 0.233125 0.110000 0.103750
0 0.222500 0.542500 0.045000 0.042500
0 0.550625 0.423125 0.083750 0.078750
0 0.866875 0.306875 0.093750 0.088750
0 0.850000 0.658750 0.095000 0.095000
0 0.646875 0.913125 0.053750 0.053750
0 0.262500 0.323750 0.045000 0.045000
0 0.231250 0.260000 0.052500 0.057500
0 0.371250 0.728750 0.112500 0.125000
0 0.403750 0.402500 0.070000 0.077500
0 0.098750 0.945000 0.057500 0.057500
0 0.738125 0.143125 0.093750 0.093750
0 0.681875 0.053125 0.053750 0.053750
0 0.341875 0.060000 0.101250 0.082500
0 0.741250 0.759375 0.085000 0.068750
0 0.907500 0.760000 0.090000 0.092500
0 0.129375 0.833125 0.091250 0.093750
0 0.188125 0.454375 0.093750 0.096250
0 0.518750 0.788125 0.107500 0.111250
0 0.136875 0.673750 0.031250 0.030000
0 0.916875 0.591250 0.026250 0.025000
0 0.573750 0.203750 0.035000 0.035000
0 0.055000 0.638750 0.070000 0.070000
0 0.123125 0.754375 0.026250 0.026250
0 0.421250 0.133750 0.027500 0.037500
0 0.386875 0.603125 0.063750 0.063750
0 0.728125 0.414375 0.051250 0.056250
0 0.340000 0.957500 0.032500 0.032500
0 0.944375 0.833125 0.028750 0.023750
0 0.835000 0.075625 0.080000 0.066250
0 0.600625 0.553125 0.073750 0.061250
0 0.538750 0.092500 0.027500 0.027500
0 0.634375 0.393125 0.063750 0.063750
0 0.896875 0.149375 0.043750 0.043750
0 0.097500 0.152500 0.072500 0.072500
0 0.384375 0.881250 0.061250 0.057500
0 0.354375 0.256250 0.106250 0.100000
0 0.331250 0.153750 0.030000 0.027500
0 0.808125 0.926250 0.096250 0.090000
0 0.280625 0.475000 0.068750 0.065000
0 0.202500 0.718125 0.072500 0.068750
0 0.924375 0.462500 0.068750 0.065000
0 0.228750 0.618750 0.052500 0.050000
0 0.469375 0.385625 0.046250 0.046250
0 0.150625 0.269375 0.071250 0.053750
0 0.047500 0.453125 0.055000 0.041250
0 0.471875 0.468125 0.038750 0.028750
0 0.630625 0.286875 0.098750 0.073750
0 0.730625 0.659375 0.083750 0.101250
0 0.486250 0.615000 0.085000 0.085000
0 0.780000 0.376250 0.037500 0.037500
0 0.061875 0.356875 0.098750 0.098750
0 0.629375 0.806875 0.048750 0.048750
0 0.486875 0.131875 0.026250 0.026250
0 0.550000 0.325000 0.030000 0.030000
0 0.488750 0.918750 0.092500 0.092500
0 0.301250 0.610000 0.077500 0.077500
0 0.908125 0.916875 0.028750 0.028750
0 0.611250 0.660000 0.095000 0.087500
0 0.926875 0.213125 0.041250 0.041250
0 0.946250 0.071250 0.075000 0.075000
0 0.768750 0.261250 0.035000 0.035000
0 0.844375 0.408125 0.036250 0.036250
0 0.826250 0.818750 0.050000 0.050000
0 0.069375 0.530625 0.061250 0.061250
0 0.560625 0.488125 0.033750 0.033750
0 0.638750 0.478750 0.057500 0.057500
0 0.223750 0.856250 0.025000 0.025000
0 0.118750 0.052500 0.050000 0.060000
0 0.370000 0.503750 0.082500 0.060000
0 0.140000 0.629375 0.050000 0.036250
0 0.471250 0.321250 0.042500 0.030000
0 0.197500 0.923750 0.055000 0.055000
0 0.054375 0.076875 0.048750 0.033750
0 0.851250 0.495000 0.045000 0.045000
0 0.556250 0.890000 0.025000 0.025000
0 0.696875 0.909375 0.026250 0.026250
0 0.398125 0.945625 0.046250 0.046250
0 0.837500 0.218750 0.045000 0.045000
0 0.075625 0.239375 0.061250 0.061250
0 0.723750 0.318750 0.060000 0.042500
0 0.612500 0.123125 0.072500 0.051250
0 0.512500 0.550625 0.032500 0.028750
0 0.720000 0.840625 0.060000 0.053750