0 0.350000 0.460000 0.047500 0.047500
0 0.725000 0.433750 0.027500 0.027500
0 0.942500 0.630000 0.082500 0.082500
0 0.695625 0.918125 0.106250 0.093750
0 0.070625 0.718750 0.048750 0.042500
0 0.266250 0.363750 0.105000 0.092500
0 0.955000 0.248750 0.035000 0.030000
0 0.750000 0.172500 0.052500 0.052500
0 0.506875 0.445625 0.081250 0.081250
0 0.519375 0.349375 0.051250 0.061250
0 0.617500 0.435000 0.102500 0.122500
0 0.625625 0.641875 0.026250 0.031250
0 0.158750 0.161250 0.035000 0.045000
0 0.083750 0.252500 0.102500 0.107500
0 0.816250 0.445000 0.095000 0.100000
0 0.105625 0.523750 0.111250 0.207500
0 0.498750 0.904375 0.102500 0.106250
0 0.767500 0.551250 0.092500 0.095000
0 0.532500 0.596250 0.050000 0.050000
0 0.353750 0.064375 0.105000 0.098750
0 0.350625 0.641875 0.078750 0.073750
0 0.174375 0.656875 0.041250 0.038750
0 0.864375 0.810000 0.071250 0.067500
0 0.165000 0.046250 0.040000 0.040000
0 0.267500 0.662500 0.035000 0.035000
0 0.063125 0.810625 0.076250 0.091250
0 0.654375 0.716250 0.046250 0.055000
0 0.352500 0.807500 0.105000 0.125000
0 0.630000 0.543750 0.060000 0.057500
0 0.264375 0.255625 0.098750 0.096250
0 0.948125 0.928125 0.078750 0.076250
0 0.225000 0.747500 0.105000 0.102500
0 0.653750 0.198125 0.110000 0.126250
0 0.773125 0.680000 0.041250 0.047500
0 0.642500 0.791250 0.067500 0.077500
0 0.727500 0.748750 0.065000 0.067500
0 0.476875 0.091250 0.103750 0.107500
0 0.443750 0.755000 0.025000 0.025000
0 0.245000 0.136875 0.047500 0.048750
0 0.431250 0.220000 0.102500 0.102500
0 0.433125 0.335625 0.043750 0.043750
0 0.845000 0.250000 0.107500 0.107500
0 0.206875 0.849375 0.081250 0.078750
0 0.081875 0.894375 0.028750 0.028750
0 0.566250 0.193750 0.042500 0.042500
0 0.345000 0.555000 0.072500 0.072500
0 0.763125 0.351875 0.063750 0.063750
0 0.914375 0.120625 0.111250 0.111250
0 0.906875 0.538125 0.066250 0.066250
0 0.318750 0.711250 0.047500 0.047500
0 0.538750 0.737500 0.027500 0.027500
0 0.451875 0.662500 0.043750 0.035000
0 0.933125 0.414375 0.058750 0.058750
0 0.288125 0.455625 0.056250 0.056250
0 0.486875 0.714375 0.043750 0.043750
0 0.622500 0.076250 0.042500 0.042500
0 0.831875 0.708125 0.033750 0.033750
0 0.315000 0.930000 0.085000 0.085000
0 0.566875 0.818125 0.043750 0.043750
0 0.193125 0.589375 0.026250 0.026250
0 0.446875 0.558750 0.088750 0.090000
0 0.077500 0.097500 0.042500 0.042500
0 0.261250 0.548750 0.077500 0.077500
0 0.609375 0.334375 0.043750 0.043750
0 0.360000 0.337500 0.035000 0.035000
0 0.056875 0.370625 0.033750 0.033750
0 0.804375 0.908750 0.066250 0.090000
0 0.702500 0.642500 0.035000 0.035000
0 0.966875 0.828125 0.036250 0.036250
0 0.150625 0.380000 0.071250 0.062500
0 0.182500 0.225000 0.035000 0.035000