0 0.330625 0.848125 0.031250 0.031250
0 0.526250 0.746250 0.035000 0.035000
0 0.656250 0.715625 0.062500 0.051250
0 0.344375 0.487500 0.106250 0.110000
0 0.731250 0.416250 0.070000 0.067500
0 0.355000 0.181250 0.080000 0.080000
0 0.622500 0.226250 0.072500 0.072500
0 0.919375 0.099375 0.033750 0.033750
0 0.486250 0.518750 0.075000 0.075000
0 0.504375 0.343125 0.071250 0.071250
0 0.869375 0.673125 0.088750 0.088750
0 0.383125 0.746875 0.091250 0.091250
0 0.574375 0.933750 0.036250 0.030000
0 0.779375 0.181875 0.043750 0.043750
0 0.086875 0.834375 0.111250 0.111250
0 0.436250 0.087500 0.085000 0.085000
0 0.077500 0.511250 0.040000 0.040000
0 0.263750 0.185000 0.037500 0.037500
0 0.414375 0.633125 0.108750 0.108750
0 0.226250 0.622500 0.107500 0.095000
0 0.078750 0.315625 0.072500 0.093750
0 0.028125 0.573125 0.031250 0.031250
0 0.445000 0.896250 0.057500 0.057500
0 0.894375 0.180625 0.098750 0.098750
0 0.723750 0.530625 0.095000 0.088750
0 0.109375 0.163750 0.086250 0.080000
0 0.835000 0.376250 0.070000 0.090000
0 0.713125 0.083125 0.108750 0.108750
0 0.382500 0.846875 0.045000 0.038750
0 0.257500 0.350000 0.100000 0.087500
0 0.900625 0.483125 0.041250 0.036250
0 0.216875 0.838125 0.106250 0.093750
0 0.701250 0.334375 0.045000 0.041250
0 0.658750 0.792500 0.072500 0.067500
0 0.551250 0.625000 0.070000 0.065000
0 0.803750 0.952500 0.065000 0.042500
0 0.606250 0.313750 0.027500 0.017500
0 0.086875 0.415625 0.066250 0.043750
0 0.581250 0.123750 0.072500 0.072500
0 0.937500 0.777500 0.080000 0.080000
0 0.505000 0.840000 0.025000 0.025000
0 0.888750 0.933750 0.075000 0.075000
0 0.836875 0.078125 0.081250 0.081250
0 0.649375 0.919375 0.066250 0.066250
0 0.496875 0.265000 0.046250 0.050000
0 0.644375 0.575000 0.043750 0.047500
0 0.459375 0.802500 0.046250 0.050000
0 0.958125 0.423125 0.056250 0.061250
0 0.373750 0.316250 0.040000 0.040000
0 0.735000 0.263125 0.075000 0.073750
0 0.181250 0.062500 0.092500 0.067500
0 0.336250 0.277500 0.025000 0.017500
0 0.259375 0.919375 0.036250 0.036250
0 0.160000 0.938750 0.062500 0.062500
0 0.897500 0.566250 0.095000 0.095000
0 0.560625 0.435625 0.066250 0.066250
0 0.155000 0.318750 0.057500 0.057500
0 0.220000 0.740000 0.042500 0.042500
0 0.747500 0.632500 0.095000 0.095000
0 0.761250 0.332500 0.047500 0.047500
0 0.919375 0.310000 0.078750 0.092500
0 0.807500 0.532500 0.045000 0.045000
0 0.765000 0.778750 0.065000 0.065000
0 0.056875 0.649375 0.076250 0.076250
0 0.234375 0.506250 0.076250 0.075000
0 0.636875 0.655625 0.026250 0.026250
0 0.435625 0.223125 0.031250 0.021250
0 0.140625 0.731250 0.078750 0.055000
0 0.563750 0.821875 0.077500 0.053750
0 0.035625 0.089375 0.036250 0.036250
0 0.456250 0.405000 0.032500 0.032500
0 0.800625 0.865625 0.051250 0.051250
0 0.170000 0.261250 0.040000 0.040000
0 0.481250 0.961875 0.027500 0.026250
0 0.302500 0.640625 0.030000 0.028750
0 0.144375 0.511875 0.061250 0.061250
0 0.306875 0.068125 0.076250 0.076250
0 0.575625 0.535625 0.071250 0.071250
0 0.268125 0.130625 0.053750 0.031250
0 0.101875 0.070625 0.033750 0.031250
0 0.838750 0.284375 0.060000 0.056250
0 0.818750 0.463125 0.047500 0.046250
0 0.475000 0.718125 0.035000 0.033750
0 0.939375 0.666875 0.026250 0.026250
0 0.905000 0.052500 0.032500 0.032500
0 0.335625 0.919375 0.066250 0.066250
0 0.288750 0.258750 0.040000 0.052500
0 0.531250 0.178750 0.027500 0.022500
0 0.857500 0.794375 0.050000 0.058750
0 0.398750 0.270000 0.035000 0.035000
0 0.234375 0.265625 0.033750 0.033750