0 0.425000 0.478750 0.032500 0.030000
0 0.149375 0.051250 0.066250 0.070000
0 0.315625 0.176875 0.056250 0.056250
0 0.546250 0.236250 0.065000 0.065000
0 0.856250 0.338750 0.095000 0.095000
0 0.547500 0.706250 0.092500 0.092500
0 0.818750 0.691250 0.072500 0.067500
0 0.436875 0.725625 0.083750 0.101250
0 0.920000 0.672500 0.110000 0.132500
0 0.456250 0.107500 0.035000 0.030000
0 0.150625 0.723125 0.068750 0.081250
0 0.185000 0.835625 0.062500 0.073750
0 0.066875 0.138750 0.051250 0.060000
0 0.265625 0.064375 0.091250 0.091250
0 0.263125 0.359375 0.053750 0.053750
0 0.787500 0.900000 0.042500 0.042500
0 0.756250 0.318750 0.025000 0.025000
0 0.163750 0.488750 0.055000 0.055000
0 0.839375 0.786250 0.083750 0.067500
0 0.156875 0.296250 0.096250 0.077500
0 0.711250 0.426250 0.027500 0.022500
0 0.933750 0.109375 0.027500 0.026250
0 0.474375 0.405000 0.026250 0.025000
0 0.433125 0.308125 0.096250 0.091250
0 0.875625 0.485625 0.106250 0.106250
0 0.425625 0.595625 0.073750 0.073750
0 0.670000 0.065000 0.087500 0.087500
0 0.784375 0.113125 0.058750 0.058750
0 0.735000 0.207500 0.075000 0.075000
0 0.550000 0.863750 0.067500 0.067500
0 0.726250 0.806250 0.092500 0.092500
0 0.685000 0.663750 0.070000 0.070000
0 0.760625 0.361875 0.046250 0.046250
0 0.370000 0.871250 0.037500 0.037500
0 0.730000 0.487500 0.027500 0.027500
0 0.532500 0.105625 0.067500 0.076250
0 0.303750 0.475625 0.107500 0.133750
0 0.430000 0.842500 0.030000 0.037500
0 0.181250 0.233125 0.027500 0.028750
0 0.601875 0.485625 0.101250 0.101250
0 0.076875 0.393125 0.096250 0.096250
0 0.056250 0.678750 0.067500 0.067500
0 0.555000 0.331250 0.032500 0.032500
0 0.043125 0.209375 0.036250 0.036250
0 0.911250 0.215000 0.087500 0.087500
0 0.075000 0.862500 0.080000 0.080000
0 0.636875 0.335000 0.098750 0.120000
0 0.303750 0.691250 0.092500 0.112500
0 0.728750 0.568750 0.087500 0.087500
0 0.449375 0.050000 0.068750 0.067500
0 0.386875 0.218750 0.041250 0.040000
0 0.929375 0.836875 0.076250 0.076250
0 0.566875 0.645625 0.033750 0.011250
0 0.145625 0.551250 0.088750 0.030000
0 0.293125 0.580000 0.088750 0.030000
0 0.290625 0.763750 0.051250 0.017500
0 0.640625 0.943125 0.061250 0.061250
0 0.956250 0.346250 0.057500 0.057500
0 0.171250 0.398750 0.025000 0.025000
0 0.496250 0.455625 0.060000 0.061250
0 0.577500 0.586875 0.055000 0.056250
0 0.076875 0.778125 0.036250 0.036250
0 0.240000 0.168125 0.065000 0.098750
0 0.198125 0.620625 0.053750 0.081250
0 0.325000 0.270000 0.057500 0.087500
0 0.650625 0.789375 0.038750 0.058750
0 0.512500 0.783750 0.047500 0.047500
0 0.056875 0.516875 0.073750 0.073750
0 0.125625 0.635625 0.048750 0.058750
0 0.456250 0.154375 0.047500 0.046250
0 0.325625 0.371875 0.048750 0.048750
0 0.266250 0.842500 0.080000 0.077500