0 0.416875 0.458125 0.086250 0.086250
0 0.821875 0.150625 0.111250 0.111250
0 0.185625 0.490625 0.038750 0.038750
0 0.298750 0.223125 0.027500 0.028750
0 0.607500 0.766250 0.100000 0.107500
0 0.323125 0.849375 0.068750 0.131250
0 0.468750 0.277500 0.072500 0.072500
0 0.769375 0.269375 0.036250 0.036250
0 0.726875 0.660625 0.081250 0.098750
0 0.154375 0.898125 0.026250 0.031250
0 0.836250 0.268750 0.077500 0.077500
0 0.490000 0.050000 0.045000 0.045000
0 0.861250 0.416250 0.057500 0.057500
0 0.278750 0.680000 0.050000 0.050000
0 0.945000 0.812500 0.047500 0.047500
0 0.128125 0.289375 0.068750 0.068750
0 0.348125 0.703125 0.026250 0.028750
0 0.538750 0.627500 0.082500 0.092500
0 0.869375 0.929375 0.081250 0.091250
0 0.551875 0.104375 0.053750 0.053750
0 0.158750 0.728125 0.095000 0.068750
0 0.969375 0.105000 0.026250 0.035000
0 0.720625 0.786875 0.083750 0.068750
0 0.603125 0.541250 0.036250 0.030000
0 0.886250 0.581250 0.047500 0.075000
0 0.833125 0.761250 0.058750 0.042500
0 0.185625 0.393750 0.066250 0.047500
0 0.334375 0.599375 0.033750 0.023750
0 0.874375 0.648750 0.056250 0.040000
0 0.686875 0.273125 0.046250 0.046250
0 0.710625 0.459375 0.033750 0.033750
0 0.061875 0.570000 0.091250 0.100000
0 0.071875 0.851875 0.026250 0.028750
0 0.611875 0.920625 0.048750 0.048750
0 0.457500 0.781250 0.045000 0.045000
0 0.388750 0.178750 0.047500 0.047500
0 0.821250 0.673750 0.032500 0.032500
0 0.728125 0.889375 0.086250 0.086250
0 0.223750 0.846250 0.065000 0.065000
0 0.207500 0.608750 0.100000 0.065000
0 0.396250 0.111875 0.037500 0.023750
0 0.871250 0.505625 0.032500 0.021250
0 0.131875 0.111875 0.111250 0.111250
0 0.290625 0.365625 0.098750 0.081250
0 0.717500 0.053125 0.032500 0.026250
0 0.803125 0.050000 0.033750 0.027500
0 0.347500 0.630000 0.025000 0.020000
0 0.072500 0.381250 0.052500 0.045000
0 0.498125 0.864375 0.036250 0.031250
0 0.653750 0.170625 0.080000 0.068750
0 0.601250 0.443750 0.107500 0.097500
0 0.781875 0.511875 0.081250 0.073750
0 0.051875 0.306250 0.068750 0.062500
0 0.438125 0.622500 0.028750 0.025000
0 0.416875 0.566875 0.066250 0.066250
0 0.768125 0.360000 0.106250 0.085000
0 0.849375 0.061250 0.041250 0.032500
0 0.434375 0.712500 0.083750 0.067500
0 0.910000 0.736250 0.067500 0.067500
0 0.541250 0.933750 0.062500 0.062500
0 0.527500 0.201250 0.085000 0.045000
0 0.312500 0.086250 0.102500 0.102500
0 0.308750 0.287500 0.050000 0.050000
0 0.691250 0.547500 0.085000 0.085000
0 0.949375 0.175625 0.076250 0.076250
0 0.073125 0.715625 0.061250 0.061250
0 0.298125 0.445625 0.048750 0.048750
0 0.041250 0.811250 0.030000 0.030000
0 0.503125 0.384375 0.071250 0.071250
0 0.947500 0.442500 0.055000 0.055000
0 0.590625 0.269375 0.053750 0.053750
0 0.431250 0.343125 0.032500 0.028750
0 0.873125 0.805000 0.028750 0.022500
0 0.625625 0.638125 0.041250 0.038750
0 0.933750 0.325000 0.085000 0.090000
0 0.430625 0.858125 0.066250 0.066250
0 0.231875 0.926875 0.063750 0.048750
0 0.225625 0.156875 0.028750 0.036250
0 0.495000 0.523125 0.050000 0.066250