0 0.218750 0.801250 0.065000 0.052500
0 0.433125 0.062500 0.071250 0.057500
0 0.155625 0.564375 0.081250 0.081250
0 0.312500 0.488125 0.110000 0.096250
0 0.845625 0.863125 0.111250 0.111250
0 0.236250 0.202500 0.110000 0.110000
0 0.688125 0.259375 0.036250 0.036250
0 0.445625 0.301875 0.106250 0.106250
0 0.305000 0.368750 0.080000 0.080000
0 0.693750 0.617500 0.030000 0.030000
0 0.150000 0.697500 0.030000 0.030000
0 0.595000 0.891875 0.042500 0.041250
0 0.614375 0.349375 0.058750 0.058750
0 0.916875 0.436875 0.093750 0.093750
0 0.085000 0.278750 0.092500 0.092500
0 0.970625 0.700625 0.033750 0.033750
0 0.303750 0.603750 0.052500 0.052500
0 0.771250 0.421250 0.025000 0.025000
0 0.449375 0.874375 0.063750 0.063750
0 0.896875 0.619375 0.063750 0.066250
0 0.545000 0.366250 0.025000 0.025000
0 0.776250 0.592500 0.062500 0.062500
0 0.602500 0.525000 0.112500 0.112500
0 0.923125 0.076875 0.078750 0.078750
0 0.794375 0.726875 0.071250 0.071250
0 0.391875 0.590000 0.056250 0.062500
0 0.245625 0.054375 0.031250 0.026250
0 0.410625 0.711250 0.073750 0.062500
0 0.113125 0.403125 0.106250 0.106250
0 0.671875 0.890625 0.033750 0.033750
0 0.936875 0.220625 0.093750 0.093750
0 0.171250 0.055000 0.080000 0.080000
0 0.542500 0.160625 0.100000 0.096250
0 0.075000 0.886250 0.110000 0.110000
0 0.788125 0.185625 0.081250 0.081250
0 0.225000 0.916250 0.105000 0.105000
0 0.375000 0.178750 0.112500 0.112500
0 0.236250 0.573750 0.057500 0.057500
0 0.580000 0.639375 0.027500 0.028750
0 0.940625 0.865625 0.031250 0.031250
0 0.105625 0.713125 0.031250 0.033750
0 0.442500 0.427500 0.077500 0.085000
0 0.666875 0.743125 0.111250 0.121250
0 0.227500 0.703125 0.072500 0.078750
0 0.448125 0.933125 0.038750 0.038750
0 0.581250 0.271875 0.070000 0.061250
0 0.666250 0.058750 0.102500 0.090000
0 0.540000 0.740625 0.075000 0.118750
0 0.677500 0.185000 0.025000 0.025000
0 0.496875 0.606875 0.078750 0.078750
0 0.217500 0.410000 0.035000 0.035000
0 0.106875 0.785625 0.076250 0.076250
0 0.786250 0.303750 0.090000 0.090000
0 0.381875 0.886875 0.053750 0.053750
0 0.826250 0.075000 0.097500 0.097500
0 0.791875 0.493125 0.031250 0.031250
0 0.358125 0.795625 0.083750 0.081250
0 0.113125 0.139375 0.051250 0.051250
0 0.696875 0.438750 0.061250 0.062500
0 0.875000 0.313125 0.057500 0.058750
0 0.957500 0.758125 0.025000 0.038750
0 0.060000 0.562500 0.092500 0.092500
0 0.496250 0.518750 0.032500 0.032500
0 0.543750 0.047500 0.070000 0.070000
0 0.153125 0.638125 0.048750 0.048750
0 0.321250 0.679375 0.025000 0.023750
0 0.730000 0.946250 0.057500 0.057500
0 0.306250 0.065000 0.070000 0.070000
0 0.880000 0.696250 0.062500 0.062500
0 0.942500 0.535000 0.067500 0.067500
0 0.441875 0.801875 0.053750 0.028750
0 0.566875 0.440000 0.063750 0.035000
0 0.205000 0.298750 0.105000 0.057500
0 0.045625 0.098125 0.048750 0.046250
0 0.400625 0.647500 0.026250 0.025000
0 0.953125 0.335625 0.048750 0.048750