0 0.288750 0.921250 0.035000 0.040000
0 0.834375 0.126250 0.028750 0.032500
0 0.528750 0.900000 0.097500 0.097500
0 0.690000 0.688125 0.085000 0.088750
0 0.149375 0.836875 0.076250 0.076250
0 0.892500 0.350000 0.085000 0.085000
0 0.970000 0.203750 0.025000 0.025000
0 0.718750 0.807500 0.052500 0.052500
0 0.385000 0.541250 0.030000 0.030000
0 0.543750 0.725000 0.105000 0.105000
0 0.799375 0.255625 0.081250 0.081250
0 0.158750 0.291250 0.075000 0.075000
0 0.285625 0.659375 0.101250 0.101250
0 0.949375 0.849375 0.058750 0.058750
0 0.561875 0.086875 0.081250 0.081250
0 0.815625 0.645625 0.096250 0.096250
0 0.156250 0.585000 0.040000 0.040000
0 0.503750 0.476250 0.060000 0.060000
0 0.550000 0.368750 0.105000 0.105000
0 0.516250 0.218750 0.032500 0.032500
0 0.962500 0.275000 0.027500 0.027500
0 0.322500 0.223125 0.050000 0.038750
0 0.213750 0.157500 0.045000 0.045000
0 0.698125 0.177500 0.076250 0.090000
0 0.463125 0.115625 0.041250 0.041250
0 0.945625 0.158125 0.026250 0.026250
0 0.843750 0.792500 0.055000 0.055000
0 0.150000 0.711250 0.047500 0.047500
0 0.226875 0.936875 0.033750 0.033750
0 0.665000 0.546875 0.032500 0.026250
0 0.418125 0.703750 0.111250 0.090000
0 0.661875 0.336875 0.088750 0.088750
0 0.280625 0.506875 0.073750 0.073750
0 0.535000 0.577500 0.102500 0.102500
0 0.930000 0.762500 0.070000 0.070000
0 0.728125 0.904375 0.096250 0.096250
0 0.686875 0.065625 0.096250 0.096250
0 0.315000 0.061875 0.097500 0.091250
0 0.906875 0.543125 0.073750 0.073750
0 0.075000 0.448750 0.045000 0.045000
0 0.090000 0.117500 0.110000 0.110000
0 0.691250 0.476250 0.082500 0.082500
0 0.373125 0.816875 0.038750 0.046250
0 0.857500 0.896250 0.085000 0.085000
0 0.878750 0.460000 0.070000 0.070000
0 0.795625 0.395625 0.063750 0.063750
0 0.154375 0.441875 0.088750 0.086250
0 0.047500 0.260000 0.067500 0.065000
0 0.395000 0.927500 0.072500 0.070000
0 0.449375 0.190625 0.066250 0.063750
0 0.617500 0.522500 0.047500 0.047500
0 0.276250 0.322500 0.092500 0.092500
0 0.095000 0.920000 0.037500 0.037500
0 0.796875 0.554375 0.063750 0.038750
0 0.391875 0.365625 0.093750 0.093750
0 0.880625 0.131875 0.046250 0.046250
0 0.970625 0.533125 0.031250 0.031250
0 0.255625 0.829375 0.083750 0.083750
0 0.899375 0.201875 0.051250 0.053750
0 0.438125 0.496250 0.041250 0.042500
0 0.257500 0.405625 0.037500 0.038750
0 0.848125 0.060000 0.091250 0.080000
0 0.629375 0.840625 0.081250 0.081250
0 0.930625 0.046875 0.028750 0.028750
0 0.566875 0.236875 0.046250 0.046250
0 0.046250 0.701250 0.055000 0.055000
0 0.517500 0.798750 0.025000 0.025000
0 0.047500 0.545000 0.067500 0.067500
0 0.696875 0.267500 0.033750 0.027500
0 0.055000 0.820000 0.065000 0.067500
0 0.146875 0.895625 0.026250 0.026250
0 0.218750 0.069375 0.047500 0.048750
0 0.767500 0.328125 0.045000 0.046250