0 0.435000 0.822500 0.087500 0.082500
0 0.351875 0.325625 0.051250 0.048750
0 0.079375 0.193125 0.096250 0.091250
0 0.540000 0.950000 0.040000 0.037500
0 0.728750 0.213750 0.037500 0.037500
0 0.600625 0.226875 0.076250 0.083750
0 0.545625 0.374375 0.031250 0.033750
0 0.306875 0.920625 0.086250 0.093750
0 0.856875 0.800625 0.108750 0.118750
0 0.865625 0.372500 0.028750 0.035000
0 0.336875 0.126875 0.063750 0.063750
0 0.750625 0.626875 0.088750 0.088750
0 0.501875 0.529375 0.081250 0.078750
0 0.353125 0.808125 0.026250 0.026250
0 0.233125 0.351875 0.076250 0.076250
0 0.120000 0.930000 0.077500 0.077500
0 0.945625 0.484375 0.031250 0.031250
0 0.095625 0.753125 0.101250 0.101250
0 0.440000 0.695000 0.030000 0.030000
0 0.943125 0.953125 0.036250 0.036250
0 0.755000 0.395000 0.095000 0.095000
0 0.556250 0.618750 0.067500 0.067500
0 0.940625 0.651875 0.076250 0.076250
0 0.950625 0.085625 0.056250 0.056250
0 0.418750 0.258750 0.065000 0.060000
0 0.420000 0.913750 0.025000 0.022500
0 0.931875 0.186875 0.106250 0.098750
0 0.275000 0.226250 0.057500 0.052500
0 0.746250 0.823125 0.070000 0.071250
0 0.413750 0.063125 0.060000 0.061250
0 0.096875 0.326875 0.111250 0.113750
0 0.575000 0.318750 0.070000 0.062500
0 0.651250 0.318750 0.047500 0.045000
0 0.651250 0.533750 0.082500 0.082500
0 0.426875 0.168125 0.101250 0.101250
0 0.558750 0.115000 0.102500 0.102500
0 0.580000 0.700000 0.047500 0.047500
0 0.200625 0.595625 0.096250 0.068750
0 0.625000 0.386250 0.057500 0.057500
0 0.343125 0.399375 0.068750 0.068750
0 0.235000 0.761250 0.110000 0.110000
0 0.250000 0.451250 0.047500 0.040000
0 0.406250 0.516875 0.087500 0.073750
0 0.356250 0.611250 0.075000 0.077500
0 0.201875 0.059375 0.091250 0.091250
0 0.173125 0.461250 0.091250 0.075000
0 0.790000 0.065625 0.102500 0.106250
0 0.886250 0.920000 0.055000 0.057500
0 0.079375 0.623125 0.073750 0.076250
0 0.480625 0.346875 0.071250 0.066250
0 0.672500 0.878750 0.062500 0.057500
0 0.666875 0.693125 0.048750 0.048750
0 0.766875 0.515625 0.093750 0.093750
0 0.836250 0.155000 0.032500 0.032500
0 0.285000 0.668750 0.030000 0.030000
0 0.575625 0.848125 0.091250 0.091250
0 0.263125 0.164375 0.053750 0.053750