0 0.051250 0.920000 0.045000 0.045000
0 0.918750 0.278750 0.095000 0.095000
0 0.626875 0.281875 0.043750 0.043750
0 0.118750 0.672500 0.060000 0.060000
0 0.814375 0.926875 0.046250 0.046250
0 0.346875 0.728125 0.088750 0.088750
0 0.624375 0.859375 0.078750 0.078750
0 0.456250 0.885000 0.112500 0.082500
0 0.285000 0.635625 0.032500 0.023750
0 0.279375 0.130625 0.056250 0.041250
0 0.840000 0.235000 0.035000 0.025000
0 0.095000 0.140625 0.092500 0.131250
0 0.141875 0.756250 0.026250 0.037500
0 0.208125 0.370000 0.078750 0.112500
0 0.745625 0.215000 0.038750 0.055000
0 0.529375 0.260000 0.053750 0.052500
0 0.596875 0.471875 0.101250 0.101250
0 0.210625 0.623125 0.026250 0.026250
0 0.311250 0.826250 0.080000 0.080000
0 0.485000 0.071250 0.052500 0.052500
0 0.851875 0.456875 0.106250 0.106250
0 0.348125 0.439375 0.056250 0.056250
0 0.641250 0.055000 0.077500 0.077500
0 0.206250 0.505625 0.095000 0.093750
0 0.752500 0.319375 0.037500 0.036250
0 0.242500 0.733125 0.045000 0.043750
0 0.690625 0.775625 0.046250 0.046250
0 0.656250 0.664375 0.032500 0.033750
0 0.308750 0.075000 0.042500 0.042500
0 0.906250 0.705000 0.107500 0.107500
0 0.208125 0.250625 0.036250 0.036250
0 0.407500 0.566875 0.057500 0.041250
0 0.471875 0.588125 0.043750 0.031250
0 0.502500 0.169375 0.105000 0.076250
0 0.898750 0.583750 0.092500 0.067500
0 0.063750 0.557500 0.065000 0.065000
0 0.575625 0.584375 0.096250 0.096250
0 0.912500 0.842500 0.095000 0.095000
0 0.549375 0.770000 0.071250 0.072500
0 0.397500 0.050625 0.072500 0.073750
0 0.663750 0.202500 0.100000 0.100000
0 0.073750 0.463750 0.090000 0.090000
0 0.408750 0.280000 0.110000 0.110000
0 0.941250 0.413750 0.037500 0.037500
0 0.800625 0.659375 0.078750 0.078750
0 0.271875 0.921875 0.051250 0.041250
0 0.726875 0.851250 0.036250 0.042500
0 0.714375 0.584375 0.066250 0.066250
0 0.404375 0.146250 0.071250 0.097500
0 0.253125 0.069375 0.053750 0.043750
0 0.426250 0.402500 0.080000 0.065000
0 0.796250 0.194375 0.047500 0.038750
0 0.541875 0.097500 0.043750 0.035000
0 0.489375 0.535625 0.038750 0.046250
0 0.116250 0.255000 0.050000 0.060000
0 0.315000 0.256250 0.062500 0.075000
0 0.167500 0.946875 0.027500 0.026250