0 0.530000 0.413125 0.087500 0.123750
0 0.144375 0.888750 0.101250 0.142500
0 0.037500 0.510625 0.045000 0.063750
0 0.251250 0.213750 0.105000 0.105000
0 0.125625 0.229375 0.026250 0.026250
0 0.645625 0.719375 0.093750 0.093750
0 0.876875 0.042500 0.041250 0.032500
0 0.512500 0.151250 0.075000 0.060000
0 0.813750 0.338750 0.092500 0.092500
0 0.125625 0.342500 0.098750 0.080000
0 0.651250 0.325000 0.050000 0.050000
0 0.260000 0.716250 0.032500 0.032500
0 0.331875 0.810625 0.028750 0.028750
0 0.408750 0.150000 0.085000 0.085000
0 0.473750 0.865000 0.072500 0.065000
0 0.110000 0.673125 0.037500 0.033750
0 0.818750 0.773750 0.097500 0.087500
0 0.620625 0.581875 0.073750 0.066250
0 0.145000 0.497500 0.040000 0.040000
0 0.305625 0.625625 0.081250 0.086250
0 0.686250 0.137500 0.100000 0.085000
0 0.939375 0.790000 0.038750 0.040000
0 0.391875 0.490000 0.031250 0.032500
0 0.758750 0.873125 0.040000 0.041250
0 0.504375 0.262500 0.096250 0.115000
0 0.408750 0.415000 0.065000 0.065000
0 0.752500 0.455000 0.102500 0.125000
0 0.476250 0.576250 0.035000 0.042500
0 0.878750 0.480625 0.075000 0.091250
0 0.852500 0.147500 0.102500 0.125000
0 0.245000 0.382500 0.102500 0.102500
0 0.180625 0.665625 0.051250 0.051250
0 0.667500 0.923750 0.060000 0.055000
0 0.922500 0.262500 0.052500 0.052500
0 0.466875 0.750625 0.086250 0.086250
0 0.392500 0.322500 0.077500 0.077500
0 0.938125 0.338125 0.031250 0.031250
0 0.288125 0.908125 0.111250 0.111250
0 0.250000 0.495000 0.107500 0.107500
0 0.593750 0.840000 0.087500 0.082500
0 0.836250 0.642500 0.097500 0.092500
0 0.385000 0.748750 0.062500 0.062500
0 0.219375 0.061875 0.086250 0.086250
0 0.186875 0.596875 0.048750 0.048750
0 0.713750 0.613750 0.080000 0.080000
0 0.151250 0.767500 0.057500 0.057500
0 0.055000 0.224375 0.040000 0.051250
0 0.846250 0.900625 0.050000 0.063750
0 0.598750 0.138125 0.050000 0.063750
0 0.381875 0.671250 0.056250 0.072500
0 0.333125 0.393125 0.038750 0.038750
0 0.172500 0.262500 0.032500 0.032500
0 0.760000 0.938125 0.067500 0.058750
0 0.106875 0.100000 0.068750 0.060000
0 0.576875 0.767500 0.026250 0.020000