0 0.764375 0.108125 0.108750 0.113750
0 0.926875 0.668125 0.068750 0.071250
0 0.530000 0.157500 0.072500 0.075000
0 0.148750 0.418750 0.055000 0.057500
0 0.802500 0.825000 0.037500 0.032500
0 0.397500 0.071250 0.057500 0.057500
0 0.368750 0.231250 0.067500 0.067500
0 0.368125 0.384375 0.101250 0.101250
0 0.330000 0.661250 0.065000 0.065000
0 0.607500 0.535000 0.065000 0.065000
0 0.246250 0.128750 0.077500 0.077500
0 0.258125 0.238750 0.046250 0.035000
0 0.471875 0.299375 0.078750 0.078750
0 0.806875 0.290625 0.068750 0.068750
0 0.073125 0.168125 0.028750 0.028750
0 0.583125 0.908125 0.026250 0.026250
0 0.554375 0.083125 0.036250 0.036250
0 0.813750 0.542500 0.032500 0.032500
0 0.131250 0.550000 0.095000 0.095000
0 0.291250 0.461250 0.037500 0.037500
0 0.187500 0.857500 0.082500 0.082500
0 0.078750 0.734375 0.085000 0.161250
0 0.911250 0.872500 0.075000 0.142500
0 0.608750 0.266250 0.112500 0.097500
0 0.068125 0.856875 0.071250 0.061250
0 0.645625 0.141875 0.091250 0.078750
0 0.571875 0.676875 0.096250 0.096250
0 0.607500 0.377500 0.107500 0.107500
0 0.236875 0.780625 0.033750 0.038750
0 0.478125 0.441875 0.058750 0.068750
0 0.262500 0.406250 0.057500 0.057500
0 0.331250 0.080000 0.055000 0.055000
0 0.261250 0.716250 0.035000 0.035000
0 0.765625 0.413125 0.078750 0.078750
0 0.348125 0.148125 0.038750 0.056250
0 0.671875 0.754375 0.083750 0.083750
0 0.160625 0.306875 0.063750 0.063750
0 0.338750 0.810000 0.077500 0.077500
0 0.691250 0.898750 0.107500 0.107500
0 0.475000 0.843750 0.107500 0.107500
0 0.428750 0.637500 0.060000 0.060000
0 0.277500 0.920000 0.082500 0.082500
0 0.925625 0.328125 0.103750 0.103750
0 0.081250 0.078750 0.105000 0.105000
0 0.322500 0.537500 0.040000 0.040000
0 0.696250 0.617500 0.092500 0.092500
0 0.042500 0.505000 0.055000 0.055000
0 0.841250 0.770625 0.047500 0.043750
0 0.401875 0.541250 0.043750 0.040000
0 0.436250 0.139375 0.042500 0.038750
0 0.880000 0.120625 0.080000 0.078750
0 0.228125 0.540625 0.061250 0.061250
0 0.524375 0.553125 0.063750 0.063750
0 0.794375 0.628125 0.076250 0.076250
0 0.186250 0.670000 0.065000 0.065000
0 0.862500 0.468750 0.095000 0.095000
0 0.803125 0.908125 0.081250 0.081250
0 0.034375 0.231875 0.036250 0.036250
0 0.770625 0.710625 0.068750 0.068750
0 0.253125 0.033125 0.028750 0.028750
0 0.366250 0.946250 0.052500 0.052500
0 0.210625 0.941875 0.026250 0.026250
0 0.898750 0.562500 0.030000 0.030000
0 0.160000 0.182500 0.067500 0.067500
0 0.443750 0.742500 0.077500 0.077500
0 0.710625 0.503125 0.108750 0.078750
0 0.066875 0.398125 0.078750 0.056250
0 0.281250 0.308125 0.047500 0.033750
0 0.234375 0.606875 0.046250 0.046250
0 0.584375 0.865625 0.041250 0.041250
0 0.490000 0.613750 0.042500 0.042500
0 0.668750 0.033750 0.032500 0.032500
0 0.496250 0.082500 0.037500 0.037500
0 0.885625 0.223750 0.071250 0.062500
0 0.515625 0.759375 0.036250 0.036250
0 0.739375 0.275625 0.048750 0.048750
0 0.123125 0.940625 0.056250 0.056250
0 0.461250 0.946875 0.060000 0.048750