0 0.601875 0.511250 0.033750 0.020000
0 0.080625 0.416875 0.028750 0.028750
0 0.256250 0.557500 0.112500 0.112500
0 0.213125 0.319375 0.096250 0.096250
0 0.355625 0.460625 0.033750 0.033750
0 0.036875 0.865625 0.041250 0.041250
0 0.366250 0.750000 0.057500 0.057500
0 0.684375 0.444375 0.088750 0.088750
0 0.468125 0.371875 0.098750 0.093750
0 0.552500 0.285000 0.037500 0.035000
0 0.304375 0.716875 0.038750 0.036250
0 0.840000 0.433125 0.057500 0.053750
0 0.655625 0.730000 0.106250 0.102500
0 0.115000 0.472500 0.050000 0.060000
0 0.505000 0.680625 0.055000 0.066250
0 0.869375 0.694375 0.093750 0.113750
0 0.698125 0.588125 0.081250 0.083750
0 0.185625 0.800625 0.086250 0.086250
0 0.604375 0.208125 0.048750 0.048750
0 0.148750 0.133750 0.100000 0.100000
0 0.366250 0.131875 0.070000 0.056250
0 0.406250 0.574375 0.080000 0.063750
0 0.793125 0.593750 0.051250 0.050000
0 0.479375 0.821250 0.083750 0.082500
0 0.309375 0.043125 0.053750 0.043750
0 0.833750 0.886250 0.107500 0.107500
0 0.233750 0.032500 0.037500 0.037500
0 0.514375 0.745625 0.026250 0.028750
0 0.678125 0.114375 0.071250 0.071250
0 0.842500 0.097500 0.100000 0.100000
0 0.298125 0.156875 0.033750 0.033750
0 0.343750 0.288750 0.110000 0.110000
0 0.330625 0.900625 0.051250 0.056250
0 0.472500 0.245000 0.050000 0.050000
0 0.508750 0.495000 0.075000 0.075000
0 0.576875 0.100625 0.098750 0.098750
0 0.428750 0.926875 0.080000 0.076250
0 0.236250 0.686250 0.052500 0.052500
0 0.899375 0.274375 0.108750 0.108750
0 0.696875 0.915625 0.093750 0.093750
0 0.435625 0.470625 0.043750 0.043750
0 0.061875 0.645625 0.073750 0.073750
0 0.061875 0.259375 0.093750 0.053750
0 0.610625 0.351250 0.068750 0.040000
0 0.060000 0.350625 0.057500 0.066250
0 0.246250 0.903125 0.045000 0.053750
0 0.755000 0.318125 0.102500 0.123750
0 0.561875 0.593125 0.063750 0.063750
0 0.155000 0.911250 0.087500 0.087500
0 0.204375 0.444375 0.051250 0.061250
0 0.680625 0.518125 0.036250 0.036250
0 0.906875 0.541250 0.096250 0.132500
0 0.523125 0.931250 0.056250 0.077500
0 0.584375 0.892500 0.051250 0.047500
0 0.454375 0.081250 0.078750 0.080000
0 0.271250 0.815000 0.067500 0.067500
0 0.091250 0.776250 0.062500 0.072500
0 0.711250 0.050625 0.027500 0.031250
0 0.787500 0.500000 0.042500 0.035000
0 0.158125 0.666875 0.068750 0.056250
0 0.735625 0.782500 0.028750 0.022500
0 0.932500 0.407500 0.047500 0.047500
0 0.967500 0.788750 0.030000 0.022500
0 0.460625 0.166250 0.036250 0.035000
0 0.902500 0.189375 0.032500 0.031250
0 0.789375 0.200625 0.083750 0.081250
0 0.031250 0.131875 0.035000 0.026250
0 0.618125 0.830000 0.058750 0.055000
0 0.290625 0.451250 0.063750 0.070000
0 0.362500 0.828750 0.057500 0.057500
0 0.140625 0.603125 0.036250 0.036250
0 0.351250 0.654375 0.075000 0.066250
0 0.141250 0.048750 0.052500 0.055000
0 0.226250 0.111875 0.032500 0.033750
0 0.618125 0.280625 0.038750 0.031250
0 0.698750 0.213750 0.057500 0.047500
0 0.923750 0.861250 0.055000 0.045000
0 0.601875 0.473125 0.033750 0.033750