0 0.779375 0.886250 0.058750 0.042500
0 0.542500 0.518750 0.090000 0.090000
0 0.081250 0.941875 0.070000 0.061250
0 0.283125 0.963750 0.026250 0.022500
0 0.403750 0.877500 0.035000 0.030000
0 0.371875 0.141250 0.048750 0.042500
0 0.280625 0.360000 0.111250 0.125000
0 0.232500 0.501875 0.110000 0.123750
0 0.160625 0.684375 0.058750 0.051250
0 0.033750 0.310625 0.030000 0.026250
0 0.580000 0.099375 0.095000 0.083750
0 0.192500 0.911250 0.042500 0.042500
0 0.141250 0.298750 0.070000 0.070000
0 0.683125 0.474375 0.078750 0.078750
0 0.160000 0.761250 0.075000 0.072500
0 0.897500 0.544375 0.105000 0.138750
0 0.197500 0.103750 0.062500 0.082500
0 0.840625 0.393750 0.111250 0.147500
0 0.696875 0.313125 0.026250 0.026250
0 0.559375 0.714375 0.081250 0.081250
0 0.677500 0.038750 0.045000 0.045000
0 0.858750 0.050000 0.072500 0.072500
0 0.280625 0.849375 0.053750 0.053750
0 0.343125 0.586875 0.041250 0.038750
0 0.936250 0.263750 0.047500 0.045000
0 0.061875 0.370625 0.043750 0.041250
0 0.510000 0.405625 0.027500 0.026250
0 0.080000 0.081250 0.090000 0.102500
0 0.290000 0.226875 0.095000 0.086250
0 0.773750 0.662500 0.055000 0.055000
0 0.293750 0.766875 0.040000 0.061250
0 0.385625 0.308750 0.081250 0.125000
0 0.617500 0.251250 0.107500 0.125000
0 0.077500 0.550000 0.102500 0.120000
0 0.416875 0.500000 0.098750 0.115000
0 0.583750 0.595000 0.027500 0.025000
0 0.880625 0.834375 0.091250 0.083750
0 0.057500 0.747500 0.050000 0.045000
0 0.035625 0.159375 0.026250 0.026250
0 0.491875 0.220625 0.038750 0.038750
0 0.579375 0.361250 0.046250 0.072500
0 0.527500 0.872500 0.107500 0.107500
0 0.169375 0.836250 0.066250 0.060000
0 0.704375 0.661250 0.058750 0.060000
0 0.717500 0.778125 0.102500 0.103750
0 0.683750 0.893125 0.087500 0.088750
0 0.783125 0.578125 0.056250 0.056250
0 0.926250 0.668750 0.105000 0.092500
0 0.301250 0.708125 0.027500 0.023750
0 0.391250 0.408750 0.057500 0.050000
0 0.455625 0.338125 0.038750 0.033750
0 0.103750 0.198750 0.090000 0.090000
0 0.800000 0.058125 0.027500 0.008750
0 0.769375 0.131875 0.106250 0.036250
0 0.725000 0.405625 0.082500 0.028750
0 0.494375 0.634375 0.056250 0.056250
0 0.641250 0.353125 0.037500 0.043750
0 0.958750 0.924375 0.035000 0.036250
0 0.335000 0.931875 0.045000 0.041250
0 0.871250 0.192500 0.072500 0.067500
0 0.646875 0.563125 0.081250 0.076250
0 0.395625 0.731875 0.111250 0.103750
0 0.775000 0.248750 0.070000 0.070000
0 0.943125 0.398125 0.076250 0.111250
0 0.268750 0.113750 0.055000 0.080000
0 0.060625 0.840000 0.083750 0.087500
0 0.463125 0.121875 0.111250 0.111250
0 0.328125 0.489375 0.038750 0.038750
0 0.381250 0.193750 0.032500 0.032500
0 0.346875 0.858125 0.063750 0.063750
0 0.141875 0.405625 0.056250 0.053750
0 0.954375 0.750000 0.033750 0.045000
0 0.461250 0.038125 0.032500 0.031250
0 0.937500 0.050000 0.055000 0.055000
0 0.861875 0.924375 0.051250 0.051250
0 0.227500 0.615000 0.052500 0.052500
0 0.442500 0.935000 0.047500 0.047500
0 0.472500 0.720000 0.025000 0.025000
0 0.288125 0.655625 0.038750 0.038750
0 0.077500 0.673750 0.085000 0.085000
0 0.325625 0.133750 0.026250 0.032500