0 0.243125 0.230000 0.076250 0.085000
0 0.660625 0.434375 0.078750 0.088750
0 0.576875 0.696875 0.041250 0.041250
0 0.688750 0.577500 0.035000 0.035000
0 0.889375 0.578125 0.061250 0.058750
0 0.651250 0.948125 0.045000 0.043750
0 0.835000 0.830000 0.080000 0.077500
0 0.748750 0.781250 0.070000 0.067500
0 0.226250 0.783125 0.112500 0.113750
0 0.510000 0.237500 0.042500 0.042500
0 0.360625 0.529375 0.056250 0.056250
0 0.826875 0.164375 0.033750 0.033750
0 0.847500 0.067500 0.087500 0.087500
0 0.761250 0.285000 0.090000 0.090000
0 0.545625 0.526875 0.068750 0.068750
0 0.312500 0.380000 0.085000 0.085000
0 0.911250 0.284375 0.102500 0.096250
0 0.126875 0.281875 0.043750 0.043750
0 0.850000 0.460000 0.027500 0.027500
0 0.147500 0.406875 0.032500 0.038750
0 0.545000 0.104375 0.110000 0.133750
0 0.743750 0.470000 0.062500 0.075000
0 0.426250 0.171250 0.080000 0.097500
0 0.583125 0.841875 0.031250 0.031250
0 0.265625 0.914375 0.101250 0.101250
0 0.077500 0.643750 0.065000 0.065000
0 0.223125 0.060625 0.046250 0.046250
0 0.493125 0.830625 0.108750 0.108750
0 0.333750 0.760000 0.052500 0.052500
0 0.250000 0.496250 0.105000 0.117500
0 0.950625 0.469375 0.058750 0.058750
0 0.461875 0.383125 0.043750 0.043750
0 0.542500 0.433750 0.070000 0.070000
0 0.397500 0.683750 0.082500 0.082500
0 0.315000 0.079375 0.087500 0.091250
0 0.510625 0.305625 0.071250 0.073750
0 0.805000 0.673750 0.102500 0.107500
0 0.267500 0.637500 0.032500 0.032500
0 0.690625 0.125625 0.098750 0.098750
0 0.872500 0.392500 0.052500 0.052500
0 0.573750 0.631250 0.070000 0.070000
0 0.116875 0.543125 0.101250 0.093750
0 0.049375 0.091250 0.043750 0.042500
0 0.628750 0.253750 0.112500 0.112500
0 0.196875 0.146875 0.036250 0.038750
0 0.149375 0.085625 0.066250 0.066250
0 0.805000 0.563750 0.045000 0.045000
0 0.441250 0.518750 0.070000 0.070000
0 0.600000 0.957500 0.030000 0.030000
0 0.060000 0.793125 0.087500 0.093750
0 0.052500 0.166250 0.045000 0.045000