0 0.690625 0.154375 0.103750 0.103750
0 0.430000 0.893750 0.100000 0.100000
0 0.810000 0.317500 0.075000 0.075000
0 0.738125 0.549375 0.061250 0.061250
0 0.588125 0.159375 0.083750 0.083750
0 0.785625 0.104375 0.041250 0.041250
0 0.084375 0.300625 0.101250 0.101250
0 0.687500 0.255000 0.082500 0.082500
0 0.644375 0.491875 0.066250 0.066250
0 0.691250 0.716250 0.045000 0.045000
0 0.808125 0.895625 0.048750 0.048750
0 0.588125 0.056250 0.038750 0.032500
0 0.863750 0.428125 0.082500 0.068750
0 0.581250 0.877500 0.092500 0.092500
0 0.235625 0.411875 0.036250 0.036250
0 0.217500 0.827500 0.080000 0.080000
0 0.519375 0.273125 0.056250 0.056250
0 0.331875 0.595625 0.046250 0.046250
0 0.869375 0.699375 0.101250 0.081250
0 0.111875 0.149375 0.093750 0.093750
0 0.303125 0.760625 0.038750 0.038750
0 0.318750 0.937500 0.062500 0.062500
0 0.897500 0.520000 0.030000 0.030000
0 0.076875 0.469375 0.101250 0.101250
0 0.951875 0.131875 0.071250 0.071250
0 0.314375 0.440000 0.028750 0.022500
0 0.584375 0.673750 0.028750 0.022500
0 0.515000 0.947500 0.037500 0.030000
0 0.078125 0.961250 0.028750 0.022500
0 0.712500 0.806250 0.032500 0.032500
0 0.082500 0.875000 0.037500 0.037500
0 0.353750 0.297500 0.027500 0.027500
0 0.215000 0.305000 0.092500 0.092500
0 0.503125 0.903125 0.031250 0.031250
0 0.435000 0.362500 0.087500 0.087500
0 0.194375 0.586875 0.098750 0.098750
0 0.829375 0.224375 0.088750 0.088750
0 0.522500 0.563750 0.030000 0.030000
0 0.582500 0.771250 0.075000 0.075000
0 0.290000 0.683750 0.060000 0.060000
0 0.825000 0.043125 0.060000 0.061250
0 0.045000 0.619375 0.050000 0.043750
0 0.231250 0.195000 0.082500 0.082500
0 0.512500 0.325000 0.027500 0.025000
0 0.515000 0.482500 0.030000 0.030000
0 0.915625 0.788125 0.108750 0.063750
0 0.572500 0.565625 0.032500 0.018750
0 0.379375 0.740000 0.086250 0.050000
0 0.066875 0.679375 0.066250 0.038750
0 0.186250 0.728750 0.097500 0.097500
0 0.461875 0.646875 0.101250 0.088750
0 0.930625 0.326875 0.078750 0.068750
0 0.647500 0.637500 0.037500 0.032500
0 0.921250 0.925000 0.075000 0.065000
0 0.450625 0.499375 0.061250 0.058750
0 0.393125 0.199375 0.103750 0.101250
0 0.448750 0.091875 0.040000 0.038750
0 0.722500 0.652500 0.065000 0.062500
0 0.591875 0.248125 0.068750 0.068750
0 0.672500 0.427500 0.042500 0.042500
0 0.280625 0.096875 0.056250 0.046250
0 0.511875 0.423125 0.038750 0.038750
0 0.926875 0.058125 0.043750 0.043750
0 0.861875 0.599375 0.093750 0.093750
0 0.756875 0.453125 0.088750 0.088750
0 0.473750 0.750000 0.047500 0.047500
0 0.380625 0.055000 0.071250 0.085000
0 0.775000 0.822500 0.077500 0.080000
0 0.148125 0.061875 0.063750 0.063750
0 0.080625 0.786875 0.048750 0.048750
0 0.180625 0.471875 0.063750 0.063750
0 0.949375 0.870625 0.028750 0.028750
0 0.351250 0.502500 0.075000 0.075000
0 0.161250 0.923750 0.090000 0.090000
0 0.567500 0.603750 0.030000 0.030000
0 0.331875 0.805000 0.048750 0.035000
0 0.596875 0.377500 0.081250 0.107500
0 0.748750 0.717500 0.040000 0.040000
0 0.562500 0.496250 0.040000 0.075000
0 0.638750 0.570625 0.025000 0.046250
0 0.305625 0.226250 0.028750 0.030000
0 0.688125 0.343125 0.076250 0.076250