0 0.337500 0.668125 0.040000 0.041250
0 0.261250 0.930000 0.027500 0.035000
0 0.436875 0.368750 0.031250 0.040000
0 0.731250 0.223750 0.067500 0.087500
0 0.798750 0.371250 0.025000 0.032500
0 0.958125 0.210625 0.051250 0.051250
0 0.953750 0.550000 0.067500 0.067500
0 0.030625 0.308125 0.036250 0.036250
0 0.766875 0.493750 0.096250 0.070000
0 0.680625 0.408750 0.038750 0.027500
0 0.599375 0.576875 0.033750 0.023750
0 0.563750 0.688125 0.040000 0.028750
0 0.295000 0.495000 0.070000 0.120000
0 0.458750 0.736250 0.082500 0.142500
0 0.180625 0.304375 0.041250 0.071250
0 0.080000 0.548750 0.052500 0.052500
0 0.905625 0.663125 0.101250 0.101250
0 0.180625 0.598125 0.031250 0.031250
0 0.667500 0.106250 0.090000 0.090000
0 0.326875 0.840625 0.051250 0.051250
0 0.533750 0.825000 0.030000 0.030000
0 0.090625 0.819375 0.098750 0.098750
0 0.821250 0.825625 0.050000 0.046250
0 0.867500 0.216250 0.060000 0.060000
0 0.086875 0.413125 0.111250 0.111250
0 0.628750 0.702500 0.062500 0.062500
0 0.244375 0.648125 0.068750 0.068750
0 0.285625 0.152500 0.098750 0.135000
0 0.636875 0.895000 0.103750 0.142500
0 0.095625 0.720000 0.038750 0.052500
0 0.736250 0.712500 0.082500 0.082500
0 0.314375 0.940625 0.033750 0.033750
0 0.744375 0.854375 0.026250 0.026250
0 0.365625 0.519375 0.031250 0.031250
0 0.921875 0.344375 0.096250 0.096250
0 0.495000 0.097500 0.110000 0.110000
0 0.033750 0.925000 0.035000 0.035000
0 0.860625 0.123125 0.066250 0.066250
0 0.430625 0.953125 0.041250 0.041250
0 0.576250 0.376875 0.105000 0.101250
0 0.168750 0.041250 0.045000 0.045000
0 0.795625 0.029375 0.026250 0.026250
0 0.088750 0.152500 0.107500 0.100000
0 0.765625 0.578750 0.043750 0.040000
0 0.553750 0.256250 0.110000 0.102500
0 0.367500 0.338750 0.067500 0.067500
0 0.476875 0.858125 0.046250 0.046250
0 0.361875 0.923125 0.026250 0.026250
0 0.850000 0.912500 0.030000 0.035000
0 0.356250 0.751250 0.105000 0.105000
0 0.844375 0.048125 0.053750 0.053750
0 0.245625 0.834375 0.058750 0.058750
0 0.696875 0.345625 0.068750 0.068750
0 0.200625 0.756875 0.051250 0.051250
0 0.536250 0.552500 0.070000 0.070000
0 0.603125 0.499375 0.048750 0.048750
0 0.396875 0.138125 0.071250 0.071250
0 0.195000 0.415000 0.052500 0.037500
0 0.915000 0.803750 0.075000 0.075000
0 0.315625 0.615000 0.033750 0.047500
0 0.069375 0.053125 0.061250 0.061250
0 0.395000 0.263750 0.080000 0.062500
0 0.943125 0.050625 0.068750 0.053750
0 0.940000 0.130000 0.045000 0.045000
0 0.258750 0.272500 0.085000 0.085000
0 0.443750 0.612500 0.060000 0.060000
0 0.103125 0.284375 0.078750 0.068750
0 0.928125 0.927500 0.091250 0.080000
0 0.410000 0.475625 0.047500 0.041250
0 0.369375 0.579375 0.056250 0.056250
0 0.407500 0.855000 0.057500 0.057500
0 0.875625 0.453125 0.096250 0.096250
0 0.099375 0.613125 0.056250 0.056250
0 0.785000 0.308750 0.052500 0.052500
0 0.135625 0.535625 0.028750 0.028750
0 0.043125 0.701875 0.031250 0.031250
0 0.194375 0.535625 0.066250 0.066250
0 0.370625 0.414375 0.036250 0.036250