0 0.783750 0.496250 0.085000 0.077500
0 0.163125 0.665625 0.088750 0.081250
0 0.094375 0.548750 0.071250 0.065000
0 0.613125 0.853125 0.111250 0.088750
0 0.439375 0.773125 0.061250 0.061250
0 0.525000 0.375625 0.107500 0.123750
0 0.264375 0.130625 0.053750 0.043750
0 0.276875 0.335625 0.091250 0.073750
0 0.757500 0.433125 0.042500 0.033750
0 0.553750 0.760000 0.077500 0.062500
0 0.324375 0.550625 0.081250 0.081250
0 0.941875 0.493125 0.051250 0.051250
0 0.252500 0.570000 0.027500 0.027500
0 0.339375 0.928750 0.106250 0.075000
0 0.116250 0.148125 0.100000 0.078750
0 0.766250 0.238750 0.080000 0.062500
0 0.805625 0.590000 0.051250 0.040000
0 0.827500 0.880625 0.077500 0.061250
0 0.405000 0.579375 0.032500 0.028750
0 0.586250 0.095000 0.072500 0.077500
0 0.691250 0.335625 0.087500 0.063750
0 0.865625 0.376875 0.111250 0.111250
0 0.527500 0.498750 0.080000 0.080000
0 0.296250 0.200000 0.082500 0.055000
0 0.071250 0.907500 0.112500 0.112500
0 0.757500 0.126250 0.077500 0.077500
0 0.263750 0.783125 0.110000 0.111250
0 0.505000 0.207500 0.065000 0.065000
0 0.514375 0.651875 0.068750 0.068750
0 0.404375 0.344375 0.066250 0.066250
0 0.867500 0.070000 0.055000 0.055000
0 0.933125 0.565625 0.076250 0.076250
0 0.900625 0.171875 0.043750 0.043750
0 0.905000 0.789375 0.040000 0.038750
0 0.806250 0.719375 0.107500 0.106250
0 0.710625 0.441250 0.026250 0.025000
0 0.928125 0.032500 0.038750 0.037500
0 0.658125 0.250625 0.073750 0.083750
0 0.133750 0.396250 0.112500 0.112500
0 0.476250 0.849375 0.035000 0.033750
0 0.298125 0.443125 0.108750 0.106250
0 0.163750 0.281875 0.050000 0.048750
0 0.438750 0.501875 0.052500 0.051250
0 0.288750 0.677500 0.072500 0.072500
0 0.364375 0.684375 0.058750 0.111250
0 0.369375 0.156875 0.033750 0.063750
0 0.888125 0.263125 0.071250 0.071250
0 0.195000 0.518750 0.025000 0.025000
0 0.173750 0.037500 0.040000 0.040000
0 0.241875 0.060625 0.061250 0.061250