0 0.143125 0.510625 0.058750 0.058750
0 0.747500 0.478750 0.057500 0.057500
0 0.070625 0.169375 0.076250 0.076250
0 0.361875 0.895625 0.108750 0.108750
0 0.119375 0.368125 0.103750 0.103750
0 0.866250 0.713125 0.085000 0.098750
0 0.671250 0.794375 0.052500 0.046250
0 0.123125 0.251875 0.073750 0.066250
0 0.407500 0.736250 0.100000 0.100000
0 0.671250 0.117500 0.095000 0.095000
0 0.287500 0.685000 0.110000 0.110000
0 0.396875 0.170625 0.098750 0.098750
0 0.609375 0.238750 0.038750 0.037500
0 0.737500 0.653125 0.095000 0.101250
0 0.860000 0.493125 0.087500 0.093750
0 0.921250 0.591875 0.057500 0.061250
0 0.418125 0.332500 0.031250 0.032500
0 0.155625 0.824375 0.098750 0.098750
0 0.506875 0.924375 0.068750 0.068750
0 0.653750 0.406875 0.102500 0.116250
0 0.251250 0.236875 0.087500 0.098750
0 0.487500 0.567500 0.055000 0.062500
0 0.774375 0.275000 0.106250 0.120000
0 0.304375 0.590625 0.063750 0.063750
0 0.560000 0.438750 0.067500 0.067500
0 0.906250 0.233750 0.080000 0.080000
0 0.757500 0.886250 0.090000 0.065000
0 0.215625 0.081875 0.078750 0.078750
0 0.070000 0.060000 0.042500 0.042500
0 0.216250 0.927500 0.080000 0.080000
0 0.255000 0.498750 0.097500 0.097500
0 0.239375 0.370625 0.051250 0.051250
0 0.155000 0.642500 0.067500 0.067500
0 0.336250 0.355000 0.085000 0.085000
0 0.413750 0.565000 0.055000 0.055000
0 0.522500 0.306250 0.107500 0.107500
0 0.592500 0.661250 0.102500 0.102500
0 0.540000 0.145000 0.100000 0.100000
0 0.486875 0.824375 0.056250 0.056250
0 0.953125 0.894375 0.048750 0.041250
0 0.131875 0.726250 0.073750 0.067500
0 0.601250 0.880625 0.105000 0.096250
0 0.395625 0.461875 0.056250 0.056250
0 0.550000 0.563750 0.027500 0.027500
0 0.053125 0.869375 0.071250 0.071250
0 0.063750 0.533750 0.077500 0.112500
0 0.790625 0.101875 0.091250 0.133750
0 0.773750 0.811875 0.050000 0.051250
0 0.911250 0.064375 0.085000 0.088750
0 0.834375 0.893750 0.048750 0.050000
0 0.662500 0.498750 0.042500 0.042500
0 0.143750 0.078750 0.027500 0.027500
0 0.954375 0.718125 0.061250 0.061250
0 0.481875 0.475625 0.058750 0.058750
0 0.893125 0.906875 0.053750 0.053750
0 0.349375 0.043125 0.048750 0.048750
0 0.908750 0.391250 0.042500 0.042500
0 0.888750 0.805000 0.047500 0.057500
0 0.589375 0.514375 0.033750 0.033750
0 0.241250 0.761250 0.027500 0.027500
0 0.843125 0.583125 0.066250 0.058750
0 0.420625 0.262500 0.058750 0.060000
0 0.675000 0.041250 0.037500 0.037500
0 0.936875 0.144375 0.056250 0.056250
0 0.589375 0.790625 0.058750 0.058750
0 0.528750 0.055000 0.065000 0.065000
0 0.065000 0.703125 0.045000 0.051250
0 0.043750 0.261250 0.030000 0.030000
0 0.425625 0.651250 0.046250 0.052500