0 0.763125 0.664375 0.036250 0.031250
0 0.534375 0.808750 0.088750 0.077500
0 0.487500 0.665625 0.050000 0.043750
0 0.486875 0.097500 0.053750 0.047500
0 0.790000 0.310000 0.072500 0.072500
0 0.030625 0.379375 0.036250 0.036250
0 0.395625 0.764375 0.108750 0.108750
0 0.130000 0.055000 0.027500 0.027500
0 0.680000 0.742500 0.065000 0.065000
0 0.334375 0.481250 0.053750 0.047500
0 0.329375 0.155000 0.036250 0.032500
0 0.065625 0.494375 0.088750 0.078750
0 0.675625 0.313750 0.081250 0.072500
0 0.848750 0.833750 0.047500 0.047500
0 0.903125 0.325625 0.101250 0.101250
0 0.626250 0.573750 0.090000 0.090000
0 0.600000 0.725000 0.067500 0.067500
0 0.130000 0.305625 0.050000 0.036250
0 0.505625 0.473750 0.053750 0.047500
0 0.205625 0.148125 0.081250 0.081250
0 0.406875 0.191250 0.103750 0.075000
0 0.076875 0.138125 0.028750 0.028750
0 0.755000 0.497500 0.112500 0.112500
0 0.568125 0.211875 0.106250 0.106250
0 0.586875 0.440625 0.071250 0.071250
0 0.072500 0.678750 0.090000 0.090000
0 0.916875 0.139375 0.066250 0.066250
0 0.936250 0.881250 0.060000 0.065000
0 0.665000 0.893125 0.070000 0.066250
0 0.770625 0.178125 0.031250 0.028750
0 0.531875 0.547500 0.063750 0.060000
0 0.700625 0.389375 0.051250 0.038750
0 0.886250 0.696250 0.055000 0.055000
0 0.345000 0.411250 0.072500 0.072500
0 0.932500 0.538750 0.092500 0.092500
0 0.081250 0.567500 0.030000 0.030000
0 0.376875 0.906875 0.078750 0.078750
0 0.394375 0.079375 0.066250 0.066250
0 0.705000 0.073750 0.055000 0.055000
0 0.708125 0.620625 0.038750 0.038750
0 0.845000 0.926250 0.050000 0.050000
0 0.263750 0.823750 0.112500 0.112500
0 0.220000 0.616250 0.090000 0.090000
0 0.227500 0.480000 0.027500 0.030000
0 0.177500 0.703125 0.070000 0.061250
0 0.050000 0.861250 0.060000 0.052500
0 0.402500 0.558750 0.105000 0.092500
0 0.162500 0.885000 0.060000 0.052500
0 0.063125 0.053125 0.063750 0.063750
0 0.137500 0.521875 0.027500 0.026250
0 0.678125 0.214375 0.078750 0.071250
0 0.291875 0.305000 0.111250 0.117500
0 0.070000 0.929375 0.037500 0.038750
0 0.451250 0.348750 0.090000 0.095000
0 0.198125 0.368750 0.026250 0.027500