0 0.885000 0.743750 0.080000 0.080000
0 0.330000 0.747500 0.087500 0.087500
0 0.683125 0.288125 0.036250 0.036250
0 0.352500 0.464375 0.087500 0.106250
0 0.129375 0.125000 0.101250 0.122500
0 0.706250 0.756250 0.040000 0.047500
0 0.687500 0.179375 0.025000 0.021250
0 0.276250 0.348750 0.057500 0.050000
0 0.091875 0.306875 0.108750 0.096250
0 0.716875 0.369375 0.058750 0.051250
0 0.855000 0.376875 0.095000 0.096250
0 0.225625 0.793125 0.106250 0.128750
0 0.081875 0.820000 0.031250 0.052500
0 0.553750 0.299375 0.112500 0.191250
0 0.535625 0.729375 0.106250 0.106250
0 0.101875 0.428125 0.073750 0.073750
0 0.919375 0.511875 0.091250 0.091250
0 0.540625 0.100625 0.043750 0.043750
0 0.816875 0.153125 0.106250 0.106250
0 0.416875 0.323125 0.068750 0.068750
0 0.808125 0.605625 0.028750 0.028750
0 0.721875 0.530625 0.073750 0.073750
0 0.403750 0.955000 0.032500 0.032500
0 0.274375 0.230625 0.041250 0.043750
0 0.421250 0.859375 0.047500 0.068750
0 0.519375 0.545625 0.091250 0.133750
0 0.426250 0.166250 0.075000 0.110000
0 0.071250 0.666250 0.107500 0.157500
0 0.221250 0.101250 0.055000 0.055000
0 0.212500 0.913750 0.062500 0.062500
0 0.918750 0.832500 0.082500 0.082500
0 0.638125 0.078750 0.043750 0.052500
0 0.389375 0.591875 0.058750 0.058750
0 0.911250 0.031250 0.027500 0.025000
0 0.651875 0.848125 0.091250 0.091250
0 0.507500 0.941250 0.062500 0.050000
0 0.171875 0.675625 0.076250 0.076250
0 0.883750 0.621250 0.097500 0.097500
0 0.730625 0.611875 0.073750 0.073750
0 0.645000 0.560625 0.050000 0.046250
0 0.764375 0.715000 0.046250 0.042500
0 0.861250 0.238750 0.030000 0.027500
0 0.233750 0.522500 0.092500 0.112500
0 0.925625 0.169375 0.068750 0.083750
0 0.120000 0.915000 0.092500 0.080000
0 0.945625 0.258125 0.058750 0.058750
0 0.312500 0.646250 0.072500 0.072500
0 0.718750 0.946875 0.037500 0.038750
0 0.083750 0.208750 0.027500 0.017500
0 0.786250 0.772500 0.087500 0.057500
0 0.318125 0.140000 0.103750 0.085000
0 0.781250 0.860625 0.107500 0.088750
0 0.470625 0.446875 0.043750 0.043750
0 0.927500 0.426250 0.025000 0.025000
0 0.788750 0.043750 0.060000 0.060000
0 0.353750 0.901875 0.052500 0.051250
0 0.948750 0.325000 0.040000 0.040000
0 0.638750 0.628750 0.067500 0.067500
0 0.823750 0.286875 0.060000 0.053750
0 0.331875 0.326250 0.031250 0.027500
0 0.706250 0.236250 0.052500 0.052500
0 0.435000 0.720000 0.065000 0.065000
0 0.802500 0.483750 0.070000 0.070000
0 0.606875 0.141875 0.038750 0.038750
0 0.538750 0.857500 0.087500 0.087500
0 0.874375 0.918125 0.038750 0.038750
0 0.653750 0.398750 0.037500 0.037500
0 0.131875 0.772500 0.026250 0.025000
0 0.362500 0.823125 0.050000 0.048750
0 0.493125 0.140000 0.026250 0.025000
0 0.603750 0.942500 0.047500 0.042500
0 0.361250 0.050000 0.080000 0.072500
0 0.647500 0.747500 0.045000 0.045000
0 0.138750 0.541250 0.067500 0.067500