0 0.486250 0.142500 0.077500 0.077500
0 0.795000 0.656250 0.052500 0.052500
0 0.652500 0.486250 0.032500 0.032500
0 0.433750 0.775625 0.062500 0.053750
0 0.206250 0.270000 0.035000 0.030000
0 0.932500 0.780000 0.042500 0.042500
0 0.925625 0.396875 0.061250 0.061250
0 0.898125 0.594375 0.066250 0.066250
0 0.073750 0.554375 0.080000 0.063750
0 0.828125 0.074375 0.088750 0.086250
0 0.595000 0.242500 0.110000 0.107500
0 0.535000 0.493750 0.065000 0.057500
0 0.256250 0.195000 0.100000 0.090000
0 0.347500 0.526875 0.032500 0.028750
0 0.421250 0.343750 0.025000 0.017500
0 0.954375 0.473750 0.026250 0.017500
0 0.755000 0.429375 0.105000 0.073750
0 0.912500 0.276250 0.110000 0.077500
0 0.668750 0.147500 0.032500 0.045000
0 0.272500 0.780000 0.075000 0.075000
0 0.290625 0.305625 0.088750 0.088750
0 0.887500 0.488750 0.032500 0.032500
0 0.647500 0.902500 0.095000 0.095000
0 0.060000 0.250000 0.027500 0.027500
0 0.190000 0.658750 0.082500 0.100000
0 0.596250 0.687500 0.027500 0.032500
0 0.118125 0.818125 0.073750 0.088750
0 0.760625 0.224375 0.096250 0.096250
0 0.473750 0.242500 0.090000 0.090000
0 0.085625 0.924375 0.073750 0.073750
0 0.088750 0.173750 0.087500 0.100000
0 0.421875 0.896875 0.098750 0.098750
0 0.469375 0.339375 0.051250 0.053750
0 0.724375 0.303750 0.041250 0.042500
0 0.062500 0.404375 0.092500 0.096250
0 0.656250 0.073750 0.067500 0.070000
0 0.514375 0.669375 0.028750 0.028750
0 0.055625 0.724375 0.048750 0.048750
0 0.175625 0.541875 0.103750 0.103750
0 0.610000 0.585000 0.095000 0.095000
0 0.378750 0.616250 0.045000 0.040000
0 0.455000 0.432500 0.067500 0.067500
0 0.905625 0.879375 0.103750 0.103750
0 0.198125 0.311875 0.031250 0.031250
0 0.740625 0.546875 0.103750 0.103750
0 0.760000 0.905000 0.072500 0.077500
0 0.298750 0.081250 0.102500 0.102500
0 0.666875 0.760625 0.066250 0.066250
0 0.559375 0.809375 0.041250 0.041250
0 0.435625 0.531250 0.108750 0.107500
0 0.126250 0.306875 0.085000 0.083750
0 0.282500 0.535625 0.035000 0.033750
0 0.215000 0.422500 0.107500 0.102500
0 0.645625 0.691250 0.026250 0.025000
0 0.775625 0.343125 0.038750 0.036250
0 0.798125 0.755000 0.086250 0.082500
0 0.863125 0.199375 0.028750 0.028750
0 0.288750 0.665000 0.060000 0.060000
0 0.591250 0.393750 0.085000 0.085000
0 0.333125 0.234375 0.033750 0.033750