0 0.819375 0.713750 0.048750 0.035000
0 0.511250 0.628750 0.070000 0.050000
0 0.882500 0.387500 0.070000 0.070000
0 0.360000 0.295000 0.040000 0.040000
0 0.260625 0.616875 0.091250 0.091250
0 0.803125 0.939375 0.071250 0.071250
0 0.422500 0.910000 0.045000 0.045000
0 0.700625 0.076250 0.083750 0.067500
0 0.530625 0.245000 0.103750 0.095000
0 0.090625 0.358125 0.056250 0.051250
0 0.223125 0.041250 0.033750 0.030000
0 0.530625 0.413125 0.033750 0.033750
0 0.888125 0.658750 0.078750 0.055000
0 0.496875 0.795625 0.066250 0.066250
0 0.668750 0.508750 0.102500 0.102500
0 0.830625 0.051875 0.036250 0.036250
0 0.780625 0.573125 0.041250 0.041250
0 0.621875 0.653125 0.081250 0.081250
0 0.152500 0.652500 0.032500 0.032500
0 0.931875 0.305625 0.038750 0.038750
0 0.063125 0.174375 0.061250 0.088750
0 0.513125 0.493750 0.068750 0.070000
0 0.600000 0.071250 0.070000 0.070000
0 0.890000 0.834375 0.077500 0.106250
0 0.116875 0.722500 0.096250 0.067500
0 0.512500 0.858125 0.055000 0.038750
0 0.448125 0.096875 0.066250 0.046250
0 0.250625 0.214375 0.033750 0.033750
0 0.098125 0.806875 0.048750 0.038750
0 0.791875 0.372500 0.066250 0.052500
0 0.938125 0.056875 0.031250 0.031250
0 0.301875 0.815625 0.061250 0.066250
0 0.265625 0.389375 0.083750 0.101250
0 0.918750 0.521875 0.055000 0.066250
0 0.425000 0.557500 0.080000 0.097500
0 0.368125 0.743750 0.043750 0.052500
0 0.793125 0.275625 0.056250 0.056250
0 0.801250 0.178125 0.100000 0.101250
0 0.157500 0.937500 0.030000 0.030000
0 0.721250 0.313750 0.052500 0.052500
0 0.098125 0.495000 0.106250 0.107500
0 0.821250 0.475625 0.040000 0.048750
0 0.255625 0.139375 0.083750 0.101250
0 0.665000 0.161250 0.035000 0.042500
0 0.595000 0.811250 0.092500 0.112500
0 0.718750 0.816250 0.110000 0.112500
0 0.208750 0.908750 0.035000 0.035000
0 0.189375 0.844375 0.048750 0.048750
0 0.260625 0.898125 0.046250 0.046250
0 0.166875 0.141250 0.071250 0.067500
0 0.386250 0.680000 0.050000 0.050000
0 0.936875 0.174375 0.101250 0.133750
0 0.423750 0.398750 0.100000 0.092500
0 0.170000 0.258750 0.077500 0.077500
0 0.630625 0.374375 0.096250 0.096250
0 0.080000 0.278750 0.087500 0.087500
0 0.125000 0.873750 0.055000 0.055000
0 0.702500 0.927500 0.072500 0.072500