0 0.083750 0.646250 0.105000 0.105000
0 0.766875 0.560625 0.093750 0.093750
0 0.193750 0.636250 0.032500 0.032500
0 0.330000 0.417500 0.030000 0.030000
0 0.478750 0.795625 0.075000 0.076250
0 0.670000 0.880000 0.052500 0.052500
0 0.905625 0.365000 0.108750 0.110000
0 0.216250 0.892500 0.112500 0.080000
0 0.479375 0.202500 0.028750 0.020000
0 0.112500 0.178750 0.077500 0.080000
0 0.903750 0.833750 0.032500 0.032500
0 0.640625 0.564375 0.103750 0.103750
0 0.745000 0.325625 0.045000 0.058750
0 0.094375 0.746875 0.058750 0.076250
0 0.931875 0.753125 0.068750 0.071250
0 0.110625 0.834375 0.036250 0.036250
0 0.457500 0.632500 0.105000 0.105000
0 0.300000 0.660625 0.107500 0.138750
0 0.885000 0.060000 0.060000 0.060000
0 0.086875 0.266250 0.076250 0.067500
0 0.213750 0.760625 0.027500 0.023750
0 0.565625 0.863125 0.068750 0.061250
0 0.252500 0.228125 0.035000 0.031250
0 0.601875 0.410625 0.073750 0.073750
0 0.068750 0.351250 0.087500 0.087500
0 0.935000 0.153750 0.027500 0.027500
0 0.896250 0.526250 0.080000 0.067500
0 0.685000 0.038750 0.025000 0.025000
0 0.417500 0.430625 0.042500 0.038750
0 0.398750 0.145000 0.030000 0.030000
0 0.695000 0.728750 0.037500 0.037500
0 0.693125 0.430625 0.068750 0.068750
0 0.511875 0.068125 0.101250 0.101250
0 0.318750 0.110000 0.075000 0.075000
0 0.750625 0.886875 0.088750 0.068750
0 0.795000 0.041250 0.075000 0.057500
0 0.701875 0.226875 0.068750 0.053750
0 0.787500 0.702500 0.065000 0.065000
0 0.267500 0.533750 0.067500 0.067500
0 0.587500 0.670000 0.065000 0.065000
0 0.325625 0.268125 0.028750 0.028750
0 0.365625 0.808125 0.073750 0.073750
0 0.363750 0.557500 0.047500 0.047500
0 0.823750 0.127500 0.050000 0.045000
0 0.322500 0.323125 0.030000 0.028750
0 0.831250 0.258750 0.042500 0.040000
0 0.682500 0.656875 0.025000 0.023750
0 0.628125 0.138750 0.073750 0.072500
0 0.638125 0.757500 0.033750 0.032500
0 0.216250 0.103125 0.112500 0.111250
0 0.196875 0.448125 0.036250 0.036250
0 0.557500 0.293750 0.105000 0.105000
0 0.879375 0.625625 0.086250 0.086250
0 0.185000 0.257500 0.055000 0.055000
0 0.265625 0.365625 0.031250 0.031250
0 0.111250 0.482500 0.092500 0.092500
0 0.782500 0.446250 0.085000 0.085000
0 0.421250 0.378750 0.025000 0.025000
0 0.538125 0.534375 0.053750 0.053750
0 0.431250 0.901250 0.087500 0.087500
0 0.735625 0.126875 0.096250 0.096250
0 0.408750 0.247500 0.090000 0.090000
0 0.973750 0.077500 0.027500 0.027500
0 0.926250 0.922500 0.040000 0.040000
0 0.945625 0.208125 0.058750 0.058750
0 0.350000 0.886250 0.035000 0.045000
0 0.640625 0.036875 0.033750 0.033750
0 0.888125 0.131875 0.041250 0.041250
0 0.316250 0.208750 0.075000 0.075000
0 0.973750 0.952500 0.027500 0.027500
0 0.094375 0.910625 0.031250 0.031250
0 0.829375 0.841250 0.051250 0.052500
0 0.860625 0.205000 0.046250 0.047500
0 0.476250 0.467500 0.030000 0.030000