0 0.826875 0.651875 0.103750 0.103750
0 0.369375 0.475625 0.101250 0.101250
0 0.856250 0.076250 0.032500 0.032500
0 0.063750 0.950000 0.037500 0.035000
0 0.864375 0.295625 0.073750 0.073750
0 0.091250 0.472500 0.090000 0.082500
0 0.035625 0.201875 0.026250 0.026250
0 0.207500 0.845000 0.102500 0.102500
0 0.687500 0.613750 0.037500 0.037500
0 0.446875 0.826875 0.041250 0.041250
0 0.526250 0.538750 0.082500 0.057500
0 0.643750 0.281875 0.035000 0.041250
0 0.295625 0.530000 0.028750 0.025000
0 0.840000 0.385625 0.062500 0.058750
0 0.683125 0.360000 0.098750 0.070000
0 0.964375 0.615000 0.046250 0.032500
0 0.460000 0.661875 0.105000 0.073750
0 0.605000 0.753750 0.040000 0.040000
0 0.795625 0.909375 0.103750 0.103750
0 0.813750 0.525000 0.070000 0.070000
0 0.128125 0.039375 0.026250 0.026250
0 0.220000 0.360000 0.090000 0.090000
0 0.368750 0.678750 0.052500 0.052500
0 0.425625 0.079375 0.056250 0.056250
0 0.773750 0.311250 0.067500 0.067500
0 0.283750 0.621250 0.030000 0.030000
0 0.054375 0.641875 0.053750 0.053750
0 0.279375 0.721875 0.108750 0.108750
0 0.192500 0.113750 0.082500 0.082500
0 0.042500 0.121250 0.055000 0.055000
0 0.776875 0.132500 0.078750 0.080000
0 0.936875 0.496875 0.033750 0.033750
0 0.963125 0.216875 0.028750 0.028750
0 0.513125 0.305625 0.048750 0.048750
0 0.416250 0.186875 0.097500 0.068750
0 0.746250 0.449375 0.047500 0.033750
0 0.411250 0.948125 0.052500 0.036250
0 0.695000 0.539375 0.055000 0.038750
0 0.924375 0.863750 0.038750 0.037500
0 0.542500 0.126250 0.067500 0.067500
0 0.171250 0.260625 0.045000 0.053750
0 0.444375 0.338125 0.043750 0.046250
0 0.933750 0.331250 0.042500 0.045000
0 0.594375 0.641875 0.043750 0.046250
0 0.225000 0.534375 0.092500 0.098750
0 0.711875 0.744375 0.106250 0.106250
0 0.695625 0.114375 0.043750 0.043750
0 0.258750 0.238125 0.105000 0.121250
0 0.040625 0.789375 0.038750 0.038750
0 0.047500 0.838750 0.032500 0.032500
0 0.135000 0.937500 0.065000 0.065000
0 0.110625 0.654375 0.031250 0.031250
0 0.859375 0.187500 0.056250 0.047500
0 0.365625 0.351875 0.081250 0.068750
0 0.359375 0.249375 0.038750 0.038750
0 0.670000 0.428750 0.052500 0.052500
0 0.743750 0.248750 0.037500 0.037500
0 0.471250 0.756250 0.067500 0.067500
0 0.472500 0.441250 0.085000 0.085000