0 0.748125 0.714375 0.073750 0.073750
0 0.320625 0.675625 0.108750 0.111250
0 0.739375 0.358125 0.051250 0.031250
0 0.901250 0.110625 0.052500 0.031250
0 0.741875 0.508750 0.071250 0.042500
0 0.890000 0.213750 0.107500 0.107500
0 0.821250 0.895000 0.085000 0.085000
0 0.458750 0.243750 0.057500 0.057500
0 0.126875 0.315625 0.086250 0.086250
0 0.538125 0.481250 0.061250 0.042500
0 0.630000 0.521875 0.037500 0.026250
0 0.249375 0.355625 0.078750 0.078750
0 0.815000 0.106250 0.057500 0.057500
0 0.595000 0.401875 0.065000 0.061250
0 0.441875 0.650625 0.073750 0.073750
0 0.560625 0.731875 0.043750 0.041250
0 0.706250 0.220625 0.067500 0.063750
0 0.515625 0.130625 0.101250 0.101250
0 0.678125 0.924375 0.093750 0.093750
0 0.206875 0.913125 0.078750 0.078750
0 0.951875 0.050000 0.056250 0.065000
0 0.175625 0.531875 0.081250 0.081250
0 0.873125 0.769375 0.038750 0.038750
0 0.483125 0.933750 0.093750 0.077500
0 0.351875 0.825000 0.031250 0.017500
0 0.105000 0.671250 0.070000 0.082500
0 0.611250 0.616250 0.092500 0.110000
0 0.646875 0.828125 0.071250 0.083750
0 0.856875 0.415625 0.078750 0.078750
0 0.315000 0.213750 0.075000 0.075000
0 0.873125 0.053125 0.028750 0.028750
0 0.159375 0.775625 0.071250 0.071250
0 0.759375 0.804375 0.038750 0.038750
0 0.852500 0.541250 0.110000 0.110000
0 0.375625 0.070625 0.078750 0.078750
0 0.913750 0.702500 0.065000 0.065000
0 0.125625 0.099375 0.098750 0.098750
0 0.108750 0.401250 0.060000 0.060000
0 0.435000 0.483750 0.097500 0.097500
0 0.105000 0.895000 0.102500 0.102500
0 0.118125 0.211875 0.111250 0.093750
0 0.073750 0.527500 0.092500 0.112500
0 0.968125 0.300000 0.028750 0.035000
0 0.626875 0.119375 0.101250 0.101250
0 0.080625 0.764375 0.036250 0.036250
0 0.657500 0.310000 0.082500 0.082500
0 0.448750 0.781250 0.110000 0.110000