0 0.695625 0.516875 0.081250 0.068750
0 0.400000 0.728750 0.105000 0.105000
0 0.195000 0.323750 0.025000 0.025000
0 0.623750 0.872500 0.095000 0.095000
0 0.364375 0.491875 0.103750 0.103750
0 0.225000 0.211250 0.030000 0.030000
0 0.906250 0.288750 0.095000 0.095000
0 0.835625 0.203125 0.048750 0.048750
0 0.454375 0.389375 0.078750 0.078750
0 0.283750 0.848750 0.107500 0.107500
0 0.348750 0.279375 0.072500 0.071250
0 0.425625 0.946875 0.051250 0.051250
0 0.801875 0.496875 0.076250 0.076250
0 0.901250 0.691875 0.067500 0.063750
0 0.770000 0.589375 0.037500 0.026250
0 0.738750 0.243125 0.052500 0.036250
0 0.105000 0.232500 0.112500 0.112500
0 0.488125 0.059375 0.063750 0.063750
0 0.338125 0.140625 0.063750 0.063750
0 0.115000 0.692500 0.110000 0.110000
0 0.507500 0.800000 0.092500 0.065000
0 0.493750 0.696250 0.060000 0.060000
0 0.126250 0.897500 0.087500 0.087500
0 0.038125 0.356875 0.046250 0.046250
0 0.330625 0.600000 0.068750 0.075000
0 0.726875 0.691875 0.053750 0.053750
0 0.135000 0.551250 0.070000 0.070000
0 0.233750 0.728750 0.032500 0.032500
0 0.796250 0.345000 0.082500 0.082500
0 0.485625 0.538125 0.093750 0.093750
0 0.841250 0.952500 0.032500 0.032500
0 0.656875 0.123125 0.103750 0.103750
0 0.907500 0.552500 0.092500 0.092500
0 0.155000 0.108750 0.105000 0.105000
0 0.971875 0.651250 0.031250 0.030000
0 0.203750 0.421250 0.085000 0.082500
0 0.486875 0.194375 0.083750 0.081250
0 0.549375 0.312500 0.081250 0.082500
0 0.735625 0.877500 0.073750 0.075000
0 0.721250 0.781875 0.065000 0.066250
0 0.628125 0.360625 0.061250 0.061250
0 0.125625 0.805625 0.066250 0.066250
0 0.605625 0.585625 0.038750 0.038750
0 0.622500 0.768125 0.097500 0.086250
0 0.772500 0.045000 0.062500 0.055000