0 0.118125 0.338125 0.076250 0.078750
0 0.369375 0.388750 0.103750 0.105000
0 0.716250 0.731875 0.087500 0.088750
0 0.844375 0.114375 0.051250 0.051250
0 0.181250 0.108125 0.060000 0.056250
0 0.815000 0.455000 0.112500 0.112500
0 0.387500 0.797500 0.102500 0.102500
0 0.692500 0.342500 0.030000 0.030000
0 0.931250 0.751875 0.080000 0.078750
0 0.310000 0.096875 0.070000 0.068750
0 0.079375 0.675000 0.066250 0.065000
0 0.590000 0.709375 0.057500 0.056250
0 0.526250 0.243750 0.070000 0.070000
0 0.904375 0.882500 0.053750 0.047500
0 0.176250 0.221875 0.035000 0.031250
0 0.586875 0.327500 0.081250 0.072500
0 0.243750 0.915625 0.082500 0.073750
0 0.460625 0.925625 0.066250 0.061250
0 0.245000 0.133125 0.045000 0.041250
0 0.331250 0.696875 0.047500 0.043750
0 0.523125 0.102500 0.093750 0.087500
0 0.733125 0.877500 0.071250 0.065000
0 0.061250 0.522500 0.070000 0.070000
0 0.178125 0.569375 0.101250 0.101250
0 0.626875 0.933125 0.043750 0.043750
0 0.630000 0.530000 0.045000 0.045000
0 0.438125 0.571875 0.096250 0.096250
0 0.490625 0.769375 0.053750 0.053750
0 0.495000 0.462500 0.045000 0.045000
0 0.856875 0.244375 0.106250 0.106250
0 0.741250 0.196250 0.105000 0.105000
0 0.220625 0.379375 0.071250 0.086250
0 0.296250 0.520000 0.112500 0.117500
0 0.599375 0.819375 0.076250 0.076250
0 0.098750 0.882500 0.110000 0.110000
0 0.658750 0.067500 0.107500 0.107500
0 0.683750 0.652500 0.050000 0.050000
0 0.808125 0.765000 0.078750 0.067500
0 0.925000 0.565625 0.060000 0.048750
0 0.480625 0.355000 0.096250 0.097500
0 0.234375 0.209375 0.051250 0.051250
0 0.184375 0.719375 0.101250 0.108750
0 0.951250 0.417500 0.027500 0.027500
0 0.355625 0.217500 0.111250 0.107500
0 0.093125 0.441875 0.043750 0.038750
0 0.657500 0.456250 0.097500 0.087500
0 0.071875 0.191250 0.106250 0.095000
0 0.883750 0.673750 0.057500 0.057500
0 0.778125 0.563750 0.088750 0.080000
0 0.086250 0.785000 0.047500 0.047500
0 0.953750 0.258750 0.050000 0.050000