0 0.288750 0.665000 0.032500 0.032500
0 0.545000 0.650000 0.057500 0.057500
0 0.769375 0.130625 0.071250 0.071250
0 0.932500 0.503125 0.085000 0.086250
0 0.504375 0.150625 0.053750 0.053750
0 0.059375 0.580625 0.053750 0.053750
0 0.922500 0.891250 0.085000 0.085000
0 0.455000 0.548750 0.077500 0.077500
0 0.203125 0.273125 0.058750 0.058750
0 0.046875 0.361875 0.043750 0.043750
0 0.689375 0.744375 0.073750 0.073750
0 0.096250 0.777500 0.095000 0.115000
0 0.715625 0.324375 0.046250 0.056250
0 0.880625 0.596250 0.106250 0.085000
0 0.161250 0.073750 0.057500 0.045000
0 0.876250 0.216250 0.055000 0.055000
0 0.335000 0.375000 0.097500 0.097500
0 0.586875 0.741875 0.108750 0.108750
0 0.201875 0.819375 0.063750 0.063750
0 0.434375 0.763125 0.048750 0.048750
0 0.234375 0.595625 0.056250 0.056250
0 0.746250 0.461875 0.055000 0.051250
0 0.569375 0.539375 0.108750 0.108750
0 0.596250 0.275625 0.107500 0.138750
0 0.858125 0.348125 0.093750 0.121250
0 0.351875 0.181875 0.043750 0.056250
0 0.430625 0.224375 0.061250 0.078750
0 0.459375 0.690625 0.048750 0.048750
0 0.491250 0.905000 0.097500 0.097500
0 0.253125 0.094375 0.111250 0.111250
0 0.655000 0.418750 0.060000 0.065000
0 0.631875 0.104375 0.098750 0.096250
0 0.106250 0.944375 0.040000 0.038750
0 0.313125 0.260625 0.083750 0.081250
0 0.139375 0.181875 0.058750 0.056250
0 0.779375 0.616875 0.033750 0.033750
0 0.750625 0.906875 0.028750 0.028750
0 0.342500 0.588750 0.047500 0.047500
0 0.189375 0.731875 0.028750 0.028750
0 0.334375 0.883125 0.086250 0.086250
0 0.930625 0.768125 0.106250 0.106250
0 0.833750 0.851875 0.072500 0.063750
0 0.175000 0.593750 0.040000 0.035000
0 0.650625 0.879375 0.103750 0.103750
0 0.323750 0.757500 0.102500 0.102500
0 0.065000 0.203750 0.045000 0.045000
0 0.665000 0.505625 0.062500 0.063750
0 0.106875 0.486250 0.108750 0.112500
0 0.426875 0.081875 0.063750 0.063750
0 0.881875 0.069375 0.038750 0.038750
0 0.496875 0.428125 0.063750 0.063750
0 0.263125 0.490625 0.111250 0.111250
0 0.056250 0.117500 0.085000 0.085000
0 0.170625 0.376875 0.046250 0.046250
0 0.686875 0.634375 0.078750 0.078750
0 0.188750 0.887500 0.065000 0.045000
0 0.101250 0.276250 0.037500 0.037500
0 0.736875 0.218125 0.036250 0.036250
0 0.515625 0.043125 0.061250 0.061250
0 0.604375 0.181875 0.026250 0.026250
0 0.348125 0.658125 0.068750 0.071250
0 0.964375 0.248125 0.041250 0.041250
0 0.363750 0.051250 0.035000 0.035000
0 0.481875 0.316875 0.076250 0.076250
0 0.375000 0.515000 0.055000 0.055000
0 0.835625 0.458125 0.066250 0.063750
0 0.793125 0.739375 0.061250 0.061250