0 0.338125 0.224375 0.096250 0.096250
0 0.807500 0.623750 0.095000 0.095000
0 0.941250 0.856250 0.025000 0.025000
0 0.947500 0.631250 0.032500 0.037500
0 0.694375 0.773125 0.056250 0.056250
0 0.272500 0.711250 0.082500 0.082500
0 0.938125 0.744375 0.056250 0.056250
0 0.314375 0.904375 0.108750 0.108750
0 0.421250 0.495000 0.040000 0.040000
0 0.387500 0.120000 0.092500 0.092500
0 0.228750 0.268750 0.087500 0.087500
0 0.930000 0.243750 0.025000 0.025000
0 0.661875 0.090625 0.108750 0.108750
0 0.279375 0.399375 0.101250 0.101250
0 0.528125 0.584375 0.071250 0.071250
0 0.480625 0.325625 0.053750 0.053750
0 0.690625 0.511875 0.046250 0.046250
0 0.646875 0.660625 0.048750 0.048750
0 0.380625 0.346875 0.028750 0.028750
0 0.715625 0.870000 0.073750 0.067500
0 0.819375 0.499375 0.093750 0.086250
0 0.412500 0.768750 0.075000 0.075000
0 0.775625 0.384375 0.058750 0.058750
0 0.603125 0.259375 0.091250 0.091250
0 0.810000 0.178750 0.077500 0.077500
0 0.101875 0.204375 0.031250 0.031250
0 0.066250 0.585000 0.085000 0.085000
0 0.418125 0.873125 0.048750 0.048750
0 0.178750 0.746250 0.030000 0.030000
0 0.863750 0.393750 0.037500 0.037500
0 0.646875 0.389375 0.098750 0.098750
0 0.030625 0.910625 0.036250 0.036250
0 0.922500 0.560000 0.042500 0.042500
0 0.073750 0.800000 0.105000 0.120000
0 0.643750 0.600625 0.042500 0.048750
0 0.086250 0.481250 0.087500 0.087500
0 0.580000 0.823750 0.087500 0.087500
0 0.731250 0.212500 0.050000 0.050000
0 0.926250 0.092500 0.100000 0.100000
0 0.531250 0.698750 0.067500 0.067500
0 0.226875 0.131875 0.068750 0.068750
0 0.373750 0.585000 0.112500 0.112500
0 0.795000 0.735000 0.087500 0.087500
0 0.531250 0.146875 0.097500 0.081250
0 0.067500 0.368750 0.080000 0.080000
0 0.511875 0.431250 0.051250 0.070000
0 0.229375 0.575625 0.101250 0.138750
0 0.481250 0.780625 0.030000 0.028750
0 0.506250 0.911875 0.055000 0.053750
0 0.808750 0.073750 0.105000 0.102500
0 0.132500 0.907500 0.070000 0.070000
0 0.915625 0.469375 0.083750 0.083750
0 0.805000 0.901250 0.065000 0.065000
0 0.223125 0.478125 0.038750 0.038750
0 0.146875 0.221875 0.028750 0.028750
0 0.122500 0.052500 0.070000 0.070000
0 0.113125 0.148125 0.051250 0.051250
0 0.916250 0.945000 0.037500 0.037500
0 0.777500 0.293125 0.060000 0.071250
0 0.450625 0.248125 0.063750 0.063750
0 0.310625 0.788125 0.043750 0.043750
0 0.048125 0.176250 0.051250 0.085000
0 0.216875 0.885000 0.043750 0.072500
0 0.905625 0.376875 0.028750 0.028750
0 0.640625 0.169375 0.028750 0.028750
0 0.073750 0.280000 0.070000 0.070000