0 0.643750 0.278750 0.077500 0.062500
0 0.345000 0.878750 0.112500 0.080000
0 0.568125 0.176875 0.076250 0.076250
0 0.541250 0.303750 0.105000 0.105000
0 0.736250 0.822500 0.042500 0.042500
0 0.505000 0.868750 0.100000 0.100000
0 0.728750 0.396250 0.025000 0.025000
0 0.415625 0.495625 0.031250 0.031250
0 0.305000 0.465000 0.060000 0.060000
0 0.440000 0.602500 0.100000 0.100000
0 0.891875 0.653750 0.078750 0.097500
0 0.300000 0.376250 0.102500 0.102500
0 0.711875 0.520625 0.033750 0.033750
0 0.161250 0.773750 0.082500 0.082500
0 0.691875 0.706875 0.088750 0.088750
0 0.364375 0.261250 0.036250 0.030000
0 0.826250 0.204375 0.087500 0.063750
0 0.698750 0.947500 0.047500 0.047500
0 0.314375 0.281875 0.048750 0.048750
0 0.065625 0.629375 0.103750 0.103750
0 0.185625 0.523125 0.051250 0.051250
0 0.818125 0.363750 0.111250 0.105000
0 0.055000 0.193125 0.032500 0.031250
0 0.057500 0.086875 0.082500 0.081250
0 0.534375 0.550000 0.058750 0.057500
0 0.626875 0.828125 0.106250 0.106250
0 0.178125 0.220625 0.103750 0.103750
0 0.193750 0.083750 0.067500 0.067500
0 0.291875 0.763125 0.103750 0.103750
0 0.815000 0.568750 0.107500 0.042500
0 0.962500 0.284375 0.035000 0.013750
0 0.420000 0.425000 0.040000 0.015000
0 0.915000 0.085000 0.060000 0.060000
0 0.498750 0.427500 0.072500 0.072500
0 0.683125 0.113125 0.073750 0.073750
0 0.925000 0.461250 0.047500 0.047500
0 0.326250 0.172500 0.092500 0.092500
0 0.503125 0.743125 0.086250 0.093750
0 0.936250 0.226875 0.062500 0.058750
0 0.911250 0.767500 0.095000 0.095000
0 0.236875 0.613125 0.086250 0.086250
0 0.235625 0.865625 0.071250 0.071250
0 0.046875 0.774375 0.061250 0.048750
0 0.795625 0.738125 0.088750 0.101250
0 0.218750 0.936250 0.050000 0.047500
0 0.166875 0.381875 0.083750 0.088750
0 0.418125 0.130000 0.041250 0.060000
0 0.934375 0.905625 0.028750 0.028750
0 0.115000 0.885000 0.107500 0.105000
0 0.649375 0.435625 0.093750 0.093750
0 0.593750 0.108125 0.062500 0.043750
0 0.878125 0.863750 0.033750 0.022500
0 0.640000 0.538750 0.090000 0.090000
0 0.091875 0.345625 0.043750 0.043750
0 0.060625 0.503125 0.086250 0.098750
0 0.782500 0.620000 0.032500 0.030000
0 0.338125 0.666250 0.038750 0.035000
0 0.818125 0.873125 0.028750 0.026250
0 0.484375 0.036875 0.038750 0.033750
0 0.078125 0.265000 0.073750 0.065000
0 0.667500 0.200625 0.077500 0.068750
0 0.807500 0.934375 0.077500 0.063750
0 0.595625 0.671875 0.081250 0.076250
0 0.941250 0.535000 0.085000 0.080000
0 0.600625 0.930625 0.028750 0.026250
0 0.922500 0.391250 0.077500 0.077500
0 0.489375 0.105625 0.066250 0.066250
0 0.648750 0.906250 0.035000 0.032500
0 0.830000 0.060625 0.095000 0.088750
0 0.414375 0.692500 0.051250 0.047500
0 0.314375 0.601875 0.053750 0.053750
0 0.463750 0.195000 0.040000 0.040000
0 0.787500 0.503750 0.025000 0.025000
0 0.325000 0.063750 0.100000 0.100000
0 0.849375 0.506875 0.051250 0.051250
0 0.438125 0.284375 0.073750 0.058750