0 0.141875 0.846875 0.051250 0.051250
0 0.696875 0.719375 0.041250 0.041250
0 0.528125 0.581875 0.106250 0.106250
0 0.124375 0.425625 0.098750 0.098750
0 0.904375 0.120625 0.036250 0.036250
0 0.484375 0.868750 0.106250 0.102500
0 0.251875 0.475625 0.081250 0.118750
0 0.063125 0.209375 0.058750 0.058750
0 0.343125 0.667500 0.093750 0.095000
0 0.440625 0.370625 0.098750 0.098750
0 0.315000 0.458750 0.030000 0.030000
0 0.825625 0.516875 0.051250 0.051250
0 0.391250 0.246875 0.045000 0.061250
0 0.230625 0.581250 0.046250 0.062500
0 0.200625 0.142500 0.103750 0.085000
0 0.102500 0.632500 0.025000 0.017500
0 0.471875 0.155000 0.053750 0.037500
0 0.226250 0.350000 0.042500 0.042500
0 0.745000 0.101250 0.077500 0.077500
0 0.319375 0.366875 0.036250 0.036250
0 0.948750 0.448750 0.062500 0.062500
0 0.671250 0.255000 0.035000 0.022500
0 0.823750 0.818125 0.077500 0.051250
0 0.419375 0.468750 0.048750 0.050000
0 0.733125 0.258125 0.071250 0.068750
0 0.844375 0.679375 0.081250 0.078750
0 0.191875 0.746875 0.096250 0.093750
0 0.430000 0.542500 0.057500 0.055000
0 0.588125 0.737500 0.098750 0.065000
0 0.735000 0.423750 0.087500 0.087500
0 0.728750 0.906250 0.085000 0.085000
0 0.039375 0.114375 0.046250 0.046250
0 0.326250 0.918750 0.107500 0.107500
0 0.376875 0.133125 0.078750 0.078750
0 0.661250 0.591250 0.070000 0.070000
0 0.586250 0.303750 0.025000 0.025000
0 0.593750 0.438750 0.090000 0.090000
0 0.941250 0.319375 0.090000 0.086250
0 0.078750 0.869375 0.030000 0.028750
0 0.358125 0.053125 0.051250 0.048750
0 0.585000 0.661250 0.032500 0.032500
0 0.324375 0.230625 0.048750 0.048750
0 0.115625 0.568125 0.041250 0.041250
0 0.061250 0.330000 0.037500 0.037500
0 0.920625 0.951250 0.046250 0.042500
0 0.128750 0.935000 0.042500 0.042500
0 0.608125 0.915000 0.086250 0.072500
0 0.535000 0.350000 0.062500 0.052500
0 0.752500 0.588750 0.085000 0.072500
0 0.557500 0.117500 0.062500 0.062500
0 0.465625 0.070625 0.053750 0.053750
0 0.892500 0.593750 0.077500 0.077500
0 0.904375 0.056875 0.066250 0.066250
0 0.124375 0.328125 0.041250 0.041250
0 0.638750 0.524375 0.035000 0.041250
0 0.065625 0.519375 0.041250 0.041250
0 0.715000 0.512500 0.052500 0.052500
0 0.362500 0.775000 0.065000 0.065000
0 0.297500 0.143125 0.027500 0.026250
0 0.929375 0.766875 0.068750 0.066250
0 0.233125 0.270625 0.086250 0.086250
0 0.096250 0.731250 0.037500 0.037500
0 0.806875 0.155625 0.031250 0.031250
0 0.309375 0.573125 0.061250 0.056250
0 0.895625 0.838125 0.051250 0.061250
0 0.441875 0.631875 0.041250 0.041250
0 0.472500 0.233750 0.065000 0.065000
0 0.718750 0.180000 0.055000 0.055000
0 0.864375 0.408125 0.061250 0.068750
0 0.642500 0.083125 0.070000 0.078750
0 0.186875 0.673125 0.033750 0.033750
0 0.136875 0.251875 0.073750 0.073750
0 0.730000 0.796250 0.045000 0.045000
0 0.903750 0.185000 0.042500 0.042500
0 0.608750 0.233750 0.067500 0.067500
0 0.290625 0.770000 0.031250 0.032500
0 0.451875 0.751875 0.093750 0.093750