0 0.290000 0.556250 0.092500 0.092500
0 0.607500 0.742500 0.067500 0.067500
0 0.141250 0.565000 0.112500 0.110000
0 0.484375 0.685625 0.106250 0.103750
0 0.904375 0.080625 0.096250 0.093750
0 0.736250 0.220000 0.092500 0.092500
0 0.270000 0.461250 0.065000 0.065000
0 0.247500 0.077500 0.032500 0.032500
0 0.473750 0.918750 0.105000 0.105000
0 0.623125 0.534375 0.051250 0.051250
0 0.803750 0.508125 0.077500 0.068750
0 0.841875 0.396250 0.033750 0.030000
0 0.293750 0.254375 0.085000 0.076250
0 0.143750 0.466875 0.090000 0.063750
0 0.176875 0.201875 0.038750 0.033750
0 0.073750 0.790000 0.082500 0.072500
0 0.060000 0.671250 0.085000 0.075000
0 0.609375 0.276250 0.043750 0.035000
0 0.927500 0.354375 0.092500 0.073750
0 0.581250 0.589375 0.052500 0.041250
0 0.087500 0.858750 0.042500 0.042500
0 0.101250 0.037500 0.045000 0.045000
0 0.330000 0.698750 0.032500 0.032500
0 0.735625 0.332500 0.098750 0.100000
0 0.660625 0.220625 0.036250 0.036250
0 0.526875 0.088125 0.081250 0.083750
0 0.763750 0.858125 0.107500 0.086250
0 0.163125 0.278125 0.026250 0.021250
0 0.666875 0.443750 0.071250 0.057500
0 0.373750 0.083750 0.087500 0.070000
0 0.498750 0.265000 0.025000 0.025000
0 0.093125 0.186875 0.061250 0.061250
0 0.080000 0.373750 0.050000 0.050000
0 0.685000 0.653750 0.090000 0.090000
0 0.266250 0.851250 0.100000 0.087500
0 0.481875 0.483125 0.106250 0.093750
0 0.856875 0.643125 0.096250 0.096250
0 0.435625 0.295625 0.036250 0.068750
0 0.219375 0.340625 0.078750 0.078750
0 0.569375 0.195625 0.098750 0.098750
0 0.416250 0.193750 0.105000 0.105000
0 0.755000 0.095000 0.092500 0.092500
0 0.899375 0.254375 0.108750 0.108750
0 0.740000 0.471875 0.030000 0.023750
0 0.220625 0.705000 0.108750 0.082500
0 0.178125 0.890625 0.056250 0.056250
0 0.933750 0.861250 0.107500 0.107500
0 0.921250 0.453750 0.070000 0.070000
0 0.315625 0.175625 0.026250 0.026250
0 0.545625 0.350625 0.066250 0.066250
0 0.456250 0.801250 0.110000 0.110000
0 0.636875 0.907500 0.066250 0.060000
0 0.943750 0.570000 0.052500 0.052500
0 0.623750 0.062500 0.092500 0.092500
0 0.071875 0.286875 0.088750 0.088750
0 0.173750 0.070000 0.085000 0.085000
0 0.305625 0.920000 0.033750 0.032500
0 0.603750 0.481875 0.040000 0.038750
0 0.788125 0.932500 0.048750 0.047500
0 0.910625 0.758125 0.096250 0.076250