0 0.160000 0.241250 0.080000 0.080000
0 0.191875 0.841875 0.028750 0.028750
0 0.380625 0.626875 0.091250 0.096250
0 0.708125 0.944375 0.046250 0.048750
0 0.710625 0.721250 0.106250 0.112500
0 0.437500 0.106250 0.060000 0.062500
0 0.469375 0.825000 0.096250 0.075000
0 0.338125 0.126875 0.033750 0.033750
0 0.126875 0.431875 0.053750 0.053750
0 0.192500 0.491250 0.035000 0.032500
0 0.560000 0.176250 0.047500 0.047500
0 0.885625 0.715625 0.028750 0.028750
0 0.521875 0.648125 0.088750 0.088750
0 0.569375 0.770625 0.068750 0.061250
0 0.906875 0.776875 0.063750 0.076250
0 0.258125 0.591875 0.053750 0.063750
0 0.791875 0.892500 0.061250 0.072500
0 0.555625 0.466875 0.043750 0.051250
0 0.613125 0.883125 0.066250 0.033750
0 0.555625 0.050000 0.101250 0.052500
0 0.324375 0.307500 0.088750 0.080000
0 0.904375 0.154375 0.083750 0.083750
0 0.715000 0.310000 0.062500 0.062500
0 0.931250 0.867500 0.087500 0.087500
0 0.663750 0.147500 0.090000 0.090000
0 0.449375 0.324375 0.103750 0.103750
0 0.827500 0.330000 0.030000 0.030000
0 0.276875 0.096875 0.043750 0.041250
0 0.880000 0.621250 0.097500 0.092500
0 0.752500 0.526250 0.095000 0.090000
0 0.190000 0.342500 0.095000 0.090000
0 0.108750 0.626875 0.042500 0.041250
0 0.053750 0.912500 0.035000 0.035000
0 0.744375 0.089375 0.046250 0.046250
0 0.073125 0.784375 0.041250 0.041250
0 0.826875 0.743125 0.036250 0.036250
0 0.173750 0.653750 0.065000 0.065000
0 0.460000 0.495000 0.042500 0.042500
0 0.641250 0.491250 0.042500 0.042500
0 0.900625 0.480625 0.098750 0.098750
0 0.068750 0.211250 0.080000 0.080000
0 0.940625 0.284375 0.028750 0.028750
0 0.331250 0.466250 0.100000 0.100000
0 0.912500 0.076250 0.102500 0.040000
0 0.365000 0.943750 0.035000 0.030000
0 0.086250 0.066875 0.085000 0.068750
0 0.081875 0.701875 0.076250 0.076250
0 0.298125 0.776875 0.101250 0.101250
0 0.831250 0.260625 0.067500 0.048750
0 0.926875 0.370625 0.098750 0.098750
0 0.635625 0.598125 0.076250 0.076250
0 0.220625 0.130625 0.041250 0.041250
0 0.597500 0.373750 0.092500 0.092500
0 0.704375 0.043750 0.048750 0.027500
0 0.091250 0.337500 0.077500 0.077500
0 0.779375 0.175625 0.068750 0.068750
0 0.318125 0.208125 0.051250 0.051250
0 0.145625 0.909375 0.091250 0.073750
0 0.462500 0.432500 0.077500 0.062500
0 0.436875 0.712500 0.056250 0.045000
0 0.071875 0.418125 0.026250 0.021250
0 0.235625 0.257500 0.048750 0.030000
0 0.745000 0.415000 0.110000 0.110000
0 0.071250 0.520625 0.090000 0.088750
0 0.358750 0.055000 0.077500 0.077500
0 0.698125 0.858125 0.033750 0.056250
0 0.691250 0.235625 0.085000 0.068750