0 0.221875 0.858750 0.078750 0.077500
0 0.889375 0.430625 0.046250 0.046250
0 0.101875 0.923125 0.041250 0.033750
0 0.665000 0.675000 0.090000 0.090000
0 0.397500 0.690000 0.100000 0.100000
0 0.361250 0.834375 0.112500 0.073750
0 0.854375 0.113750 0.091250 0.087500
0 0.926875 0.262500 0.106250 0.102500
0 0.648125 0.116250 0.088750 0.085000
0 0.330625 0.926250 0.078750 0.075000
0 0.511875 0.251875 0.038750 0.033750
0 0.698750 0.870625 0.052500 0.046250
0 0.796250 0.886250 0.060000 0.060000
0 0.598125 0.548125 0.096250 0.096250
0 0.369375 0.401875 0.068750 0.068750
0 0.170625 0.335625 0.068750 0.068750
0 0.955000 0.753750 0.040000 0.040000
0 0.626875 0.831875 0.026250 0.026250
0 0.151875 0.064375 0.076250 0.068750
0 0.267500 0.748750 0.075000 0.075000
0 0.932500 0.873750 0.075000 0.075000
0 0.077500 0.402500 0.102500 0.102500
0 0.453750 0.283750 0.032500 0.032500
0 0.201875 0.410625 0.041250 0.041250
0 0.321875 0.529375 0.093750 0.093750
0 0.531250 0.405000 0.112500 0.112500
0 0.718125 0.304375 0.076250 0.076250
0 0.746250 0.478125 0.067500 0.063750
0 0.556250 0.800000 0.087500 0.082500
0 0.350000 0.213750 0.082500 0.082500
0 0.468125 0.820000 0.068750 0.080000
0 0.552500 0.909375 0.055000 0.063750
0 0.168125 0.718125 0.088750 0.088750
0 0.561875 0.718125 0.058750 0.058750
0 0.116875 0.253125 0.026250 0.026250
0 0.547500 0.077500 0.080000 0.095000
0 0.752500 0.189375 0.055000 0.043750
0 0.236875 0.174375 0.101250 0.101250
0 0.779375 0.641875 0.098750 0.098750
0 0.870625 0.524375 0.111250 0.111250
0 0.782500 0.765000 0.110000 0.110000
0 0.097500 0.740625 0.037500 0.036250
0 0.061875 0.092500 0.046250 0.047500
0 0.220625 0.563125 0.083750 0.086250
0 0.747500 0.101875 0.072500 0.041250
0 0.430000 0.043125 0.097500 0.056250
0 0.100625 0.616875 0.033750 0.018750
0 0.243750 0.078750 0.065000 0.065000
0 0.098750 0.530000 0.085000 0.085000
0 0.423750 0.188750 0.045000 0.075000
0 0.888750 0.637500 0.057500 0.095000
0 0.589375 0.273125 0.076250 0.126250
0 0.048125 0.836875 0.056250 0.093750
0 0.823750 0.263750 0.065000 0.067500
0 0.476250 0.530625 0.105000 0.108750
0 0.336875 0.320625 0.078750 0.078750
0 0.949375 0.454375 0.028750 0.028750
0 0.360625 0.113125 0.038750 0.038750