0 0.733750 0.837500 0.102500 0.102500
0 0.753750 0.083750 0.035000 0.035000
0 0.345000 0.581250 0.060000 0.060000
0 0.796250 0.562500 0.077500 0.077500
0 0.785625 0.337500 0.028750 0.032500
0 0.575625 0.709375 0.108750 0.123750
0 0.201250 0.758125 0.102500 0.116250
0 0.530000 0.385000 0.090000 0.102500
0 0.665625 0.485625 0.098750 0.098750
0 0.929375 0.631875 0.056250 0.056250
0 0.121875 0.394375 0.063750 0.063750
0 0.940000 0.832500 0.047500 0.047500
0 0.379375 0.459375 0.053750 0.053750
0 0.276875 0.916875 0.071250 0.091250
0 0.935000 0.311875 0.090000 0.116250
0 0.131875 0.229375 0.086250 0.111250
0 0.398125 0.868750 0.063750 0.082500
0 0.755625 0.666250 0.086250 0.105000
0 0.262500 0.270000 0.080000 0.097500
0 0.325000 0.751250 0.090000 0.055000
0 0.519375 0.905625 0.108750 0.108750
0 0.337500 0.900000 0.035000 0.042500
0 0.443125 0.190625 0.033750 0.033750
0 0.063125 0.525625 0.053750 0.053750
0 0.410625 0.238125 0.033750 0.033750
0 0.786250 0.186250 0.065000 0.107500
0 0.097500 0.741250 0.082500 0.137500
0 0.058125 0.935625 0.046250 0.076250
0 0.357500 0.158750 0.035000 0.035000
0 0.459375 0.111875 0.108750 0.108750
0 0.224375 0.530625 0.108750 0.108750
0 0.413125 0.665625 0.091250 0.091250
0 0.845625 0.361875 0.048750 0.048750
0 0.585625 0.256875 0.108750 0.108750
0 0.868750 0.728750 0.112500 0.112500
0 0.821250 0.823750 0.027500 0.027500
0 0.425625 0.956875 0.033750 0.033750
0 0.296875 0.821875 0.056250 0.056250
0 0.196250 0.935000 0.070000 0.070000
0 0.883750 0.173750 0.105000 0.105000
0 0.896250 0.565000 0.045000 0.045000
0 0.950625 0.934375 0.061250 0.061250
0 0.158125 0.098125 0.098750 0.098750
0 0.098125 0.863125 0.043750 0.043750
0 0.623125 0.580625 0.061250 0.061250
0 0.936875 0.446875 0.086250 0.086250
0 0.640000 0.138125 0.100000 0.098750
0 0.267500 0.045625 0.035000 0.033750
0 0.244375 0.640000 0.093750 0.092500
0 0.265000 0.111250 0.045000 0.052500
0 0.333125 0.296250 0.033750 0.027500
0 0.053750 0.099375 0.052500 0.043750
0 0.842500 0.941875 0.067500 0.048750
0 0.460000 0.400625 0.027500 0.026250
0 0.771250 0.443750 0.082500 0.080000
0 0.725625 0.311875 0.071250 0.066250
0 0.509375 0.555000 0.093750 0.087500
0 0.868750 0.617500 0.027500 0.025000
0 0.355000 0.356250 0.072500 0.072500
0 0.200625 0.411250 0.041250 0.047500
0 0.624375 0.808125 0.036250 0.036250
0 0.315625 0.465625 0.051250 0.056250
0 0.063125 0.243125 0.036250 0.036250
0 0.074375 0.606875 0.093750 0.053750
0 0.904375 0.054375 0.111250 0.063750
0 0.143750 0.851250 0.032500 0.032500
0 0.629375 0.883125 0.081250 0.081250
0 0.036250 0.170000 0.035000 0.035000
0 0.760000 0.937500 0.070000 0.070000
0 0.132500 0.543125 0.025000 0.016250
0 0.466250 0.796250 0.032500 0.042500
0 0.455000 0.308750 0.025000 0.025000
0 0.963125 0.519375 0.041250 0.041250
0 0.665000 0.045000 0.070000 0.057500
0 0.357500 0.031875 0.045000 0.036250
0 0.849375 0.428750 0.038750 0.037500
0 0.258125 0.352500 0.031250 0.030000