0 0.754375 0.235000 0.056250 0.067500
0 0.905000 0.410000 0.087500 0.105000
0 0.483125 0.246875 0.038750 0.043750
0 0.219375 0.031875 0.038750 0.038750
0 0.849375 0.210625 0.051250 0.051250
0 0.841250 0.113750 0.075000 0.075000
0 0.636875 0.643750 0.056250 0.030000
0 0.140000 0.698750 0.085000 0.045000
0 0.342500 0.182500 0.110000 0.057500
0 0.922500 0.707500 0.095000 0.050000
0 0.184375 0.407500 0.028750 0.032500
0 0.666250 0.458750 0.110000 0.080000
0 0.134375 0.811875 0.083750 0.083750
0 0.052500 0.332500 0.042500 0.042500
0 0.812500 0.734375 0.085000 0.066250
0 0.343750 0.595000 0.105000 0.087500
0 0.795000 0.493750 0.072500 0.072500
0 0.281875 0.048750 0.071250 0.072500
0 0.377500 0.855625 0.070000 0.071250
0 0.691875 0.251875 0.048750 0.048750
0 0.245000 0.215625 0.055000 0.056250
0 0.870000 0.812500 0.042500 0.042500
0 0.247500 0.443750 0.070000 0.070000
0 0.636875 0.096875 0.101250 0.101250
0 0.638750 0.949375 0.045000 0.043750
0 0.227500 0.553125 0.082500 0.093750
0 0.470625 0.090000 0.076250 0.087500
0 0.678125 0.783750 0.026250 0.022500
0 0.956875 0.903750 0.056250 0.050000
0 0.456250 0.895000 0.047500 0.042500
0 0.726250 0.942500 0.040000 0.040000
0 0.721875 0.670625 0.053750 0.053750
0 0.176875 0.109375 0.078750 0.078750
0 0.911250 0.621250 0.092500 0.092500
0 0.391250 0.476250 0.062500 0.062500
0 0.475000 0.836250 0.055000 0.055000
0 0.825625 0.355625 0.036250 0.036250
0 0.250625 0.315000 0.053750 0.035000
0 0.733125 0.344375 0.088750 0.058750
0 0.146250 0.283750 0.092500 0.092500
0 0.062500 0.598750 0.082500 0.082500
0 0.161250 0.907500 0.090000 0.090000
0 0.889375 0.901250 0.061250 0.062500
0 0.332500 0.321875 0.047500 0.048750
0 0.564375 0.695625 0.036250 0.036250
0 0.915625 0.778125 0.028750 0.028750
0 0.428125 0.584375 0.043750 0.043750
0 0.263750 0.866250 0.080000 0.080000
0 0.305000 0.720625 0.070000 0.066250
0 0.550000 0.615625 0.025000 0.023750
0 0.459375 0.383125 0.103750 0.103750
0 0.068125 0.434375 0.101250 0.101250
0 0.586875 0.825625 0.108750 0.121250
0 0.505000 0.720000 0.065000 0.072500
0 0.795625 0.655625 0.043750 0.048750
0 0.351875 0.408125 0.036250 0.036250
0 0.600000 0.366250 0.030000 0.022500
0 0.653125 0.571875 0.091250 0.088750
0 0.063125 0.081875 0.098750 0.096250
0 0.586875 0.230625 0.088750 0.088750
0 0.069375 0.930625 0.066250 0.066250
0 0.048125 0.690625 0.063750 0.068750
0 0.739375 0.072500 0.048750 0.052500
0 0.949375 0.192500 0.071250 0.077500
0 0.521875 0.495625 0.088750 0.088750
0 0.419375 0.288125 0.071250 0.071250
0 0.458125 0.180000 0.068750 0.065000
0 0.938125 0.505625 0.036250 0.043750
0 0.788750 0.874375 0.067500 0.081250
0 0.848750 0.047500 0.027500 0.027500
0 0.731875 0.141875 0.036250 0.046250
0 0.325625 0.785000 0.048750 0.040000
0 0.385000 0.085000 0.052500 0.042500