0 0.566250 0.799375 0.030000 0.028750
0 0.478750 0.268750 0.080000 0.080000
0 0.217500 0.822500 0.105000 0.105000
0 0.163750 0.168750 0.102500 0.102500
0 0.136875 0.666250 0.086250 0.080000
0 0.593125 0.378125 0.083750 0.083750
0 0.493125 0.810625 0.043750 0.043750
0 0.472500 0.686250 0.050000 0.050000
0 0.769375 0.261250 0.111250 0.127500
0 0.665000 0.942500 0.065000 0.065000
0 0.545000 0.551250 0.102500 0.102500
0 0.431875 0.900625 0.071250 0.071250
0 0.310000 0.496250 0.040000 0.040000
0 0.178125 0.323125 0.051250 0.051250
0 0.771250 0.395000 0.070000 0.070000
0 0.208750 0.419375 0.052500 0.046250
0 0.530000 0.038750 0.025000 0.025000
0 0.630000 0.042500 0.052500 0.052500
0 0.880000 0.555000 0.077500 0.077500
0 0.781250 0.811875 0.070000 0.058750
0 0.762500 0.623125 0.057500 0.048750
0 0.065625 0.901875 0.101250 0.086250
0 0.620625 0.214375 0.038750 0.043750
0 0.260625 0.673125 0.098750 0.143750
0 0.342500 0.216875 0.100000 0.146250
0 0.441250 0.398750 0.112500 0.165000
0 0.929375 0.847500 0.096250 0.140000
0 0.380625 0.830625 0.031250 0.033750
0 0.920625 0.643125 0.078750 0.078750
0 0.928750 0.730000 0.027500 0.027500