0 0.100625 0.413125 0.083750 0.083750
0 0.679375 0.656875 0.091250 0.091250
0 0.856875 0.891875 0.091250 0.091250
0 0.888125 0.334375 0.063750 0.063750
0 0.101250 0.506250 0.055000 0.055000
0 0.408125 0.114375 0.078750 0.078750
0 0.252500 0.780000 0.062500 0.062500
0 0.576250 0.496875 0.060000 0.068750
0 0.581250 0.368750 0.097500 0.112500
0 0.806875 0.441875 0.053750 0.053750
0 0.714375 0.943750 0.043750 0.040000
0 0.887500 0.236250 0.062500 0.057500
0 0.545000 0.651875 0.037500 0.033750
0 0.592500 0.069375 0.097500 0.093750
0 0.056875 0.156875 0.046250 0.043750
0 0.048125 0.793125 0.061250 0.058750
0 0.736250 0.213750 0.057500 0.055000
0 0.487500 0.246875 0.030000 0.033750
0 0.325000 0.601250 0.042500 0.042500
0 0.431250 0.695000 0.047500 0.047500
0 0.549375 0.184375 0.068750 0.068750
0 0.607500 0.847500 0.035000 0.035000
0 0.459375 0.426875 0.033750 0.033750
0 0.166250 0.781250 0.095000 0.095000
0 0.564375 0.909375 0.036250 0.036250
0 0.481875 0.344375 0.061250 0.061250
0 0.754375 0.583125 0.026250 0.026250
0 0.728750 0.806250 0.090000 0.090000
0 0.052500 0.883750 0.067500 0.067500
0 0.381250 0.417500 0.067500 0.067500
0 0.602500 0.767500 0.060000 0.052500
0 0.957500 0.548750 0.032500 0.032500
0 0.218750 0.170000 0.107500 0.107500
0 0.128125 0.600625 0.068750 0.081250
0 0.435625 0.939375 0.086250 0.068750
0 0.410000 0.779375 0.090000 0.083750
0 0.768125 0.326875 0.091250 0.096250
0 0.809375 0.167500 0.036250 0.037500
0 0.290625 0.314375 0.096250 0.101250
0 0.236250 0.642500 0.090000 0.095000
0 0.493125 0.853125 0.051250 0.058750
0 0.821250 0.610625 0.075000 0.086250
0 0.909375 0.486250 0.058750 0.067500
0 0.061875 0.675625 0.026250 0.023750
0 0.487500 0.537500 0.077500 0.085000
0 0.248125 0.513125 0.098750 0.098750
0 0.903125 0.611875 0.073750 0.073750
0 0.943750 0.101250 0.070000 0.070000
0 0.810625 0.084375 0.068750 0.068750
0 0.759375 0.515625 0.058750 0.058750
0 0.886250 0.776250 0.077500 0.077500
0 0.259375 0.893125 0.093750 0.093750
0 0.075000 0.283750 0.075000 0.075000
0 0.648750 0.202500 0.102500 0.102500
0 0.709375 0.066250 0.106250 0.070000
0 0.288750 0.042500 0.055000 0.055000
0 0.472500 0.613750 0.050000 0.050000
0 0.669375 0.494375 0.076250 0.076250
0 0.420000 0.203750 0.065000 0.067500
0 0.128750 0.911250 0.067500 0.067500
0 0.272500 0.421250 0.065000 0.065000
0 0.175625 0.294375 0.103750 0.103750
0 0.920625 0.165625 0.061250 0.043750
0 0.121250 0.850625 0.030000 0.021250
0 0.353125 0.701875 0.071250 0.051250
0 0.562500 0.843125 0.027500 0.023750
0 0.366250 0.029375 0.027500 0.028750
0 0.356875 0.522500 0.081250 0.077500
0 0.378125 0.608125 0.038750 0.036250
0 0.922500 0.688750 0.040000 0.037500
0 0.400000 0.301875 0.077500 0.068750
0 0.148750 0.667500 0.030000 0.030000
0 0.692500 0.287500 0.025000 0.025000
0 0.088125 0.063750 0.066250 0.090000
0 0.425625 0.046875 0.041250 0.041250
0 0.186875 0.062500 0.076250 0.092500
0 0.319375 0.134375 0.061250 0.061250
0 0.516250 0.737500 0.055000 0.055000
0 0.190000 0.368750 0.027500 0.027500