0 0.288125 0.845625 0.063750 0.063750
0 0.527500 0.671875 0.110000 0.108750
0 0.746250 0.621875 0.080000 0.078750
0 0.958750 0.091875 0.047500 0.028750
0 0.621250 0.272500 0.025000 0.015000
0 0.793750 0.117500 0.105000 0.105000
0 0.153125 0.606875 0.078750 0.078750
0 0.843125 0.793125 0.056250 0.056250
0 0.632500 0.097500 0.097500 0.097500
0 0.423125 0.326250 0.076250 0.057500
0 0.570625 0.541875 0.098750 0.073750
0 0.449375 0.481875 0.061250 0.046250
0 0.184375 0.483125 0.083750 0.083750
0 0.234375 0.621875 0.031250 0.031250
0 0.668125 0.406875 0.031250 0.031250
0 0.584375 0.450625 0.056250 0.056250
0 0.309375 0.111875 0.103750 0.103750
0 0.163125 0.315625 0.031250 0.031250
0 0.698750 0.868750 0.057500 0.057500
0 0.605625 0.830625 0.078750 0.078750
0 0.268750 0.765625 0.070000 0.061250
0 0.868750 0.595625 0.090000 0.123750
0 0.192500 0.253125 0.045000 0.061250
0 0.060000 0.167500 0.082500 0.112500
0 0.970000 0.772500 0.035000 0.035000
0 0.811875 0.318125 0.088750 0.088750
0 0.469375 0.816875 0.106250 0.106250
0 0.463750 0.927500 0.092500 0.092500
0 0.884375 0.189375 0.036250 0.036250
0 0.116875 0.828125 0.038750 0.038750
0 0.918125 0.864375 0.066250 0.066250
0 0.813750 0.196250 0.032500 0.032500
0 0.613125 0.206875 0.091250 0.091250
0 0.153750 0.925000 0.100000 0.100000
0 0.930000 0.416250 0.065000 0.065000
0 0.273750 0.273750 0.062500 0.095000
0 0.360625 0.216250 0.076250 0.077500
0 0.740625 0.433750 0.086250 0.107500
0 0.481875 0.187500 0.108750 0.135000
0 0.933125 0.723125 0.033750 0.041250
0 0.408750 0.593125 0.077500 0.096250
0 0.350000 0.473125 0.105000 0.086250
0 0.760000 0.041250 0.027500 0.022500
0 0.536250 0.342500 0.107500 0.087500
0 0.747500 0.773750 0.070000 0.057500
0 0.717500 0.321250 0.067500 0.067500
0 0.158125 0.721250 0.071250 0.082500
0 0.698125 0.178125 0.046250 0.046250
0 0.043125 0.766875 0.026250 0.026250
0 0.343750 0.937500 0.065000 0.065000
0 0.793750 0.903750 0.082500 0.102500
0 0.066875 0.467500 0.091250 0.072500
0 0.209375 0.165000 0.071250 0.067500
0 0.838750 0.717500 0.032500 0.030000
0 0.264375 0.505625 0.026250 0.031250
0 0.328750 0.558750 0.067500 0.060000
0 0.392500 0.709375 0.100000 0.088750
0 0.068750 0.280000 0.097500 0.097500
0 0.584375 0.910625 0.061250 0.061250
0 0.171875 0.066875 0.053750 0.053750
0 0.368750 0.817500 0.080000 0.080000
0 0.890000 0.488750 0.030000 0.030000
0 0.092500 0.385000 0.077500 0.077500
0 0.678125 0.754375 0.036250 0.036250
0 0.912500 0.272500 0.087500 0.087500
0 0.960000 0.487500 0.040000 0.040000
0 0.110625 0.035625 0.046250 0.046250
0 0.186875 0.368125 0.041250 0.041250
0 0.258750 0.441250 0.037500 0.037500
0 0.775000 0.549375 0.062500 0.046250
0 0.486250 0.558750 0.035000 0.025000
0 0.457500 0.387500 0.025000 0.017500
0 0.638750 0.670000 0.092500 0.092500