0 0.575625 0.440000 0.096250 0.117500
0 0.760625 0.083750 0.108750 0.107500
0 0.622500 0.140000 0.100000 0.100000
0 0.207500 0.753750 0.105000 0.105000
0 0.538125 0.848125 0.041250 0.041250
0 0.279375 0.481875 0.053750 0.043750
0 0.743125 0.311875 0.108750 0.108750
0 0.458750 0.796250 0.080000 0.080000
0 0.820000 0.593750 0.085000 0.085000
0 0.510625 0.068125 0.091250 0.091250
0 0.445625 0.581875 0.101250 0.133750
0 0.188750 0.080000 0.087500 0.115000
0 0.149375 0.232500 0.103750 0.137500
0 0.359375 0.631875 0.056250 0.056250
0 0.184375 0.424375 0.086250 0.086250
0 0.665000 0.869375 0.082500 0.076250
0 0.603750 0.270000 0.027500 0.025000
0 0.275625 0.163125 0.071250 0.071250
0 0.394375 0.463125 0.066250 0.066250
0 0.851250 0.096875 0.037500 0.063750
0 0.830625 0.876875 0.078750 0.076250
0 0.061875 0.801875 0.058750 0.056250
0 0.530625 0.289375 0.056250 0.053750
0 0.688750 0.726875 0.095000 0.088750
0 0.173750 0.588125 0.060000 0.056250
0 0.725000 0.460625 0.095000 0.096250
0 0.089375 0.941250 0.058750 0.060000
0 0.581875 0.768750 0.063750 0.065000
0 0.805000 0.511250 0.037500 0.040000
0 0.316250 0.063125 0.072500 0.066250
0 0.045625 0.029375 0.026250 0.026250
0 0.879375 0.779375 0.026250 0.026250
0 0.043125 0.353125 0.038750 0.033750
0 0.441250 0.913125 0.105000 0.096250
0 0.502500 0.458750 0.032500 0.032500
0 0.933125 0.253125 0.076250 0.076250
0 0.051875 0.164375 0.063750 0.063750
0 0.795625 0.765625 0.041250 0.041250
0 0.926250 0.125000 0.067500 0.067500
0 0.260625 0.289375 0.063750 0.063750
0 0.643125 0.629375 0.088750 0.088750
0 0.435000 0.250625 0.067500 0.103750
0 0.916250 0.428125 0.085000 0.131250
0 0.320000 0.848125 0.095000 0.146250
0 0.905000 0.690625 0.030000 0.046250
0 0.470000 0.375000 0.090000 0.090000
0 0.232500 0.868750 0.060000 0.060000
0 0.150000 0.836875 0.040000 0.043750
0 0.108750 0.691875 0.040000 0.043750
0 0.649375 0.334375 0.026250 0.026250
0 0.965000 0.945000 0.027500 0.027500
0 0.268750 0.586250 0.100000 0.100000
0 0.924375 0.570000 0.056250 0.035000
0 0.378125 0.717500 0.088750 0.055000
0 0.063750 0.416250 0.087500 0.057500
0 0.035000 0.251875 0.030000 0.018750
0 0.845625 0.263750 0.076250 0.097500
0 0.508125 0.191875 0.046250 0.058750
0 0.330000 0.422500 0.037500 0.047500
0 0.065625 0.598750 0.081250 0.080000
0 0.751250 0.187500 0.090000 0.075000
0 0.076875 0.501875 0.073750 0.061250
0 0.750000 0.890000 0.060000 0.060000
0 0.616250 0.037500 0.035000 0.042500
0 0.554375 0.683750 0.066250 0.067500
0 0.395000 0.099375 0.060000 0.061250
0 0.862500 0.185000 0.025000 0.020000
0 0.561875 0.931875 0.073750 0.061250
0 0.737500 0.546250 0.062500 0.060000
0 0.736875 0.627500 0.038750 0.037500
0 0.265625 0.368125 0.038750 0.038750
0 0.939375 0.335625 0.036250 0.036250
0 0.901875 0.838125 0.041250 0.041250
0 0.120000 0.758750 0.032500 0.032500
0 0.334375 0.313125 0.058750 0.058750
0 0.856875 0.710625 0.046250 0.046250
0 0.671875 0.029375 0.031250 0.031250
0 0.061875 0.069375 0.033750 0.026250