0 0.669375 0.909375 0.071250 0.068750
0 0.125625 0.433750 0.041250 0.040000
0 0.451250 0.418125 0.085000 0.063750
0 0.324375 0.754375 0.111250 0.111250
0 0.846250 0.482500 0.060000 0.060000
0 0.457500 0.631250 0.077500 0.077500
0 0.878750 0.658750 0.030000 0.030000
0 0.040625 0.043125 0.026250 0.026250
0 0.602500 0.428750 0.082500 0.082500
0 0.499375 0.056250 0.061250 0.050000
0 0.904375 0.275625 0.031250 0.031250
0 0.310000 0.160000 0.085000 0.100000
0 0.203750 0.490000 0.070000 0.070000
0 0.918750 0.602500 0.065000 0.065000
0 0.729375 0.151875 0.101250 0.101250
0 0.914375 0.069375 0.108750 0.108750
0 0.796250 0.361250 0.032500 0.032500
0 0.338125 0.621875 0.103750 0.103750
0 0.775625 0.569375 0.108750 0.083750
0 0.701250 0.410625 0.097500 0.096250
0 0.159375 0.678125 0.071250 0.071250
0 0.595000 0.188125 0.047500 0.031250
0 0.536250 0.296250 0.080000 0.052500
0 0.411250 0.500625 0.082500 0.053750
0 0.458750 0.792500 0.072500 0.047500
0 0.505000 0.137500 0.070000 0.055000
0 0.742500 0.263750 0.090000 0.090000
0 0.208750 0.920000 0.095000 0.095000
0 0.949375 0.836875 0.073750 0.103750
0 0.656875 0.296250 0.058750 0.110000
0 0.203750 0.224375 0.105000 0.196250
0 0.068125 0.265625 0.061250 0.061250
0 0.056250 0.178750 0.082500 0.082500
0 0.596875 0.815625 0.078750 0.078750
0 0.838750 0.797500 0.067500 0.067500
0 0.865000 0.366250 0.085000 0.085000
0 0.443750 0.553750 0.027500 0.027500
0 0.246250 0.070000 0.055000 0.055000
0 0.581875 0.610000 0.063750 0.032500
0 0.309375 0.300625 0.071250 0.036250
0 0.558750 0.528125 0.070000 0.036250
0 0.103125 0.585625 0.076250 0.038750
0 0.387500 0.905000 0.070000 0.045000
0 0.683125 0.656250 0.091250 0.060000
0 0.128750 0.049375 0.047500 0.031250
0 0.772500 0.921875 0.082500 0.053750
0 0.705000 0.765000 0.087500 0.087500
0 0.890625 0.186875 0.071250 0.071250
0 0.173750 0.780000 0.107500 0.107500
0 0.855625 0.718125 0.041250 0.041250
0 0.568125 0.701875 0.066250 0.066250
0 0.397500 0.220625 0.052500 0.046250
0 0.118750 0.369375 0.025000 0.021250
0 0.063125 0.531875 0.053750 0.053750
0 0.128750 0.285000 0.027500 0.027500
0 0.488125 0.883125 0.101250 0.101250
0 0.036250 0.096250 0.047500 0.047500
0 0.226250 0.395000 0.090000 0.090000
0 0.300000 0.927500 0.040000 0.040000
0 0.704375 0.049375 0.033750 0.033750
0 0.195625 0.589375 0.076250 0.071250
0 0.281250 0.248750 0.027500 0.025000
0 0.767500 0.855625 0.047500 0.043750
0 0.079375 0.916250 0.081250 0.075000
0 0.430625 0.088125 0.051250 0.051250
0 0.287500 0.500000 0.047500 0.047500
0 0.073750 0.780625 0.067500 0.123750
0 0.589375 0.095000 0.081250 0.082500
0 0.506250 0.208750 0.050000 0.050000
0 0.439375 0.321875 0.073750 0.073750
0 0.960625 0.450625 0.041250 0.041250
0 0.130000 0.485000 0.042500 0.042500
0 0.874375 0.929375 0.081250 0.058750
0 0.068750 0.450625 0.057500 0.068750
0 0.363125 0.406250 0.056250 0.067500
0 0.673125 0.574375 0.066250 0.066250
0 0.611875 0.955625 0.026250 0.026250
0 0.527500 0.446250 0.045000 0.042500
0 0.798125 0.723750 0.043750 0.040000