0 0.324375 0.350625 0.108750 0.108750
0 0.869375 0.635625 0.053750 0.053750
0 0.186875 0.128125 0.083750 0.083750
0 0.675625 0.861875 0.086250 0.093750
0 0.136875 0.563125 0.101250 0.143750
0 0.381250 0.736250 0.060000 0.085000
0 0.868750 0.511875 0.045000 0.063750
0 0.646250 0.760625 0.040000 0.056250
0 0.483125 0.514375 0.056250 0.056250
0 0.649375 0.664375 0.086250 0.086250
0 0.930625 0.246875 0.108750 0.108750
0 0.260000 0.151250 0.035000 0.035000
0 0.785625 0.238125 0.098750 0.098750
0 0.566875 0.261875 0.063750 0.063750
0 0.451875 0.939375 0.038750 0.038750
0 0.506250 0.929375 0.050000 0.051250
0 0.606250 0.151250 0.047500 0.047500
0 0.519375 0.643125 0.071250 0.066250
0 0.943750 0.928125 0.052500 0.048750
0 0.125625 0.451875 0.033750 0.028750
0 0.877500 0.783750 0.080000 0.067500
0 0.247500 0.650000 0.085000 0.072500
0 0.295625 0.491250 0.106250 0.090000
0 0.488125 0.296875 0.076250 0.061250
0 0.700000 0.110000 0.095000 0.065000
0 0.649375 0.216250 0.076250 0.052500
0 0.961250 0.050000 0.037500 0.025000
0 0.243750 0.791250 0.102500 0.102500
0 0.105000 0.075000 0.057500 0.057500
0 0.663750 0.343750 0.055000 0.055000
0 0.421250 0.186250 0.037500 0.037500
0 0.773750 0.391250 0.112500 0.112500
0 0.745625 0.729375 0.088750 0.088750
0 0.854375 0.911875 0.048750 0.048750
0 0.956875 0.133125 0.046250 0.046250
0 0.141875 0.861875 0.081250 0.081250
0 0.344375 0.090625 0.036250 0.036250
0 0.580625 0.416250 0.043750 0.072500
0 0.908750 0.357500 0.092500 0.092500
0 0.523750 0.799375 0.080000 0.091250
0 0.949375 0.614375 0.068750 0.068750
0 0.370625 0.641250 0.071250 0.052500
0 0.414375 0.546250 0.063750 0.047500
0 0.136875 0.735625 0.026250 0.018750
0 0.677500 0.942500 0.067500 0.050000
0 0.661250 0.547500 0.085000 0.085000
0 0.561250 0.515000 0.072500 0.065000
0 0.166250 0.214375 0.037500 0.033750
0 0.071875 0.423125 0.026250 0.023750
0 0.096875 0.286875 0.088750 0.088750
0 0.860000 0.086250 0.097500 0.097500
0 0.776250 0.870000 0.060000 0.060000
0 0.808750 0.507500 0.050000 0.050000
0 0.489375 0.132500 0.063750 0.045000
0 0.285000 0.048750 0.062500 0.060000
0 0.320000 0.926875 0.077500 0.073750
0 0.191875 0.418125 0.063750 0.061250
0 0.187500 0.275000 0.047500 0.047500
0 0.671875 0.416250 0.076250 0.062500
0 0.418750 0.239375 0.045000 0.036250
0 0.521250 0.366250 0.060000 0.062500
0 0.425625 0.043125 0.036250 0.028750
0 0.099375 0.176875 0.056250 0.056250
0 0.350625 0.173125 0.061250 0.061250
0 0.414375 0.438125 0.031250 0.031250
0 0.545625 0.053125 0.078750 0.078750