0 0.100625 0.551875 0.036250 0.036250
0 0.191875 0.319375 0.063750 0.063750
0 0.422500 0.606250 0.112500 0.112500
0 0.531875 0.370625 0.103750 0.103750
0 0.715000 0.147500 0.082500 0.082500
0 0.097500 0.883750 0.052500 0.052500
0 0.118750 0.631250 0.087500 0.087500
0 0.878750 0.916250 0.057500 0.057500
0 0.308750 0.818750 0.097500 0.097500
0 0.530000 0.688750 0.052500 0.050000
0 0.538125 0.828125 0.088750 0.083750
0 0.812500 0.630000 0.087500 0.082500
0 0.055000 0.123125 0.075000 0.071250
0 0.919375 0.661875 0.098750 0.098750
0 0.217500 0.610000 0.080000 0.080000
0 0.721250 0.440000 0.107500 0.107500
0 0.068750 0.743750 0.090000 0.090000
0 0.243750 0.102500 0.097500 0.097500
0 0.583750 0.097500 0.045000 0.045000
0 0.703125 0.706250 0.108750 0.110000
0 0.825000 0.279375 0.110000 0.111250
0 0.436875 0.453125 0.061250 0.061250
0 0.342500 0.378750 0.060000 0.060000
0 0.643125 0.813125 0.073750 0.073750
0 0.580000 0.502500 0.105000 0.115000
0 0.333125 0.475625 0.103750 0.113750
0 0.375625 0.285625 0.058750 0.063750
0 0.678750 0.930000 0.042500 0.042500
0 0.923750 0.067500 0.080000 0.080000
0 0.137500 0.208750 0.045000 0.045000
0 0.234375 0.510625 0.041250 0.041250
0 0.395000 0.878750 0.047500 0.047500
0 0.428750 0.181250 0.080000 0.080000
0 0.030625 0.243750 0.031250 0.030000
0 0.723750 0.811250 0.060000 0.057500
0 0.171875 0.731875 0.053750 0.051250
0 0.876875 0.478125 0.053750 0.051250
0 0.193750 0.878750 0.045000 0.045000
0 0.641250 0.330000 0.075000 0.075000
0 0.594375 0.209375 0.031250 0.031250
0 0.273125 0.716875 0.073750 0.073750
0 0.110625 0.483750 0.078750 0.080000
0 0.600000 0.668750 0.057500 0.057500
0 0.861250 0.361250 0.032500 0.032500
0 0.406250 0.938750 0.040000 0.040000
0 0.826250 0.125000 0.072500 0.072500
0 0.933750 0.762500 0.025000 0.025000
0 0.586250 0.759375 0.025000 0.023750
0 0.738125 0.061875 0.053750 0.053750
0 0.266250 0.228125 0.080000 0.056250
0 0.153750 0.043750 0.050000 0.062500
0 0.896250 0.838125 0.040000 0.038750
0 0.408750 0.826875 0.035000 0.033750
0 0.208750 0.398750 0.032500 0.032500
0 0.827500 0.550000 0.055000 0.055000
0 0.088750 0.326250 0.102500 0.102500
0 0.520000 0.927500 0.090000 0.090000
0 0.495625 0.074375 0.111250 0.111250
0 0.946875 0.175625 0.078750 0.078750
0 0.693125 0.589375 0.061250 0.061250
0 0.375000 0.072500 0.090000 0.090000
0 0.251250 0.438750 0.037500 0.045000
0 0.745000 0.898125 0.065000 0.078750
0 0.048750 0.485000 0.025000 0.030000
0 0.035625 0.844375 0.038750 0.046250
0 0.951250 0.370000 0.070000 0.070000
0 0.299375 0.616875 0.051250 0.051250
0 0.510625 0.181875 0.061250 0.061250
0 0.812500 0.890000 0.035000 0.035000
0 0.222500 0.961250 0.027500 0.027500
0 0.808125 0.735625 0.073750 0.083750
0 0.596250 0.901250 0.040000 0.040000
0 0.171250 0.525000 0.025000 0.025000
0 0.345000 0.221875 0.045000 0.046250
0 0.835000 0.424375 0.025000 0.023750
0 0.920000 0.543750 0.055000 0.055000
0 0.035000 0.917500 0.032500 0.032500
0 0.286250 0.305000 0.055000 0.055000
0 0.471875 0.716250 0.041250 0.040000