0 0.418125 0.870625 0.091250 0.091250
0 0.330625 0.636875 0.103750 0.103750
0 0.639375 0.724375 0.028750 0.028750
0 0.066875 0.388125 0.071250 0.071250
0 0.803125 0.078750 0.076250 0.072500
0 0.951250 0.265625 0.030000 0.026250
0 0.708125 0.796875 0.086250 0.086250
0 0.185000 0.651250 0.100000 0.100000
0 0.097500 0.528750 0.112500 0.112500
0 0.925625 0.158125 0.073750 0.073750
0 0.611875 0.930625 0.038750 0.038750
0 0.876875 0.740625 0.076250 0.053750
0 0.194375 0.756875 0.031250 0.031250
0 0.252500 0.396250 0.100000 0.100000
0 0.288125 0.104375 0.096250 0.096250
0 0.453125 0.080625 0.051250 0.051250
0 0.157500 0.368750 0.045000 0.045000
0 0.061250 0.790000 0.095000 0.130000
0 0.725000 0.416875 0.037500 0.051250
0 0.492500 0.280000 0.042500 0.057500
0 0.432500 0.741250 0.037500 0.037500
0 0.634375 0.634375 0.106250 0.106250
0 0.781875 0.648125 0.108750 0.108750
0 0.181250 0.188750 0.037500 0.037500
0 0.688750 0.345625 0.075000 0.073750
0 0.320625 0.270625 0.058750 0.058750
0 0.455000 0.960000 0.027500 0.027500
0 0.618125 0.154375 0.103750 0.103750
0 0.387500 0.418750 0.085000 0.085000
0 0.273750 0.790625 0.112500 0.098750
0 0.836875 0.475000 0.066250 0.080000
0 0.840000 0.837500 0.075000 0.090000
0 0.826875 0.339375 0.108750 0.108750
0 0.806875 0.213125 0.068750 0.053750
0 0.533125 0.411875 0.036250 0.033750
0 0.072500 0.626250 0.065000 0.065000
0 0.400000 0.283750 0.052500 0.052500
0 0.580000 0.793750 0.065000 0.065000
0 0.934375 0.598125 0.068750 0.068750
0 0.120625 0.175625 0.038750 0.038750
0 0.501875 0.581875 0.096250 0.096250
0 0.806250 0.543750 0.035000 0.035000
0 0.141875 0.075625 0.106250 0.106250
0 0.950000 0.437500 0.040000 0.040000
0 0.581250 0.445000 0.042500 0.042500
0 0.655000 0.486875 0.080000 0.073750
0 0.911875 0.061875 0.091250 0.083750
0 0.230000 0.566250 0.037500 0.045000
0 0.716875 0.916875 0.096250 0.096250
0 0.360000 0.536250 0.055000 0.055000
0 0.056250 0.308750 0.025000 0.025000
0 0.138125 0.249375 0.066250 0.066250
0 0.182500 0.866875 0.050000 0.048750
0 0.916875 0.818750 0.061250 0.087500
0 0.447500 0.185000 0.072500 0.072500
0 0.579375 0.030625 0.031250 0.031250
0 0.593125 0.272500 0.061250 0.050000
0 0.061875 0.118125 0.028750 0.023750
0 0.073750 0.896875 0.077500 0.063750
0 0.239375 0.930000 0.036250 0.030000
0 0.951875 0.915625 0.046250 0.046250
0 0.539375 0.894375 0.068750 0.068750
0 0.539375 0.349375 0.063750 0.061250
0 0.955000 0.725000 0.037500 0.037500
0 0.670000 0.253750 0.040000 0.047500
0 0.520625 0.694375 0.036250 0.043750
0 0.195000 0.946250 0.037500 0.037500
0 0.228125 0.288125 0.051250 0.051250
0 0.513125 0.486875 0.078750 0.063750
0 0.796875 0.149375 0.038750 0.038750
0 0.890625 0.246875 0.058750 0.058750