0 0.742500 0.598750 0.070000 0.070000
0 0.179375 0.226875 0.061250 0.061250
0 0.631875 0.470625 0.046250 0.046250
0 0.293125 0.823750 0.071250 0.062500
0 0.396875 0.080000 0.078750 0.070000
0 0.550000 0.075000 0.112500 0.100000
0 0.776875 0.957500 0.028750 0.030000
0 0.891250 0.815000 0.095000 0.095000
0 0.340000 0.679375 0.097500 0.138750
0 0.483750 0.316250 0.105000 0.105000
0 0.851250 0.636250 0.037500 0.037500
0 0.065000 0.858750 0.085000 0.085000
0 0.393750 0.906250 0.100000 0.100000
0 0.465625 0.193125 0.088750 0.088750
0 0.903750 0.035625 0.060000 0.026250
0 0.047500 0.272500 0.062500 0.085000
0 0.689375 0.879375 0.081250 0.111250
0 0.590000 0.241875 0.045000 0.061250
0 0.515625 0.766875 0.041250 0.056250
0 0.904375 0.309375 0.073750 0.073750
0 0.710000 0.221250 0.095000 0.095000
0 0.640625 0.641875 0.096250 0.096250
0 0.101875 0.385625 0.111250 0.111250
0 0.210000 0.806250 0.050000 0.040000
0 0.691875 0.371875 0.083750 0.086250
0 0.425625 0.458125 0.076250 0.073750
0 0.796250 0.088125 0.107500 0.096250
0 0.152500 0.720000 0.045000 0.045000
0 0.300000 0.316250 0.035000 0.035000
0 0.231250 0.309375 0.075000 0.086250
0 0.113125 0.621875 0.111250 0.088750
0 0.098750 0.526875 0.067500 0.053750
0 0.391250 0.571250 0.035000 0.035000
0 0.456875 0.793125 0.036250 0.036250
0 0.920000 0.668125 0.067500 0.081250
0 0.351250 0.207500 0.070000 0.085000
0 0.552500 0.496250 0.060000 0.072500
0 0.230000 0.491250 0.107500 0.107500
0 0.124375 0.126875 0.063750 0.063750
0 0.361875 0.300625 0.051250 0.041250
0 0.263125 0.120000 0.036250 0.032500
0 0.920625 0.545000 0.086250 0.080000
0 0.208125 0.039375 0.056250 0.051250