0 0.395000 0.723750 0.112500 0.112500
0 0.716250 0.681250 0.087500 0.087500
0 0.632500 0.545000 0.100000 0.100000
0 0.783750 0.254375 0.097500 0.081250
0 0.806250 0.533125 0.077500 0.063750
0 0.346875 0.508750 0.091250 0.075000
0 0.418750 0.173750 0.072500 0.060000
0 0.131250 0.755625 0.060000 0.061250
0 0.893125 0.751875 0.078750 0.081250
0 0.493125 0.860000 0.073750 0.072500
0 0.569375 0.108125 0.103750 0.098750
0 0.230625 0.863125 0.028750 0.026250
0 0.644375 0.248125 0.068750 0.068750
0 0.254375 0.670000 0.036250 0.035000
0 0.793125 0.791875 0.103750 0.101250
0 0.089375 0.650625 0.096250 0.093750
0 0.939375 0.308125 0.031250 0.036250
0 0.662500 0.841875 0.025000 0.021250
0 0.142500 0.905000 0.070000 0.077500
0 0.600625 0.400625 0.091250 0.091250
0 0.893125 0.918125 0.068750 0.068750
0 0.827500 0.070000 0.047500 0.047500
0 0.136875 0.274375 0.068750 0.068750
0 0.155625 0.050000 0.073750 0.065000
0 0.792500 0.936875 0.070000 0.061250
0 0.681875 0.092500 0.051250 0.045000
0 0.451250 0.080000 0.092500 0.092500
0 0.411875 0.254375 0.078750 0.078750
0 0.176875 0.485625 0.083750 0.073750
0 0.471250 0.557500 0.065000 0.065000
0 0.509375 0.334375 0.031250 0.031250
0 0.334375 0.155625 0.036250 0.036250
0 0.126875 0.386875 0.076250 0.076250
0 0.245000 0.772500 0.080000 0.072500
0 0.722500 0.335000 0.045000 0.045000
0 0.342500 0.837500 0.095000 0.095000
0 0.938125 0.111250 0.063750 0.060000
0 0.603125 0.661875 0.106250 0.106250
0 0.370625 0.383750 0.066250 0.055000
0 0.285625 0.420000 0.076250 0.077500
0 0.048750 0.197500 0.027500 0.027500
0 0.925625 0.518125 0.083750 0.083750
0 0.565000 0.891250 0.042500 0.042500
0 0.279375 0.237500 0.078750 0.090000
0 0.891250 0.382500 0.087500 0.087500
0 0.242500 0.566250 0.055000 0.055000
0 0.605000 0.780000 0.080000 0.080000
0 0.135000 0.175000 0.110000 0.110000
0 0.310625 0.734375 0.031250 0.031250
0 0.528750 0.181250 0.027500 0.032500
0 0.063750 0.540000 0.082500 0.100000
0 0.675000 0.914375 0.085000 0.103750
0 0.351875 0.061875 0.081250 0.098750
0 0.836250 0.638125 0.102500 0.096250
0 0.833750 0.146250 0.035000 0.060000
0 0.931875 0.198125 0.043750 0.053750
0 0.480625 0.420625 0.106250 0.071250
0 0.065000 0.820625 0.065000 0.043750
0 0.231250 0.135000 0.037500 0.025000
0 0.391250 0.935000 0.107500 0.072500
0 0.248125 0.325625 0.073750 0.071250
0 0.721875 0.418125 0.071250 0.068750
0 0.579375 0.329375 0.038750 0.033750
0 0.466875 0.938750 0.028750 0.025000
0 0.256875 0.073125 0.048750 0.048750
0 0.488750 0.735000 0.030000 0.030000
0 0.529375 0.784375 0.053750 0.053750
0 0.876250 0.066250 0.030000 0.030000
0 0.518750 0.263750 0.082500 0.082500
0 0.066875 0.073125 0.063750 0.063750
0 0.053750 0.290000 0.077500 0.077500