0 0.766875 0.268125 0.083750 0.083750
0 0.205000 0.396875 0.072500 0.073750
0 0.526250 0.503125 0.067500 0.068750
0 0.425625 0.448750 0.078750 0.080000
0 0.178750 0.173750 0.052500 0.052500
0 0.838750 0.155625 0.100000 0.086250
0 0.292500 0.283750 0.057500 0.057500
0 0.886875 0.283125 0.058750 0.058750
0 0.793125 0.653125 0.078750 0.078750
0 0.493125 0.090000 0.063750 0.080000
0 0.853125 0.901875 0.043750 0.043750
0 0.120000 0.491250 0.025000 0.025000
0 0.064375 0.199375 0.096250 0.096250
0 0.445625 0.344375 0.103750 0.103750
0 0.946875 0.678125 0.066250 0.071250
0 0.608125 0.090625 0.063750 0.063750
0 0.675000 0.423750 0.102500 0.102500
0 0.502500 0.762500 0.107500 0.107500
0 0.546875 0.870625 0.068750 0.068750
0 0.581875 0.586875 0.061250 0.061250
0 0.701875 0.721875 0.068750 0.068750
0 0.425000 0.033750 0.037500 0.037500
0 0.638750 0.182500 0.097500 0.097500
0 0.423750 0.185000 0.095000 0.095000
0 0.964375 0.375000 0.046250 0.045000
0 0.626875 0.253750 0.028750 0.027500
0 0.893750 0.769375 0.050000 0.048750
0 0.156250 0.692500 0.072500 0.070000
0 0.776875 0.729375 0.038750 0.038750
0 0.888750 0.477500 0.077500 0.077500
0 0.211875 0.600625 0.078750 0.078750
0 0.195000 0.893125 0.107500 0.128750
0 0.296250 0.687500 0.075000 0.090000
0 0.680000 0.606250 0.062500 0.075000
0 0.063750 0.816250 0.077500 0.092500
0 0.384375 0.740625 0.081250 0.068750
0 0.961250 0.135000 0.037500 0.047500
0 0.295625 0.171250 0.033750 0.042500
0 0.278125 0.418750 0.038750 0.040000
0 0.189375 0.781875 0.058750 0.058750
0 0.400625 0.847500 0.058750 0.107500
0 0.920000 0.885000 0.057500 0.057500
0 0.641250 0.303750 0.030000 0.030000
0 0.748125 0.864375 0.091250 0.091250
0 0.073125 0.373125 0.106250 0.106250
0 0.562500 0.395000 0.055000 0.055000
0 0.801875 0.481875 0.058750 0.058750
0 0.936250 0.948750 0.047500 0.047500
0 0.499375 0.645625 0.076250 0.076250
0 0.893750 0.828750 0.027500 0.027500
0 0.340000 0.581250 0.105000 0.105000
0 0.287500 0.808750 0.057500 0.057500
0 0.075625 0.924375 0.053750 0.053750
0 0.302500 0.915000 0.090000 0.090000
0 0.246250 0.112500 0.035000 0.030000
0 0.637500 0.849375 0.032500 0.028750
0 0.926250 0.571875 0.050000 0.043750
0 0.631250 0.896250 0.057500 0.050000
0 0.905625 0.078125 0.041250 0.041250
0 0.408750 0.085000 0.040000 0.035000
0 0.190000 0.281250 0.110000 0.110000
0 0.677500 0.525000 0.067500 0.067500