0 0.067500 0.918750 0.107500 0.077500
0 0.263750 0.525625 0.085000 0.061250
0 0.225625 0.090625 0.036250 0.026250
0 0.836250 0.686250 0.100000 0.100000
0 0.568125 0.875625 0.091250 0.091250
0 0.811875 0.079375 0.093750 0.093750
0 0.526250 0.703750 0.027500 0.027500
0 0.236875 0.416250 0.026250 0.025000
0 0.268750 0.195625 0.035000 0.033750
0 0.056875 0.243750 0.051250 0.050000
0 0.237500 0.660625 0.112500 0.111250
0 0.434375 0.750625 0.063750 0.058750
0 0.942500 0.623750 0.055000 0.050000
0 0.178750 0.830000 0.075000 0.075000
0 0.917500 0.123750 0.052500 0.052500
0 0.173125 0.491875 0.081250 0.078750
0 0.684375 0.136875 0.078750 0.076250
0 0.800000 0.577500 0.082500 0.080000
0 0.421875 0.886875 0.048750 0.048750
0 0.395000 0.110000 0.102500 0.102500
0 0.666250 0.392500 0.082500 0.082500
0 0.651250 0.670000 0.102500 0.102500
0 0.633125 0.049375 0.038750 0.038750
0 0.834375 0.395000 0.071250 0.072500
0 0.053750 0.315625 0.060000 0.061250
0 0.943750 0.187500 0.055000 0.055000
0 0.412500 0.430000 0.037500 0.037500
0 0.501875 0.594375 0.076250 0.076250
0 0.285625 0.853125 0.036250 0.036250
0 0.150000 0.228750 0.100000 0.100000
0 0.474375 0.493125 0.061250 0.061250
0 0.350000 0.555000 0.070000 0.070000
0 0.385625 0.302500 0.101250 0.100000
0 0.164375 0.341250 0.108750 0.107500
0 0.521875 0.946250 0.026250 0.025000
0 0.499375 0.405000 0.101250 0.092500
0 0.047500 0.525625 0.062500 0.056250
0 0.925000 0.421250 0.055000 0.050000
0 0.645000 0.760625 0.045000 0.041250
0 0.751250 0.915000 0.067500 0.067500
0 0.883125 0.940625 0.056250 0.056250
0 0.685625 0.248125 0.081250 0.081250
0 0.060625 0.079375 0.073750 0.073750
0 0.566250 0.127500 0.065000 0.065000
0 0.695000 0.875000 0.025000 0.025000
0 0.501250 0.293750 0.075000 0.075000
0 0.738750 0.666875 0.040000 0.051250
0 0.884375 0.547500 0.058750 0.075000
0 0.052500 0.798750 0.035000 0.045000
0 0.628125 0.533125 0.096250 0.123750
0 0.205625 0.905625 0.056250 0.056250
0 0.037500 0.593750 0.050000 0.050000
0 0.126875 0.739375 0.058750 0.063750
0 0.593750 0.246875 0.072500 0.078750
0 0.843125 0.249375 0.106250 0.116250
0 0.939375 0.279375 0.028750 0.031250
0 0.163750 0.107500 0.070000 0.070000
0 0.356875 0.786875 0.071250 0.068750
0 0.285000 0.282500 0.085000 0.082500
0 0.322500 0.458750 0.042500 0.042500
0 0.878125 0.815625 0.108750 0.108750
0 0.383750 0.631875 0.037500 0.033750
0 0.761875 0.186250 0.041250 0.037500
0 0.943125 0.051250 0.033750 0.040000
0 0.711250 0.561875 0.042500 0.051250
0 0.471250 0.830625 0.025000 0.023750