0 0.690000 0.122500 0.027500 0.027500
0 0.388125 0.764375 0.106250 0.106250
0 0.244375 0.868125 0.056250 0.056250
0 0.786250 0.793750 0.070000 0.070000
0 0.080000 0.822500 0.110000 0.110000
0 0.521250 0.916875 0.107500 0.091250
0 0.240625 0.104375 0.106250 0.101250
0 0.919375 0.548750 0.086250 0.082500
0 0.812500 0.718750 0.052500 0.050000
0 0.925625 0.643750 0.028750 0.035000
0 0.264375 0.666875 0.043750 0.043750
0 0.233125 0.755000 0.073750 0.045000
0 0.086875 0.314375 0.043750 0.026250
0 0.341250 0.145000 0.062500 0.037500
0 0.362500 0.534375 0.052500 0.031250
0 0.549375 0.293125 0.071250 0.091250
0 0.928750 0.158125 0.067500 0.086250
0 0.154375 0.414375 0.111250 0.143750
0 0.518125 0.651875 0.056250 0.043750
0 0.166250 0.896875 0.027500 0.021250
0 0.375000 0.366250 0.100000 0.077500
0 0.902500 0.835625 0.092500 0.071250
0 0.561250 0.565625 0.062500 0.076250
0 0.771875 0.348125 0.091250 0.091250
0 0.661875 0.406875 0.111250 0.111250
0 0.366250 0.260000 0.065000 0.065000
0 0.049375 0.188125 0.066250 0.066250
0 0.670625 0.653125 0.051250 0.051250
0 0.056250 0.477500 0.027500 0.027500
0 0.546875 0.083125 0.108750 0.108750
0 0.211875 0.241875 0.111250 0.111250
0 0.632500 0.786250 0.070000 0.070000
0 0.075000 0.675000 0.027500 0.027500
0 0.171250 0.558750 0.100000 0.100000
0 0.422500 0.438750 0.032500 0.027500
0 0.758125 0.146250 0.071250 0.062500
0 0.798750 0.590000 0.112500 0.135000
0 0.890625 0.306875 0.073750 0.073750
0 0.280000 0.533750 0.092500 0.092500
0 0.578125 0.179375 0.071250 0.058750
0 0.855625 0.454375 0.101250 0.083750
0 0.437500 0.646875 0.077500 0.063750
0 0.670625 0.271250 0.063750 0.052500
0 0.726875 0.060625 0.066250 0.066250
0 0.758125 0.725625 0.031250 0.031250
0 0.457500 0.236875 0.092500 0.088750
0 0.775625 0.496250 0.028750 0.027500
0 0.340625 0.890625 0.041250 0.041250
0 0.161250 0.823750 0.025000 0.025000
0 0.088750 0.068750 0.080000 0.100000
0 0.844375 0.147500 0.068750 0.067500
0 0.412500 0.910625 0.065000 0.063750
0 0.679375 0.893125 0.091250 0.088750
0 0.696250 0.520625 0.070000 0.068750
0 0.458125 0.578125 0.033750 0.033750
0 0.497500 0.445000 0.040000 0.040000
0 0.490625 0.814375 0.066250 0.066250
0 0.868125 0.923125 0.068750 0.068750
0 0.776875 0.448125 0.033750 0.033750
0 0.913125 0.731875 0.091250 0.028750
0 0.186875 0.931250 0.103750 0.032500
0 0.217500 0.029375 0.030000 0.008750
0 0.178125 0.308750 0.026250 0.007500
0 0.254375 0.416250 0.053750 0.055000
0 0.427500 0.145000 0.072500 0.072500
0 0.183750 0.673750 0.092500 0.092500
0 0.722500 0.681250 0.025000 0.025000