0 0.325625 0.473125 0.061250 0.061250
0 0.481250 0.336250 0.027500 0.027500
0 0.227500 0.142500 0.060000 0.060000
0 0.233125 0.531875 0.043750 0.043750
0 0.336875 0.726875 0.088750 0.088750
0 0.114375 0.104375 0.083750 0.083750
0 0.477500 0.883125 0.045000 0.046250
0 0.073125 0.408750 0.108750 0.112500
0 0.871250 0.085000 0.075000 0.075000
0 0.142500 0.276250 0.087500 0.087500
0 0.461250 0.252500 0.032500 0.032500
0 0.698125 0.310625 0.063750 0.063750
0 0.358750 0.817500 0.040000 0.040000
0 0.545625 0.636875 0.106250 0.106250
0 0.757500 0.866250 0.077500 0.062500
0 0.433750 0.628125 0.085000 0.068750
0 0.365000 0.137500 0.067500 0.067500
0 0.115000 0.795000 0.087500 0.087500
0 0.654375 0.101875 0.108750 0.108750
0 0.771875 0.483750 0.058750 0.070000
0 0.654375 0.700625 0.043750 0.081250
0 0.590000 0.468750 0.075000 0.140000
0 0.078750 0.188125 0.025000 0.046250
0 0.554375 0.902500 0.078750 0.077500
0 0.916250 0.215625 0.052500 0.046250
0 0.755625 0.615625 0.041250 0.036250
0 0.756250 0.778125 0.112500 0.073750
0 0.400000 0.393750 0.070000 0.045000
0 0.321875 0.408125 0.028750 0.018750
0 0.954375 0.733125 0.036250 0.046250
0 0.862500 0.336875 0.055000 0.058750
0 0.841250 0.602500 0.097500 0.097500
0 0.228750 0.908750 0.080000 0.080000
0 0.274375 0.228125 0.093750 0.093750
0 0.840625 0.796875 0.028750 0.028750
0 0.579375 0.289375 0.108750 0.108750
0 0.210000 0.640000 0.100000 0.100000
0 0.510625 0.809375 0.086250 0.086250
0 0.620625 0.805625 0.101250 0.101250
0 0.900625 0.901875 0.101250 0.101250
0 0.493125 0.153125 0.076250 0.076250
0 0.505000 0.395000 0.052500 0.052500
0 0.202500 0.811250 0.062500 0.075000
0 0.305625 0.612500 0.058750 0.070000
0 0.090000 0.638125 0.065000 0.056250
0 0.402500 0.531250 0.057500 0.050000
0 0.124375 0.531875 0.086250 0.086250
0 0.770625 0.063125 0.048750 0.048750
0 0.694375 0.386875 0.051250 0.051250
0 0.703750 0.697500 0.030000 0.030000
0 0.913750 0.490000 0.077500 0.087500
0 0.645000 0.934375 0.070000 0.078750
0 0.505000 0.063125 0.070000 0.078750
0 0.820625 0.252500 0.068750 0.077500
0 0.206250 0.403750 0.087500 0.087500
0 0.381250 0.307500 0.090000 0.090000
0 0.355000 0.893125 0.092500 0.091250
0 0.040000 0.093125 0.035000 0.033750
0 0.289375 0.814375 0.061250 0.041250
0 0.940625 0.658125 0.076250 0.076250
0 0.096250 0.891250 0.065000 0.065000
0 0.683125 0.577500 0.073750 0.067500
0 0.301875 0.082500 0.038750 0.035000
0 0.516875 0.495625 0.043750 0.043750
0 0.841250 0.163125 0.052500 0.046250
0 0.744375 0.133125 0.048750 0.061250
0 0.455000 0.725000 0.050000 0.062500
0 0.139375 0.184375 0.051250 0.051250
0 0.938125 0.325625 0.081250 0.066250
0 0.380625 0.210625 0.051250 0.041250
0 0.231250 0.068750 0.067500 0.067500
0 0.555625 0.710625 0.026250 0.026250
0 0.938125 0.394375 0.056250 0.056250
0 0.048125 0.281875 0.068750 0.068750
0 0.085000 0.712500 0.052500 0.052500
0 0.428125 0.145625 0.026250 0.026250
0 0.699375 0.233125 0.063750 0.063750
0 0.379375 0.066875 0.051250 0.051250
0 0.852500 0.397500 0.025000 0.025000
0 0.761250 0.931250 0.050000 0.050000
0 0.782500 0.386250 0.070000 0.070000
0 0.893125 0.796875 0.038750 0.038750