0 0.604375 0.178125 0.061250 0.061250
0 0.926250 0.621250 0.090000 0.090000
0 0.413750 0.313750 0.025000 0.025000
0 0.075625 0.818750 0.058750 0.060000
0 0.322500 0.482500 0.065000 0.065000
0 0.690625 0.723125 0.036250 0.036250
0 0.073125 0.474375 0.096250 0.096250
0 0.856250 0.817500 0.087500 0.087500
0 0.233125 0.199375 0.103750 0.103750
0 0.475625 0.693125 0.036250 0.036250
0 0.600625 0.668125 0.028750 0.028750
0 0.691250 0.928750 0.085000 0.085000
0 0.464375 0.779375 0.108750 0.108750
0 0.439375 0.149375 0.106250 0.106250
0 0.463750 0.936250 0.077500 0.077500
0 0.490000 0.266250 0.065000 0.065000
0 0.748750 0.842500 0.045000 0.045000
0 0.411250 0.454375 0.055000 0.061250
0 0.440625 0.567500 0.053750 0.060000
0 0.847500 0.282500 0.105000 0.117500
0 0.121875 0.585625 0.078750 0.078750
0 0.126250 0.297500 0.030000 0.030000
0 0.602500 0.346250 0.090000 0.090000
0 0.223750 0.472500 0.052500 0.052500
0 0.211250 0.406250 0.042500 0.042500
0 0.921875 0.154375 0.093750 0.093750
0 0.643125 0.791875 0.081250 0.081250
0 0.082500 0.182500 0.112500 0.112500
0 0.304375 0.401875 0.046250 0.046250
0 0.344375 0.274375 0.083750 0.083750
0 0.598750 0.098125 0.030000 0.026250
0 0.691250 0.528125 0.075000 0.066250
0 0.246250 0.639375 0.095000 0.083750
0 0.707500 0.403750 0.057500 0.050000
0 0.055000 0.683750 0.042500 0.035000
0 0.312500 0.805625 0.072500 0.063750
0 0.788125 0.521875 0.088750 0.078750
0 0.264375 0.028125 0.026250 0.026250
0 0.167500 0.073750 0.082500 0.082500
0 0.903750 0.535000 0.025000 0.025000
0 0.574375 0.889375 0.081250 0.081250
0 0.201875 0.768125 0.106250 0.106250
0 0.684375 0.166875 0.071250 0.071250
0 0.696875 0.323125 0.053750 0.053750
0 0.183125 0.921875 0.103750 0.103750
0 0.125625 0.359375 0.073750 0.073750
0 0.798125 0.084375 0.101250 0.101250
0 0.723125 0.636875 0.088750 0.088750
0 0.371250 0.902500 0.072500 0.072500
0 0.346250 0.580000 0.085000 0.085000
0 0.334375 0.674375 0.028750 0.028750
0 0.584375 0.525625 0.108750 0.108750
0 0.209375 0.338125 0.068750 0.068750
0 0.324375 0.141875 0.063750 0.063750
0 0.935000 0.258125 0.040000 0.036250
0 0.365000 0.734375 0.045000 0.041250
0 0.490000 0.355000 0.095000 0.087500
0 0.630625 0.053125 0.026250 0.023750
0 0.303750 0.075000 0.050000 0.045000
0 0.781250 0.938750 0.067500 0.067500
0 0.931875 0.468125 0.066250 0.068750