0 0.421875 0.154375 0.036250 0.036250
0 0.415000 0.240000 0.097500 0.097500
0 0.157500 0.225000 0.047500 0.047500
0 0.545625 0.260625 0.106250 0.106250
0 0.947500 0.411250 0.065000 0.065000
0 0.043125 0.710625 0.058750 0.058750
0 0.375625 0.693125 0.068750 0.068750
0 0.325625 0.606875 0.063750 0.063750
0 0.148125 0.356250 0.036250 0.035000
0 0.781250 0.086250 0.080000 0.077500
0 0.558125 0.423750 0.026250 0.025000
0 0.640625 0.954375 0.036250 0.036250
0 0.595000 0.528750 0.067500 0.067500
0 0.052500 0.265625 0.035000 0.033750
0 0.450625 0.068125 0.051250 0.051250
0 0.931250 0.320000 0.097500 0.097500
0 0.772500 0.320000 0.087500 0.087500
0 0.168750 0.088750 0.035000 0.035000
0 0.376250 0.803750 0.065000 0.065000
0 0.149375 0.908125 0.076250 0.076250
0 0.296875 0.830625 0.033750 0.023750
0 0.573750 0.931875 0.065000 0.038750
0 0.144375 0.539375 0.101250 0.061250
0 0.608125 0.866250 0.103750 0.062500
0 0.807500 0.822500 0.087500 0.052500
0 0.090625 0.083125 0.061250 0.061250
0 0.781250 0.632500 0.037500 0.037500
0 0.165625 0.666875 0.071250 0.071250
0 0.338750 0.881250 0.052500 0.052500
0 0.769375 0.460625 0.083750 0.083750
0 0.558125 0.784375 0.076250 0.076250
0 0.243125 0.404375 0.071250 0.071250
0 0.562500 0.618750 0.052500 0.052500
0 0.553125 0.133125 0.088750 0.096250
0 0.664375 0.351250 0.066250 0.060000
0 0.937500 0.042500 0.072500 0.037500
0 0.136250 0.460625 0.040000 0.038750
0 0.687500 0.597500 0.075000 0.075000
0 0.453750 0.429375 0.050000 0.048750
0 0.359375 0.445000 0.076250 0.090000
0 0.300000 0.266250 0.047500 0.047500
0 0.647500 0.121250 0.032500 0.032500
0 0.257500 0.068750 0.090000 0.090000
0 0.467500 0.555000 0.110000 0.112500
0 0.853750 0.493750 0.025000 0.025000
0 0.822500 0.558750 0.070000 0.070000
0 0.143750 0.783750 0.082500 0.082500
0 0.918750 0.927500 0.042500 0.042500
0 0.706250 0.705000 0.067500 0.067500
0 0.841250 0.923750 0.095000 0.095000
0 0.659375 0.206875 0.093750 0.098750
0 0.273750 0.691250 0.080000 0.080000
0 0.056250 0.593125 0.035000 0.033750
0 0.868750 0.667500 0.075000 0.072500
0 0.948125 0.171250 0.031250 0.030000
0 0.378750 0.340000 0.067500 0.067500