0 0.902500 0.892500 0.100000 0.100000
0 0.693750 0.766250 0.077500 0.087500
0 0.351250 0.271250 0.110000 0.110000
0 0.912500 0.118750 0.030000 0.030000
0 0.159375 0.711875 0.088750 0.088750
0 0.861875 0.328125 0.041250 0.041250
0 0.215000 0.218750 0.065000 0.065000
0 0.811250 0.256875 0.062500 0.073750
0 0.584375 0.125000 0.038750 0.045000
0 0.408750 0.700000 0.105000 0.092500
0 0.317500 0.080000 0.100000 0.087500
0 0.323125 0.873125 0.076250 0.076250
0 0.168125 0.073125 0.026250 0.026250
0 0.492500 0.201250 0.087500 0.087500
0 0.231250 0.430000 0.060000 0.060000
0 0.954375 0.175625 0.026250 0.026250
0 0.578750 0.346875 0.030000 0.023750
0 0.133750 0.130625 0.030000 0.046250
0 0.694375 0.401875 0.048750 0.076250
0 0.239375 0.556875 0.053750 0.083750
0 0.120625 0.925625 0.048750 0.076250
0 0.121875 0.535000 0.083750 0.087500
0 0.771875 0.459375 0.083750 0.081250
0 0.284375 0.490000 0.036250 0.035000
0 0.878125 0.489375 0.076250 0.073750
0 0.714375 0.576250 0.033750 0.032500
0 0.853125 0.762500 0.081250 0.080000
0 0.530000 0.341250 0.052500 0.050000
0 0.777500 0.790000 0.052500 0.050000
0 0.377500 0.441250 0.047500 0.045000
0 0.140625 0.173750 0.028750 0.020000
0 0.596875 0.232500 0.066250 0.057500
0 0.479375 0.046250 0.051250 0.045000
0 0.598125 0.607500 0.048750 0.042500
0 0.501250 0.853125 0.067500 0.058750
0 0.581875 0.693125 0.108750 0.086250
0 0.450625 0.601875 0.058750 0.046250
0 0.890625 0.558750 0.056250 0.045000
0 0.574375 0.926250 0.033750 0.030000
0 0.949375 0.626875 0.041250 0.036250
0 0.851250 0.400000 0.050000 0.045000
0 0.313125 0.624375 0.046250 0.046250
0 0.761250 0.645000 0.087500 0.087500
0 0.475625 0.498125 0.083750 0.083750
0 0.063750 0.230000 0.032500 0.032500
0 0.708750 0.133750 0.097500 0.097500
0 0.072500 0.082500 0.042500 0.042500
0 0.961250 0.781250 0.040000 0.040000
0 0.346250 0.558750 0.050000 0.050000
0 0.233125 0.825625 0.056250 0.066250
0 0.945625 0.238125 0.068750 0.081250
0 0.091875 0.816875 0.066250 0.078750
0 0.401250 0.495000 0.037500 0.037500
0 0.200000 0.284375 0.040000 0.033750
0 0.678125 0.903125 0.093750 0.081250
0 0.685625 0.682500 0.041250 0.035000
0 0.896250 0.392500 0.025000 0.025000
0 0.680625 0.293125 0.066250 0.066250
0 0.078125 0.331875 0.108750 0.108750
0 0.071875 0.141875 0.051250 0.051250
0 0.209375 0.123750 0.043750 0.040000
0 0.064375 0.635625 0.038750 0.038750
0 0.451875 0.394375 0.028750 0.028750
0 0.868125 0.638125 0.061250 0.061250
0 0.764375 0.541875 0.026250 0.026250
0 0.795625 0.916875 0.068750 0.068750
0 0.312500 0.146250 0.025000 0.025000
0 0.077500 0.432500 0.075000 0.075000
0 0.449375 0.934375 0.078750 0.078750
0 0.583125 0.479375 0.083750 0.083750