0 0.285000 0.171250 0.072500 0.072500
0 0.128125 0.858125 0.043750 0.043750
0 0.409375 0.843125 0.111250 0.111250
0 0.584375 0.164375 0.076250 0.076250
0 0.545625 0.486875 0.056250 0.053750
0 0.604375 0.758750 0.108750 0.132500
0 0.383750 0.223750 0.072500 0.087500
0 0.400000 0.717500 0.025000 0.025000
0 0.293125 0.073125 0.106250 0.106250
0 0.441250 0.070000 0.067500 0.067500
0 0.225625 0.378125 0.053750 0.053750
0 0.129375 0.294375 0.026250 0.028750
0 0.323125 0.695000 0.098750 0.080000
0 0.730625 0.120625 0.056250 0.056250
0 0.347500 0.332500 0.097500 0.097500
0 0.495625 0.609375 0.041250 0.041250
0 0.928750 0.301250 0.060000 0.060000
0 0.431875 0.139375 0.056250 0.056250
0 0.191250 0.712500 0.090000 0.090000
0 0.348125 0.532500 0.076250 0.055000
0 0.788750 0.362500 0.080000 0.057500
0 0.755625 0.871875 0.053750 0.038750
0 0.190625 0.525625 0.083750 0.081250
0 0.921875 0.676875 0.071250 0.068750
0 0.136875 0.433750 0.031250 0.030000
0 0.803750 0.210000 0.082500 0.082500
0 0.845625 0.475625 0.098750 0.138750
0 0.105000 0.068750 0.080000 0.112500
0 0.443125 0.437500 0.066250 0.070000
0 0.547500 0.295625 0.100000 0.106250
0 0.440625 0.323750 0.058750 0.062500
0 0.710625 0.365625 0.028750 0.028750
0 0.212500 0.903750 0.030000 0.025000
0 0.569375 0.431250 0.038750 0.032500
0 0.875000 0.085000 0.100000 0.137500
0 0.081250 0.375000 0.035000 0.040000
0 0.721875 0.265625 0.066250 0.076250
0 0.123125 0.198125 0.081250 0.093750
0 0.954375 0.395625 0.036250 0.036250
0 0.710625 0.506875 0.108750 0.108750
0 0.058750 0.545625 0.065000 0.058750
0 0.116875 0.641875 0.026250 0.023750
0 0.620000 0.391250 0.027500 0.027500
0 0.313750 0.842500 0.060000 0.060000
0 0.850625 0.883125 0.093750 0.093750
0 0.703125 0.724375 0.068750 0.096250
0 0.601250 0.603125 0.085000 0.086250
0 0.942500 0.566250 0.067500 0.067500
0 0.828750 0.640000 0.097500 0.097500
0 0.050000 0.813125 0.047500 0.041250
0 0.958750 0.768750 0.030000 0.030000
0 0.263750 0.267500 0.032500 0.032500
0 0.671875 0.930625 0.078750 0.078750
0 0.495625 0.665625 0.053750 0.053750
0 0.355000 0.461250 0.072500 0.072500
0 0.088750 0.710000 0.085000 0.085000
0 0.698125 0.629375 0.033750 0.033750
0 0.668125 0.120625 0.043750 0.043750
0 0.523125 0.080625 0.056250 0.056250
0 0.894375 0.210625 0.076250 0.076250
0 0.585625 0.926875 0.053750 0.053750
0 0.791875 0.779375 0.091250 0.091250
0 0.503750 0.153750 0.037500 0.037500
0 0.651250 0.855000 0.025000 0.022500
0 0.300625 0.615000 0.056250 0.052500
0 0.224375 0.615000 0.068750 0.065000
0 0.541250 0.866875 0.052500 0.048750
0 0.143125 0.800000 0.073750 0.052500
0 0.037500 0.053125 0.027500 0.018750