0 0.720625 0.096250 0.043750 0.035000
0 0.928750 0.615625 0.067500 0.053750
0 0.230000 0.695000 0.080000 0.080000
0 0.377500 0.753750 0.035000 0.035000
0 0.861250 0.100000 0.037500 0.037500
0 0.628125 0.375625 0.101250 0.126250
0 0.190625 0.100625 0.076250 0.076250
0 0.515625 0.308125 0.093750 0.093750
0 0.298125 0.846875 0.096250 0.096250
0 0.125625 0.890625 0.046250 0.046250
0 0.921875 0.278750 0.068750 0.070000
0 0.414375 0.496875 0.063750 0.063750
0 0.098125 0.335625 0.028750 0.028750
0 0.479375 0.940000 0.028750 0.035000
0 0.740000 0.358750 0.080000 0.100000
0 0.858750 0.733750 0.112500 0.140000
0 0.528125 0.670000 0.026250 0.032500
0 0.805625 0.517500 0.101250 0.115000
0 0.118125 0.431250 0.041250 0.042500
0 0.705000 0.698750 0.112500 0.117500
0 0.900625 0.381875 0.033750 0.028750
0 0.503750 0.751250 0.077500 0.075000
0 0.220625 0.428125 0.108750 0.108750
0 0.346875 0.259375 0.051250 0.051250
0 0.118750 0.688750 0.092500 0.092500
0 0.346250 0.508750 0.035000 0.035000
0 0.422500 0.607500 0.090000 0.090000
0 0.523125 0.140625 0.078750 0.078750
0 0.887500 0.871875 0.107500 0.121250
0 0.068125 0.189375 0.061250 0.068750
0 0.626875 0.115000 0.098750 0.112500
0 0.044375 0.051875 0.051250 0.051250
0 0.701250 0.536250 0.087500 0.087500
0 0.308750 0.168750 0.097500 0.097500
0 0.924375 0.475625 0.111250 0.111250
0 0.296250 0.936250 0.045000 0.032500
0 0.739375 0.946875 0.056250 0.056250
0 0.070000 0.778750 0.055000 0.055000
0 0.414375 0.861875 0.093750 0.093750
0 0.882500 0.187500 0.090000 0.090000
0 0.158125 0.799375 0.071250 0.071250
0 0.685000 0.228750 0.087500 0.087500
0 0.743750 0.818750 0.057500 0.057500
0 0.302500 0.047500 0.047500 0.047500
0 0.200625 0.318125 0.051250 0.051250
0 0.162500 0.566250 0.085000 0.085000
0 0.591250 0.775000 0.047500 0.047500
0 0.611875 0.915625 0.108750 0.108750
0 0.255000 0.540000 0.040000 0.040000
0 0.729375 0.888125 0.036250 0.036250
0 0.423125 0.088125 0.071250 0.071250
0 0.620625 0.519375 0.056250 0.056250
0 0.783750 0.253750 0.087500 0.087500
0 0.273750 0.095000 0.030000 0.030000
0 0.395000 0.326875 0.107500 0.058750
0 0.783750 0.097500 0.060000 0.032500
0 0.066875 0.117500 0.068750 0.037500
0 0.166250 0.212500 0.052500 0.052500
0 0.509375 0.454375 0.026250 0.026250
0 0.510625 0.860625 0.041250 0.041250
0 0.821875 0.035625 0.026250 0.026250
0 0.765625 0.039375 0.043750 0.043750
0 0.554375 0.581250 0.048750 0.055000
0 0.933750 0.066250 0.070000 0.070000
0 0.394375 0.400625 0.043750 0.043750
0 0.535000 0.405000 0.042500 0.042500
0 0.590000 0.705000 0.060000 0.060000
0 0.313750 0.627500 0.070000 0.070000
0 0.684375 0.613125 0.026250 0.026250
0 0.460000 0.209375 0.057500 0.043750
0 0.956875 0.195000 0.038750 0.030000
0 0.964375 0.148125 0.046250 0.046250
0 0.616875 0.592500 0.058750 0.050000
0 0.060000 0.274375 0.067500 0.058750
0 0.276875 0.349375 0.033750 0.028750
0 0.951250 0.347500 0.050000 0.050000
0 0.337500 0.421250 0.035000 0.035000
0 0.556875 0.470625 0.038750 0.038750
0 0.493750 0.577500 0.035000 0.042500
0 0.300000 0.549375 0.030000 0.036250
0 0.619375 0.641875 0.028750 0.028750
0 0.065625 0.435625 0.036250 0.036250
0 0.055000 0.593750 0.050000 0.050000
0 0.056875 0.916875 0.026250 0.028750