0 0.094375 0.428750 0.031250 0.030000
0 0.223125 0.731250 0.101250 0.100000
0 0.071250 0.377500 0.040000 0.040000
0 0.280000 0.381250 0.050000 0.050000
0 0.868125 0.119375 0.108750 0.093750
0 0.577500 0.141250 0.110000 0.095000
0 0.743750 0.177500 0.110000 0.110000
0 0.930625 0.598125 0.071250 0.071250
0 0.426875 0.569375 0.111250 0.088750
0 0.346875 0.085625 0.046250 0.036250
0 0.560000 0.741875 0.095000 0.076250
0 0.683125 0.573125 0.078750 0.078750
0 0.551875 0.624375 0.061250 0.053750
0 0.946250 0.806250 0.025000 0.030000
0 0.915000 0.418125 0.045000 0.053750
0 0.356250 0.217500 0.095000 0.115000
0 0.770625 0.746875 0.086250 0.103750
0 0.734375 0.371875 0.088750 0.088750
0 0.421250 0.867500 0.077500 0.077500
0 0.223750 0.556250 0.085000 0.085000
0 0.540000 0.406250 0.050000 0.050000
0 0.091875 0.255625 0.063750 0.063750
0 0.058750 0.120000 0.060000 0.060000
0 0.116250 0.606875 0.087500 0.053750
0 0.699375 0.250000 0.028750 0.017500
0 0.201875 0.200000 0.093750 0.057500
0 0.938125 0.537500 0.056250 0.035000
0 0.376875 0.328125 0.091250 0.068750
0 0.701875 0.643750 0.031250 0.022500
0 0.245625 0.647500 0.043750 0.032500
0 0.937500 0.218750 0.032500 0.032500
0 0.836875 0.884375 0.101250 0.101250
0 0.035625 0.453125 0.043750 0.043750
0 0.839375 0.342500 0.041250 0.047500
0 0.628125 0.823125 0.031250 0.038750
0 0.153750 0.091875 0.075000 0.093750
0 0.308125 0.611875 0.058750 0.073750
0 0.396250 0.416875 0.065000 0.081250
0 0.553750 0.530000 0.047500 0.047500
0 0.481250 0.308750 0.047500 0.047500
0 0.430000 0.072500 0.065000 0.065000
0 0.211875 0.854375 0.071250 0.073750
0 0.825000 0.603750 0.087500 0.090000
0 0.100625 0.723125 0.106250 0.106250
0 0.790000 0.526250 0.037500 0.037500
0 0.721250 0.907500 0.100000 0.100000
0 0.507500 0.861250 0.075000 0.075000
0 0.318750 0.886250 0.107500 0.115000
0 0.612500 0.273750 0.110000 0.117500
0 0.140625 0.914375 0.038750 0.041250
0 0.185000 0.304375 0.027500 0.028750
0 0.440000 0.710625 0.105000 0.113750
0 0.062500 0.826875 0.077500 0.083750
0 0.884375 0.711250 0.101250 0.110000
0 0.306875 0.463125 0.073750 0.073750
0 0.713750 0.052500 0.077500 0.077500
0 0.905000 0.323750 0.062500 0.062500
0 0.235625 0.100000 0.051250 0.050000
0 0.927500 0.921250 0.060000 0.055000
0 0.209375 0.946250 0.036250 0.032500
0 0.776875 0.262500 0.041250 0.037500
0 0.135625 0.521875 0.071250 0.071250
0 0.160625 0.400625 0.066250 0.066250
0 0.461875 0.190000 0.078750 0.072500
0 0.283750 0.281250 0.025000 0.025000
0 0.635625 0.901875 0.056250 0.056250
0 0.692500 0.760000 0.050000 0.060000