0 0.446875 0.441250 0.098750 0.097500
0 0.921875 0.904375 0.088750 0.073750
0 0.588750 0.890000 0.060000 0.050000
0 0.648125 0.629375 0.106250 0.106250
0 0.441875 0.176250 0.056250 0.047500
0 0.108750 0.908750 0.097500 0.097500
0 0.801875 0.762500 0.096250 0.100000
0 0.343125 0.945625 0.056250 0.058750
0 0.143125 0.503125 0.111250 0.116250
0 0.773125 0.647500 0.056250 0.052500
0 0.449375 0.620625 0.038750 0.036250
0 0.713750 0.051250 0.032500 0.030000
0 0.811250 0.322500 0.080000 0.075000
0 0.135000 0.244375 0.047500 0.031250
0 0.400625 0.553125 0.061250 0.061250
0 0.059375 0.425625 0.036250 0.036250
0 0.886250 0.478750 0.085000 0.085000
0 0.206250 0.700000 0.087500 0.087500
0 0.724375 0.194375 0.106250 0.106250
0 0.414375 0.273750 0.056250 0.047500
0 0.144375 0.384375 0.101250 0.086250
0 0.258750 0.236250 0.035000 0.030000
0 0.553750 0.430000 0.040000 0.047500
0 0.821250 0.881250 0.060000 0.035000
0 0.498125 0.795625 0.103750 0.101250
0 0.947500 0.078750 0.040000 0.040000
0 0.359375 0.174375 0.076250 0.043750
0 0.783125 0.588125 0.051250 0.043750
0 0.146250 0.789375 0.065000 0.063750
0 0.295000 0.804375 0.107500 0.106250
0 0.531250 0.241875 0.102500 0.101250
0 0.175625 0.064375 0.048750 0.066250
0 0.464375 0.688750 0.046250 0.062500
0 0.525625 0.371250 0.031250 0.042500
0 0.913125 0.612500 0.066250 0.062500
0 0.893750 0.382500 0.050000 0.050000
0 0.306875 0.458125 0.048750 0.048750
0 0.465000 0.035000 0.032500 0.032500
0 0.602500 0.121250 0.110000 0.110000
0 0.261250 0.081250 0.102500 0.102500
0 0.656875 0.334375 0.083750 0.146250
0 0.375000 0.695625 0.082500 0.086250
0 0.258125 0.571250 0.101250 0.105000
0 0.779375 0.071875 0.078750 0.081250
0 0.418125 0.069375 0.043750 0.043750
0 0.918750 0.782500 0.072500 0.072500
0 0.935625 0.215000 0.081250 0.097500
0 0.431250 0.918750 0.105000 0.105000
0 0.304375 0.349375 0.071250 0.071250
0 0.078125 0.655625 0.058750 0.058750
0 0.671875 0.759375 0.086250 0.086250
0 0.756250 0.869375 0.030000 0.036250
0 0.123750 0.184375 0.045000 0.046250
0 0.049375 0.749375 0.041250 0.041250
0 0.051250 0.096875 0.077500 0.078750
0 0.316250 0.258125 0.047500 0.048750
0 0.873750 0.681250 0.040000 0.040000
0 0.449375 0.342500 0.086250 0.070000
0 0.037500 0.571875 0.032500 0.026250
0 0.513125 0.568750 0.071250 0.057500
0 0.391250 0.811250 0.062500 0.085000
0 0.206250 0.215625 0.045000 0.061250
0 0.695000 0.492500 0.065000 0.065000
0 0.896250 0.087500 0.035000 0.035000
0 0.839375 0.175625 0.073750 0.073750
0 0.771250 0.498125 0.062500 0.076250
0 0.699375 0.926875 0.048750 0.048750