0 0.384375 0.897500 0.043750 0.047500
0 0.347500 0.476875 0.105000 0.138750
0 0.784375 0.041875 0.038750 0.051250
0 0.663750 0.762500 0.070000 0.092500
0 0.581875 0.701250 0.041250 0.065000
0 0.539375 0.857500 0.093750 0.147500
0 0.056875 0.640625 0.041250 0.041250
0 0.725000 0.439375 0.075000 0.076250
0 0.592500 0.448750 0.100000 0.100000
0 0.788750 0.806250 0.087500 0.102500
0 0.078125 0.061250 0.028750 0.027500
0 0.430000 0.783750 0.107500 0.090000
0 0.235625 0.940625 0.068750 0.068750
0 0.758125 0.124375 0.073750 0.073750
0 0.782500 0.216250 0.082500 0.082500
0 0.128125 0.191875 0.086250 0.086250
0 0.178750 0.403125 0.102500 0.161250
0 0.886250 0.504375 0.037500 0.058750
0 0.306250 0.158125 0.102500 0.161250
0 0.648750 0.290000 0.057500 0.055000
0 0.537500 0.334375 0.030000 0.028750
0 0.888750 0.261875 0.112500 0.108750
0 0.233125 0.661250 0.063750 0.062500
0 0.580000 0.201250 0.060000 0.060000
0 0.063125 0.843125 0.096250 0.096250
0 0.728750 0.600625 0.110000 0.101250
0 0.073125 0.565625 0.051250 0.046250
0 0.382500 0.610000 0.085000 0.100000
0 0.747500 0.720000 0.045000 0.047500
0 0.868125 0.091875 0.093750 0.093750
0 0.891250 0.887500 0.092500 0.092500
0 0.489375 0.597500 0.063750 0.067500
0 0.145000 0.676250 0.092500 0.092500
0 0.945625 0.073125 0.038750 0.038750
0 0.637500 0.068750 0.105000 0.105000
0 0.846250 0.413750 0.102500 0.067500
0 0.390625 0.282500 0.076250 0.050000
0 0.302500 0.382500 0.052500 0.035000
0 0.655625 0.907500 0.068750 0.045000
0 0.448125 0.508125 0.073750 0.073750
0 0.834375 0.640625 0.068750 0.068750
0 0.619375 0.556875 0.046250 0.036250
0 0.468750 0.053125 0.065000 0.051250
0 0.415000 0.158750 0.100000 0.080000
0 0.960000 0.590625 0.055000 0.043750
0 0.169375 0.546875 0.088750 0.088750
0 0.321875 0.758125 0.081250 0.081250
0 0.900000 0.767500 0.110000 0.110000