0 0.619375 0.439375 0.106250 0.106250
0 0.908125 0.861875 0.108750 0.108750
0 0.875000 0.220000 0.097500 0.097500
0 0.862500 0.367500 0.095000 0.095000
0 0.575625 0.279375 0.051250 0.051250
0 0.196250 0.221875 0.025000 0.023750
0 0.808750 0.126875 0.027500 0.026250
0 0.490625 0.738750 0.046250 0.045000
0 0.089375 0.273750 0.028750 0.027500
0 0.222500 0.105000 0.110000 0.097500
0 0.750625 0.905625 0.033750 0.028750
0 0.686875 0.593750 0.086250 0.075000
0 0.063750 0.588750 0.052500 0.045000
0 0.122500 0.566875 0.040000 0.043750
0 0.370625 0.411875 0.066250 0.126250
0 0.588750 0.149375 0.092500 0.176250
0 0.595625 0.587500 0.051250 0.097500
0 0.112500 0.090625 0.065000 0.123750
0 0.736875 0.135625 0.056250 0.056250
0 0.938125 0.719375 0.096250 0.096250
0 0.069375 0.833125 0.096250 0.096250
0 0.223750 0.375000 0.087500 0.087500
0 0.446875 0.558125 0.111250 0.111250
0 0.508125 0.426875 0.053750 0.056250
0 0.398750 0.769375 0.052500 0.073750
0 0.273125 0.809375 0.068750 0.096250
0 0.219375 0.559375 0.086250 0.121250
0 0.420625 0.193125 0.108750 0.148750
0 0.180625 0.815625 0.061250 0.083750
0 0.865625 0.570000 0.063750 0.087500
0 0.313125 0.311875 0.053750 0.053750
0 0.525000 0.831875 0.080000 0.078750
0 0.345625 0.070625 0.038750 0.038750
0 0.107500 0.418125 0.077500 0.078750
0 0.951875 0.452500 0.066250 0.067500
0 0.658750 0.690625 0.085000 0.086250
0 0.253125 0.250625 0.036250 0.026250
0 0.897500 0.098125 0.090000 0.066250
0 0.350000 0.934375 0.040000 0.028750
0 0.156875 0.945000 0.078750 0.057500
0 0.483125 0.067500 0.091250 0.085000
0 0.371250 0.864375 0.092500 0.093750
0 0.040000 0.671250 0.035000 0.035000
0 0.381250 0.650000 0.045000 0.045000
0 0.714375 0.481875 0.066250 0.066250
0 0.793750 0.745000 0.065000 0.065000
0 0.666250 0.032500 0.037500 0.037500
0 0.536250 0.583750 0.035000 0.035000
0 0.571250 0.936250 0.047500 0.047500
0 0.876250 0.456250 0.050000 0.050000
0 0.820625 0.053125 0.028750 0.028750
0 0.147500 0.686250 0.097500 0.112500
0 0.673125 0.871250 0.101250 0.117500
0 0.750000 0.247500 0.095000 0.110000
0 0.254375 0.894375 0.056250 0.056250
0 0.096875 0.193125 0.061250 0.061250
0 0.495000 0.931250 0.037500 0.037500
0 0.712500 0.390000 0.050000 0.050000
0 0.136875 0.334375 0.056250 0.056250
0 0.324375 0.171250 0.066250 0.115000
0 0.591875 0.771875 0.026250 0.021250
0 0.288750 0.700000 0.092500 0.087500
0 0.035625 0.286875 0.043750 0.043750
0 0.548125 0.689375 0.053750 0.051250
0 0.233750 0.455000 0.045000 0.042500
0 0.816875 0.870625 0.031250 0.031250
0 0.613125 0.343125 0.066250 0.053750
0 0.750625 0.064375 0.066250 0.053750
0 0.832500 0.648750 0.047500 0.037500
0 0.496875 0.304375 0.053750 0.058750
0 0.294375 0.610000 0.043750 0.047500
0 0.508750 0.199375 0.045000 0.048750
0 0.531250 0.487500 0.032500 0.035000
0 0.316250 0.536875 0.062500 0.063750
0 0.943750 0.386250 0.035000 0.035000
0 0.176875 0.886875 0.043750 0.043750
0 0.118125 0.485000 0.041250 0.040000