0 0.177500 0.917500 0.080000 0.080000
0 0.965000 0.802500 0.032500 0.032500
0 0.220000 0.143750 0.032500 0.032500
0 0.034375 0.306875 0.031250 0.031250
0 0.269375 0.804375 0.031250 0.031250
0 0.246875 0.574375 0.073750 0.073750
0 0.751875 0.854375 0.071250 0.071250
0 0.854375 0.696875 0.056250 0.056250
0 0.778125 0.538125 0.073750 0.073750
0 0.918125 0.868125 0.033750 0.033750
0 0.373750 0.562500 0.025000 0.025000
0 0.618750 0.619375 0.110000 0.133750
0 0.351250 0.460000 0.105000 0.092500
0 0.924375 0.128125 0.036250 0.031250
0 0.925000 0.446250 0.067500 0.060000
0 0.224375 0.768125 0.038750 0.033750
0 0.405625 0.616250 0.033750 0.030000
0 0.565625 0.733125 0.068750 0.068750
0 0.128750 0.433750 0.092500 0.092500
0 0.928750 0.525000 0.062500 0.062500
0 0.435000 0.921250 0.087500 0.087500
0 0.538750 0.128750 0.072500 0.072500
0 0.543125 0.233125 0.101250 0.101250
0 0.641250 0.455000 0.067500 0.067500
0 0.896250 0.228750 0.070000 0.070000
0 0.366875 0.271875 0.036250 0.036250
0 0.316250 0.723750 0.092500 0.092500
0 0.925000 0.598125 0.052500 0.063750
0 0.236875 0.509375 0.058750 0.041250
0 0.846875 0.100625 0.093750 0.066250
0 0.837500 0.622500 0.040000 0.027500
0 0.235625 0.383750 0.093750 0.117500
0 0.456250 0.101250 0.060000 0.075000
0 0.118750 0.728125 0.065000 0.081250
0 0.323125 0.148750 0.038750 0.022500
0 0.523750 0.416250 0.077500 0.045000
0 0.726250 0.278750 0.047500 0.027500
0 0.437500 0.833750 0.090000 0.052500
0 0.070000 0.833750 0.042500 0.042500
0 0.331250 0.056250 0.047500 0.047500
0 0.445625 0.695625 0.098750 0.098750
0 0.232500 0.234375 0.110000 0.096250
0 0.712500 0.063750 0.060000 0.060000
0 0.067500 0.596250 0.107500 0.107500
0 0.091875 0.091875 0.103750 0.103750
0 0.338125 0.369375 0.033750 0.033750
0 0.600000 0.868750 0.102500 0.102500
0 0.480625 0.519375 0.101250 0.101250
0 0.655000 0.215000 0.075000 0.075000
0 0.105000 0.235000 0.072500 0.072500
0 0.767500 0.411250 0.082500 0.082500
0 0.731250 0.702500 0.040000 0.035000
0 0.781875 0.621250 0.028750 0.025000
0 0.323750 0.620625 0.065000 0.056250
0 0.838750 0.803750 0.062500 0.062500
0 0.880625 0.335625 0.073750 0.073750
0 0.202500 0.039375 0.075000 0.048750
0 0.446250 0.342500 0.085000 0.080000
0 0.847500 0.915000 0.090000 0.085000
0 0.456875 0.243125 0.046250 0.046250
0 0.630000 0.127500 0.075000 0.075000
0 0.703125 0.318125 0.033750 0.033750
0 0.717500 0.630000 0.052500 0.052500
0 0.326250 0.882500 0.105000 0.087500
0 0.730000 0.161875 0.052500 0.048750
0 0.818125 0.231875 0.063750 0.058750
0 0.937500 0.938750 0.032500 0.030000