0 0.490625 0.039375 0.033750 0.033750
0 0.474375 0.744375 0.053750 0.053750
0 0.240000 0.402500 0.040000 0.040000
0 0.410625 0.173125 0.038750 0.038750
0 0.451875 0.383750 0.071250 0.120000
0 0.061875 0.869375 0.086250 0.146250
0 0.680625 0.385625 0.046250 0.046250
0 0.339375 0.875625 0.108750 0.108750
0 0.138125 0.534375 0.061250 0.061250
0 0.711250 0.918750 0.032500 0.032500
0 0.831250 0.153750 0.080000 0.080000
0 0.556250 0.408750 0.110000 0.110000
0 0.269375 0.303125 0.103750 0.091250
0 0.680000 0.737500 0.035000 0.030000
0 0.216250 0.643750 0.062500 0.055000
0 0.760000 0.859375 0.027500 0.023750
0 0.772500 0.368750 0.075000 0.075000
0 0.365625 0.041875 0.043750 0.043750
0 0.050625 0.468125 0.071250 0.071250
0 0.910625 0.772500 0.091250 0.077500
0 0.298750 0.495625 0.095000 0.081250
0 0.291875 0.580000 0.038750 0.032500
0 0.284375 0.696875 0.053750 0.046250
0 0.223750 0.125625 0.112500 0.136250
0 0.555000 0.123750 0.092500 0.092500
0 0.138750 0.436250 0.040000 0.040000
0 0.188125 0.911875 0.068750 0.068750
0 0.578750 0.525000 0.040000 0.040000
0 0.935625 0.634375 0.073750 0.073750
0 0.725000 0.697500 0.037500 0.032500
0 0.688750 0.073125 0.072500 0.063750
0 0.681250 0.205000 0.097500 0.097500
0 0.167500 0.761250 0.025000 0.025000
0 0.934375 0.227500 0.106250 0.120000
0 0.704375 0.551875 0.056250 0.063750
0 0.108125 0.374375 0.041250 0.046250
0 0.575000 0.785000 0.040000 0.045000
0 0.947500 0.355625 0.080000 0.076250
0 0.071250 0.106250 0.080000 0.080000
0 0.920000 0.553750 0.035000 0.035000
0 0.441875 0.535625 0.053750 0.053750
0 0.927500 0.446250 0.077500 0.067500
0 0.112500 0.728750 0.072500 0.025000
0 0.550625 0.231250 0.043750 0.040000
0 0.404375 0.953125 0.028750 0.028750
0 0.833750 0.486250 0.090000 0.090000
0 0.532500 0.923750 0.050000 0.050000
0 0.364375 0.728125 0.056250 0.056250
0 0.361875 0.268125 0.028750 0.028750
0 0.464375 0.835625 0.111250 0.111250
0 0.557500 0.314375 0.047500 0.041250
0 0.670000 0.821250 0.100000 0.087500
0 0.046875 0.333125 0.061250 0.053750
0 0.065000 0.640000 0.105000 0.105000
0 0.111250 0.255000 0.065000 0.065000
0 0.875625 0.932500 0.041250 0.040000
0 0.858125 0.589375 0.061250 0.061250
0 0.789375 0.728750 0.076250 0.062500
0 0.639375 0.303125 0.083750 0.068750