0 0.732500 0.815000 0.105000 0.105000
0 0.621250 0.473750 0.100000 0.100000
0 0.461875 0.549375 0.071250 0.071250
0 0.731875 0.166875 0.038750 0.038750
0 0.666875 0.291250 0.073750 0.067500
0 0.783125 0.125000 0.048750 0.045000
0 0.177500 0.796875 0.072500 0.066250
0 0.266250 0.819375 0.060000 0.058750
0 0.878125 0.433750 0.028750 0.037500
0 0.356250 0.608750 0.092500 0.092500
0 0.126875 0.410625 0.061250 0.056250
0 0.256250 0.628750 0.035000 0.035000
0 0.703750 0.952500 0.040000 0.040000
0 0.321875 0.055000 0.041250 0.045000
0 0.622500 0.078750 0.107500 0.117500
0 0.239375 0.913750 0.048750 0.052500
0 0.467500 0.448125 0.092500 0.081250
0 0.070000 0.728750 0.057500 0.050000
0 0.516875 0.363750 0.028750 0.030000
0 0.880625 0.811875 0.058750 0.061250
0 0.260625 0.411875 0.091250 0.091250
0 0.390625 0.102500 0.063750 0.077500
0 0.860000 0.331875 0.100000 0.121250
0 0.128125 0.580000 0.063750 0.077500
0 0.169375 0.229375 0.108750 0.131250
0 0.353750 0.716875 0.052500 0.051250
0 0.529375 0.770625 0.093750 0.091250
0 0.623750 0.706875 0.055000 0.033750
0 0.254375 0.718750 0.081250 0.050000
0 0.915000 0.516875 0.095000 0.058750
0 0.888125 0.694375 0.111250 0.111250
0 0.473750 0.087500 0.055000 0.055000
0 0.858125 0.161875 0.071250 0.071250
0 0.606250 0.606250 0.055000 0.055000
0 0.302500 0.151250 0.095000 0.095000
0 0.818750 0.578750 0.035000 0.035000
0 0.495000 0.923750 0.080000 0.080000
0 0.676875 0.595625 0.061250 0.058750
0 0.393125 0.919375 0.093750 0.091250
0 0.478750 0.657500 0.085000 0.082500
0 0.205000 0.530625 0.052500 0.051250
0 0.117500 0.093750 0.095000 0.095000
0 0.581250 0.198125 0.075000 0.071250
0 0.486250 0.155625 0.027500 0.026250
0 0.303125 0.529375 0.038750 0.036250
0 0.415625 0.803125 0.058750 0.061250
0 0.938125 0.855000 0.031250 0.032500
0 0.726875 0.430000 0.041250 0.042500
0 0.922500 0.066875 0.040000 0.076250
0 0.853125 0.925625 0.038750 0.073750
0 0.053750 0.609375 0.067500 0.128750
0 0.066875 0.489375 0.026250 0.021250
0 0.744375 0.509375 0.106250 0.086250
0 0.421250 0.308125 0.112500 0.091250
0 0.612500 0.810000 0.047500 0.057500
0 0.480000 0.205625 0.045000 0.053750
0 0.520625 0.291875 0.033750 0.033750
0 0.576250 0.934375 0.052500 0.051250
0 0.294375 0.260000 0.098750 0.097500
0 0.826250 0.044375 0.030000 0.028750
0 0.133125 0.881875 0.081250 0.081250