0 0.383750 0.265000 0.112500 0.112500
0 0.247500 0.776250 0.062500 0.062500
0 0.746875 0.190625 0.026250 0.026250
0 0.216250 0.472500 0.032500 0.032500
0 0.593750 0.418750 0.085000 0.085000
0 0.800625 0.096250 0.041250 0.040000
0 0.824375 0.311875 0.101250 0.101250
0 0.500625 0.824375 0.026250 0.026250
0 0.880625 0.460625 0.083750 0.083750
0 0.908750 0.193750 0.100000 0.100000
0 0.658750 0.268750 0.025000 0.025000
0 0.095625 0.690625 0.108750 0.108750
0 0.159375 0.811875 0.031250 0.031250
0 0.375000 0.647500 0.062500 0.062500
0 0.638750 0.826250 0.097500 0.097500
0 0.136875 0.886875 0.046250 0.041250
0 0.450000 0.725625 0.087500 0.078750
0 0.821875 0.233125 0.043750 0.038750
0 0.153125 0.050000 0.048750 0.047500
0 0.170625 0.355000 0.106250 0.117500
0 0.089375 0.216875 0.103750 0.078750
0 0.321875 0.531875 0.108750 0.096250
0 0.366875 0.163125 0.068750 0.066250
0 0.607500 0.635000 0.105000 0.105000
0 0.507500 0.145000 0.092500 0.092500
0 0.278750 0.395000 0.080000 0.080000
0 0.903125 0.838125 0.111250 0.111250
0 0.047500 0.875625 0.037500 0.051250
0 0.313125 0.919375 0.058750 0.058750
0 0.274375 0.189375 0.081250 0.081250
0 0.617500 0.112500 0.112500 0.112500
0 0.060000 0.519375 0.082500 0.081250
0 0.723125 0.642500 0.066250 0.067500
0 0.410625 0.870000 0.078750 0.080000
0 0.730000 0.515000 0.105000 0.105000
0 0.949375 0.283125 0.058750 0.058750
0 0.792500 0.747500 0.075000 0.075000
0 0.345625 0.775625 0.086250 0.086250
0 0.521250 0.256250 0.097500 0.097500
0 0.732500 0.070000 0.075000 0.075000
0 0.761875 0.904375 0.108750 0.108750
0 0.333125 0.069375 0.073750 0.073750
0 0.489375 0.445625 0.083750 0.083750
0 0.176875 0.540625 0.043750 0.043750
0 0.046875 0.444375 0.038750 0.038750
0 0.510000 0.595000 0.075000 0.075000
0 0.083750 0.132500 0.060000 0.060000
0 0.708750 0.263750 0.057500 0.057500
0 0.618125 0.543750 0.048750 0.025000
0 0.662500 0.735000 0.030000 0.015000