0 0.482500 0.628750 0.057500 0.045000
0 0.928750 0.630000 0.057500 0.050000
0 0.269375 0.784375 0.028750 0.026250
0 0.830000 0.671250 0.062500 0.062500
0 0.352500 0.758125 0.032500 0.031250
0 0.866250 0.783125 0.112500 0.101250
0 0.709375 0.870625 0.098750 0.088750
0 0.618125 0.398750 0.031250 0.027500
0 0.876250 0.526250 0.040000 0.035000
0 0.166250 0.350000 0.057500 0.057500
0 0.343125 0.443125 0.101250 0.138750
0 0.151250 0.759375 0.070000 0.096250
0 0.359375 0.901875 0.096250 0.131250
0 0.180625 0.231250 0.091250 0.125000
0 0.333125 0.096875 0.111250 0.111250
0 0.755000 0.682500 0.057500 0.057500
0 0.463750 0.136250 0.032500 0.032500
0 0.606250 0.208750 0.030000 0.030000
0 0.555625 0.394375 0.066250 0.066250
0 0.525000 0.748125 0.077500 0.103750
0 0.693125 0.328125 0.053750 0.053750
0 0.173750 0.490000 0.065000 0.065000
0 0.951875 0.054375 0.066250 0.066250
0 0.593750 0.585625 0.050000 0.056250
0 0.079375 0.910625 0.053750 0.053750
0 0.822500 0.437500 0.050000 0.050000
0 0.045625 0.090000 0.066250 0.062500
0 0.585625 0.028125 0.031250 0.028750
0 0.241250 0.586875 0.070000 0.066250
0 0.413750 0.271250 0.107500 0.110000
0 0.663125 0.780000 0.068750 0.070000
0 0.695625 0.191250 0.106250 0.107500
0 0.813125 0.912500 0.033750 0.035000
0 0.681250 0.546875 0.100000 0.103750
0 0.587500 0.291250 0.057500 0.060000
0 0.880000 0.308750 0.112500 0.117500
0 0.091875 0.531875 0.028750 0.028750
0 0.908750 0.942500 0.032500 0.027500
0 0.820000 0.088750 0.105000 0.105000
0 0.899375 0.195625 0.093750 0.093750
0 0.534375 0.103125 0.063750 0.063750
0 0.530625 0.876875 0.103750 0.111250
0 0.316250 0.240625 0.050000 0.053750
0 0.070000 0.600000 0.062500 0.070000
0 0.748750 0.471875 0.027500 0.031250
0 0.098125 0.165625 0.041250 0.046250
0 0.711875 0.386875 0.038750 0.043750
0 0.354375 0.683125 0.088750 0.088750
0 0.258750 0.905625 0.070000 0.071250
0 0.457500 0.468125 0.097500 0.098750
0 0.153750 0.614375 0.072500 0.073750
0 0.772500 0.345000 0.035000 0.057500
0 0.058750 0.391875 0.040000 0.066250
0 0.177500 0.901250 0.037500 0.062500
0 0.685000 0.096250 0.030000 0.030000
0 0.243125 0.406875 0.053750 0.053750
0 0.943125 0.485000 0.041250 0.037500
0 0.928750 0.898125 0.047500 0.043750
0 0.702500 0.958125 0.032500 0.028750
0 0.060625 0.778750 0.066250 0.057500
0 0.044375 0.242500 0.053750 0.047500