0 0.841875 0.353125 0.096250 0.096250
0 0.241250 0.136250 0.045000 0.055000
0 0.718750 0.100000 0.030000 0.027500
0 0.136875 0.692500 0.091250 0.085000
0 0.167500 0.503125 0.100000 0.093750
0 0.154375 0.252500 0.103750 0.097500
0 0.748125 0.690000 0.028750 0.022500
0 0.778125 0.044375 0.061250 0.061250
0 0.265625 0.532500 0.056250 0.057500
0 0.852500 0.133750 0.077500 0.080000
0 0.521250 0.641250 0.095000 0.097500
0 0.956250 0.518125 0.042500 0.043750
0 0.085000 0.345000 0.037500 0.035000
0 0.393125 0.121875 0.101250 0.093750
0 0.233125 0.840000 0.096250 0.100000
0 0.238125 0.735625 0.093750 0.093750
0 0.125625 0.893125 0.041250 0.041250
0 0.081250 0.056875 0.070000 0.021250
0 0.552500 0.216250 0.110000 0.060000
0 0.173750 0.337500 0.092500 0.050000
0 0.753125 0.259375 0.086250 0.046250
0 0.552500 0.427500 0.092500 0.092500
0 0.425000 0.282500 0.035000 0.032500
0 0.818750 0.525000 0.092500 0.092500
0 0.230000 0.081250 0.037500 0.037500
0 0.621875 0.041875 0.033750 0.033750
0 0.144375 0.159375 0.056250 0.056250
0 0.439375 0.468125 0.061250 0.066250
0 0.292500 0.617500 0.062500 0.062500
0 0.807500 0.906250 0.085000 0.120000
0 0.860000 0.230625 0.065000 0.091250
0 0.061875 0.458125 0.091250 0.128750
0 0.347500 0.893750 0.067500 0.067500
0 0.556875 0.818125 0.096250 0.096250
0 0.346250 0.247500 0.105000 0.105000
0 0.705625 0.830625 0.093750 0.093750
0 0.873125 0.774375 0.103750 0.103750
0 0.594375 0.920625 0.078750 0.078750
0 0.525625 0.531875 0.091250 0.061250
0 0.393125 0.689375 0.081250 0.081250
0 0.440625 0.350625 0.046250 0.061250
0 0.966250 0.031875 0.027500 0.026250
0 0.751875 0.382500 0.033750 0.032500
0 0.845000 0.680625 0.032500 0.031250
0 0.681250 0.531875 0.105000 0.101250
0 0.701250 0.925625 0.050000 0.048750
0 0.039375 0.820000 0.053750 0.052500
0 0.143750 0.596875 0.035000 0.033750
0 0.529375 0.293750 0.076250 0.075000
0 0.642500 0.420000 0.070000 0.070000
0 0.917500 0.917500 0.097500 0.097500
0 0.633750 0.115000 0.060000 0.060000
0 0.091875 0.623125 0.033750 0.033750
0 0.454375 0.914375 0.086250 0.086250
0 0.387500 0.578750 0.080000 0.080000
0 0.941250 0.197500 0.075000 0.082500
0 0.929375 0.606875 0.108750 0.108750
0 0.062500 0.915000 0.037500 0.037500
0 0.295000 0.385000 0.110000 0.110000
0 0.604375 0.619375 0.048750 0.048750
0 0.179375 0.412500 0.073750 0.052500
0 0.169375 0.945625 0.043750 0.031250
0 0.397500 0.779375 0.102500 0.073750
0 0.526250 0.123125 0.075000 0.053750
0 0.682500 0.707500 0.080000 0.080000
0 0.765625 0.154375 0.043750 0.043750
0 0.635000 0.213750 0.030000 0.030000
0 0.241250 0.255625 0.045000 0.046250
0 0.135625 0.797500 0.051250 0.052500
0 0.480000 0.063750 0.037500 0.037500
0 0.740000 0.617500 0.045000 0.045000
0 0.280625 0.946875 0.028750 0.028750
0 0.298750 0.091250 0.055000 0.055000
0 0.388750 0.033750 0.055000 0.042500
0 0.938125 0.321250 0.071250 0.057500
0 0.948750 0.391875 0.072500 0.058750