0 0.468125 0.585625 0.106250 0.106250
0 0.106875 0.836875 0.068750 0.068750
0 0.096875 0.126875 0.058750 0.058750
0 0.203125 0.673125 0.038750 0.031250
0 0.353750 0.678750 0.072500 0.072500
0 0.278125 0.063125 0.026250 0.026250
0 0.755625 0.203125 0.061250 0.061250
0 0.466250 0.110000 0.077500 0.077500
0 0.426250 0.828750 0.047500 0.047500
0 0.587500 0.583750 0.032500 0.032500
0 0.910000 0.546250 0.105000 0.105000
0 0.367500 0.203750 0.055000 0.057500
0 0.787500 0.461250 0.070000 0.070000
0 0.928125 0.209375 0.051250 0.051250
0 0.370625 0.410625 0.078750 0.093750
0 0.280000 0.903750 0.027500 0.032500
0 0.370000 0.080000 0.077500 0.092500
0 0.565625 0.459375 0.056250 0.056250
0 0.598750 0.690000 0.085000 0.085000
0 0.265000 0.197500 0.090000 0.090000
0 0.646250 0.828750 0.095000 0.095000
0 0.880625 0.409375 0.033750 0.033750
0 0.860000 0.790000 0.110000 0.110000
0 0.165625 0.500625 0.103750 0.103750
0 0.805000 0.346250 0.090000 0.090000
0 0.672500 0.372500 0.037500 0.037500
0 0.473750 0.700000 0.065000 0.065000
0 0.035625 0.053125 0.041250 0.041250
0 0.445000 0.906875 0.097500 0.078750
0 0.265000 0.548750 0.067500 0.067500
0 0.251250 0.306250 0.077500 0.077500
0 0.135625 0.325000 0.086250 0.042500
0 0.089375 0.631875 0.068750 0.033750
0 0.328750 0.776875 0.062500 0.031250
0 0.109375 0.375625 0.041250 0.041250
0 0.661250 0.136250 0.110000 0.110000
0 0.512500 0.313750 0.035000 0.025000
0 0.819375 0.685000 0.106250 0.077500
0 0.302500 0.836250 0.052500 0.052500
0 0.490625 0.496875 0.046250 0.046250
0 0.863750 0.215000 0.030000 0.030000
0 0.748750 0.560625 0.090000 0.091250
0 0.655625 0.258750 0.071250 0.072500
0 0.475625 0.421875 0.041250 0.041250
0 0.956250 0.456250 0.042500 0.042500
0 0.797500 0.046250 0.047500 0.047500
0 0.952500 0.747500 0.060000 0.060000
0 0.080625 0.245625 0.078750 0.078750
0 0.536250 0.232500 0.057500 0.057500
0 0.275000 0.696250 0.025000 0.022500
0 0.445625 0.777500 0.038750 0.035000
0 0.946250 0.846875 0.037500 0.041250
0 0.839375 0.895625 0.061250 0.061250
0 0.919375 0.068125 0.096250 0.096250
0 0.194375 0.083125 0.103750 0.103750