0 0.670625 0.062500 0.031250 0.037500
0 0.525625 0.338125 0.096250 0.116250
0 0.703750 0.223750 0.030000 0.030000
0 0.665625 0.850625 0.041250 0.056250
0 0.775000 0.231875 0.097500 0.133750
0 0.513750 0.637500 0.060000 0.082500
0 0.496250 0.226875 0.065000 0.063750
0 0.276250 0.301875 0.102500 0.101250
0 0.873750 0.368125 0.037500 0.036250
0 0.837500 0.896250 0.055000 0.055000
0 0.530625 0.516875 0.028750 0.028750
0 0.664375 0.376875 0.061250 0.061250
0 0.328750 0.592500 0.050000 0.050000
0 0.739375 0.678125 0.086250 0.086250
0 0.348750 0.890000 0.105000 0.105000
0 0.256875 0.148125 0.058750 0.058750
0 0.168750 0.431250 0.045000 0.045000
0 0.752500 0.068750 0.085000 0.102500
0 0.738750 0.775625 0.030000 0.036250
0 0.423750 0.697500 0.080000 0.080000
0 0.166250 0.906250 0.080000 0.080000
0 0.134375 0.293125 0.086250 0.086250
0 0.853750 0.501250 0.102500 0.102500
0 0.060000 0.077500 0.095000 0.095000
0 0.316875 0.105625 0.026250 0.026250
0 0.085000 0.805000 0.072500 0.072500
0 0.162500 0.673750 0.092500 0.092500
0 0.494375 0.131875 0.093750 0.093750
0 0.081250 0.467500 0.032500 0.032500
0 0.359375 0.489375 0.096250 0.096250
0 0.631250 0.570000 0.045000 0.045000
0 0.097500 0.892500 0.035000 0.035000
0 0.690000 0.300000 0.040000 0.040000
0 0.313750 0.768750 0.110000 0.110000
0 0.934375 0.921875 0.081250 0.081250
0 0.117500 0.533750 0.055000 0.055000
0 0.608750 0.932500 0.077500 0.077500
0 0.574375 0.639375 0.036250 0.036250
0 0.896250 0.058125 0.057500 0.033750
0 0.249375 0.402500 0.096250 0.067500
0 0.316875 0.671875 0.061250 0.061250
0 0.565625 0.780625 0.071250 0.071250
0 0.875625 0.146875 0.058750 0.058750
0 0.199375 0.499375 0.066250 0.066250
0 0.881875 0.770625 0.111250 0.111250
0 0.732500 0.502500 0.112500 0.112500
0 0.484375 0.451875 0.081250 0.081250
0 0.473125 0.543750 0.061250 0.055000
0 0.596250 0.139375 0.042500 0.031250
0 0.181250 0.806250 0.102500 0.102500
0 0.513750 0.906250 0.097500 0.097500
0 0.581875 0.459375 0.056250 0.056250
0 0.165000 0.147500 0.097500 0.097500
0 0.051875 0.639375 0.073750 0.073750
0 0.746250 0.380000 0.052500 0.052500
0 0.875625 0.633125 0.071250 0.071250
0 0.441875 0.822500 0.053750 0.035000
0 0.377500 0.305000 0.075000 0.075000
0 0.576250 0.687500 0.040000 0.040000
0 0.203125 0.564375 0.031250 0.031250
0 0.216875 0.063750 0.026250 0.025000
0 0.938125 0.222500 0.026250 0.025000
0 0.943750 0.308750 0.087500 0.085000
0 0.066875 0.393125 0.071250 0.088750
0 0.385000 0.166250 0.090000 0.112500
0 0.378125 0.406875 0.036250 0.048750
0 0.631250 0.186250 0.035000 0.035000
0 0.648750 0.676875 0.067500 0.068750
0 0.949375 0.470000 0.068750 0.070000
0 0.835000 0.081250 0.045000 0.045000
0 0.241875 0.950000 0.033750 0.035000