0 0.368750 0.498125 0.045000 0.046250
0 0.464375 0.135000 0.111250 0.115000
0 0.683125 0.471250 0.036250 0.037500
0 0.300625 0.819375 0.068750 0.068750
0 0.318750 0.497500 0.030000 0.027500
0 0.294375 0.075000 0.038750 0.035000
0 0.708125 0.209375 0.106250 0.106250
0 0.905000 0.848750 0.112500 0.215000
0 0.107500 0.314375 0.070000 0.133750
0 0.168750 0.531875 0.042500 0.081250
0 0.850625 0.587500 0.068750 0.067500
0 0.228125 0.402500 0.111250 0.110000
0 0.783125 0.770000 0.033750 0.032500
0 0.342500 0.283125 0.077500 0.076250
0 0.841250 0.413750 0.107500 0.107500
0 0.095000 0.853750 0.030000 0.030000
0 0.061250 0.475625 0.032500 0.033750
0 0.610000 0.095625 0.075000 0.088750
0 0.566250 0.891250 0.095000 0.095000
0 0.288125 0.950625 0.056250 0.038750
0 0.214375 0.171250 0.043750 0.042500
0 0.868125 0.238125 0.028750 0.028750
0 0.904375 0.331875 0.026250 0.026250
0 0.556875 0.366875 0.046250 0.046250
0 0.206875 0.808125 0.101250 0.101250
0 0.158125 0.649375 0.033750 0.033750
0 0.424375 0.279375 0.031250 0.031250
0 0.528125 0.664375 0.101250 0.158750
0 0.084375 0.129375 0.103750 0.163750
0 0.353750 0.030000 0.025000 0.025000
0 0.218750 0.255000 0.072500 0.072500
0 0.906250 0.072500 0.075000 0.075000
0 0.680625 0.746875 0.068750 0.058750
0 0.701250 0.823750 0.055000 0.047500
0 0.566250 0.267500 0.040000 0.035000
0 0.657500 0.391250 0.095000 0.082500
0 0.713750 0.920000 0.102500 0.102500
0 0.502500 0.474375 0.105000 0.126250
0 0.385000 0.731875 0.070000 0.083750
0 0.868125 0.710000 0.036250 0.042500
0 0.745000 0.581875 0.105000 0.126250
0 0.043125 0.856875 0.028750 0.028750
0 0.418750 0.621250 0.082500 0.082500
0 0.327500 0.183750 0.037500 0.037500
0 0.060625 0.589375 0.073750 0.073750
0 0.383125 0.914375 0.093750 0.101250
0 0.745000 0.446875 0.027500 0.028750
0 0.250625 0.581875 0.088750 0.096250
0 0.631875 0.546250 0.071250 0.077500
0 0.110000 0.750625 0.065000 0.078750
0 0.785625 0.075000 0.078750 0.102500
0 0.204375 0.065000 0.053750 0.070000
0 0.160000 0.213125 0.025000 0.038750
0 0.602500 0.198750 0.065000 0.085000
0 0.559375 0.795625 0.066250 0.066250
0 0.618125 0.308750 0.041250 0.040000
0 0.935000 0.431875 0.065000 0.063750
0 0.941875 0.493750 0.041250 0.030000
0 0.360625 0.843125 0.026250 0.026250
0 0.358750 0.378750 0.092500 0.092500
0 0.460000 0.372500 0.057500 0.057500
0 0.475625 0.820625 0.071250 0.071250
0 0.771875 0.681875 0.056250 0.056250
0 0.263125 0.693750 0.056250 0.045000
0 0.338125 0.632500 0.058750 0.047500
0 0.929375 0.154375 0.073750 0.058750
0 0.968750 0.625000 0.032500 0.032500
0 0.269375 0.169375 0.038750 0.038750
0 0.853125 0.508750 0.053750 0.060000
0 0.940625 0.270625 0.073750 0.073750
0 0.102500 0.922500 0.057500 0.057500
0 0.489375 0.294375 0.071250 0.071250
0 0.200000 0.901250 0.062500 0.062500
0 0.641250 0.652500 0.050000 0.050000
0 0.807500 0.200625 0.077500 0.053750
0 0.833125 0.310625 0.073750 0.073750
0 0.738125 0.390625 0.038750 0.038750