0 0.282500 0.500625 0.080000 0.068750
0 0.181875 0.563750 0.026250 0.022500
0 0.490625 0.736875 0.091250 0.078750
0 0.928750 0.193125 0.090000 0.098750
0 0.389375 0.708125 0.038750 0.038750
0 0.415625 0.373125 0.028750 0.028750
0 0.692500 0.803750 0.057500 0.057500
0 0.050625 0.496875 0.056250 0.056250
0 0.168125 0.145625 0.041250 0.046250
0 0.641250 0.944375 0.035000 0.026250
0 0.832500 0.828750 0.110000 0.110000
0 0.881875 0.645625 0.111250 0.111250
0 0.500625 0.459375 0.091250 0.073750
0 0.171250 0.861250 0.092500 0.075000
0 0.532500 0.179375 0.107500 0.086250
0 0.647500 0.156875 0.082500 0.066250
0 0.095000 0.371250 0.067500 0.082500
0 0.310625 0.773125 0.063750 0.063750
0 0.113750 0.440000 0.035000 0.035000
0 0.628750 0.423750 0.040000 0.040000
0 0.783750 0.272500 0.087500 0.087500
0 0.678125 0.265625 0.103750 0.103750
0 0.849375 0.386875 0.068750 0.068750
0 0.652500 0.086250 0.057500 0.057500
0 0.725625 0.456875 0.101250 0.101250
0 0.405000 0.240625 0.077500 0.086250
0 0.356250 0.076250 0.107500 0.107500
0 0.235625 0.168125 0.056250 0.048750
0 0.754375 0.139375 0.096250 0.083750
0 0.449375 0.840000 0.111250 0.097500
0 0.254375 0.654375 0.086250 0.148750
0 0.933750 0.471250 0.062500 0.062500
0 0.225625 0.400625 0.096250 0.096250
0 0.628750 0.863750 0.042500 0.042500
0 0.067500 0.108750 0.080000 0.080000
0 0.444375 0.586875 0.051250 0.051250
0 0.087500 0.676250 0.112500 0.112500
0 0.545000 0.301250 0.092500 0.092500
0 0.342500 0.366250 0.087500 0.085000
0 0.731875 0.886250 0.028750 0.027500
0 0.848750 0.176875 0.047500 0.046250
0 0.876250 0.029375 0.030000 0.028750
0 0.434375 0.083125 0.028750 0.028750
0 0.651875 0.679375 0.091250 0.091250
0 0.266250 0.857500 0.075000 0.075000
0 0.225625 0.254375 0.096250 0.096250
0 0.566250 0.570000 0.112500 0.112500
0 0.744375 0.574375 0.098750 0.098750
0 0.225000 0.930000 0.040000 0.040000
0 0.901875 0.305625 0.051250 0.051250
0 0.153750 0.321250 0.027500 0.027500
0 0.885000 0.743750 0.060000 0.042500
0 0.546875 0.943125 0.026250 0.031250
0 0.971875 0.036875 0.028750 0.028750
0 0.746250 0.944375 0.055000 0.043750
0 0.671250 0.375000 0.042500 0.042500
0 0.063750 0.207500 0.092500 0.092500
0 0.491875 0.920625 0.041250 0.041250
0 0.941250 0.863125 0.082500 0.078750
0 0.964375 0.668750 0.033750 0.032500
0 0.358750 0.616250 0.072500 0.070000
0 0.059375 0.861875 0.063750 0.056250
0 0.173750 0.925000 0.035000 0.035000
0 0.197500 0.070625 0.062500 0.061250
0 0.821875 0.940625 0.058750 0.051250
0 0.145000 0.528125 0.025000 0.018750
0 0.370625 0.950625 0.026250 0.018750
0 0.548125 0.061875 0.078750 0.078750
0 0.960000 0.751250 0.050000 0.050000
0 0.063750 0.926250 0.027500 0.027500
0 0.761250 0.678750 0.057500 0.057500
0 0.108125 0.770625 0.056250 0.041250