0 0.481250 0.190000 0.097500 0.097500
0 0.635000 0.327500 0.080000 0.080000
0 0.136875 0.879375 0.088750 0.088750
0 0.543125 0.920625 0.103750 0.103750
0 0.256250 0.817500 0.060000 0.057500
0 0.444375 0.441875 0.071250 0.068750
0 0.733125 0.300000 0.051250 0.050000
0 0.884375 0.197500 0.111250 0.107500
0 0.340625 0.085625 0.096250 0.096250
0 0.670000 0.583750 0.082500 0.082500
0 0.250000 0.926250 0.075000 0.075000
0 0.353750 0.178750 0.052500 0.052500
0 0.711875 0.169375 0.036250 0.036250
0 0.745000 0.210000 0.025000 0.025000
0 0.853125 0.832500 0.056250 0.045000
0 0.147500 0.658750 0.072500 0.057500
0 0.083750 0.523125 0.102500 0.081250
0 0.568750 0.756250 0.047500 0.047500
0 0.773125 0.687500 0.043750 0.042500
0 0.865625 0.603125 0.083750 0.081250
0 0.768750 0.801875 0.027500 0.026250
0 0.958750 0.575625 0.032500 0.031250
0 0.263125 0.649375 0.098750 0.108750
0 0.870625 0.356875 0.098750 0.108750
0 0.855625 0.926875 0.051250 0.056250
0 0.036250 0.865000 0.035000 0.037500
0 0.565625 0.615625 0.108750 0.108750
0 0.693750 0.706250 0.067500 0.067500
0 0.750625 0.912500 0.043750 0.052500
0 0.055000 0.150000 0.080000 0.080000
0 0.179375 0.178125 0.078750 0.076250
0 0.051250 0.652500 0.072500 0.070000
0 0.324375 0.348125 0.058750 0.056250
0 0.195625 0.348125 0.083750 0.081250
0 0.376875 0.625000 0.111250 0.135000
0 0.081875 0.776875 0.106250 0.096250
0 0.445625 0.748125 0.106250 0.096250
0 0.047500 0.328750 0.045000 0.040000
0 0.543125 0.409375 0.081250 0.081250
0 0.659375 0.821875 0.093750 0.093750
0 0.715000 0.425000 0.100000 0.100000
0 0.215000 0.418750 0.040000 0.040000
0 0.396250 0.886250 0.095000 0.095000
0 0.964375 0.161875 0.026250 0.026250
0 0.883750 0.730000 0.105000 0.105000
0 0.849375 0.515000 0.051250 0.050000
0 0.933750 0.077500 0.055000 0.055000
0 0.553125 0.214375 0.026250 0.026250
0 0.623125 0.102500 0.098750 0.100000
0 0.073125 0.250625 0.038750 0.033750
0 0.268750 0.184375 0.082500 0.086250
0 0.535000 0.328750 0.030000 0.030000
0 0.105625 0.398125 0.081250 0.081250
0 0.506250 0.066250 0.087500 0.087500
0 0.168125 0.411875 0.028750 0.028750
0 0.950000 0.823750 0.052500 0.052500
0 0.224375 0.541875 0.073750 0.068750
0 0.551875 0.501250 0.086250 0.080000
0 0.153125 0.264375 0.076250 0.071250
0 0.440625 0.312500 0.033750 0.032500
0 0.138125 0.039375 0.031250 0.031250
0 0.319375 0.488125 0.091250 0.091250
0 0.769375 0.618125 0.058750 0.058750
0 0.790000 0.402500 0.025000 0.025000
0 0.859375 0.086875 0.056250 0.056250
0 0.681875 0.909375 0.026250 0.026250
0 0.230000 0.751250 0.060000 0.060000
0 0.781250 0.230000 0.030000 0.030000
0 0.963125 0.903125 0.033750 0.033750
0 0.303750 0.271875 0.027500 0.026250
0 0.963125 0.947500 0.026250 0.025000
0 0.949375 0.468125 0.061250 0.058750
0 0.468125 0.661875 0.033750 0.033750
0 0.633125 0.209375 0.091250 0.091250
0 0.222500 0.465000 0.037500 0.027500
0 0.761875 0.045000 0.086250 0.062500