0 0.368125 0.383125 0.061250 0.056250
0 0.395000 0.713125 0.047500 0.043750
0 0.603750 0.675625 0.085000 0.078750
0 0.478125 0.089375 0.041250 0.041250
0 0.103125 0.266875 0.028750 0.028750
0 0.860000 0.197500 0.105000 0.127500
0 0.822500 0.913125 0.067500 0.081250
0 0.395000 0.208750 0.050000 0.060000
0 0.225625 0.797500 0.053750 0.065000
0 0.589375 0.363125 0.053750 0.038750
0 0.161250 0.162500 0.055000 0.042500
0 0.548750 0.893750 0.062500 0.062500
0 0.448125 0.906875 0.033750 0.033750
0 0.433750 0.532500 0.100000 0.100000
0 0.601250 0.080000 0.097500 0.097500
0 0.851875 0.649375 0.108750 0.103750
0 0.521250 0.234375 0.062500 0.058750
0 0.509375 0.415000 0.028750 0.030000
0 0.280625 0.244375 0.038750 0.041250
0 0.368125 0.946250 0.051250 0.055000
0 0.185000 0.414375 0.050000 0.053750
0 0.948125 0.596875 0.026250 0.023750
0 0.495625 0.644375 0.026250 0.026250
0 0.113125 0.896875 0.063750 0.063750
0 0.445625 0.380625 0.068750 0.068750
0 0.741250 0.241250 0.100000 0.100000
0 0.071250 0.125000 0.025000 0.025000
0 0.218750 0.546875 0.112500 0.113750
0 0.325000 0.112500 0.060000 0.060000
0 0.455000 0.820000 0.110000 0.110000
0 0.267500 0.696250 0.095000 0.095000
0 0.598125 0.193125 0.048750 0.048750
0 0.808750 0.383750 0.097500 0.097500
0 0.275000 0.313750 0.062500 0.062500
0 0.642500 0.900625 0.050000 0.063750
0 0.131875 0.736875 0.056250 0.056250
0 0.931250 0.763750 0.042500 0.042500
0 0.918125 0.408125 0.071250 0.071250
0 0.383125 0.626875 0.048750 0.063750
0 0.727500 0.780000 0.060000 0.060000
0 0.945000 0.844375 0.027500 0.026250
0 0.105625 0.618750 0.096250 0.115000
0 0.724375 0.583125 0.106250 0.106250
0 0.165625 0.081875 0.103750 0.103750
0 0.730625 0.911875 0.071250 0.071250
0 0.135000 0.485625 0.027500 0.021250
0 0.895000 0.526250 0.080000 0.067500
0 0.286250 0.374375 0.037500 0.031250
0 0.057500 0.045625 0.080000 0.061250
0 0.730625 0.095000 0.111250 0.152500
0 0.321250 0.498125 0.025000 0.041250
0 0.580625 0.481250 0.088750 0.147500
0 0.405625 0.129375 0.041250 0.068750
0 0.045000 0.858750 0.057500 0.095000
0 0.070000 0.442500 0.032500 0.035000
0 0.136250 0.537500 0.032500 0.032500
0 0.846250 0.801250 0.112500 0.112500
0 0.188750 0.250000 0.037500 0.037500
0 0.910625 0.299375 0.061250 0.061250