0 0.473125 0.127500 0.106250 0.112500
0 0.791250 0.790000 0.047500 0.047500
0 0.383750 0.565000 0.105000 0.105000
0 0.226875 0.809375 0.083750 0.083750
0 0.693750 0.322500 0.040000 0.040000
0 0.725625 0.818125 0.038750 0.038750
0 0.568750 0.785000 0.042500 0.042500
0 0.692500 0.692500 0.055000 0.055000
0 0.611875 0.910625 0.093750 0.093750
0 0.901250 0.265000 0.077500 0.077500
0 0.273125 0.509375 0.101250 0.101250
0 0.128750 0.165000 0.062500 0.062500
0 0.250000 0.403750 0.035000 0.035000
0 0.664375 0.174375 0.078750 0.086250
0 0.051250 0.859375 0.045000 0.048750
0 0.901875 0.696875 0.086250 0.086250
0 0.333125 0.845625 0.098750 0.098750
0 0.761875 0.184375 0.078750 0.076250
0 0.587500 0.362500 0.107500 0.130000
0 0.482500 0.346250 0.072500 0.072500
0 0.867500 0.094375 0.110000 0.141250
0 0.166250 0.631250 0.092500 0.122500
0 0.741250 0.325625 0.037500 0.048750
0 0.078125 0.393750 0.106250 0.140000
0 0.566250 0.543750 0.100000 0.132500
0 0.781250 0.650000 0.025000 0.025000
0 0.584375 0.185625 0.063750 0.063750
0 0.523750 0.922500 0.065000 0.065000
0 0.866875 0.408125 0.106250 0.106250
0 0.383125 0.272500 0.108750 0.087500
0 0.530000 0.258750 0.055000 0.055000
0 0.227500 0.205000 0.027500 0.027500
0 0.058750 0.616250 0.080000 0.080000
0 0.718750 0.895625 0.042500 0.056250
0 0.865625 0.893125 0.101250 0.133750
0 0.327500 0.120625 0.107500 0.141250
0 0.277500 0.693750 0.087500 0.115000
0 0.643750 0.636250 0.040000 0.040000
0 0.526250 0.668750 0.037500 0.027500
0 0.905625 0.576875 0.108750 0.081250
0 0.580625 0.060625 0.093750 0.093750
0 0.434375 0.921875 0.066250 0.066250
0 0.726875 0.559375 0.086250 0.086250
0 0.259375 0.940625 0.058750 0.058750
0 0.430625 0.443125 0.103750 0.103750
0 0.134375 0.763125 0.066250 0.058750
0 0.720625 0.263125 0.036250 0.031250
0 0.895000 0.497500 0.037500 0.030000
0 0.438750 0.686875 0.050000 0.043750
0 0.151250 0.505000 0.062500 0.055000
0 0.440000 0.755000 0.042500 0.037500
0 0.251875 0.599375 0.058750 0.058750
0 0.160625 0.931875 0.058750 0.058750
0 0.131250 0.271250 0.087500 0.087500
0 0.718125 0.079375 0.056250 0.056250
0 0.711250 0.424375 0.097500 0.091250
0 0.130625 0.845625 0.083750 0.078750
0 0.355625 0.925625 0.026250 0.023750
0 0.280000 0.309375 0.065000 0.078750
0 0.238125 0.110625 0.051250 0.051250
0 0.114375 0.060625 0.066250 0.066250
0 0.600000 0.725000 0.052500 0.050000
0 0.156250 0.411875 0.030000 0.041250
0 0.355625 0.679375 0.048750 0.048750
0 0.787500 0.262500 0.042500 0.042500
0 0.065625 0.929375 0.071250 0.071250
0 0.051250 0.203750 0.055000 0.055000
0 0.378750 0.348750 0.045000 0.045000
0 0.632500 0.826250 0.042500 0.042500
0 0.581875 0.671250 0.053750 0.042500
0 0.473125 0.819375 0.068750 0.068750
0 0.696875 0.637500 0.051250 0.035000