0 0.850625 0.343125 0.046250 0.046250
0 0.131875 0.349375 0.063750 0.063750
0 0.725000 0.418750 0.080000 0.082500
0 0.461875 0.661875 0.103750 0.103750
0 0.285625 0.725000 0.111250 0.132500
0 0.745000 0.073750 0.065000 0.077500
0 0.357500 0.888750 0.090000 0.107500
0 0.470000 0.766875 0.070000 0.083750
0 0.578750 0.680000 0.062500 0.060000
0 0.620000 0.886250 0.070000 0.067500
0 0.181250 0.177500 0.047500 0.045000
0 0.458750 0.431250 0.067500 0.065000
0 0.948750 0.786875 0.030000 0.028750
0 0.901250 0.948125 0.032500 0.031250
0 0.734375 0.930000 0.041250 0.040000
0 0.907500 0.483125 0.047500 0.046250
0 0.900625 0.221875 0.078750 0.078750
0 0.577500 0.122500 0.032500 0.032500
0 0.793125 0.565625 0.093750 0.128750
0 0.163750 0.927500 0.030000 0.030000
0 0.435000 0.121250 0.052500 0.052500
0 0.598125 0.485625 0.058750 0.058750
0 0.580625 0.323125 0.088750 0.071250
0 0.601875 0.795000 0.096250 0.077500
0 0.089375 0.673125 0.066250 0.053750
0 0.370000 0.038125 0.025000 0.028750
0 0.760625 0.170625 0.081250 0.093750
0 0.948750 0.108125 0.062500 0.071250
0 0.171250 0.532500 0.067500 0.077500
0 0.290625 0.341875 0.058750 0.058750
0 0.354375 0.519375 0.048750 0.048750
0 0.226250 0.056250 0.060000 0.060000
0 0.831875 0.117500 0.026250 0.025000
0 0.060625 0.861875 0.058750 0.053750
0 0.754375 0.789375 0.111250 0.111250
0 0.218125 0.264375 0.051250 0.051250
0 0.280000 0.138750 0.087500 0.087500
0 0.275000 0.504375 0.090000 0.088750
0 0.105000 0.781875 0.067500 0.066250
0 0.641250 0.205625 0.102500 0.101250
0 0.796875 0.693125 0.096250 0.058750
0 0.062500 0.541250 0.077500 0.077500
0 0.941875 0.315625 0.061250 0.061250
0 0.596250 0.060000 0.057500 0.057500
0 0.095625 0.140625 0.098750 0.098750
0 0.256875 0.893125 0.086250 0.086250
0 0.491250 0.908750 0.057500 0.057500
0 0.385625 0.328125 0.031250 0.031250
0 0.399375 0.263125 0.088750 0.046250
0 0.868750 0.840000 0.080000 0.080000
0 0.685625 0.601250 0.083750 0.077500
0 0.442500 0.558125 0.085000 0.078750
0 0.957500 0.903125 0.050000 0.046250
0 0.919375 0.596875 0.096250 0.096250
0 0.510000 0.225000 0.105000 0.105000
0 0.451875 0.346875 0.073750 0.068750
0 0.196250 0.604375 0.040000 0.036250
0 0.083750 0.436250 0.087500 0.070000
0 0.292500 0.225625 0.080000 0.063750
0 0.671875 0.072500 0.063750 0.062500
0 0.890000 0.736875 0.065000 0.063750
0 0.273750 0.414375 0.047500 0.046250
0 0.768750 0.276250 0.060000 0.082500
0 0.411875 0.753125 0.026250 0.031250
0 0.555625 0.395625 0.043750 0.043750
0 0.823125 0.060625 0.051250 0.046250
0 0.511875 0.106875 0.061250 0.068750
0 0.878125 0.423750 0.051250 0.057500
0 0.199375 0.365625 0.041250 0.046250
0 0.591250 0.559375 0.052500 0.058750
0 0.088125 0.256875 0.081250 0.081250
0 0.195000 0.808750 0.050000 0.037500
0 0.751250 0.480625 0.025000 0.023750
0 0.523750 0.041250 0.027500 0.027500
0 0.064375 0.053125 0.051250 0.056250
0 0.339375 0.606875 0.078750 0.061250
0 0.357500 0.125000 0.050000 0.050000
0 0.695000 0.353125 0.032500 0.023750
0 0.176250 0.453125 0.057500 0.041250
0 0.156875 0.870000 0.096250 0.070000
0 0.880000 0.162500 0.025000 0.025000
0 0.186250 0.682500 0.055000 0.055000
0 0.296875 0.055625 0.031250 0.031250
0 0.299375 0.281875 0.046250 0.028750
0 0.663125 0.731875 0.051250 0.031250