0 0.723750 0.753750 0.025000 0.025000
0 0.126250 0.630000 0.045000 0.045000
0 0.346250 0.566250 0.105000 0.105000
0 0.898750 0.725000 0.060000 0.060000
0 0.350625 0.307500 0.048750 0.052500
0 0.756875 0.650000 0.066250 0.072500
0 0.615625 0.780625 0.028750 0.031250
0 0.540625 0.108750 0.063750 0.067500
0 0.668125 0.641875 0.063750 0.076250
0 0.956875 0.598750 0.046250 0.055000
0 0.536250 0.856875 0.082500 0.098750
0 0.720625 0.113125 0.038750 0.056250
0 0.120625 0.122500 0.028750 0.025000
0 0.871250 0.341250 0.045000 0.045000
0 0.155000 0.393125 0.080000 0.056250
0 0.791875 0.183750 0.061250 0.042500
0 0.325000 0.058750 0.082500 0.057500
0 0.135000 0.249375 0.100000 0.131250
0 0.200625 0.736875 0.091250 0.091250
0 0.411250 0.425000 0.110000 0.110000
0 0.551250 0.483750 0.090000 0.090000
0 0.403750 0.217500 0.112500 0.112500
0 0.202500 0.073750 0.105000 0.105000
0 0.519375 0.609375 0.111250 0.111250
0 0.718750 0.548750 0.077500 0.077500
0 0.895000 0.127500 0.075000 0.077500
0 0.056250 0.532500 0.077500 0.080000
0 0.593750 0.403750 0.050000 0.040000
0 0.793750 0.485625 0.032500 0.026250
0 0.037500 0.310000 0.027500 0.022500
0 0.573750 0.683750 0.027500 0.020000
0 0.935000 0.957500 0.035000 0.025000
0 0.728750 0.826250 0.067500 0.067500
0 0.815625 0.079375 0.063750 0.063750
0 0.441250 0.938750 0.055000 0.055000
0 0.056250 0.410625 0.085000 0.043750
0 0.283125 0.195000 0.111250 0.085000
0 0.143750 0.845000 0.070000 0.070000
0 0.452500 0.706250 0.057500 0.057500
0 0.291875 0.886875 0.068750 0.068750
0 0.053750 0.820625 0.050000 0.051250
0 0.537500 0.235625 0.030000 0.031250
0 0.701875 0.210625 0.073750 0.076250
0 0.836250 0.886875 0.100000 0.103750
0 0.575000 0.762500 0.030000 0.030000
0 0.557500 0.942500 0.045000 0.045000
0 0.485625 0.270625 0.033750 0.033750
0 0.415625 0.321875 0.063750 0.063750
0 0.782500 0.346875 0.097500 0.116250
0 0.285625 0.329375 0.063750 0.076250
0 0.920000 0.252500 0.110000 0.110000
0 0.600000 0.335000 0.070000 0.070000
0 0.338125 0.783125 0.091250 0.091250
0 0.843750 0.627500 0.070000 0.070000
0 0.081250 0.707500 0.072500 0.072500
0 0.891250 0.552500 0.057500 0.057500
0 0.221250 0.613750 0.077500 0.077500
0 0.188750 0.503750 0.085000 0.085000
0 0.671250 0.921250 0.105000 0.105000
0 0.422500 0.098750 0.077500 0.077500
0 0.041875 0.248125 0.031250 0.031250
0 0.372500 0.927500 0.032500 0.032500
0 0.053750 0.130000 0.080000 0.080000
0 0.340000 0.657500 0.045000 0.045000
0 0.929375 0.390625 0.056250 0.056250
0 0.656250 0.077500 0.067500 0.067500
0 0.414375 0.871875 0.028750 0.028750
0 0.942500 0.894375 0.082500 0.058750
0 0.268125 0.436875 0.026250 0.018750
0 0.618750 0.261250 0.070000 0.050000
0 0.493125 0.195625 0.036250 0.031250
0 0.046250 0.348750 0.032500 0.032500
0 0.822500 0.771250 0.047500 0.047500
0 0.458750 0.786250 0.055000 0.055000
0 0.668125 0.140625 0.033750 0.033750
0 0.487500 0.030000 0.027500 0.022500
0 0.715625 0.463125 0.053750 0.056250
0 0.077500 0.058125 0.027500 0.026250
0 0.474375 0.523125 0.041250 0.041250
0 0.652500 0.467500 0.055000 0.025000
0 0.505000 0.318750 0.095000 0.042500
0 0.093125 0.918750 0.106250 0.047500