0 0.648750 0.056875 0.055000 0.053750
0 0.403125 0.760000 0.106250 0.105000
0 0.114375 0.305000 0.048750 0.047500
0 0.823125 0.501250 0.051250 0.050000
0 0.597500 0.918125 0.092500 0.083750
0 0.570625 0.745000 0.071250 0.065000
0 0.684375 0.368125 0.088750 0.081250
0 0.070000 0.142500 0.092500 0.092500
0 0.471875 0.539375 0.043750 0.043750
0 0.952500 0.696250 0.030000 0.042500
0 0.492500 0.233125 0.030000 0.021250
0 0.933125 0.031250 0.041250 0.030000
0 0.702500 0.795000 0.085000 0.085000
0 0.206250 0.303750 0.075000 0.075000
0 0.915000 0.595000 0.107500 0.107500
0 0.163750 0.635625 0.075000 0.041250
0 0.604375 0.200625 0.098750 0.053750
0 0.459375 0.674375 0.093750 0.051250
0 0.536875 0.293125 0.081250 0.078750
0 0.902500 0.318750 0.072500 0.072500
0 0.310625 0.089375 0.051250 0.051250
0 0.533750 0.117500 0.092500 0.092500
0 0.763125 0.173125 0.081250 0.081250
0 0.788750 0.612500 0.080000 0.080000
0 0.506875 0.900625 0.036250 0.036250
0 0.437500 0.300000 0.080000 0.067500
0 0.132500 0.453125 0.072500 0.061250
0 0.173125 0.891875 0.076250 0.063750
0 0.362500 0.193750 0.112500 0.095000
0 0.674375 0.658750 0.053750 0.047500
0 0.307500 0.413125 0.112500 0.093750
0 0.949375 0.479375 0.053750 0.043750
0 0.193125 0.761875 0.041250 0.041250
0 0.781250 0.411250 0.085000 0.085000
0 0.913750 0.916250 0.112500 0.112500
0 0.513750 0.392500 0.030000 0.030000
0 0.548750 0.480000 0.095000 0.087500
0 0.769375 0.920625 0.101250 0.108750
0 0.401250 0.446250 0.025000 0.017500
0 0.083750 0.556250 0.075000 0.080000
0 0.296250 0.555000 0.110000 0.110000
0 0.195625 0.170625 0.101250 0.101250
0 0.185625 0.546875 0.093750 0.093750
0 0.891250 0.107500 0.107500 0.107500
0 0.066875 0.734375 0.103750 0.103750
0 0.898125 0.221875 0.106250 0.106250
0 0.253125 0.653125 0.061250 0.061250
0 0.815625 0.779375 0.108750 0.108750
0 0.280000 0.928750 0.077500 0.077500
0 0.658750 0.587500 0.077500 0.077500
0 0.431250 0.915000 0.087500 0.087500
0 0.580625 0.670000 0.031250 0.040000
0 0.060000 0.882500 0.052500 0.052500
0 0.561875 0.578125 0.083750 0.083750
0 0.752500 0.277500 0.082500 0.082500
0 0.336250 0.301250 0.092500 0.100000
0 0.955000 0.842500 0.025000 0.017500
0 0.084375 0.630000 0.041250 0.037500
0 0.241875 0.085000 0.056250 0.052500
0 0.295625 0.830625 0.078750 0.078750
0 0.578125 0.373125 0.036250 0.038750
0 0.400625 0.592500 0.081250 0.085000
0 0.131250 0.048750 0.067500 0.067500
0 0.397500 0.063750 0.087500 0.077500
0 0.910625 0.789375 0.066250 0.058750
0 0.725000 0.527500 0.035000 0.030000
0 0.216250 0.435625 0.052500 0.048750
0 0.390625 0.386250 0.036250 0.032500
0 0.778750 0.033750 0.037500 0.037500