0 0.261875 0.770625 0.078750 0.078750
0 0.840625 0.715625 0.058750 0.058750
0 0.930000 0.711250 0.062500 0.062500
0 0.146250 0.113750 0.087500 0.087500
0 0.118750 0.413750 0.102500 0.102500
0 0.383125 0.779375 0.056250 0.056250
0 0.718750 0.607500 0.052500 0.052500
0 0.956250 0.818750 0.040000 0.040000
0 0.521250 0.536250 0.110000 0.110000
0 0.401875 0.943125 0.056250 0.056250
0 0.831250 0.624375 0.047500 0.046250
0 0.888750 0.350000 0.112500 0.127500
0 0.146875 0.918125 0.041250 0.046250
0 0.551250 0.080000 0.090000 0.090000
0 0.674375 0.485625 0.071250 0.071250
0 0.100000 0.752500 0.110000 0.110000
0 0.315000 0.261250 0.112500 0.112500
0 0.673750 0.773750 0.095000 0.095000
0 0.439375 0.111875 0.108750 0.108750
0 0.578750 0.225000 0.067500 0.067500
0 0.963125 0.558125 0.038750 0.038750
0 0.297500 0.603750 0.092500 0.092500
0 0.192500 0.561250 0.070000 0.070000
0 0.891875 0.086875 0.098750 0.098750
0 0.781875 0.103125 0.106250 0.106250
0 0.569375 0.908125 0.058750 0.058750
0 0.261250 0.436250 0.027500 0.027500
0 0.633125 0.316875 0.098750 0.098750
0 0.726250 0.912500 0.100000 0.080000
0 0.192500 0.253750 0.105000 0.105000
0 0.450625 0.344375 0.098750 0.118750
0 0.560625 0.759375 0.088750 0.106250
0 0.835625 0.906250 0.058750 0.070000
0 0.431875 0.658125 0.106250 0.106250
0 0.830000 0.476875 0.090000 0.098750
0 0.936875 0.629375 0.036250 0.038750
0 0.066250 0.535625 0.100000 0.108750
0 0.820625 0.566250 0.043750 0.047500
0 0.270625 0.911875 0.111250 0.111250
0 0.806875 0.245625 0.063750 0.063750
0 0.763125 0.740625 0.028750 0.028750
0 0.238125 0.074375 0.063750 0.063750
0 0.921250 0.906250 0.080000 0.080000
0 0.086250 0.227500 0.055000 0.055000
0 0.063125 0.150625 0.026250 0.026250
0 0.639375 0.656875 0.066250 0.066250
0 0.332500 0.470000 0.077500 0.077500
0 0.432500 0.508750 0.040000 0.040000
0 0.277500 0.154375 0.040000 0.028750
0 0.664375 0.057500 0.028750 0.020000
0 0.937500 0.493750 0.100000 0.072500
0 0.066875 0.065000 0.031250 0.022500
0 0.147500 0.491250 0.025000 0.025000
0 0.426875 0.230625 0.086250 0.088750
0 0.828125 0.776250 0.046250 0.017500
0 0.750625 0.353125 0.096250 0.096250
0 0.550000 0.430625 0.050000 0.048750