0 0.110625 0.548125 0.066250 0.066250
0 0.168125 0.380000 0.103750 0.117500
0 0.851875 0.262500 0.046250 0.052500
0 0.447500 0.206250 0.095000 0.107500
0 0.854375 0.113125 0.046250 0.046250
0 0.790000 0.648750 0.060000 0.060000
0 0.377500 0.582500 0.107500 0.107500
0 0.305625 0.908125 0.076250 0.076250
0 0.144375 0.695625 0.103750 0.103750
0 0.192500 0.823750 0.100000 0.100000
0 0.581875 0.851875 0.066250 0.051250
0 0.132500 0.182500 0.072500 0.072500
0 0.558750 0.585000 0.050000 0.050000
0 0.579375 0.718125 0.091250 0.091250
0 0.285000 0.230625 0.082500 0.106250
0 0.934375 0.778125 0.073750 0.101250
0 0.399375 0.434375 0.048750 0.048750
0 0.878125 0.365625 0.066250 0.066250
0 0.591250 0.243750 0.032500 0.035000
0 0.947500 0.866250 0.030000 0.032500
0 0.163125 0.911875 0.053750 0.053750
0 0.960000 0.301250 0.030000 0.030000
0 0.613125 0.424375 0.061250 0.061250
0 0.694375 0.075625 0.076250 0.076250
0 0.710000 0.431875 0.082500 0.076250
0 0.713750 0.510000 0.057500 0.065000
0 0.472500 0.643125 0.060000 0.068750
0 0.480625 0.097500 0.078750 0.090000
0 0.735000 0.331250 0.037500 0.042500
0 0.496875 0.373125 0.061250 0.056250
0 0.838125 0.859375 0.096250 0.096250
0 0.331875 0.790000 0.111250 0.110000
0 0.864375 0.678750 0.058750 0.057500
0 0.220000 0.530625 0.107500 0.106250
0 0.645625 0.206250 0.061250 0.060000
0 0.446250 0.810625 0.067500 0.103750
0 0.912500 0.951250 0.025000 0.025000
0 0.755000 0.192500 0.075000 0.075000
0 0.303125 0.031875 0.033750 0.033750
0 0.743125 0.766250 0.076250 0.087500
0 0.831250 0.571875 0.075000 0.076250
0 0.581875 0.074375 0.091250 0.091250
0 0.247500 0.105625 0.075000 0.071250
0 0.518750 0.508750 0.032500 0.030000
0 0.055625 0.070000 0.056250 0.052500
0 0.291875 0.366875 0.083750 0.083750
0 0.863125 0.465625 0.061250 0.061250
0 0.866875 0.064375 0.026250 0.026250
0 0.675625 0.925625 0.086250 0.086250
0 0.731250 0.643750 0.032500 0.040000
0 0.619375 0.314375 0.081250 0.081250
0 0.934375 0.546875 0.083750 0.083750
0 0.089375 0.310625 0.036250 0.036250
0 0.928125 0.080625 0.068750 0.068750
0 0.498125 0.298125 0.046250 0.041250
0 0.062500 0.855000 0.072500 0.072500
0 0.067500 0.928750 0.047500 0.047500
0 0.149375 0.292500 0.066250 0.035000
0 0.280625 0.672500 0.091250 0.047500
0 0.331250 0.497500 0.072500 0.037500
0 0.798750 0.050000 0.052500 0.052500
0 0.944375 0.670625 0.081250 0.081250
0 0.390625 0.083750 0.046250 0.037500
0 0.540000 0.188750 0.075000 0.045000
0 0.960625 0.454375 0.041250 0.023750
0 0.163125 0.023750 0.038750 0.022500
0 0.935000 0.221250 0.087500 0.087500
0 0.540625 0.933125 0.026250 0.026250