0 0.728125 0.280625 0.108750 0.108750
0 0.575625 0.815625 0.041250 0.041250
0 0.648750 0.438750 0.067500 0.067500
0 0.089375 0.953125 0.038750 0.038750
0 0.070000 0.440000 0.080000 0.080000
0 0.935625 0.859375 0.086250 0.086250
0 0.405625 0.670625 0.096250 0.096250
0 0.643750 0.552500 0.085000 0.085000
0 0.458750 0.490000 0.045000 0.045000
0 0.293125 0.213125 0.078750 0.078750
0 0.296250 0.286250 0.025000 0.025000
0 0.060625 0.842500 0.038750 0.040000
0 0.180625 0.248750 0.063750 0.062500
0 0.872500 0.286875 0.030000 0.028750
0 0.425625 0.156250 0.073750 0.072500
0 0.581250 0.115000 0.030000 0.030000
0 0.788125 0.101875 0.053750 0.053750
0 0.898125 0.565000 0.056250 0.052500
0 0.358750 0.834375 0.107500 0.101250
0 0.741250 0.508125 0.057500 0.053750
0 0.150000 0.841875 0.097500 0.091250
0 0.235000 0.525000 0.080000 0.080000
0 0.445625 0.344375 0.086250 0.086250
0 0.892500 0.375000 0.087500 0.087500
0 0.158125 0.428125 0.071250 0.086250
0 0.089375 0.099375 0.071250 0.086250
0 0.767500 0.791250 0.102500 0.125000
0 0.271875 0.350625 0.048750 0.058750
0 0.078750 0.651875 0.102500 0.088750
0 0.921250 0.676250 0.077500 0.077500
0 0.936250 0.212500 0.067500 0.067500
0 0.326250 0.065000 0.065000 0.065000
0 0.755625 0.915625 0.081250 0.073750
0 0.288125 0.698125 0.061250 0.048750
0 0.887500 0.136875 0.077500 0.061250
0 0.064375 0.181875 0.031250 0.031250
0 0.584375 0.191875 0.103750 0.103750
0 0.415625 0.550625 0.026250 0.026250
0 0.193125 0.693125 0.028750 0.023750
0 0.542500 0.731875 0.107500 0.091250
0 0.392500 0.917500 0.045000 0.037500
0 0.531875 0.366875 0.046250 0.038750
0 0.795000 0.600625 0.082500 0.091250
0 0.570000 0.464375 0.035000 0.038750
0 0.555625 0.624375 0.046250 0.051250
0 0.666250 0.817500 0.062500 0.077500
0 0.526875 0.100625 0.058750 0.058750
0 0.183750 0.151250 0.102500 0.102500
0 0.458750 0.081250 0.047500 0.047500
0 0.056250 0.346875 0.042500 0.033750
0 0.495625 0.924375 0.093750 0.093750
0 0.392500 0.433750 0.040000 0.040000
0 0.828750 0.686250 0.060000 0.060000
0 0.703125 0.068125 0.098750 0.098750
0 0.589375 0.875625 0.043750 0.043750
0 0.656250 0.681250 0.100000 0.100000
0 0.043125 0.768125 0.056250 0.056250
0 0.658125 0.904375 0.063750 0.063750
0 0.167500 0.330000 0.055000 0.065000
0 0.262500 0.872500 0.060000 0.077500
0 0.445000 0.794375 0.047500 0.061250
0 0.108750 0.336875 0.047500 0.061250
0 0.942500 0.036250 0.037500 0.047500
0 0.153125 0.531250 0.048750 0.052500
0 0.085625 0.516875 0.056250 0.053750
0 0.460000 0.241250 0.040000 0.037500