0 0.893750 0.345000 0.040000 0.045000
0 0.316875 0.134375 0.103750 0.118750
0 0.561875 0.926250 0.046250 0.052500
0 0.481250 0.435000 0.102500 0.100000
0 0.053125 0.938125 0.031250 0.028750
0 0.870000 0.892500 0.032500 0.030000
0 0.840625 0.816875 0.093750 0.088750
0 0.196875 0.840000 0.106250 0.100000
0 0.704375 0.914375 0.101250 0.121250
0 0.592500 0.585000 0.112500 0.135000
0 0.314375 0.667500 0.093750 0.112500
0 0.401250 0.857500 0.077500 0.077500
0 0.715625 0.165625 0.068750 0.068750
0 0.109375 0.463125 0.051250 0.051250
0 0.536875 0.165625 0.083750 0.101250
0 0.740625 0.528750 0.058750 0.045000
0 0.367500 0.528125 0.040000 0.041250
0 0.798750 0.230000 0.030000 0.030000
0 0.306875 0.431875 0.101250 0.101250
0 0.144375 0.305625 0.111250 0.111250
0 0.757500 0.297500 0.047500 0.037500
0 0.498125 0.310000 0.026250 0.020000
0 0.313125 0.048750 0.028750 0.022500
0 0.962500 0.591250 0.045000 0.035000
0 0.965625 0.301875 0.041250 0.041250
0 0.097500 0.187500 0.097500 0.097500
0 0.722500 0.781250 0.072500 0.072500
0 0.060625 0.773125 0.096250 0.096250
0 0.961250 0.661250 0.047500 0.047500
0 0.643750 0.332500 0.077500 0.077500
0 0.630625 0.191875 0.028750 0.028750
0 0.382500 0.778750 0.032500 0.032500
0 0.432500 0.567500 0.027500 0.027500
0 0.833750 0.455000 0.080000 0.080000
0 0.224375 0.144375 0.033750 0.033750
0 0.900000 0.173750 0.027500 0.027500
0 0.294375 0.925625 0.071250 0.071250
0 0.578750 0.818750 0.077500 0.077500
0 0.250000 0.268750 0.045000 0.045000
0 0.106875 0.606250 0.056250 0.067500
0 0.810000 0.640000 0.092500 0.112500
0 0.387500 0.613750 0.037500 0.045000
0 0.632500 0.721250 0.067500 0.067500
0 0.163125 0.101875 0.036250 0.036250
0 0.455000 0.106250 0.037500 0.037500
0 0.948750 0.790000 0.045000 0.045000
0 0.638750 0.455000 0.055000 0.055000
0 0.862500 0.098750 0.082500 0.082500
0 0.551250 0.086250 0.032500 0.032500
0 0.229375 0.358125 0.038750 0.038750
0 0.176875 0.685625 0.063750 0.063750
0 0.571250 0.465000 0.057500 0.057500
0 0.412500 0.320000 0.075000 0.075000
0 0.431875 0.162500 0.073750 0.060000
0 0.761250 0.085000 0.077500 0.077500
0 0.932500 0.248750 0.040000 0.040000
0 0.281875 0.556875 0.093750 0.093750
0 0.471875 0.713125 0.103750 0.103750
0 0.484375 0.860000 0.071250 0.077500
0 0.070000 0.067500 0.055000 0.055000
0 0.730000 0.379375 0.070000 0.096250
0 0.940625 0.430000 0.078750 0.107500
0 0.196250 0.596250 0.047500 0.057500
0 0.565000 0.335000 0.062500 0.062500
0 0.945000 0.071250 0.027500 0.027500
0 0.699375 0.625625 0.086250 0.086250
0 0.688750 0.538750 0.030000 0.030000
0 0.801250 0.931250 0.067500 0.067500
0 0.637500 0.141250 0.055000 0.055000
0 0.328125 0.836875 0.038750 0.053750
0 0.331875 0.260625 0.068750 0.096250
0 0.624375 0.950625 0.043750 0.043750
0 0.485625 0.574375 0.063750 0.063750
0 0.224375 0.048125 0.063750 0.063750