0 0.178125 0.899375 0.068750 0.081250
0 0.846250 0.396250 0.067500 0.080000
0 0.392500 0.225000 0.030000 0.035000
0 0.560625 0.643125 0.058750 0.058750
0 0.714375 0.061875 0.061250 0.061250
0 0.464375 0.235625 0.081250 0.081250
0 0.459375 0.133125 0.046250 0.046250
0 0.447500 0.405000 0.055000 0.055000
0 0.625000 0.128750 0.100000 0.100000
0 0.207500 0.380000 0.032500 0.032500
0 0.356875 0.776875 0.098750 0.098750
0 0.569375 0.750625 0.103750 0.103750
0 0.491875 0.538125 0.081250 0.081250
0 0.821250 0.106250 0.035000 0.035000
0 0.940625 0.123750 0.093750 0.092500
0 0.682500 0.686875 0.047500 0.046250
0 0.588750 0.263125 0.097500 0.096250
0 0.140000 0.206250 0.112500 0.100000
0 0.405625 0.516250 0.076250 0.067500
0 0.253750 0.298125 0.075000 0.066250
0 0.530625 0.889375 0.108750 0.108750
0 0.786250 0.543125 0.112500 0.103750
0 0.126875 0.076875 0.056250 0.043750
0 0.716875 0.326250 0.036250 0.035000
0 0.132500 0.575625 0.030000 0.028750
0 0.959375 0.573125 0.056250 0.051250
0 0.170625 0.682500 0.041250 0.040000
0 0.650000 0.476250 0.105000 0.102500
0 0.063125 0.481875 0.043750 0.043750
0 0.421250 0.070000 0.025000 0.032500
0 0.075000 0.555000 0.057500 0.057500
0 0.613750 0.571250 0.025000 0.025000
0 0.201875 0.103125 0.066250 0.066250
0 0.120625 0.295625 0.053750 0.053750
0 0.443750 0.627500 0.082500 0.082500
0 0.096250 0.357500 0.050000 0.050000
0 0.780000 0.041875 0.037500 0.038750
0 0.285000 0.387500 0.075000 0.077500
0 0.818750 0.309375 0.032500 0.033750
0 0.738125 0.875625 0.073750 0.076250
0 0.142500 0.477500 0.075000 0.075000
0 0.213125 0.588125 0.111250 0.111250
0 0.066875 0.908125 0.106250 0.098750
0 0.158125 0.804375 0.048750 0.048750
0 0.274375 0.916875 0.086250 0.093750
0 0.355625 0.930625 0.061250 0.073750
0 0.049375 0.311875 0.026250 0.026250
0 0.835000 0.657500 0.095000 0.095000
0 0.838750 0.235000 0.100000 0.100000
0 0.888125 0.800625 0.056250 0.056250