0 0.665625 0.633750 0.088750 0.085000
0 0.745625 0.766875 0.058750 0.041250
0 0.526875 0.401875 0.038750 0.038750
0 0.735625 0.393125 0.098750 0.098750
0 0.708750 0.198750 0.070000 0.070000
0 0.208125 0.389375 0.106250 0.098750
0 0.266250 0.187500 0.072500 0.080000
0 0.438125 0.330625 0.056250 0.056250
0 0.590000 0.105000 0.090000 0.087500
0 0.358750 0.862500 0.050000 0.050000
0 0.435625 0.431875 0.036250 0.036250
0 0.608750 0.476250 0.065000 0.065000
0 0.781250 0.821250 0.040000 0.040000
0 0.831250 0.868750 0.030000 0.030000
0 0.360000 0.682500 0.097500 0.097500
0 0.859375 0.656875 0.083750 0.083750
0 0.551875 0.810625 0.068750 0.068750
0 0.221875 0.938125 0.068750 0.068750
0 0.512500 0.935000 0.067500 0.067500
0 0.319375 0.073125 0.053750 0.053750
0 0.727500 0.090625 0.097500 0.106250
0 0.089375 0.123125 0.108750 0.113750
0 0.090625 0.648125 0.096250 0.096250
0 0.921875 0.944375 0.058750 0.058750
0 0.573750 0.338750 0.050000 0.050000
0 0.135000 0.282500 0.062500 0.062500
0 0.860000 0.307500 0.065000 0.065000
0 0.493750 0.222500 0.092500 0.092500
0 0.300000 0.526250 0.062500 0.060000
0 0.665000 0.942500 0.060000 0.050000
0 0.190000 0.821875 0.087500 0.076250
0 0.598125 0.203750 0.058750 0.060000
0 0.554375 0.691875 0.108750 0.108750
0 0.243750 0.632500 0.090000 0.090000
0 0.453125 0.051875 0.051250 0.051250
0 0.902500 0.182500 0.095000 0.095000
0 0.948125 0.601875 0.031250 0.031250
0 0.090625 0.456875 0.026250 0.026250
0 0.827500 0.735000 0.052500 0.052500
0 0.039375 0.935625 0.053750 0.053750
0 0.350000 0.250625 0.060000 0.071250
0 0.958750 0.691875 0.030000 0.031250
0 0.518125 0.511875 0.096250 0.111250
0 0.771875 0.622500 0.076250 0.087500
0 0.937500 0.834375 0.087500 0.101250
0 0.616875 0.876250 0.046250 0.052500
0 0.855625 0.466250 0.091250 0.087500
0 0.718125 0.720000 0.053750 0.035000
0 0.703750 0.512500 0.090000 0.090000
0 0.189375 0.710625 0.046250 0.046250
0 0.086250 0.813750 0.092500 0.092500
0 0.804375 0.120625 0.038750 0.038750
0 0.230625 0.071875 0.093750 0.093750
0 0.306250 0.939375 0.085000 0.068750
0 0.091250 0.548750 0.082500 0.080000
0 0.889375 0.741250 0.026250 0.025000
0 0.714375 0.831875 0.051250 0.051250