0 0.135000 0.836250 0.042500 0.042500
0 0.690000 0.482500 0.075000 0.075000
0 0.712500 0.312500 0.105000 0.105000
0 0.088125 0.123125 0.053750 0.053750
0 0.438125 0.525625 0.088750 0.088750
0 0.321875 0.631875 0.046250 0.046250
0 0.586250 0.292500 0.032500 0.032500
0 0.663750 0.687500 0.075000 0.075000
0 0.780000 0.673125 0.047500 0.038750
0 0.213125 0.560000 0.098750 0.080000
0 0.642500 0.126250 0.025000 0.020000
0 0.567500 0.406875 0.112500 0.061250
0 0.631875 0.834375 0.083750 0.083750
0 0.321250 0.717500 0.040000 0.040000
0 0.520625 0.331875 0.031250 0.031250
0 0.766875 0.115625 0.098750 0.098750
0 0.335625 0.240625 0.056250 0.056250
0 0.929375 0.056875 0.086250 0.086250
0 0.867500 0.283750 0.030000 0.030000
0 0.758125 0.851875 0.043750 0.043750
0 0.444375 0.880625 0.028750 0.028750
0 0.877500 0.875000 0.055000 0.055000
0 0.831875 0.474375 0.108750 0.108750
0 0.555000 0.640000 0.027500 0.027500
0 0.326875 0.804375 0.078750 0.078750
0 0.826875 0.758125 0.073750 0.073750
0 0.101875 0.649375 0.058750 0.036250
0 0.961250 0.175625 0.035000 0.021250
0 0.880000 0.191875 0.042500 0.026250
0 0.794375 0.593125 0.098750 0.098750
0 0.690625 0.941875 0.061250 0.063750
0 0.554375 0.562500 0.093750 0.097500
0 0.316875 0.157500 0.091250 0.095000
0 0.277500 0.895000 0.092500 0.087500
0 0.157500 0.330625 0.095000 0.096250
0 0.074375 0.448125 0.101250 0.113750
0 0.157500 0.778125 0.050000 0.056250
0 0.043750 0.248750 0.057500 0.065000
0 0.778125 0.040000 0.028750 0.032500
0 0.481875 0.054375 0.091250 0.083750
0 0.150000 0.059375 0.035000 0.031250
0 0.506250 0.721250 0.095000 0.095000
0 0.922500 0.610000 0.050000 0.050000
0 0.065000 0.762500 0.045000 0.045000
0 0.451875 0.390000 0.046250 0.047500
0 0.193750 0.073125 0.037500 0.038750
0 0.595625 0.212500 0.098750 0.102500
0 0.315625 0.486250 0.031250 0.032500
0 0.290625 0.376250 0.096250 0.102500
0 0.173125 0.228125 0.076250 0.081250
0 0.806250 0.264375 0.052500 0.056250
0 0.520000 0.868750 0.107500 0.107500
0 0.385625 0.075000 0.028750 0.025000
0 0.727500 0.220625 0.062500 0.056250
0 0.881250 0.353750 0.097500 0.087500
0 0.388125 0.943750 0.053750 0.020000
0 0.242500 0.462500 0.097500 0.037500
0 0.905625 0.828750 0.033750 0.012500
0 0.136250 0.939375 0.095000 0.036250
0 0.844375 0.153125 0.033750 0.033750
0 0.518750 0.795000 0.025000 0.025000
0 0.403125 0.213125 0.061250 0.061250
0 0.688125 0.584375 0.098750 0.098750
0 0.089375 0.565625 0.103750 0.103750
0 0.418750 0.336250 0.035000 0.035000
0 0.241250 0.713750 0.087500 0.087500
0 0.304375 0.559375 0.063750 0.063750
0 0.854375 0.086875 0.031250 0.031250
0 0.896875 0.140625 0.048750 0.048750
0 0.239375 0.134375 0.046250 0.046250
0 0.525625 0.958125 0.031250 0.031250
0 0.467500 0.228125 0.040000 0.076250
0 0.169375 0.144375 0.066250 0.066250
0 0.940000 0.505000 0.082500 0.077500
0 0.588125 0.120625 0.068750 0.063750
0 0.271875 0.070000 0.063750 0.060000
0 0.951250 0.262500 0.067500 0.067500
0 0.802500 0.916250 0.062500 0.062500
0 0.464375 0.613125 0.063750 0.063750
0 0.929375 0.731250 0.026250 0.025000
0 0.564375 0.040625 0.053750 0.053750
0 0.669375 0.066250 0.078750 0.077500
0 0.732500 0.772500 0.077500 0.077500
0 0.413125 0.718125 0.053750 0.053750
0 0.898125 0.676250 0.066250 0.060000