0 0.388750 0.667500 0.077500 0.077500
0 0.640000 0.695000 0.070000 0.070000
0 0.186250 0.141250 0.042500 0.050000
0 0.240625 0.744375 0.058750 0.048750
0 0.103750 0.650000 0.102500 0.067500
0 0.583125 0.208125 0.071250 0.046250
0 0.588125 0.817500 0.081250 0.052500
0 0.337500 0.559375 0.112500 0.073750
0 0.193125 0.926875 0.026250 0.018750
0 0.374375 0.301875 0.091250 0.091250
0 0.941875 0.484375 0.053750 0.053750
0 0.556250 0.590000 0.067500 0.067500
0 0.780625 0.638125 0.106250 0.106250
0 0.316875 0.150625 0.106250 0.106250
0 0.785625 0.435625 0.051250 0.051250
0 0.065000 0.271875 0.035000 0.028750
0 0.490000 0.205000 0.095000 0.095000
0 0.827500 0.549375 0.092500 0.048750
0 0.681250 0.881875 0.027500 0.013750
0 0.648125 0.540625 0.046250 0.023750
0 0.467500 0.104375 0.102500 0.053750
0 0.902500 0.204375 0.107500 0.106250
0 0.761250 0.142500 0.065000 0.065000
0 0.360625 0.441875 0.028750 0.028750
0 0.278125 0.904375 0.101250 0.101250
0 0.922500 0.676250 0.045000 0.045000
0 0.546250 0.468125 0.107500 0.121250
0 0.751875 0.062500 0.033750 0.037500
0 0.217500 0.438750 0.037500 0.042500
0 0.230625 0.568125 0.066250 0.066250
0 0.433125 0.434375 0.068750 0.068750
0 0.120000 0.573750 0.040000 0.040000
0 0.810625 0.849375 0.071250 0.071250
0 0.075625 0.891875 0.101250 0.138750
0 0.273125 0.337500 0.091250 0.125000
0 0.746250 0.264375 0.062500 0.073750
0 0.260625 0.482500 0.026250 0.030000
0 0.768125 0.774375 0.061250 0.061250
0 0.881250 0.473750 0.052500 0.052500
0 0.191875 0.061250 0.078750 0.092500
0 0.076875 0.504375 0.063750 0.066250
0 0.149375 0.766250 0.093750 0.097500
0 0.063125 0.423750 0.058750 0.047500
0 0.227500 0.625000 0.025000 0.025000
0 0.483750 0.831250 0.107500 0.107500
0 0.611875 0.911875 0.043750 0.043750
0 0.928125 0.549375 0.031250 0.031250
0 0.671250 0.295000 0.047500 0.045000
0 0.561875 0.323125 0.108750 0.108750
0 0.578750 0.081250 0.065000 0.065000
0 0.028125 0.176875 0.028750 0.028750
0 0.938750 0.872500 0.085000 0.085000
0 0.060000 0.572500 0.027500 0.032500
0 0.831875 0.763125 0.036250 0.043750
0 0.893750 0.318125 0.112500 0.101250
0 0.230625 0.818125 0.051250 0.046250
0 0.698750 0.441875 0.085000 0.116250
0 0.864375 0.082500 0.086250 0.117500
0 0.498125 0.919375 0.041250 0.041250
0 0.306250 0.050000 0.052500 0.052500
0 0.875625 0.677500 0.028750 0.027500
0 0.491875 0.702500 0.096250 0.087500
0 0.276875 0.683125 0.046250 0.041250
0 0.830625 0.920625 0.053750 0.048750
0 0.217500 0.214375 0.065000 0.063750
0 0.373750 0.848125 0.060000 0.058750