0 0.065625 0.136250 0.106250 0.132500
0 0.109375 0.299375 0.088750 0.111250
0 0.612500 0.178750 0.087500 0.110000
0 0.666875 0.507500 0.086250 0.107500
0 0.366250 0.357500 0.105000 0.127500
0 0.135625 0.775625 0.076250 0.076250
0 0.470625 0.703125 0.043750 0.043750
0 0.434375 0.153125 0.066250 0.066250
0 0.693750 0.807500 0.047500 0.047500
0 0.546875 0.797500 0.051250 0.050000
0 0.596875 0.571875 0.026250 0.018750
0 0.236875 0.934375 0.078750 0.078750
0 0.813750 0.720000 0.097500 0.097500
0 0.933125 0.394375 0.098750 0.098750
0 0.108125 0.573750 0.028750 0.040000
0 0.515625 0.859375 0.038750 0.053750
0 0.045625 0.650625 0.048750 0.056250
0 0.702500 0.722500 0.040000 0.045000
0 0.638750 0.646250 0.112500 0.050000
0 0.381250 0.517500 0.052500 0.042500
0 0.429375 0.053125 0.026250 0.026250
0 0.806875 0.171875 0.108750 0.108750
0 0.238125 0.339375 0.026250 0.023750
0 0.096875 0.445625 0.058750 0.053750
0 0.539375 0.595625 0.068750 0.086250
0 0.063750 0.891875 0.067500 0.083750
0 0.834375 0.578125 0.098750 0.098750
0 0.936250 0.148750 0.045000 0.045000
0 0.158125 0.400625 0.048750 0.026250
0 0.630000 0.395625 0.035000 0.033750
0 0.201250 0.611250 0.090000 0.090000
0 0.437500 0.236250 0.055000 0.055000
0 0.355000 0.676250 0.035000 0.035000
0 0.948750 0.787500 0.067500 0.067500
0 0.501875 0.349375 0.076250 0.076250
0 0.141875 0.928750 0.048750 0.040000
0 0.931250 0.883750 0.097500 0.097500
0 0.278750 0.166250 0.092500 0.092500
0 0.819375 0.071875 0.051250 0.051250
0 0.341875 0.578125 0.058750 0.053750
0 0.257500 0.720000 0.090000 0.090000
0 0.370000 0.767500 0.092500 0.092500
0 0.312500 0.645000 0.035000 0.035000
0 0.712500 0.372500 0.055000 0.055000