0 0.870625 0.765625 0.043750 0.043750
0 0.498125 0.610625 0.048750 0.048750
0 0.551250 0.836250 0.095000 0.095000
0 0.955625 0.811250 0.043750 0.042500
0 0.321875 0.090000 0.071250 0.070000
0 0.695000 0.560625 0.095000 0.093750
0 0.273750 0.166250 0.042500 0.042500
0 0.166250 0.406875 0.107500 0.106250
0 0.171875 0.793125 0.106250 0.061250
0 0.690625 0.865000 0.111250 0.107500
0 0.286875 0.331875 0.063750 0.061250
0 0.678125 0.698125 0.038750 0.038750
0 0.552500 0.205625 0.102500 0.116250
0 0.115000 0.937500 0.080000 0.070000
0 0.276875 0.633750 0.088750 0.077500
0 0.406875 0.944375 0.043750 0.043750
0 0.280625 0.405625 0.051250 0.051250
0 0.495000 0.560000 0.035000 0.035000
0 0.579375 0.385625 0.103750 0.103750
0 0.409375 0.836875 0.083750 0.083750
0 0.094375 0.699375 0.111250 0.111250
0 0.705000 0.340000 0.067500 0.067500
0 0.350000 0.730000 0.082500 0.082500
0 0.642500 0.195000 0.050000 0.050000
0 0.876250 0.510000 0.105000 0.105000
0 0.076875 0.553125 0.028750 0.028750
0 0.823750 0.372500 0.082500 0.082500
0 0.863125 0.856875 0.111250 0.111250
0 0.467500 0.113750 0.032500 0.032500
0 0.915000 0.255000 0.110000 0.107500
0 0.410625 0.346250 0.043750 0.042500
0 0.354375 0.257500 0.066250 0.065000
0 0.745625 0.120000 0.068750 0.060000
0 0.508750 0.693750 0.077500 0.067500
0 0.870625 0.633125 0.056250 0.053750
0 0.058750 0.431875 0.080000 0.076250
0 0.754375 0.661875 0.061250 0.061250
0 0.206875 0.135625 0.066250 0.066250
0 0.559375 0.065000 0.033750 0.042500
0 0.049375 0.081250 0.063750 0.055000
0 0.450000 0.413750 0.060000 0.052500
0 0.436250 0.044375 0.045000 0.061250
0 0.263750 0.921250 0.100000 0.065000
0 0.156250 0.584375 0.025000 0.016250
0 0.125625 0.063125 0.033750 0.021250
0 0.386875 0.600625 0.063750 0.041250
0 0.876875 0.118750 0.048750 0.045000
0 0.439375 0.694375 0.031250 0.028750
0 0.738750 0.201875 0.082500 0.076250
0 0.720625 0.760625 0.056250 0.051250
0 0.045000 0.163750 0.042500 0.047500
0 0.573125 0.931250 0.083750 0.077500
0 0.116250 0.246875 0.077500 0.071250
0 0.371875 0.460625 0.076250 0.076250
0 0.584375 0.599375 0.038750 0.038750
0 0.577500 0.291250 0.040000 0.035000
0 0.816250 0.290000 0.062500 0.062500
0 0.938750 0.107500 0.035000 0.035000
0 0.634375 0.470625 0.051250 0.046250
0 0.375625 0.174375 0.081250 0.073750
0 0.472500 0.911250 0.045000 0.045000
0 0.646250 0.086250 0.082500 0.082500
0 0.085000 0.836250 0.052500 0.052500
0 0.927500 0.376250 0.092500 0.092500
0 0.209375 0.301875 0.048750 0.048750
0 0.111875 0.170625 0.051250 0.051250
0 0.166875 0.511875 0.076250 0.076250
0 0.274375 0.489375 0.086250 0.086250
0 0.946250 0.606250 0.050000 0.050000
0 0.768125 0.473125 0.066250 0.058750
0 0.618750 0.305625 0.025000 0.028750
0 0.705625 0.467500 0.036250 0.037500