0 0.461875 0.080625 0.031250 0.031250
0 0.121250 0.433750 0.047500 0.047500
0 0.396250 0.266250 0.107500 0.107500
0 0.241875 0.641875 0.108750 0.108750
0 0.881250 0.798125 0.030000 0.028750
0 0.549375 0.358750 0.081250 0.077500
0 0.445000 0.457500 0.042500 0.040000
0 0.925000 0.383750 0.112500 0.107500
0 0.503750 0.942500 0.045000 0.045000
0 0.583750 0.743750 0.050000 0.050000
0 0.186875 0.476875 0.046250 0.053750
0 0.590000 0.940625 0.040000 0.046250
0 0.882500 0.586875 0.037500 0.043750
0 0.104375 0.093750 0.061250 0.037500
0 0.815000 0.891250 0.075000 0.075000
0 0.696875 0.725625 0.108750 0.108750
0 0.748750 0.531250 0.050000 0.037500
0 0.285000 0.297500 0.052500 0.052500
0 0.414375 0.588750 0.098750 0.110000
0 0.213125 0.115000 0.041250 0.030000
0 0.190000 0.338750 0.082500 0.060000
0 0.615625 0.460625 0.053750 0.053750
0 0.515000 0.191250 0.035000 0.035000
0 0.349375 0.403750 0.081250 0.080000
0 0.927500 0.663750 0.087500 0.087500
0 0.363750 0.731250 0.047500 0.047500
0 0.887500 0.505000 0.082500 0.082500
0 0.828125 0.570625 0.026250 0.026250
0 0.099375 0.903125 0.083750 0.083750
0 0.405625 0.824375 0.038750 0.038750
0 0.822500 0.398750 0.072500 0.072500
0 0.502500 0.755000 0.065000 0.065000
0 0.092500 0.250000 0.045000 0.045000
0 0.536875 0.066875 0.098750 0.098750
0 0.835000 0.151250 0.100000 0.100000
0 0.325625 0.933125 0.086250 0.076250
0 0.958125 0.074375 0.036250 0.031250
0 0.942500 0.290000 0.035000 0.030000
0 0.196875 0.199375 0.083750 0.073750
0 0.727500 0.408750 0.085000 0.085000
0 0.459375 0.864375 0.043750 0.043750
0 0.227500 0.763125 0.112500 0.081250
0 0.090000 0.679375 0.092500 0.101250
0 0.573750 0.594375 0.090000 0.098750
0 0.660000 0.186250 0.082500 0.090000
0 0.103750 0.547500 0.072500 0.072500
0 0.563750 0.843750 0.080000 0.080000
0 0.238750 0.918750 0.035000 0.035000
0 0.300625 0.520625 0.063750 0.063750
0 0.692500 0.902500 0.077500 0.077500
0 0.160625 0.838125 0.026250 0.026250
0 0.685000 0.563750 0.057500 0.057500
0 0.618125 0.338125 0.038750 0.038750
0 0.705625 0.273125 0.048750 0.048750
0 0.387500 0.087500 0.095000 0.092500
0 0.531250 0.505000 0.067500 0.065000
0 0.915625 0.853750 0.053750 0.052500
0 0.680625 0.629375 0.043750 0.043750
0 0.940625 0.216875 0.081250 0.081250
0 0.478125 0.388125 0.038750 0.038750
0 0.689375 0.062500 0.096250 0.097500
0 0.069375 0.464375 0.031250 0.031250