0 0.287500 0.909375 0.107500 0.131250
0 0.517500 0.315625 0.090000 0.088750
0 0.759375 0.118125 0.073750 0.076250
0 0.909375 0.634375 0.071250 0.073750
0 0.493750 0.105625 0.095000 0.083750
0 0.795625 0.935625 0.038750 0.033750
0 0.170625 0.678125 0.038750 0.033750
0 0.963750 0.926875 0.040000 0.051250
0 0.558125 0.642500 0.038750 0.050000
0 0.660000 0.212500 0.102500 0.132500
0 0.395625 0.591875 0.103750 0.133750
0 0.703750 0.793750 0.060000 0.060000
0 0.109375 0.441250 0.081250 0.072500
0 0.767500 0.237500 0.075000 0.067500
0 0.615000 0.367500 0.050000 0.045000
0 0.401875 0.907500 0.086250 0.077500
0 0.782500 0.469375 0.070000 0.078750
0 0.396875 0.298125 0.058750 0.058750
0 0.454375 0.218125 0.063750 0.063750
0 0.126875 0.063125 0.098750 0.098750
0 0.097500 0.227500 0.055000 0.055000
0 0.717500 0.393125 0.042500 0.043750
0 0.667500 0.079375 0.072500 0.073750
0 0.140625 0.522500 0.073750 0.075000
0 0.674375 0.685625 0.096250 0.096250
0 0.651250 0.555000 0.067500 0.067500
0 0.896875 0.818125 0.106250 0.106250
0 0.878750 0.195625 0.047500 0.041250
0 0.346250 0.425625 0.092500 0.081250
0 0.263125 0.745625 0.111250 0.098750
0 0.806250 0.820000 0.045000 0.045000
0 0.823125 0.591875 0.058750 0.058750
0 0.504375 0.518125 0.088750 0.088750
0 0.094375 0.304375 0.073750 0.073750
0 0.836250 0.317500 0.037500 0.037500
0 0.561875 0.906875 0.108750 0.108750
0 0.520625 0.200625 0.036250 0.036250
0 0.873125 0.119375 0.048750 0.048750
0 0.212500 0.345000 0.092500 0.092500
0 0.380000 0.130000 0.085000 0.085000
0 0.035000 0.941250 0.040000 0.040000
0 0.070000 0.640000 0.100000 0.100000
0 0.935000 0.350000 0.032500 0.032500
0 0.426875 0.709375 0.083750 0.081250
0 0.077500 0.796875 0.030000 0.028750
0 0.164375 0.901875 0.098750 0.096250
0 0.193750 0.638125 0.032500 0.031250
0 0.103125 0.154375 0.028750 0.028750
0 0.903750 0.398750 0.047500 0.047500
0 0.164375 0.776875 0.043750 0.043750
0 0.263750 0.535625 0.090000 0.091250
0 0.246250 0.445000 0.057500 0.057500
0 0.426875 0.841875 0.031250 0.031250
0 0.278750 0.627500 0.045000 0.045000
0 0.156875 0.234375 0.036250 0.036250
0 0.866250 0.923125 0.082500 0.071250
0 0.567500 0.765000 0.065000 0.055000
0 0.945000 0.516875 0.075000 0.066250
0 0.794375 0.676250 0.091250 0.072500
0 0.693750 0.881250 0.110000 0.087500
0 0.255000 0.208750 0.055000 0.035000
0 0.234375 0.101250 0.083750 0.052500
0 0.953750 0.213125 0.055000 0.078750
0 0.943125 0.102500 0.076250 0.092500
0 0.293125 0.315625 0.026250 0.031250
0 0.962500 0.431250 0.037500 0.035000
0 0.471250 0.818750 0.025000 0.030000
0 0.085625 0.897500 0.043750 0.052500
0 0.669375 0.480000 0.086250 0.062500
0 0.471875 0.425625 0.093750 0.068750
0 0.030000 0.328750 0.035000 0.025000
0 0.383125 0.040625 0.071250 0.051250
0 0.842500 0.405625 0.027500 0.028750
0 0.682500 0.340000 0.042500 0.042500
0 0.734375 0.572500 0.048750 0.057500
0 0.485625 0.598125 0.041250 0.041250