0 0.165625 0.914375 0.053750 0.053750
0 0.639375 0.565000 0.043750 0.047500
0 0.684375 0.370625 0.056250 0.061250
0 0.411875 0.355000 0.108750 0.120000
0 0.553750 0.308750 0.105000 0.115000
0 0.298750 0.827500 0.075000 0.077500
0 0.570000 0.477500 0.082500 0.085000
0 0.898750 0.631250 0.025000 0.025000
0 0.066250 0.342500 0.055000 0.055000
0 0.760625 0.935625 0.048750 0.048750
0 0.171250 0.811250 0.095000 0.095000
0 0.660625 0.144375 0.058750 0.063750
0 0.127500 0.268750 0.035000 0.037500
0 0.407500 0.723750 0.077500 0.085000
0 0.653125 0.888750 0.093750 0.102500
0 0.638750 0.656250 0.097500 0.097500
0 0.207500 0.476250 0.100000 0.070000
0 0.698750 0.760000 0.095000 0.095000
0 0.711250 0.436875 0.070000 0.048750
0 0.221250 0.374375 0.072500 0.051250
0 0.836250 0.424375 0.025000 0.013750
0 0.871250 0.873125 0.060000 0.036250
0 0.686875 0.238750 0.048750 0.030000
0 0.795000 0.534375 0.035000 0.021250
0 0.787500 0.848750 0.035000 0.035000
0 0.334375 0.519375 0.046250 0.046250
0 0.473750 0.847500 0.105000 0.105000
0 0.476875 0.568750 0.088750 0.057500
0 0.144375 0.181250 0.081250 0.085000
0 0.238750 0.631875 0.030000 0.031250
0 0.841875 0.133125 0.108750 0.108750
0 0.341875 0.123125 0.048750 0.048750
0 0.593750 0.096250 0.035000 0.035000
0 0.707500 0.052500 0.042500 0.042500
0 0.440625 0.114375 0.076250 0.076250
0 0.328125 0.735625 0.061250 0.061250
0 0.955000 0.420000 0.065000 0.065000
0 0.834375 0.269375 0.111250 0.111250
0 0.805000 0.751250 0.057500 0.055000
0 0.410000 0.212500 0.105000 0.102500
0 0.075625 0.549375 0.108750 0.106250
0 0.291250 0.205000 0.030000 0.030000
0 0.189375 0.069375 0.101250 0.101250
0 0.519375 0.718125 0.091250 0.083750
0 0.284375 0.921875 0.093750 0.093750
0 0.871875 0.516875 0.093750 0.093750
0 0.814375 0.631875 0.078750 0.078750
0 0.418750 0.482500 0.090000 0.090000
0 0.078125 0.641875 0.043750 0.043750
0 0.946875 0.204375 0.028750 0.021250
0 0.213750 0.697500 0.055000 0.055000
0 0.714375 0.116250 0.031250 0.027500
0 0.607500 0.389375 0.025000 0.021250
0 0.918125 0.700625 0.088750 0.078750
0 0.298125 0.358750 0.066250 0.072500
0 0.179375 0.580625 0.056250 0.056250
0 0.063125 0.772500 0.093750 0.092500
0 0.046875 0.090000 0.031250 0.030000
0 0.368750 0.605625 0.090000 0.101250
0 0.563125 0.159375 0.063750 0.071250
0 0.325000 0.052500 0.095000 0.075000
0 0.673125 0.296250 0.051250 0.050000
0 0.956875 0.881250 0.048750 0.047500
0 0.912500 0.784375 0.055000 0.051250
0 0.938125 0.329375 0.066250 0.066250
0 0.261250 0.150000 0.040000 0.027500
0 0.222500 0.229375 0.055000 0.038750
0 0.379375 0.950000 0.053750 0.037500
0 0.606875 0.758125 0.056250 0.056250
0 0.738750 0.847500 0.047500 0.047500
0 0.300000 0.268750 0.072500 0.072500
0 0.048750 0.263750 0.067500 0.067500
0 0.141875 0.364375 0.026250 0.026250
0 0.711875 0.566875 0.043750 0.043750
0 0.511250 0.081250 0.050000 0.047500
0 0.496875 0.193125 0.053750 0.051250
0 0.076250 0.871250 0.072500 0.055000
0 0.065625 0.434375 0.098750 0.098750
0 0.947500 0.260000 0.055000 0.055000
0 0.095000 0.047500 0.050000 0.030000
0 0.756250 0.377500 0.030000 0.017500