0 0.875000 0.747500 0.065000 0.062500
0 0.056250 0.960625 0.030000 0.028750
0 0.278125 0.315000 0.031250 0.030000
0 0.652500 0.576875 0.050000 0.048750
0 0.506250 0.422500 0.042500 0.042500
0 0.200625 0.097500 0.078750 0.085000
0 0.742500 0.662500 0.100000 0.100000
0 0.898125 0.359375 0.106250 0.093750
0 0.164375 0.488750 0.051250 0.045000
0 0.600000 0.515625 0.025000 0.026250
0 0.346875 0.077500 0.103750 0.095000
0 0.739375 0.181875 0.076250 0.076250
0 0.308750 0.620625 0.070000 0.083750
0 0.423750 0.467500 0.042500 0.050000
0 0.638750 0.191250 0.072500 0.055000
0 0.171250 0.787500 0.027500 0.027500
0 0.856250 0.197500 0.107500 0.107500
0 0.625000 0.872500 0.070000 0.070000
0 0.088125 0.259375 0.071250 0.071250
0 0.053125 0.129375 0.041250 0.041250
0 0.120625 0.559375 0.041250 0.041250
0 0.089375 0.743125 0.103750 0.103750
0 0.239375 0.515625 0.058750 0.058750
0 0.408750 0.886250 0.107500 0.107500
0 0.540000 0.886250 0.037500 0.037500
0 0.104375 0.368125 0.073750 0.073750
0 0.038750 0.337500 0.042500 0.042500
0 0.316250 0.478750 0.045000 0.045000
0 0.622500 0.400000 0.052500 0.052500
0 0.780000 0.833750 0.087500 0.087500
0 0.295625 0.238125 0.103750 0.103750
0 0.613125 0.750625 0.086250 0.086250
0 0.519375 0.211875 0.031250 0.026250
0 0.436250 0.651875 0.100000 0.078750
0 0.901875 0.871875 0.111250 0.088750
0 0.458125 0.176875 0.058750 0.071250
0 0.245000 0.370625 0.032500 0.038750
0 0.263125 0.096250 0.031250 0.037500
0 0.194375 0.841250 0.051250 0.062500
0 0.824375 0.465000 0.063750 0.077500
0 0.196250 0.276875 0.067500 0.053750
0 0.527500 0.302500 0.075000 0.060000
0 0.563750 0.615625 0.072500 0.058750
0 0.083125 0.475625 0.096250 0.096250
0 0.324375 0.699375 0.056250 0.056250
0 0.701250 0.412500 0.082500 0.082500
0 0.204375 0.211875 0.048750 0.048750
0 0.893125 0.650625 0.096250 0.096250
0 0.960000 0.264375 0.030000 0.028750
0 0.042500 0.832500 0.035000 0.032500
0 0.185000 0.924375 0.050000 0.048750
0 0.523750 0.131875 0.047500 0.046250
0 0.311250 0.392500 0.085000 0.082500
0 0.450625 0.043750 0.026250 0.025000
0 0.205625 0.710625 0.073750 0.101250
0 0.410000 0.305000 0.075000 0.102500
0 0.128750 0.883750 0.042500 0.057500
0 0.551250 0.550000 0.035000 0.047500
0 0.282500 0.920000 0.090000 0.090000
0 0.755000 0.077500 0.107500 0.097500
0 0.328125 0.776250 0.033750 0.040000
0 0.385625 0.760000 0.028750 0.025000
0 0.740000 0.916250 0.060000 0.052500
0 0.460000 0.750000 0.065000 0.057500
0 0.404375 0.200000 0.033750 0.030000
0 0.609375 0.074375 0.098750 0.098750
0 0.111875 0.645000 0.041250 0.040000
0 0.430625 0.545625 0.083750 0.083750
0 0.766250 0.262500 0.055000 0.057500
0 0.528125 0.711875 0.048750 0.081250
0 0.793750 0.393125 0.025000 0.041250
0 0.646875 0.308125 0.046250 0.046250
0 0.846250 0.550625 0.042500 0.041250