0 0.715625 0.526875 0.038750 0.038750
0 0.388125 0.500625 0.041250 0.038750
0 0.768750 0.444375 0.062500 0.086250
0 0.235000 0.705000 0.065000 0.090000
0 0.653750 0.703750 0.072500 0.100000
0 0.533750 0.595000 0.080000 0.110000
0 0.430000 0.303125 0.062500 0.058750
0 0.828125 0.819375 0.028750 0.026250
0 0.332500 0.896250 0.035000 0.032500
0 0.205000 0.436250 0.092500 0.097500
0 0.160625 0.915000 0.068750 0.072500
0 0.937500 0.663125 0.070000 0.073750
0 0.446875 0.826875 0.096250 0.096250
0 0.865000 0.187500 0.065000 0.065000
0 0.515625 0.206250 0.063750 0.065000
0 0.958125 0.861250 0.048750 0.050000
0 0.840625 0.493750 0.041250 0.042500
0 0.831250 0.905000 0.110000 0.115000
0 0.068750 0.320000 0.027500 0.027500
0 0.756250 0.688750 0.075000 0.075000
0 0.960000 0.336250 0.025000 0.025000
0 0.771250 0.325000 0.077500 0.077500
0 0.736250 0.122500 0.095000 0.095000
0 0.625000 0.812500 0.025000 0.022500
0 0.281875 0.853125 0.038750 0.038750
0 0.027500 0.660000 0.027500 0.027500
0 0.716250 0.855000 0.037500 0.037500
0 0.360000 0.601250 0.112500 0.115000
0 0.165625 0.571250 0.098750 0.120000
0 0.606250 0.128125 0.057500 0.068750
0 0.082500 0.703750 0.042500 0.042500
0 0.405000 0.100000 0.110000 0.080000
0 0.753125 0.625000 0.036250 0.025000
0 0.063750 0.904375 0.045000 0.031250
0 0.110000 0.108750 0.060000 0.042500
0 0.485625 0.710625 0.103750 0.103750
0 0.622500 0.397500 0.080000 0.080000
0 0.531875 0.413125 0.066250 0.066250
0 0.366250 0.405000 0.075000 0.075000
0 0.082500 0.202500 0.042500 0.042500
0 0.114375 0.770625 0.051250 0.051250
0 0.065625 0.589375 0.086250 0.086250
0 0.082500 0.376250 0.037500 0.037500
0 0.910625 0.119375 0.043750 0.043750
0 0.738125 0.944375 0.058750 0.058750
0 0.218750 0.208750 0.077500 0.077500
0 0.285000 0.123750 0.072500 0.072500
0 0.614375 0.229375 0.088750 0.088750
0 0.845000 0.580000 0.097500 0.097500
0 0.601875 0.044375 0.093750 0.051250
0 0.381250 0.731250 0.082500 0.045000
0 0.148750 0.351250 0.072500 0.040000
0 0.106250 0.061875 0.052500 0.028750
0 0.321875 0.296875 0.103750 0.103750
0 0.943750 0.191250 0.077500 0.077500
0 0.573750 0.846250 0.060000 0.060000
0 0.880000 0.295000 0.085000 0.085000
0 0.056250 0.450625 0.065000 0.066250
0 0.437500 0.204375 0.070000 0.071250
0 0.648750 0.526250 0.047500 0.047500
0 0.170000 0.773750 0.045000 0.045000
0 0.190625 0.114375 0.078750 0.078750
0 0.879375 0.410625 0.091250 0.091250
0 0.926250 0.753750 0.090000 0.072500
0 0.093750 0.259375 0.047500 0.038750
0 0.446250 0.931250 0.112500 0.070000
0 0.072500 0.831875 0.040000 0.023750
0 0.580000 0.932500 0.060000 0.052500
0 0.832500 0.755625 0.050000 0.048750
0 0.580625 0.750625 0.056250 0.053750
0 0.042500 0.386875 0.025000 0.026250
0 0.351250 0.206250 0.082500 0.060000
0 0.663125 0.916875 0.058750 0.051250
0 0.048750 0.044375 0.030000 0.026250
0 0.723750 0.228750 0.095000 0.095000
0 0.671250 0.615000 0.060000 0.060000
0 0.853125 0.048125 0.063750 0.063750
0 0.915625 0.495625 0.046250 0.046250
0 0.758125 0.778125 0.053750 0.053750
0 0.533750 0.320000 0.047500 0.047500
0 0.269375 0.048750 0.033750 0.027500
0 0.347500 0.803750 0.067500 0.067500
0 0.275625 0.810625 0.026250 0.026250
0 0.235000 0.576250 0.025000 0.025000
0 0.688750 0.356250 0.032500 0.032500
0 0.936250 0.562500 0.067500 0.067500
0 0.513125 0.130000 0.068750 0.052500
0 0.274375 0.627500 0.036250 0.027500
0 0.730000 0.046250 0.042500 0.042500