0 0.583750 0.413125 0.097500 0.103750
0 0.333125 0.224375 0.038750 0.041250
0 0.419375 0.780625 0.073750 0.078750
0 0.921250 0.387500 0.055000 0.055000
0 0.521250 0.138750 0.067500 0.067500
0 0.241250 0.575000 0.087500 0.052500
0 0.132500 0.168750 0.095000 0.095000
0 0.061250 0.861250 0.030000 0.035000
0 0.616875 0.541250 0.086250 0.100000
0 0.614375 0.807500 0.053750 0.062500
0 0.866250 0.669375 0.095000 0.111250
0 0.081875 0.354375 0.076250 0.076250
0 0.466875 0.653125 0.093750 0.093750
0 0.692500 0.696250 0.082500 0.082500
0 0.878125 0.786875 0.043750 0.043750
0 0.842500 0.321250 0.060000 0.060000
0 0.212500 0.791250 0.062500 0.062500
0 0.873125 0.090625 0.103750 0.103750
0 0.745000 0.622500 0.025000 0.025000
0 0.321250 0.100000 0.107500 0.107500
0 0.710000 0.031875 0.042500 0.038750
0 0.276875 0.895000 0.048750 0.045000
0 0.745625 0.475625 0.083750 0.083750
0 0.120000 0.480000 0.072500 0.072500
0 0.683125 0.170000 0.058750 0.032500
0 0.081875 0.905000 0.048750 0.027500
0 0.801250 0.916875 0.035000 0.018750
0 0.627500 0.298125 0.082500 0.046250
0 0.473125 0.276250 0.033750 0.027500
0 0.573750 0.698750 0.105000 0.100000
0 0.228750 0.338125 0.052500 0.051250
0 0.251250 0.471875 0.097500 0.091250
0 0.258125 0.679375 0.056250 0.068750
0 0.150000 0.931250 0.057500 0.057500
0 0.889375 0.469375 0.086250 0.086250
0 0.320000 0.817500 0.037500 0.037500
0 0.438750 0.099375 0.027500 0.023750
0 0.668125 0.935625 0.088750 0.078750
0 0.100625 0.074375 0.083750 0.073750
0 0.380625 0.502500 0.088750 0.095000
0 0.753750 0.813125 0.095000 0.101250
0 0.105000 0.818750 0.032500 0.032500
0 0.431875 0.898125 0.111250 0.111250
0 0.650625 0.049375 0.048750 0.048750
0 0.349375 0.366875 0.093750 0.093750
0 0.479375 0.533125 0.041250 0.041250
0 0.740625 0.239375 0.078750 0.078750
0 0.220625 0.240625 0.063750 0.063750
0 0.904375 0.203125 0.103750 0.103750
0 0.109375 0.600625 0.098750 0.098750
0 0.344375 0.619375 0.081250 0.081250
0 0.903750 0.878750 0.090000 0.090000
0 0.200625 0.394375 0.036250 0.036250
0 0.903125 0.550625 0.043750 0.043750
0 0.468125 0.365000 0.083750 0.082500
0 0.159375 0.712500 0.066250 0.072500
0 0.189375 0.852500 0.073750 0.042500
0 0.661250 0.117500 0.057500 0.055000
0 0.563125 0.060000 0.036250 0.035000
0 0.772500 0.387500 0.055000 0.055000
0 0.415000 0.215000 0.075000 0.075000
0 0.543125 0.218125 0.086250 0.076250
0 0.936250 0.312500 0.067500 0.067500
0 0.938750 0.756250 0.035000 0.035000
0 0.586250 0.897500 0.052500 0.052500
0 0.543125 0.811875 0.073750 0.073750
0 0.063125 0.720625 0.081250 0.073750
0 0.740625 0.091875 0.063750 0.063750