0 0.632500 0.342500 0.060000 0.055000
0 0.955625 0.358750 0.028750 0.020000
0 0.152500 0.685625 0.045000 0.031250
0 0.519375 0.241875 0.091250 0.063750
0 0.795625 0.642500 0.081250 0.057500
0 0.140625 0.300625 0.046250 0.046250
0 0.153750 0.481250 0.102500 0.102500
0 0.393125 0.525000 0.063750 0.082500
0 0.540625 0.606875 0.108750 0.108750
0 0.281875 0.392500 0.048750 0.062500
0 0.266250 0.481875 0.065000 0.083750
0 0.841250 0.323750 0.100000 0.037500
0 0.270000 0.655000 0.067500 0.025000
0 0.557500 0.940000 0.035000 0.012500
0 0.810000 0.424375 0.102500 0.038750
0 0.152500 0.098750 0.067500 0.060000
0 0.851875 0.165625 0.071250 0.063750
0 0.153750 0.901875 0.067500 0.063750
0 0.400625 0.199375 0.088750 0.088750
0 0.965625 0.499375 0.041250 0.041250
0 0.361250 0.941875 0.042500 0.041250
0 0.665625 0.136875 0.108750 0.108750
0 0.876250 0.885000 0.040000 0.040000
0 0.704375 0.736875 0.103750 0.103750
0 0.658125 0.603750 0.096250 0.097500
0 0.777500 0.088750 0.055000 0.060000
0 0.761250 0.561875 0.075000 0.081250
0 0.448125 0.803750 0.098750 0.112500
0 0.730625 0.878750 0.096250 0.110000
0 0.053125 0.080000 0.073750 0.065000
0 0.297500 0.845000 0.042500 0.037500
0 0.884375 0.778125 0.088750 0.078750
0 0.262500 0.185000 0.055000 0.055000
0 0.885625 0.625625 0.078750 0.078750
0 0.811875 0.893125 0.051250 0.051250
0 0.517500 0.355000 0.095000 0.107500
0 0.360000 0.402500 0.082500 0.090000
0 0.081875 0.220625 0.086250 0.093750
0 0.400000 0.085000 0.075000 0.082500
0 0.067500 0.892500 0.067500 0.082500
0 0.320625 0.200625 0.036250 0.036250
0 0.411250 0.316250 0.065000 0.065000
0 0.644375 0.825625 0.051250 0.051250
0 0.083125 0.593125 0.106250 0.106250
0 0.383750 0.630000 0.057500 0.057500
0 0.094375 0.795625 0.073750 0.073750
0 0.713750 0.251250 0.100000 0.100000
0 0.928750 0.084375 0.105000 0.078750
0 0.183750 0.799375 0.085000 0.063750
0 0.252500 0.289375 0.095000 0.071250
0 0.227500 0.896250 0.047500 0.047500
0 0.516875 0.886875 0.038750 0.038750
0 0.625625 0.476875 0.086250 0.098750
0 0.561875 0.766875 0.068750 0.078750
0 0.288750 0.109375 0.045000 0.051250
0 0.448750 0.650625 0.045000 0.051250
0 0.951250 0.186250 0.065000 0.065000
0 0.628125 0.914375 0.048750 0.048750
0 0.843750 0.253750 0.082500 0.082500
0 0.326250 0.051250 0.047500 0.047500