0 0.125625 0.488750 0.091250 0.105000
0 0.555000 0.166250 0.082500 0.095000
0 0.111250 0.323125 0.095000 0.108750
0 0.926250 0.779375 0.057500 0.066250
0 0.349375 0.485000 0.088750 0.110000
0 0.458125 0.830000 0.058750 0.072500
0 0.603125 0.849375 0.058750 0.058750
0 0.235000 0.083125 0.085000 0.088750
0 0.650625 0.386250 0.091250 0.095000
0 0.659375 0.626250 0.031250 0.032500
0 0.297500 0.890625 0.037500 0.038750
0 0.820625 0.094375 0.043750 0.063750
0 0.490625 0.901875 0.033750 0.048750
0 0.232500 0.693125 0.085000 0.123750
0 0.446875 0.261250 0.073750 0.107500
0 0.111250 0.120000 0.105000 0.105000
0 0.363125 0.141875 0.056250 0.051250
0 0.693125 0.810000 0.071250 0.065000
0 0.460000 0.406250 0.087500 0.087500
0 0.290625 0.354375 0.111250 0.111250
0 0.781875 0.206875 0.048750 0.048750
0 0.845000 0.828750 0.040000 0.040000
0 0.958750 0.558125 0.025000 0.023750
0 0.763750 0.626875 0.090000 0.088750
0 0.093125 0.617500 0.093750 0.092500
0 0.058750 0.838125 0.060000 0.058750
0 0.837500 0.883125 0.032500 0.038750
0 0.379375 0.638125 0.103750 0.126250
0 0.578125 0.620000 0.028750 0.035000
0 0.883750 0.410625 0.087500 0.106250
0 0.754375 0.915625 0.106250 0.118750
0 0.675625 0.264375 0.048750 0.046250
0 0.375625 0.939375 0.036250 0.033750
0 0.618125 0.713125 0.091250 0.086250
0 0.934375 0.674375 0.101250 0.096250
0 0.795625 0.481875 0.048750 0.048750
0 0.241250 0.803750 0.082500 0.082500
0 0.604375 0.524375 0.103750 0.103750
0 0.260000 0.211250 0.055000 0.055000
0 0.922500 0.106250 0.112500 0.112500
0 0.041875 0.720625 0.053750 0.053750
0 0.503125 0.671875 0.071250 0.071250
0 0.676250 0.176250 0.097500 0.097500
0 0.429375 0.053125 0.078750 0.078750
0 0.083125 0.935625 0.078750 0.078750
0 0.538125 0.065625 0.076250 0.061250
0 0.265625 0.479375 0.058750 0.058750
0 0.910625 0.261875 0.076250 0.076250
0 0.748125 0.098125 0.043750 0.043750
0 0.368125 0.744375 0.028750 0.028750
0 0.135000 0.805000 0.052500 0.052500
0 0.193750 0.423125 0.027500 0.036250
0 0.813750 0.287500 0.080000 0.070000
0 0.771875 0.414375 0.088750 0.068750
0 0.349375 0.245000 0.101250 0.045000
0 0.040000 0.412500 0.040000 0.035000