0 0.573750 0.645000 0.042500 0.042500
0 0.072500 0.756250 0.035000 0.035000
0 0.105000 0.240625 0.050000 0.048750
0 0.040000 0.354375 0.045000 0.043750
0 0.310000 0.796250 0.057500 0.055000
0 0.743750 0.535000 0.085000 0.082500
0 0.734375 0.207500 0.068750 0.072500
0 0.126250 0.446250 0.040000 0.042500
0 0.828750 0.938125 0.025000 0.026250
0 0.415625 0.208750 0.033750 0.035000
0 0.877500 0.457500 0.097500 0.080000
0 0.283125 0.431250 0.101250 0.082500
0 0.760000 0.123750 0.065000 0.052500
0 0.543750 0.156875 0.032500 0.026250
0 0.961875 0.281875 0.038750 0.043750
0 0.844375 0.843125 0.038750 0.043750
0 0.206250 0.198750 0.102500 0.145000
0 0.185625 0.675625 0.071250 0.071250
0 0.583125 0.503125 0.073750 0.078750
0 0.544375 0.215000 0.073750 0.075000
0 0.720000 0.756250 0.025000 0.025000
0 0.522500 0.683750 0.025000 0.025000
0 0.603125 0.351875 0.108750 0.108750
0 0.402500 0.931250 0.035000 0.035000
0 0.441250 0.388750 0.057500 0.057500
0 0.766250 0.402500 0.065000 0.065000
0 0.842500 0.280000 0.107500 0.107500
0 0.320000 0.615000 0.097500 0.097500
0 0.383125 0.832500 0.068750 0.065000
0 0.863125 0.616875 0.091250 0.086250
0 0.149375 0.585625 0.028750 0.026250
0 0.640625 0.711875 0.043750 0.041250
0 0.936250 0.108750 0.050000 0.050000
0 0.915000 0.775000 0.085000 0.067500
0 0.071875 0.175625 0.068750 0.066250
0 0.422500 0.728750 0.087500 0.057500
0 0.035000 0.446875 0.040000 0.038750
0 0.532500 0.854375 0.090000 0.088750
0 0.284375 0.210000 0.026250 0.025000
0 0.641250 0.206875 0.100000 0.093750
0 0.629375 0.873125 0.088750 0.083750
0 0.645625 0.086875 0.111250 0.106250
0 0.793125 0.733125 0.103750 0.098750
0 0.161875 0.769375 0.101250 0.096250
0 0.356250 0.323750 0.032500 0.032500
0 0.457500 0.606250 0.095000 0.095000
0 0.425625 0.100625 0.091250 0.091250
0 0.066250 0.891875 0.095000 0.083750
0 0.200000 0.577500 0.052500 0.087500
0 0.681250 0.944375 0.030000 0.033750
0 0.946250 0.446250 0.025000 0.027500
0 0.186875 0.063125 0.083750 0.093750
0 0.090625 0.063750 0.088750 0.100000
0 0.246250 0.588125 0.025000 0.023750
0 0.069375 0.598750 0.088750 0.087500
0 0.358125 0.221250 0.058750 0.057500
0 0.531250 0.084375 0.075000 0.073750
0 0.177500 0.902500 0.055000 0.055000
0 0.635625 0.640625 0.056250 0.056250
0 0.851875 0.124375 0.036250 0.036250
0 0.244375 0.330000 0.093750 0.082500
0 0.953125 0.700625 0.038750 0.033750
0 0.440625 0.306250 0.063750 0.070000
0 0.723750 0.625000 0.075000 0.082500
0 0.721875 0.323750 0.071250 0.077500
0 0.243125 0.921250 0.048750 0.052500
0 0.851250 0.057500 0.037500 0.037500
0 0.240000 0.857500 0.045000 0.045000
0 0.654375 0.533125 0.028750 0.028750
0 0.496875 0.340625 0.031250 0.031250
0 0.315625 0.074375 0.098750 0.098750
0 0.888750 0.918750 0.060000 0.067500
0 0.741250 0.870000 0.057500 0.057500
0 0.386250 0.497500 0.085000 0.085000
0 0.307500 0.715000 0.067500 0.067500
0 0.589375 0.734375 0.028750 0.028750
0 0.328750 0.920000 0.072500 0.072500
0 0.123125 0.344375 0.063750 0.061250
0 0.076250 0.713125 0.032500 0.031250
0 0.930625 0.165000 0.028750 0.032500
0 0.749375 0.049375 0.056250 0.063750