0 0.304375 0.050625 0.038750 0.043750
0 0.273125 0.424375 0.091250 0.103750
0 0.191875 0.924375 0.038750 0.043750
0 0.403750 0.110000 0.062500 0.070000
0 0.245625 0.559375 0.098750 0.098750
0 0.871250 0.810000 0.057500 0.057500
0 0.421875 0.440625 0.046250 0.046250
0 0.714375 0.154375 0.048750 0.048750
0 0.128750 0.160000 0.040000 0.040000
0 0.636875 0.584375 0.108750 0.116250
0 0.280625 0.728125 0.048750 0.051250
0 0.564375 0.085625 0.038750 0.038750
0 0.893750 0.726250 0.032500 0.032500
0 0.416875 0.626875 0.073750 0.073750
0 0.646250 0.441250 0.092500 0.092500
0 0.611875 0.735000 0.063750 0.075000
0 0.103750 0.063125 0.080000 0.093750
0 0.513750 0.219375 0.077500 0.091250
0 0.566875 0.420000 0.028750 0.035000
0 0.776250 0.705625 0.027500 0.033750
0 0.121250 0.666250 0.080000 0.100000
0 0.574375 0.240000 0.026250 0.032500
0 0.477500 0.745625 0.045000 0.043750
0 0.559375 0.826250 0.046250 0.045000
0 0.077500 0.185625 0.042500 0.041250
0 0.218750 0.666875 0.027500 0.026250
0 0.842500 0.301875 0.072500 0.063750
0 0.261250 0.646875 0.037500 0.036250
0 0.236875 0.255625 0.073750 0.071250
0 0.843125 0.508125 0.106250 0.086250
0 0.548125 0.369375 0.063750 0.051250
0 0.788125 0.780625 0.063750 0.051250
0 0.191875 0.116875 0.026250 0.026250
0 0.376250 0.873750 0.085000 0.085000
0 0.115000 0.281250 0.095000 0.095000
0 0.353125 0.760625 0.071250 0.071250
0 0.190625 0.790625 0.108750 0.108750
0 0.873750 0.635000 0.045000 0.045000
0 0.421875 0.290625 0.088750 0.088750
0 0.076250 0.566250 0.062500 0.045000
0 0.560000 0.920000 0.072500 0.052500
0 0.053125 0.768125 0.031250 0.031250
0 0.336250 0.113750 0.035000 0.035000
0 0.220625 0.336875 0.056250 0.056250
0 0.493750 0.456250 0.080000 0.090000
0 0.455000 0.836875 0.030000 0.018750
0 0.824375 0.103750 0.098750 0.155000
0 0.761875 0.908750 0.111250 0.107500
0 0.700625 0.080000 0.031250 0.030000
0 0.717500 0.273750 0.072500 0.047500
0 0.776875 0.376250 0.086250 0.057500
0 0.624375 0.153125 0.096250 0.063750
0 0.941250 0.196250 0.067500 0.045000
0 0.919375 0.125625 0.043750 0.043750
0 0.906250 0.681250 0.025000 0.025000
0 0.733125 0.557500 0.068750 0.070000
0 0.954375 0.863125 0.033750 0.033750
0 0.743125 0.458750 0.076250 0.070000
0 0.419375 0.366250 0.038750 0.035000
0 0.289375 0.831250 0.041250 0.037500
0 0.403750 0.541250 0.072500 0.082500
0 0.937500 0.280625 0.085000 0.086250
0 0.860625 0.367500 0.033750 0.040000
0 0.848750 0.225000 0.047500 0.047500
0 0.436875 0.203125 0.041250 0.041250
0 0.091250 0.460000 0.092500 0.092500
0 0.318125 0.251875 0.066250 0.066250
0 0.503125 0.630000 0.056250 0.065000
0 0.487500 0.107500 0.090000 0.090000
0 0.094375 0.954375 0.033750 0.033750
0 0.473750 0.885000 0.070000 0.027500
0 0.464375 0.934375 0.048750 0.018750
0 0.644375 0.345625 0.081250 0.081250
0 0.066875 0.870625 0.071250 0.071250
0 0.639375 0.825625 0.083750 0.083750
0 0.951250 0.587500 0.070000 0.070000
0 0.951875 0.498125 0.056250 0.056250
0 0.650000 0.916250 0.082500 0.082500
0 0.939375 0.796875 0.056250 0.056250
0 0.261875 0.919375 0.081250 0.086250
0 0.561250 0.310000 0.042500 0.042500