0 0.653750 0.528125 0.100000 0.081250
0 0.586875 0.219375 0.106250 0.086250
0 0.166250 0.648750 0.095000 0.077500
0 0.541875 0.120625 0.101250 0.093750
0 0.566250 0.295000 0.027500 0.025000
0 0.058750 0.155625 0.035000 0.033750
0 0.551250 0.866250 0.052500 0.045000
0 0.804375 0.194375 0.108750 0.093750
0 0.244375 0.708125 0.043750 0.041250
0 0.117500 0.048750 0.077500 0.062500
0 0.767500 0.700000 0.110000 0.110000
0 0.314375 0.185625 0.056250 0.056250
0 0.083750 0.371250 0.065000 0.065000
0 0.246875 0.359375 0.078750 0.078750
0 0.778750 0.889375 0.090000 0.031250
0 0.356250 0.343750 0.067500 0.022500
0 0.844375 0.273750 0.096250 0.032500
0 0.464375 0.626875 0.056250 0.018750
0 0.567500 0.399375 0.067500 0.076250
0 0.938125 0.323125 0.073750 0.083750
0 0.662500 0.410000 0.072500 0.082500
0 0.811875 0.839375 0.028750 0.048750
0 0.351875 0.664375 0.103750 0.178750
0 0.451250 0.397500 0.052500 0.052500
0 0.551250 0.518750 0.052500 0.052500
0 0.232500 0.805000 0.047500 0.047500
0 0.611875 0.676875 0.101250 0.101250
0 0.831875 0.446875 0.111250 0.111250
0 0.200000 0.562500 0.055000 0.055000
0 0.156875 0.856875 0.066250 0.066250
0 0.728125 0.451875 0.031250 0.031250
0 0.805625 0.065625 0.061250 0.061250
0 0.039375 0.929375 0.028750 0.028750
0 0.936250 0.139375 0.100000 0.146250
0 0.460000 0.813750 0.087500 0.127500
0 0.368125 0.084375 0.081250 0.118750
0 0.206250 0.151250 0.045000 0.045000
0 0.545000 0.807500 0.027500 0.027500
0 0.468125 0.565625 0.066250 0.066250
0 0.649375 0.325625 0.063750 0.063750
0 0.913750 0.903750 0.090000 0.065000
0 0.900000 0.710000 0.107500 0.107500
0 0.344375 0.508125 0.101250 0.101250
0 0.962500 0.443750 0.027500 0.027500
0 0.693750 0.110000 0.085000 0.085000
0 0.346875 0.895625 0.108750 0.108750
0 0.420625 0.226875 0.103750 0.103750
0 0.047500 0.505000 0.040000 0.040000
0 0.651250 0.913125 0.085000 0.096250
0 0.915000 0.402500 0.037500 0.037500
0 0.905625 0.586250 0.091250 0.092500
0 0.277500 0.074375 0.072500 0.073750
0 0.722500 0.237500 0.032500 0.035000
0 0.915000 0.800625 0.040000 0.043750
0 0.480625 0.480000 0.071250 0.077500
0 0.085625 0.267500 0.101250 0.110000
0 0.120000 0.557500 0.090000 0.060000
0 0.246250 0.440625 0.040000 0.026250
0 0.065625 0.746250 0.048750 0.032500
0 0.134375 0.920000 0.038750 0.025000
0 0.140000 0.734375 0.082500 0.051250
0 0.298125 0.253125 0.103750 0.063750
0 0.554375 0.941875 0.043750 0.026250
0 0.353750 0.406250 0.067500 0.067500
0 0.451250 0.102500 0.057500 0.070000
0 0.075625 0.816875 0.068750 0.068750
0 0.680625 0.779375 0.048750 0.048750
0 0.764375 0.556250 0.063750 0.077500
0 0.035625 0.621875 0.033750 0.033750
0 0.260625 0.654375 0.041250 0.041250
0 0.905625 0.034375 0.033750 0.033750
0 0.643750 0.832500 0.035000 0.035000
0 0.185000 0.225000 0.035000 0.035000
0 0.750000 0.801250 0.055000 0.055000
0 0.671875 0.600000 0.051250 0.037500
0 0.076875 0.873750 0.031250 0.022500
0 0.122500 0.122500 0.042500 0.042500
0 0.500625 0.703125 0.066250 0.066250
0 0.235625 0.909375 0.053750 0.053750
0 0.269375 0.587500 0.026250 0.032500
0 0.188750 0.465625 0.060000 0.063750
0 0.425000 0.324375 0.030000 0.031250
0 0.836250 0.618750 0.030000 0.030000