0 0.810625 0.866875 0.066250 0.066250
0 0.301250 0.328750 0.030000 0.030000
0 0.045625 0.833125 0.048750 0.048750
0 0.935625 0.503125 0.061250 0.061250
0 0.758750 0.383750 0.082500 0.082500
0 0.701250 0.785000 0.087500 0.077500
0 0.640625 0.650625 0.101250 0.088750
0 0.938125 0.052500 0.076250 0.067500
0 0.553750 0.416250 0.087500 0.085000
0 0.645625 0.289375 0.083750 0.073750
0 0.642500 0.079375 0.087500 0.063750
0 0.366875 0.176250 0.031250 0.040000
0 0.938750 0.910000 0.082500 0.080000
0 0.808125 0.599375 0.053750 0.051250
0 0.504375 0.598125 0.041250 0.041250
0 0.686250 0.163750 0.075000 0.075000
0 0.125625 0.779375 0.038750 0.038750
0 0.258125 0.671875 0.108750 0.108750
0 0.108125 0.190625 0.068750 0.068750
0 0.146250 0.123750 0.037500 0.037500
0 0.438750 0.171250 0.090000 0.090000
0 0.462500 0.271875 0.050000 0.048750
0 0.653750 0.398125 0.087500 0.078750
0 0.277500 0.921875 0.032500 0.028750
0 0.470000 0.778750 0.040000 0.035000
0 0.466250 0.513750 0.057500 0.057500
0 0.253750 0.442500 0.092500 0.092500
0 0.761250 0.937500 0.042500 0.042500
0 0.385625 0.556875 0.071250 0.071250
0 0.210000 0.792500 0.090000 0.107500
0 0.693125 0.483125 0.048750 0.048750
0 0.112500 0.310000 0.072500 0.072500
0 0.831875 0.954375 0.036250 0.036250
0 0.580625 0.166875 0.046250 0.046250
0 0.157500 0.576250 0.042500 0.042500
0 0.591875 0.860625 0.093750 0.113750
0 0.843750 0.108125 0.062500 0.051250
0 0.350000 0.065000 0.090000 0.092500
0 0.362500 0.931250 0.060000 0.060000
0 0.777500 0.201250 0.077500 0.077500
0 0.746875 0.071875 0.093750 0.093750
0 0.938750 0.313750 0.095000 0.095000
0 0.568125 0.764375 0.046250 0.046250
0 0.270625 0.199375 0.033750 0.033750
0 0.931250 0.655000 0.067500 0.080000
0 0.528125 0.323125 0.043750 0.043750
0 0.826250 0.774375 0.105000 0.068750
0 0.332500 0.817500 0.060000 0.060000
0 0.511875 0.676875 0.098750 0.098750
0 0.060625 0.517500 0.058750 0.075000
0 0.912500 0.196250 0.105000 0.105000
0 0.321875 0.211875 0.041250 0.041250
0 0.785625 0.513750 0.091250 0.105000
0 0.043750 0.686875 0.042500 0.048750
0 0.058750 0.109375 0.062500 0.071250
0 0.426875 0.370000 0.106250 0.122500
0 0.061875 0.417500 0.091250 0.087500
0 0.830000 0.683125 0.070000 0.066250
0 0.539375 0.099375 0.061250 0.058750
0 0.226250 0.298125 0.100000 0.121250
0 0.230625 0.101875 0.111250 0.111250
0 0.185000 0.910000 0.092500 0.092500
0 0.465625 0.854375 0.096250 0.096250
0 0.921250 0.426250 0.067500 0.067500
0 0.118750 0.645000 0.067500 0.075000
0 0.581250 0.496875 0.055000 0.061250
0 0.230625 0.550625 0.053750 0.053750
0 0.396250 0.703750 0.090000 0.090000