0 0.513750 0.567500 0.087500 0.087500
0 0.335000 0.612500 0.060000 0.060000
0 0.632500 0.241250 0.097500 0.097500
0 0.453750 0.917500 0.057500 0.052500
0 0.841250 0.333750 0.107500 0.107500
0 0.801875 0.589375 0.076250 0.076250
0 0.905000 0.203750 0.040000 0.040000
0 0.878125 0.674375 0.028750 0.023750
0 0.484375 0.466250 0.036250 0.030000
0 0.210000 0.470000 0.050000 0.045000
0 0.198750 0.208125 0.107500 0.166250
0 0.745625 0.468125 0.051250 0.078750
0 0.549375 0.701875 0.108750 0.108750
0 0.320000 0.091250 0.090000 0.090000
0 0.765000 0.908750 0.060000 0.060000
0 0.413750 0.260000 0.107500 0.107500
0 0.314375 0.915000 0.031250 0.035000
0 0.672500 0.763125 0.052500 0.058750
0 0.150000 0.780625 0.040000 0.056250
0 0.881875 0.458125 0.066250 0.066250
0 0.832500 0.813750 0.077500 0.077500
0 0.895625 0.793125 0.026250 0.026250
0 0.050000 0.470000 0.045000 0.045000
0 0.126250 0.626250 0.097500 0.097500
0 0.786875 0.702500 0.078750 0.075000
0 0.833750 0.099375 0.027500 0.026250
0 0.047500 0.731250 0.027500 0.045000
0 0.307500 0.440000 0.085000 0.085000
0 0.467500 0.050000 0.075000 0.075000
0 0.595000 0.885000 0.100000 0.105000
0 0.914375 0.551875 0.078750 0.078750
0 0.945625 0.831875 0.041250 0.041250
0 0.643125 0.138125 0.081250 0.081250
0 0.638125 0.518125 0.088750 0.088750
0 0.068125 0.384375 0.093750 0.106250
0 0.308125 0.717500 0.106250 0.120000
0 0.250625 0.928125 0.073750 0.083750
0 0.117500 0.883750 0.092500 0.105000
0 0.522500 0.322500 0.082500 0.082500
0 0.751875 0.134375 0.063750 0.063750
0 0.730000 0.283750 0.067500 0.067500
0 0.843750 0.917500 0.040000 0.040000
0 0.403750 0.817500 0.065000 0.065000
0 0.136875 0.066875 0.076250 0.076250
0 0.245000 0.353750 0.067500 0.067500