0 0.416875 0.475625 0.086250 0.101250
0 0.935625 0.380625 0.038750 0.038750
0 0.629375 0.144375 0.081250 0.081250
0 0.890000 0.812500 0.065000 0.065000
0 0.503750 0.760625 0.052500 0.048750
0 0.313125 0.186875 0.056250 0.051250
0 0.106250 0.503750 0.072500 0.067500
0 0.792500 0.223750 0.110000 0.102500
0 0.755625 0.113750 0.088750 0.087500
0 0.669375 0.683125 0.098750 0.098750
0 0.285625 0.455625 0.056250 0.056250
0 0.900000 0.516875 0.037500 0.033750
0 0.735625 0.538125 0.026250 0.026250
0 0.458750 0.874375 0.092500 0.081250
0 0.670625 0.418750 0.088750 0.075000
0 0.553750 0.287500 0.105000 0.102500
0 0.246875 0.764375 0.083750 0.083750
0 0.580000 0.910000 0.062500 0.062500
0 0.835000 0.337500 0.092500 0.092500
0 0.124375 0.061875 0.048750 0.048750
0 0.065000 0.134375 0.045000 0.043750
0 0.199375 0.315000 0.056250 0.055000
0 0.261250 0.336250 0.050000 0.050000
0 0.265625 0.546250 0.098750 0.100000
0 0.116250 0.656250 0.075000 0.075000
0 0.115625 0.795625 0.073750 0.073750
0 0.340000 0.088750 0.037500 0.037500
0 0.652500 0.306250 0.067500 0.067500
0 0.066250 0.336250 0.070000 0.070000
0 0.404375 0.134375 0.073750 0.058750
0 0.203750 0.126250 0.062500 0.062500
0 0.131250 0.583750 0.037500 0.037500
0 0.814375 0.444375 0.093750 0.093750
0 0.853750 0.707500 0.092500 0.092500
0 0.417500 0.593125 0.050000 0.086250
0 0.754375 0.803750 0.053750 0.092500
0 0.343750 0.711250 0.080000 0.137500
0 0.675625 0.876250 0.081250 0.140000
0 0.923125 0.190625 0.056250 0.056250
0 0.959375 0.568125 0.033750 0.056250
0 0.520000 0.097500 0.090000 0.150000
0 0.656250 0.550625 0.062500 0.103750
0 0.535625 0.591250 0.111250 0.185000
0 0.826875 0.556875 0.086250 0.086250
0 0.232500 0.047500 0.050000 0.050000
0 0.934375 0.685625 0.046250 0.046250
0 0.341250 0.883750 0.090000 0.090000
0 0.955625 0.440625 0.058750 0.058750
0 0.385625 0.326875 0.111250 0.111250
0 0.198750 0.895000 0.077500 0.077500
0 0.391250 0.227500 0.037500 0.037500
0 0.591875 0.785000 0.056250 0.067500
0 0.875000 0.077500 0.092500 0.112500
0 0.844375 0.926875 0.078750 0.078750
0 0.871250 0.240000 0.032500 0.032500
0 0.908750 0.601875 0.047500 0.041250
0 0.195625 0.438750 0.091250 0.080000
0 0.153125 0.218125 0.078750 0.068750
0 0.609375 0.060000 0.073750 0.072500
0 0.950000 0.108125 0.030000 0.028750
0 0.412500 0.055000 0.072500 0.072500
0 0.953125 0.335000 0.031250 0.027500
0 0.135625 0.361250 0.041250 0.037500
0 0.136250 0.116875 0.035000 0.031250
0 0.526875 0.394375 0.061250 0.063750
0 0.946875 0.916875 0.071250 0.073750
0 0.757500 0.313750 0.032500 0.032500