0 0.181875 0.793125 0.076250 0.076250
0 0.181875 0.568125 0.103750 0.103750
0 0.905625 0.583125 0.063750 0.063750
0 0.611250 0.068750 0.105000 0.105000
0 0.469375 0.844375 0.086250 0.086250
0 0.768750 0.710000 0.065000 0.065000
0 0.359375 0.203125 0.101250 0.088750
0 0.307500 0.323750 0.105000 0.105000
0 0.823125 0.264375 0.031250 0.031250
0 0.540000 0.417500 0.067500 0.067500
0 0.847500 0.915000 0.072500 0.075000
0 0.738125 0.540625 0.106250 0.111250
0 0.893125 0.163750 0.093750 0.080000
0 0.590625 0.939375 0.036250 0.036250
0 0.385625 0.058125 0.063750 0.063750
0 0.075625 0.744375 0.041250 0.041250
0 0.643750 0.308750 0.110000 0.110000
0 0.139375 0.888125 0.041250 0.041250
0 0.118750 0.288750 0.095000 0.062500
0 0.891250 0.738750 0.027500 0.027500
0 0.351250 0.723750 0.027500 0.027500
0 0.435625 0.586875 0.041250 0.041250
0 0.615625 0.823750 0.101250 0.120000
0 0.421875 0.509375 0.031250 0.036250
0 0.213750 0.695625 0.087500 0.103750
0 0.244375 0.864375 0.028750 0.033750
0 0.058125 0.488750 0.048750 0.047500
0 0.523125 0.751875 0.036250 0.036250
0 0.396875 0.734375 0.033750 0.033750
0 0.931875 0.490625 0.058750 0.058750
0 0.464375 0.270000 0.068750 0.065000
0 0.343750 0.647500 0.100000 0.100000
0 0.815625 0.420625 0.046250 0.056250
0 0.335625 0.487500 0.088750 0.107500
0 0.104375 0.092500 0.063750 0.077500
0 0.043750 0.822500 0.052500 0.052500
0 0.892500 0.036250 0.030000 0.030000
0 0.620000 0.620000 0.110000 0.110000
0 0.636875 0.189375 0.096250 0.096250
0 0.801875 0.338125 0.078750 0.078750
0 0.608750 0.511250 0.040000 0.040000
0 0.354375 0.833125 0.068750 0.068750
0 0.906250 0.691875 0.047500 0.041250
0 0.878125 0.808125 0.103750 0.091250
0 0.451250 0.357500 0.042500 0.037500
0 0.061875 0.903750 0.098750 0.087500
0 0.934375 0.311875 0.076250 0.076250
0 0.299375 0.123125 0.051250 0.051250
0 0.513750 0.601250 0.042500 0.042500
0 0.154375 0.466875 0.078750 0.063750
0 0.215625 0.266250 0.058750 0.085000
0 0.487500 0.161250 0.112500 0.112500
0 0.408125 0.926875 0.033750 0.033750
0 0.723125 0.931875 0.063750 0.063750
0 0.075000 0.378750 0.097500 0.097500
0 0.086250 0.671875 0.040000 0.046250
0 0.799375 0.090000 0.078750 0.090000
0 0.756875 0.808750 0.083750 0.085000
0 0.523125 0.506875 0.086250 0.086250
0 0.202500 0.920000 0.060000 0.060000
0 0.667500 0.411250 0.047500 0.047500
0 0.058750 0.206250 0.087500 0.087500
0 0.293750 0.731250 0.045000 0.045000
0 0.225625 0.051875 0.058750 0.058750
0 0.228750 0.161250 0.057500 0.057500