0 0.868750 0.631875 0.027500 0.031250
0 0.567500 0.202500 0.055000 0.055000
0 0.220000 0.794375 0.045000 0.041250
0 0.180625 0.206875 0.103750 0.096250
0 0.651250 0.388750 0.030000 0.027500
0 0.598750 0.673750 0.035000 0.035000
0 0.134375 0.308125 0.058750 0.058750
0 0.595000 0.488750 0.085000 0.085000
0 0.615625 0.816875 0.068750 0.071250
0 0.711250 0.110000 0.042500 0.042500
0 0.239375 0.415625 0.081250 0.081250
0 0.330000 0.638125 0.105000 0.098750
0 0.685625 0.525625 0.068750 0.063750
0 0.646875 0.934375 0.056250 0.056250
0 0.905000 0.472500 0.035000 0.035000
0 0.905625 0.215625 0.098750 0.098750
0 0.485000 0.710625 0.082500 0.073750
0 0.318125 0.850000 0.101250 0.102500
0 0.854375 0.366875 0.043750 0.043750
0 0.407500 0.402500 0.027500 0.027500
0 0.718750 0.276250 0.097500 0.097500
0 0.815625 0.851875 0.043750 0.043750
0 0.531875 0.884375 0.038750 0.038750
0 0.821250 0.716250 0.100000 0.072500
0 0.136250 0.402500 0.035000 0.025000
0 0.256875 0.326875 0.073750 0.053750
0 0.552500 0.389375 0.087500 0.063750
0 0.449375 0.568125 0.098750 0.098750
0 0.919375 0.858125 0.078750 0.073750
0 0.368125 0.341875 0.076250 0.076250
0 0.060625 0.925625 0.036250 0.036250
0 0.770625 0.400625 0.098750 0.098750
0 0.035000 0.520000 0.037500 0.037500
0 0.315000 0.553750 0.060000 0.052500
0 0.763125 0.621875 0.051250 0.046250
0 0.073750 0.126250 0.065000 0.065000
0 0.501875 0.061875 0.036250 0.036250
0 0.095000 0.815000 0.092500 0.092500
0 0.747500 0.866250 0.060000 0.060000
0 0.245625 0.599375 0.033750 0.033750
0 0.051875 0.694375 0.048750 0.048750
0 0.890625 0.584375 0.046250 0.041250
0 0.138125 0.635625 0.083750 0.076250
0 0.415625 0.139375 0.083750 0.076250
0 0.473125 0.265625 0.103750 0.103750
0 0.678125 0.733125 0.033750 0.033750
0 0.776875 0.549375 0.058750 0.058750
0 0.572500 0.583750 0.037500 0.037500
0 0.516875 0.170625 0.026250 0.026250
0 0.585625 0.116875 0.086250 0.086250
0 0.419375 0.880625 0.046250 0.046250
0 0.041875 0.475625 0.036250 0.036250
0 0.825000 0.111250 0.090000 0.090000
0 0.279375 0.139375 0.053750 0.053750
0 0.935000 0.083125 0.095000 0.076250
0 0.189375 0.070000 0.028750 0.022500
0 0.259375 0.076250 0.063750 0.047500
0 0.413750 0.820000 0.057500 0.042500
0 0.353125 0.731250 0.056250 0.042500
0 0.670000 0.656875 0.035000 0.026250
0 0.113125 0.518750 0.078750 0.080000
0 0.086250 0.066250 0.030000 0.030000
0 0.720625 0.177500 0.073750 0.075000
0 0.826250 0.301875 0.057500 0.058750
0 0.460625 0.462500 0.073750 0.075000
0 0.306875 0.237500 0.093750 0.092500
0 0.926875 0.325000 0.081250 0.080000
0 0.165625 0.927500 0.101250 0.072500
0 0.383125 0.051250 0.073750 0.072500
0 0.945000 0.735000 0.075000 0.072500
0 0.488125 0.795625 0.071250 0.071250
0 0.935000 0.405000 0.062500 0.062500
0 0.139375 0.060625 0.036250 0.038750
0 0.802500 0.948125 0.040000 0.038750
0 0.323125 0.443750 0.026250 0.025000
0 0.956875 0.647500 0.051250 0.037500
0 0.055625 0.381875 0.066250 0.066250
0 0.056250 0.221250 0.082500 0.082500
0 0.217500 0.520000 0.067500 0.067500