0 0.598125 0.726875 0.076250 0.076250
0 0.126250 0.476250 0.095000 0.130000
0 0.682500 0.413750 0.087500 0.120000
0 0.390625 0.798125 0.041250 0.056250
0 0.205625 0.344375 0.036250 0.036250
0 0.901875 0.515000 0.111250 0.082500
0 0.066250 0.810625 0.082500 0.051250
0 0.770000 0.377500 0.055000 0.052500
0 0.755625 0.782500 0.098750 0.140000
0 0.522500 0.238125 0.060000 0.071250
0 0.426875 0.288125 0.066250 0.078750
0 0.463125 0.671875 0.108750 0.128750
0 0.111250 0.312500 0.097500 0.115000
0 0.426250 0.890625 0.070000 0.096250
0 0.919375 0.297500 0.091250 0.090000
0 0.438125 0.546250 0.071250 0.070000
0 0.586250 0.098125 0.045000 0.043750
0 0.392500 0.086250 0.055000 0.055000
0 0.781875 0.146875 0.076250 0.073750
0 0.111250 0.690000 0.087500 0.085000
0 0.328750 0.111875 0.050000 0.048750
0 0.258750 0.130625 0.027500 0.026250
0 0.958750 0.403125 0.057500 0.056250
0 0.310000 0.358125 0.057500 0.053750
0 0.262500 0.466250 0.057500 0.057500
0 0.840625 0.648125 0.093750 0.093750
0 0.905000 0.740000 0.060000 0.060000
0 0.344375 0.696875 0.028750 0.028750
0 0.410000 0.363750 0.052500 0.052500
0 0.310625 0.900625 0.111250 0.123750
0 0.258750 0.735625 0.095000 0.106250
0 0.535000 0.502500 0.085000 0.095000
0 0.940625 0.173750 0.083750 0.092500
0 0.343125 0.195625 0.068750 0.093750
0 0.677500 0.549375 0.072500 0.098750
0 0.060000 0.119375 0.052500 0.071250
0 0.680000 0.632500 0.035000 0.037500
0 0.307500 0.633125 0.057500 0.061250
0 0.653750 0.200625 0.027500 0.026250
0 0.771875 0.053750 0.078750 0.075000
0 0.291875 0.041250 0.056250 0.045000
0 0.859375 0.393750 0.066250 0.052500
0 0.131875 0.886250 0.078750 0.062500
0 0.925000 0.896250 0.092500 0.090000
0 0.481250 0.138750 0.100000 0.100000
0 0.147500 0.190000 0.105000 0.105000
0 0.644375 0.274375 0.088750 0.088750
0 0.653750 0.072500 0.072500 0.082500
0 0.510625 0.801250 0.041250 0.047500
0 0.654375 0.918125 0.086250 0.098750
0 0.181250 0.736250 0.035000 0.035000
0 0.227500 0.563750 0.037500 0.037500
0 0.183125 0.291875 0.031250 0.031250
0 0.509375 0.378125 0.058750 0.058750
0 0.360000 0.543750 0.045000 0.045000
0 0.780000 0.532500 0.040000 0.040000
0 0.918125 0.085625 0.056250 0.056250
0 0.728750 0.306250 0.055000 0.055000
0 0.045000 0.428750 0.037500 0.037500
0 0.221875 0.854375 0.043750 0.043750
0 0.214375 0.919375 0.036250 0.036250
0 0.763750 0.230000 0.062500 0.062500
0 0.938125 0.621875 0.046250 0.056250
0 0.819375 0.936875 0.028750 0.028750
0 0.393750 0.482500 0.040000 0.040000
0 0.431875 0.215000 0.041250 0.037500
0 0.186875 0.085625 0.063750 0.058750
0 0.572500 0.635000 0.045000 0.045000
0 0.538750 0.920625 0.087500 0.096250
0 0.595625 0.389375 0.063750 0.068750
0 0.583750 0.158125 0.052500 0.056250
0 0.576875 0.821250 0.048750 0.052500
0 0.447500 0.050625 0.025000 0.033750
0 0.964375 0.810625 0.036250 0.036250
0 0.830000 0.883125 0.037500 0.038750
0 0.749375 0.921875 0.086250 0.086250
0 0.145000 0.583750 0.070000 0.070000
0 0.648750 0.816250 0.077500 0.077500
0 0.039375 0.491250 0.053750 0.047500
0 0.855000 0.773125 0.025000 0.021250
0 0.053125 0.614375 0.046250 0.046250
0 0.875625 0.149375 0.031250 0.031250
0 0.205000 0.030000 0.035000 0.035000
0 0.607500 0.571250 0.027500 0.030000
0 0.056875 0.190000 0.053750 0.052500
0 0.756250 0.666875 0.042500 0.033750