0 0.696875 0.048750 0.096250 0.030000
0 0.186875 0.474375 0.051250 0.051250
0 0.216250 0.737500 0.077500 0.077500
0 0.205000 0.378750 0.047500 0.047500
0 0.227500 0.842500 0.032500 0.032500
0 0.671250 0.305625 0.045000 0.038750
0 0.686875 0.769375 0.083750 0.083750
0 0.738750 0.172500 0.057500 0.057500
0 0.200625 0.615000 0.028750 0.010000
0 0.861250 0.791250 0.092500 0.092500
0 0.935625 0.608125 0.076250 0.076250
0 0.768750 0.917500 0.052500 0.052500
0 0.114375 0.069375 0.056250 0.056250
0 0.601250 0.407500 0.057500 0.057500
0 0.358125 0.200625 0.103750 0.103750
0 0.567500 0.915000 0.060000 0.060000
0 0.437500 0.102500 0.037500 0.037500
0 0.450625 0.698750 0.098750 0.080000
0 0.500625 0.066875 0.026250 0.026250
0 0.245625 0.529375 0.028750 0.028750
0 0.106875 0.426875 0.086250 0.086250
0 0.345625 0.786875 0.038750 0.038750
0 0.703750 0.565000 0.095000 0.095000
0 0.372500 0.522500 0.097500 0.097500
0 0.039375 0.560625 0.036250 0.036250
0 0.576250 0.863750 0.027500 0.027500
0 0.538125 0.611875 0.078750 0.078750
0 0.286250 0.096250 0.075000 0.075000
0 0.551250 0.697500 0.067500 0.067500
0 0.941250 0.691250 0.057500 0.055000
0 0.199375 0.896250 0.028750 0.027500
0 0.895000 0.201875 0.067500 0.058750
0 0.171250 0.177500 0.102500 0.117500
0 0.967500 0.883750 0.025000 0.025000
0 0.113125 0.780625 0.083750 0.083750
0 0.512500 0.330000 0.077500 0.077500
0 0.829375 0.677500 0.071250 0.062500
0 0.420625 0.798125 0.081250 0.101250
0 0.256875 0.467500 0.053750 0.020000
0 0.323125 0.635625 0.036250 0.013750
0 0.089375 0.664375 0.078750 0.078750
0 0.310625 0.375625 0.091250 0.066250
0 0.761250 0.380000 0.042500 0.042500
0 0.641250 0.658750 0.077500 0.077500
0 0.305000 0.300000 0.070000 0.070000
0 0.766250 0.258750 0.090000 0.090000
0 0.500625 0.466875 0.081250 0.081250
0 0.183750 0.285000 0.077500 0.077500
0 0.913750 0.522500 0.060000 0.060000
0 0.271250 0.938125 0.065000 0.046250
0 0.803125 0.325625 0.033750 0.023750
0 0.956875 0.140000 0.036250 0.025000
0 0.327500 0.848750 0.057500 0.057500
0 0.861875 0.061875 0.093750 0.093750
0 0.850625 0.431250 0.093750 0.092500
0 0.641875 0.195625 0.061250 0.046250
0 0.869375 0.296250 0.078750 0.060000
0 0.324375 0.695625 0.083750 0.063750
0 0.550000 0.162500 0.050000 0.062500
0 0.790000 0.786875 0.027500 0.033750
0 0.846250 0.602500 0.052500 0.065000
0 0.580000 0.811250 0.050000 0.055000
0 0.458125 0.220625 0.073750 0.061250
0 0.413750 0.388125 0.030000 0.033750
0 0.668750 0.906875 0.107500 0.123750
0 0.838125 0.860000 0.026250 0.030000
0 0.121250 0.919375 0.077500 0.088750
0 0.611250 0.461875 0.032500 0.028750
0 0.520000 0.791875 0.045000 0.038750
0 0.186875 0.663125 0.063750 0.056250
0 0.088750 0.166875 0.040000 0.046250