0 0.139375 0.792500 0.078750 0.070000
0 0.647500 0.826250 0.105000 0.092500
0 0.526875 0.060625 0.028750 0.026250
0 0.840000 0.530000 0.037500 0.030000
0 0.208125 0.378750 0.046250 0.037500
0 0.639375 0.502500 0.071250 0.057500
0 0.215000 0.055625 0.030000 0.023750
0 0.401875 0.218125 0.071250 0.071250
0 0.888125 0.073125 0.096250 0.096250
0 0.626875 0.673125 0.033750 0.033750
0 0.811875 0.933125 0.043750 0.043750
0 0.684375 0.321875 0.073750 0.068750
0 0.060625 0.351875 0.071250 0.066250
0 0.821875 0.238125 0.036250 0.033750
0 0.688125 0.591250 0.068750 0.070000
0 0.838125 0.626250 0.056250 0.057500
0 0.280000 0.409375 0.077500 0.081250
0 0.283125 0.899375 0.106250 0.111250
0 0.068125 0.086875 0.101250 0.106250
0 0.498750 0.530625 0.080000 0.083750
0 0.448750 0.849375 0.097500 0.081250
0 0.211250 0.703750 0.077500 0.065000
0 0.232500 0.115625 0.067500 0.056250
0 0.201875 0.206250 0.066250 0.110000
0 0.572500 0.380000 0.102500 0.170000
0 0.422500 0.680000 0.082500 0.137500
0 0.174375 0.531875 0.108750 0.181250
0 0.493750 0.118125 0.065000 0.058750
0 0.595000 0.138125 0.070000 0.078750
0 0.918125 0.268750 0.068750 0.077500
0 0.465625 0.342500 0.028750 0.032500
0 0.763750 0.131250 0.092500 0.092500
0 0.546875 0.663125 0.106250 0.106250
0 0.780625 0.446875 0.041250 0.041250
0 0.351875 0.793125 0.063750 0.063750
0 0.926875 0.635000 0.083750 0.087500
0 0.319375 0.530625 0.071250 0.071250
0 0.792500 0.678750 0.027500 0.025000
0 0.636875 0.236250 0.071250 0.065000
0 0.708125 0.686875 0.031250 0.028750
0 0.325625 0.301250 0.078750 0.072500
0 0.154375 0.869375 0.053750 0.038750
0 0.334375 0.230625 0.036250 0.026250
0 0.935625 0.364375 0.033750 0.036250
0 0.368125 0.095000 0.098750 0.097500
0 0.355625 0.441250 0.028750 0.027500
0 0.720000 0.497500 0.055000 0.055000
0 0.068125 0.639375 0.058750 0.058750
0 0.570000 0.568750 0.040000 0.040000
0 0.768750 0.816250 0.112500 0.112500
0 0.877500 0.811250 0.070000 0.062500
0 0.093125 0.203125 0.086250 0.086250
0 0.825625 0.316875 0.096250 0.078750
0 0.789375 0.392500 0.061250 0.050000
0 0.926250 0.926250 0.107500 0.087500
0 0.073750 0.556250 0.055000 0.045000
0 0.078125 0.884375 0.031250 0.031250
0 0.477500 0.442500 0.045000 0.045000
0 0.137500 0.318125 0.057500 0.066250
0 0.065625 0.474375 0.091250 0.091250
0 0.600625 0.933125 0.066250 0.066250
0 0.426250 0.471250 0.042500 0.042500
0 0.951250 0.825000 0.062500 0.062500
0 0.781875 0.589375 0.036250 0.036250
0 0.268125 0.756875 0.026250 0.026250
0 0.384375 0.954375 0.038750 0.038750
0 0.619375 0.048125 0.068750 0.068750
0 0.075000 0.715000 0.050000 0.050000
0 0.058750 0.826250 0.057500 0.057500
0 0.403125 0.321875 0.058750 0.058750
0 0.870000 0.713125 0.072500 0.041250
0 0.779375 0.044375 0.033750 0.018750
0 0.413125 0.552500 0.061250 0.060000
0 0.500000 0.331875 0.025000 0.038750
0 0.558125 0.247500 0.068750 0.065000
0 0.919375 0.166250 0.068750 0.065000
0 0.278125 0.046875 0.061250 0.061250
0 0.893125 0.448125 0.071250 0.071250
0 0.704375 0.213750 0.036250 0.032500
0 0.906250 0.523750 0.055000 0.055000
0 0.311250 0.630000 0.082500 0.082500
0 0.514375 0.773125 0.051250 0.051250
0 0.622500 0.750000 0.045000 0.045000
0 0.138750 0.933750 0.057500 0.057500
0 0.963750 0.734375 0.027500 0.033750