0 0.820000 0.441875 0.050000 0.048750
0 0.572500 0.125000 0.067500 0.067500
0 0.391875 0.182500 0.103750 0.075000
0 0.827500 0.111250 0.027500 0.032500
0 0.291250 0.427500 0.050000 0.060000
0 0.378750 0.906250 0.105000 0.127500
0 0.910000 0.704375 0.030000 0.036250
0 0.506875 0.208125 0.073750 0.073750
0 0.633125 0.503125 0.031250 0.031250
0 0.075000 0.516250 0.052500 0.052500
0 0.250625 0.730625 0.111250 0.111250
0 0.556250 0.530000 0.060000 0.060000
0 0.915000 0.396250 0.065000 0.065000
0 0.114375 0.246875 0.101250 0.116250
0 0.186875 0.923750 0.043750 0.050000
0 0.164375 0.525000 0.096250 0.110000
0 0.626875 0.713750 0.028750 0.032500
0 0.611250 0.270625 0.090000 0.108750
0 0.677500 0.792500 0.027500 0.032500
0 0.764375 0.356875 0.026250 0.026250
0 0.898750 0.553750 0.065000 0.065000
0 0.080000 0.731250 0.092500 0.092500
0 0.436875 0.653125 0.111250 0.111250
0 0.506875 0.383750 0.086250 0.107500
0 0.655000 0.421875 0.085000 0.106250
0 0.928750 0.881875 0.057500 0.071250
0 0.277500 0.592500 0.042500 0.052500
0 0.115000 0.849375 0.065000 0.068750
0 0.763750 0.517500 0.070000 0.075000
0 0.770625 0.850000 0.026250 0.027500
0 0.121875 0.111875 0.101250 0.101250
0 0.630000 0.540625 0.025000 0.028750
0 0.700625 0.171875 0.066250 0.076250
0 0.693750 0.908750 0.082500 0.095000
0 0.358125 0.318125 0.103750 0.118750
0 0.479375 0.930000 0.048750 0.047500
0 0.548125 0.858125 0.071250 0.071250
0 0.714375 0.660625 0.106250 0.106250
0 0.108125 0.930625 0.031250 0.031250
0 0.218750 0.248750 0.092500 0.092500
0 0.813750 0.773750 0.097500 0.097500
0 0.708750 0.750000 0.025000 0.022500
0 0.131875 0.403125 0.036250 0.036250
0 0.267500 0.886250 0.050000 0.050000
0 0.041250 0.895000 0.037500 0.037500
0 0.919375 0.249375 0.093750 0.093750
0 0.458125 0.509375 0.081250 0.093750
0 0.720000 0.305000 0.047500 0.055000
0 0.073750 0.368750 0.065000 0.075000
0 0.633750 0.791250 0.040000 0.040000
0 0.560000 0.706250 0.080000 0.095000
0 0.896250 0.111875 0.082500 0.098750
0 0.827500 0.274375 0.045000 0.053750
0 0.711875 0.050625 0.056250 0.056250
0 0.419375 0.420625 0.036250 0.036250
0 0.140625 0.628125 0.073750 0.073750
0 0.384375 0.783125 0.063750 0.063750
0 0.371250 0.485000 0.055000 0.055000
0 0.273125 0.818125 0.043750 0.043750
0 0.358125 0.411875 0.053750 0.053750
0 0.278125 0.119375 0.048750 0.048750
0 0.405000 0.086250 0.025000 0.025000
0 0.824375 0.200625 0.046250 0.036250
0 0.365625 0.565000 0.041250 0.032500
0 0.796250 0.928750 0.085000 0.067500
0 0.452500 0.304375 0.032500 0.031250
0 0.253750 0.526250 0.035000 0.035000
0 0.596875 0.939375 0.068750 0.068750
0 0.575625 0.045000 0.026250 0.025000
0 0.596250 0.592500 0.047500 0.047500
0 0.968125 0.481875 0.036250 0.036250
0 0.907500 0.636875 0.085000 0.083750
0 0.263750 0.365000 0.042500 0.042500
0 0.487500 0.117500 0.042500 0.042500
0 0.143750 0.351250 0.057500 0.045000
0 0.218125 0.133125 0.051250 0.051250
0 0.258125 0.035625 0.026250 0.026250
0 0.353750 0.038750 0.040000 0.040000
0 0.828125 0.368125 0.051250 0.051250