0 0.744375 0.236875 0.103750 0.098750
0 0.598750 0.777500 0.052500 0.050000
0 0.923125 0.448750 0.028750 0.027500
0 0.903750 0.068125 0.102500 0.108750
0 0.250000 0.194375 0.102500 0.108750
0 0.491875 0.114375 0.051250 0.053750
0 0.685625 0.503750 0.043750 0.042500
0 0.350000 0.472500 0.072500 0.070000
0 0.380000 0.227500 0.092500 0.090000
0 0.219375 0.903125 0.028750 0.028750
0 0.370625 0.597500 0.056250 0.045000
0 0.833750 0.815000 0.032500 0.027500
0 0.910625 0.784375 0.066250 0.056250
0 0.278125 0.436875 0.051250 0.043750
0 0.797500 0.664375 0.087500 0.106250
0 0.063750 0.335000 0.035000 0.042500
0 0.773750 0.105625 0.085000 0.103750
0 0.494375 0.666250 0.108750 0.087500
0 0.351875 0.336875 0.096250 0.063750
0 0.621875 0.370625 0.043750 0.043750
0 0.346875 0.684375 0.066250 0.066250
0 0.937500 0.186250 0.027500 0.027500
0 0.930625 0.258125 0.086250 0.086250
0 0.098125 0.564375 0.073750 0.073750
0 0.580000 0.238750 0.095000 0.095000
0 0.211250 0.522500 0.090000 0.092500
0 0.778750 0.358125 0.065000 0.066250
0 0.741875 0.847500 0.061250 0.062500
0 0.116875 0.185625 0.111250 0.111250
0 0.498125 0.494375 0.056250 0.048750
0 0.836250 0.526250 0.050000 0.050000
0 0.450625 0.825625 0.091250 0.091250
0 0.939375 0.698125 0.088750 0.088750
0 0.355000 0.091250 0.052500 0.052500
0 0.666250 0.683750 0.092500 0.092500
0 0.258750 0.673750 0.062500 0.062500
0 0.328125 0.890625 0.053750 0.053750
0 0.626875 0.574375 0.038750 0.038750
0 0.889375 0.351875 0.071250 0.071250
0 0.129375 0.842500 0.088750 0.107500
0 0.093750 0.691250 0.092500 0.112500
0 0.228125 0.344375 0.098750 0.116250
0 0.458125 0.409375 0.083750 0.083750
0 0.673125 0.867500 0.061250 0.052500
0 0.225000 0.807500 0.082500 0.082500
0 0.040625 0.408125 0.033750 0.033750
0 0.850000 0.433125 0.062500 0.066250
0 0.417500 0.083125 0.030000 0.031250
0 0.593750 0.087500 0.065000 0.065000
0 0.850625 0.895625 0.103750 0.103750
0 0.558125 0.859375 0.098750 0.098750
0 0.471875 0.574375 0.063750 0.063750
0 0.130000 0.096250 0.042500 0.042500
0 0.608750 0.465000 0.082500 0.072500
0 0.771250 0.453750 0.057500 0.050000
0 0.661875 0.944375 0.043750 0.043750
0 0.458125 0.043125 0.026250 0.023750
0 0.317500 0.588750 0.032500 0.032500
0 0.317500 0.795000 0.055000 0.055000
0 0.895625 0.590625 0.033750 0.033750
0 0.488750 0.277500 0.065000 0.065000