0 0.276875 0.502500 0.078750 0.082500
0 0.126250 0.536875 0.105000 0.106250
0 0.970000 0.081250 0.035000 0.035000
0 0.593750 0.256250 0.047500 0.047500
0 0.475625 0.385625 0.056250 0.056250
0 0.759375 0.104375 0.101250 0.101250
0 0.093125 0.388125 0.096250 0.096250
0 0.621250 0.737500 0.025000 0.025000
0 0.816250 0.238750 0.102500 0.102500
0 0.643125 0.927500 0.091250 0.067500
0 0.063125 0.640625 0.083750 0.083750
0 0.524375 0.865625 0.083750 0.083750
0 0.498750 0.127500 0.047500 0.047500
0 0.846250 0.912500 0.082500 0.082500
0 0.567500 0.621250 0.077500 0.077500
0 0.358750 0.676875 0.087500 0.061250
0 0.796875 0.691875 0.048750 0.048750
0 0.300625 0.881875 0.038750 0.038750
0 0.708125 0.485625 0.083750 0.083750
0 0.688750 0.286250 0.080000 0.080000
0 0.900625 0.659375 0.098750 0.098750
0 0.071250 0.253125 0.105000 0.106250
0 0.511875 0.216875 0.083750 0.083750
0 0.934375 0.300000 0.106250 0.075000
0 0.304375 0.268125 0.068750 0.068750
0 0.425625 0.881875 0.086250 0.086250
0 0.471250 0.606250 0.095000 0.107500
0 0.754375 0.559375 0.041250 0.046250
0 0.381875 0.481250 0.101250 0.115000
0 0.517500 0.502500 0.080000 0.075000
0 0.642500 0.216250 0.032500 0.030000
0 0.858125 0.148125 0.068750 0.063750
0 0.216875 0.096250 0.063750 0.085000
0 0.623125 0.476250 0.028750 0.037500
0 0.248125 0.756250 0.106250 0.142500
0 0.216250 0.235000 0.075000 0.075000
0 0.935625 0.524375 0.103750 0.101250
0 0.568125 0.088750 0.041250 0.040000
0 0.201250 0.318750 0.077500 0.077500
0 0.095000 0.886250 0.105000 0.105000
0 0.638750 0.131250 0.075000 0.075000
0 0.399375 0.254375 0.051250 0.051250
0 0.816250 0.431250 0.085000 0.085000
0 0.380625 0.141875 0.031250 0.031250
0 0.865000 0.802500 0.090000 0.090000
0 0.952500 0.795000 0.032500 0.032500
0 0.276875 0.619375 0.053750 0.053750
0 0.891250 0.428750 0.025000 0.025000
0 0.515000 0.752500 0.055000 0.055000
0 0.673125 0.583125 0.053750 0.051250
0 0.848125 0.065625 0.053750 0.051250
0 0.107500 0.142500 0.100000 0.095000
0 0.695625 0.723750 0.078750 0.075000
0 0.195000 0.630000 0.092500 0.057500
0 0.280000 0.426875 0.057500 0.041250
0 0.205625 0.400625 0.038750 0.038750
0 0.614375 0.414375 0.058750 0.058750
0 0.623750 0.846250 0.052500 0.052500
0 0.732500 0.913750 0.070000 0.070000
0 0.421875 0.775625 0.078750 0.078750
0 0.636875 0.058125 0.056250 0.056250
0 0.060625 0.761875 0.091250 0.091250
0 0.240000 0.905000 0.067500 0.067500
0 0.810625 0.340625 0.058750 0.058750
0 0.331875 0.939375 0.058750 0.058750
0 0.820000 0.537500 0.027500 0.027500
0 0.322500 0.061250 0.075000 0.075000
0 0.385000 0.382500 0.042500 0.042500
0 0.520000 0.028750 0.025000 0.025000
0 0.440000 0.058750 0.055000 0.055000
0 0.561250 0.311875 0.040000 0.038750
0 0.968750 0.383125 0.032500 0.023750
0 0.935625 0.169375 0.058750 0.058750
0 0.334375 0.134375 0.038750 0.031250
0 0.350000 0.815000 0.047500 0.037500
0 0.488750 0.319375 0.030000 0.023750
0 0.746250 0.797500 0.055000 0.055000