0 0.441875 0.134375 0.106250 0.106250
0 0.285625 0.829375 0.056250 0.056250
0 0.466875 0.774375 0.056250 0.048750
0 0.245625 0.638125 0.111250 0.096250
0 0.655000 0.491250 0.055000 0.047500
0 0.610000 0.327500 0.067500 0.065000
0 0.260000 0.345000 0.097500 0.095000
0 0.885625 0.803750 0.073750 0.070000
0 0.620000 0.605625 0.087500 0.083750
0 0.740000 0.298750 0.072500 0.070000
0 0.273125 0.117500 0.103750 0.100000
0 0.893125 0.500625 0.108750 0.108750
0 0.138750 0.493750 0.097500 0.097500
0 0.101250 0.206250 0.105000 0.105000
0 0.690625 0.949375 0.036250 0.036250
0 0.611250 0.733750 0.030000 0.030000
0 0.591875 0.815625 0.066250 0.066250
0 0.361875 0.709375 0.103750 0.056250
0 0.928125 0.111875 0.073750 0.068750
0 0.533125 0.266875 0.026250 0.023750
0 0.785625 0.955625 0.036250 0.033750
0 0.086875 0.901875 0.063750 0.063750
0 0.740625 0.680625 0.111250 0.111250
0 0.503750 0.608750 0.090000 0.090000
0 0.774375 0.375625 0.046250 0.046250
0 0.535625 0.776875 0.026250 0.026250
0 0.568750 0.116250 0.080000 0.080000
0 0.852500 0.225000 0.060000 0.067500
0 0.388125 0.560625 0.043750 0.048750
0 0.926250 0.622500 0.040000 0.042500
0 0.046250 0.448750 0.057500 0.057500
0 0.153125 0.758125 0.081250 0.081250
0 0.923125 0.199375 0.058750 0.058750
0 0.864375 0.169375 0.026250 0.026250
0 0.375000 0.885625 0.095000 0.071250
0 0.241875 0.536875 0.068750 0.051250
0 0.846250 0.035000 0.037500 0.027500
0 0.886875 0.718125 0.026250 0.018750
0 0.755625 0.168750 0.098750 0.152500
0 0.277500 0.435000 0.065000 0.065000
0 0.437500 0.386250 0.075000 0.075000
0 0.482500 0.917500 0.052500 0.052500
0 0.054375 0.795625 0.058750 0.058750
0 0.451875 0.256875 0.096250 0.096250
0 0.376250 0.792500 0.027500 0.027500
0 0.479375 0.458125 0.026250 0.026250
0 0.105625 0.681875 0.043750 0.043750
0 0.775000 0.516875 0.105000 0.066250
0 0.151875 0.921875 0.051250 0.058750
0 0.691875 0.836250 0.106250 0.122500
0 0.892500 0.401875 0.045000 0.043750
0 0.281250 0.257500 0.105000 0.065000
0 0.109375 0.089375 0.068750 0.076250
0 0.148125 0.374375 0.093750 0.093750
0 0.551250 0.486250 0.075000 0.075000
0 0.575625 0.420625 0.043750 0.038750
0 0.660000 0.140625 0.072500 0.063750
0 0.920000 0.912500 0.090000 0.087500
0 0.385000 0.485625 0.035000 0.033750
0 0.353750 0.366250 0.065000 0.062500
0 0.051875 0.303125 0.036250 0.036250
0 0.770625 0.063125 0.041250 0.041250
0 0.836875 0.888125 0.051250 0.051250
0 0.113125 0.611875 0.071250 0.071250
0 0.564375 0.919375 0.096250 0.096250
0 0.661875 0.210625 0.056250 0.056250
0 0.770625 0.440000 0.053750 0.052500
0 0.355000 0.152500 0.030000 0.027500
0 0.806875 0.585000 0.036250 0.037500
0 0.595625 0.254375 0.058750 0.061250
0 0.201250 0.201250 0.037500 0.037500
0 0.480625 0.833750 0.058750 0.052500
0 0.357500 0.641875 0.030000 0.026250
0 0.473125 0.501250 0.033750 0.030000
0 0.379375 0.953125 0.041250 0.043750
0 0.034375 0.558125 0.041250 0.043750
0 0.802500 0.820000 0.065000 0.065000
0 0.655625 0.722500 0.043750 0.082500
0 0.228750 0.922500 0.082500 0.082500
0 0.321250 0.531250 0.062500 0.060000
0 0.640625 0.407500 0.056250 0.055000
0 0.491250 0.703750 0.075000 0.075000
0 0.930625 0.715000 0.038750 0.035000
0 0.837500 0.285625 0.060000 0.038750
0 0.222500 0.829375 0.045000 0.028750
0 0.938750 0.278750 0.080000 0.052500