0 0.888125 0.633125 0.053750 0.053750
0 0.874375 0.511875 0.038750 0.038750
0 0.747500 0.705000 0.047500 0.047500
0 0.327500 0.278750 0.045000 0.045000
0 0.558750 0.761250 0.062500 0.062500
0 0.875000 0.693125 0.030000 0.031250
0 0.246250 0.891875 0.037500 0.038750
0 0.573750 0.564375 0.030000 0.031250
0 0.438750 0.751875 0.085000 0.088750
0 0.475625 0.231875 0.081250 0.078750
0 0.903125 0.175000 0.046250 0.045000
0 0.316250 0.804375 0.025000 0.023750
0 0.383125 0.633125 0.106250 0.106250
0 0.720000 0.616250 0.035000 0.035000
0 0.943125 0.076875 0.031250 0.031250
0 0.053125 0.105625 0.078750 0.078750
0 0.088125 0.683125 0.098750 0.098750
0 0.504375 0.129375 0.081250 0.098750
0 0.814375 0.196250 0.076250 0.055000
0 0.713750 0.296875 0.032500 0.023750
0 0.611250 0.487500 0.100000 0.070000
0 0.428125 0.330625 0.033750 0.023750
0 0.160625 0.441250 0.026250 0.017500
0 0.200625 0.102500 0.048750 0.052500
0 0.193125 0.559375 0.101250 0.111250
0 0.236250 0.322500 0.065000 0.065000
0 0.712500 0.463750 0.062500 0.062500
0 0.870000 0.091250 0.087500 0.087500
0 0.258750 0.438125 0.040000 0.041250
0 0.060625 0.374375 0.056250 0.061250
0 0.720625 0.394375 0.051250 0.056250
0 0.409375 0.541250 0.051250 0.057500
0 0.830625 0.851250 0.078750 0.080000
0 0.608750 0.337500 0.065000 0.065000
0 0.740000 0.176250 0.055000 0.055000
0 0.860000 0.417500 0.077500 0.077500
0 0.830625 0.288125 0.051250 0.051250
0 0.501250 0.546250 0.047500 0.047500
0 0.116250 0.881250 0.102500 0.102500
0 0.472500 0.420000 0.102500 0.102500
0 0.341875 0.951875 0.043750 0.043750
0 0.508750 0.938750 0.062500 0.050000
0 0.848125 0.923750 0.056250 0.045000
0 0.701875 0.937500 0.081250 0.065000
0 0.645000 0.635625 0.055000 0.043750
0 0.236250 0.710000 0.052500 0.037500
0 0.936250 0.855000 0.067500 0.065000
0 0.348125 0.536875 0.026250 0.026250
0 0.642500 0.826250 0.052500 0.052500
0 0.559375 0.643125 0.073750 0.073750
0 0.397500 0.243750 0.060000 0.060000
0 0.912500 0.314375 0.095000 0.098750
0 0.216250 0.780000 0.072500 0.075000
0 0.370625 0.096875 0.101250 0.106250
0 0.109375 0.490000 0.033750 0.035000
0 0.923750 0.765625 0.037500 0.033750
0 0.740000 0.867500 0.050000 0.045000
0 0.309375 0.371875 0.033750 0.033750
0 0.645625 0.131875 0.083750 0.083750
0 0.662500 0.754375 0.060000 0.043750
0 0.328125 0.734375 0.073750 0.053750
0 0.081875 0.288750 0.071250 0.052500
0 0.653125 0.253750 0.068750 0.075000
0 0.955000 0.588125 0.042500 0.046250
0 0.072500 0.566250 0.087500 0.095000
0 0.635000 0.706250 0.052500 0.037500
0 0.540000 0.853750 0.080000 0.057500
0 0.176875 0.185625 0.086250 0.086250
0 0.633125 0.424375 0.041250 0.041250
0 0.050625 0.210625 0.051250 0.056250
0 0.125000 0.117500 0.025000 0.027500
0 0.249375 0.657500 0.046250 0.045000
0 0.311250 0.431875 0.045000 0.043750
0 0.851250 0.751250 0.052500 0.052500
0 0.751875 0.081875 0.081250 0.081250
0 0.281875 0.204375 0.061250 0.061250
0 0.405625 0.933750 0.046250 0.062500
0 0.152500 0.373750 0.040000 0.040000
0 0.598750 0.057500 0.025000 0.032500
0 0.301250 0.902500 0.035000 0.035000
0 0.086250 0.958750 0.030000 0.030000
0 0.368750 0.357500 0.060000 0.060000