0 0.105625 0.480625 0.108750 0.108750
0 0.799375 0.305625 0.046250 0.046250
0 0.638750 0.455000 0.112500 0.112500
0 0.551875 0.886875 0.066250 0.066250
0 0.296875 0.630625 0.041250 0.041250
0 0.178125 0.613125 0.038750 0.038750
0 0.764375 0.835000 0.106250 0.105000
0 0.186250 0.788750 0.077500 0.077500
0 0.180625 0.930625 0.026250 0.026250
0 0.847500 0.267500 0.027500 0.027500
0 0.495000 0.270000 0.095000 0.095000
0 0.248750 0.471250 0.112500 0.112500
0 0.130000 0.924375 0.030000 0.028750
0 0.414375 0.567500 0.028750 0.027500
0 0.349375 0.423125 0.063750 0.061250
0 0.678750 0.183125 0.090000 0.086250
0 0.063750 0.135000 0.030000 0.030000
0 0.555000 0.105000 0.107500 0.130000
0 0.493125 0.510000 0.098750 0.120000
0 0.942500 0.563125 0.055000 0.066250
0 0.805000 0.576250 0.080000 0.080000
0 0.359375 0.068125 0.066250 0.066250
0 0.924375 0.213125 0.051250 0.051250
0 0.338125 0.836875 0.066250 0.066250
0 0.077500 0.631250 0.105000 0.105000
0 0.223125 0.323125 0.103750 0.126250
0 0.723125 0.050625 0.061250 0.061250
0 0.808125 0.421875 0.096250 0.096250
0 0.093750 0.311875 0.067500 0.073750
0 0.645625 0.643125 0.108750 0.118750
0 0.418750 0.785625 0.057500 0.051250
0 0.526875 0.714375 0.068750 0.078750
0 0.171250 0.162500 0.085000 0.085000
0 0.449375 0.884375 0.108750 0.108750
0 0.653750 0.893750 0.087500 0.087500
0 0.438750 0.640000 0.050000 0.050000
0 0.845625 0.689375 0.051250 0.058750
0 0.593125 0.301250 0.043750 0.060000
0 0.600000 0.815000 0.042500 0.042500
0 0.259375 0.098750 0.076250 0.060000
0 0.043125 0.819375 0.053750 0.041250
0 0.640000 0.031250 0.030000 0.022500
0 0.711250 0.303750 0.045000 0.045000
0 0.346250 0.197500 0.110000 0.110000
0 0.800000 0.145000 0.100000 0.100000
0 0.688125 0.785625 0.026250 0.026250
0 0.868750 0.333750 0.057500 0.057500
0 0.881250 0.783750 0.090000 0.090000
0 0.936250 0.434375 0.090000 0.101250
0 0.349375 0.313750 0.093750 0.097500
0 0.933125 0.068125 0.073750 0.071250
0 0.445000 0.351250 0.062500 0.052500
0 0.563750 0.194375 0.037500 0.031250