0 0.048125 0.800625 0.028750 0.028750
0 0.781875 0.283125 0.043750 0.043750
0 0.919375 0.908125 0.056250 0.056250
0 0.122500 0.522500 0.070000 0.070000
0 0.741875 0.651875 0.068750 0.068750
0 0.522500 0.840000 0.030000 0.030000
0 0.789375 0.493125 0.041250 0.041250
0 0.126250 0.337500 0.082500 0.082500
0 0.290625 0.096250 0.073750 0.140000
0 0.273750 0.663125 0.030000 0.028750
0 0.174375 0.799375 0.058750 0.058750
0 0.431250 0.460000 0.110000 0.110000
0 0.334375 0.771875 0.098750 0.098750
0 0.644375 0.556875 0.088750 0.088750
0 0.205000 0.921250 0.027500 0.027500
0 0.916875 0.330625 0.101250 0.113750
0 0.392500 0.041250 0.025000 0.022500
0 0.960625 0.643125 0.048750 0.043750
0 0.395000 0.621875 0.065000 0.058750
0 0.631875 0.658125 0.068750 0.086250
0 0.050000 0.298750 0.050000 0.062500
0 0.766250 0.156250 0.097500 0.122500
0 0.925625 0.528125 0.111250 0.138750
0 0.210625 0.560000 0.081250 0.055000
0 0.540625 0.271250 0.098750 0.142500
0 0.100625 0.895625 0.106250 0.106250
0 0.353125 0.308125 0.103750 0.103750
0 0.695000 0.333750 0.082500 0.082500
0 0.712500 0.880000 0.087500 0.087500
0 0.481250 0.136250 0.027500 0.027500
0 0.319375 0.554375 0.063750 0.063750
0 0.545000 0.925000 0.077500 0.077500
0 0.348750 0.446250 0.037500 0.037500
0 0.202500 0.192500 0.042500 0.042500
0 0.645625 0.450625 0.056250 0.056250
0 0.233125 0.689375 0.036250 0.036250
0 0.181875 0.076875 0.088750 0.098750
0 0.446875 0.754375 0.081250 0.091250
0 0.424375 0.175625 0.026250 0.028750
0 0.089375 0.698750 0.038750 0.042500
0 0.900625 0.798750 0.098750 0.102500
0 0.334375 0.938750 0.041250 0.042500
0 0.073125 0.162500 0.096250 0.100000
0 0.440625 0.550625 0.051250 0.041250
0 0.748125 0.561250 0.083750 0.067500
0 0.873125 0.676875 0.101250 0.081250
0 0.670000 0.198125 0.042500 0.038750
0 0.437500 0.894375 0.077500 0.071250
0 0.599375 0.068125 0.098750 0.098750
0 0.878750 0.110000 0.112500 0.112500
0 0.465625 0.648125 0.033750 0.026250
0 0.109375 0.784375 0.031250 0.023750
0 0.553750 0.752500 0.052500 0.040000
0 0.309375 0.204375 0.051250 0.051250
0 0.222500 0.455000 0.087500 0.087500
0 0.551875 0.398125 0.058750 0.058750
0 0.766875 0.730625 0.058750 0.058750
0 0.079375 0.438125 0.063750 0.063750
0 0.225625 0.329375 0.096250 0.101250
0 0.636250 0.256875 0.030000 0.031250
0 0.533750 0.532500 0.050000 0.052500
0 0.820625 0.916250 0.103750 0.110000
0 0.086250 0.072500 0.047500 0.047500
0 0.777500 0.798750 0.040000 0.040000
0 0.615625 0.350625 0.033750 0.033750
0 0.222500 0.871250 0.052500 0.052500
0 0.480625 0.071875 0.078750 0.078750
0 0.121875 0.624375 0.076250 0.076250