0 0.792500 0.509375 0.030000 0.028750
0 0.441875 0.855000 0.103750 0.087500
0 0.440625 0.198750 0.038750 0.032500
0 0.740625 0.650000 0.073750 0.062500
0 0.592500 0.580000 0.060000 0.050000
0 0.591875 0.206875 0.061250 0.061250
0 0.060625 0.090625 0.041250 0.041250
0 0.787500 0.288750 0.042500 0.042500
0 0.866250 0.308750 0.062500 0.062500
0 0.254375 0.296875 0.038750 0.038750
0 0.663750 0.918125 0.107500 0.108750
0 0.330000 0.491250 0.085000 0.085000
0 0.809375 0.715625 0.046250 0.046250
0 0.074375 0.467500 0.066250 0.057500
0 0.348750 0.151250 0.107500 0.107500
0 0.756250 0.575000 0.040000 0.040000
0 0.778125 0.808125 0.056250 0.056250
0 0.689375 0.078125 0.041250 0.041250
0 0.125625 0.145625 0.063750 0.063750
0 0.930000 0.101250 0.042500 0.042500
0 0.538125 0.395625 0.043750 0.043750
0 0.313750 0.928750 0.085000 0.085000
0 0.509375 0.121875 0.028750 0.028750
0 0.686875 0.765625 0.108750 0.108750
0 0.134375 0.840625 0.096250 0.096250
0 0.440625 0.094375 0.051250 0.051250
0 0.615625 0.464375 0.078750 0.078750
0 0.599375 0.106250 0.103750 0.082500
0 0.893125 0.905000 0.103750 0.125000
0 0.291250 0.679375 0.100000 0.121250
0 0.493750 0.312500 0.105000 0.105000
0 0.611250 0.352500 0.087500 0.087500
0 0.158125 0.309375 0.088750 0.088750
0 0.445625 0.761875 0.066250 0.066250
0 0.109375 0.034375 0.033750 0.033750
0 0.841250 0.100000 0.102500 0.102500
0 0.246875 0.428125 0.061250 0.061250
0 0.045000 0.175000 0.052500 0.052500
0 0.055625 0.848125 0.038750 0.038750
0 0.801250 0.470000 0.030000 0.030000
0 0.084375 0.723125 0.096250 0.096250
0 0.235625 0.492500 0.053750 0.052500
0 0.488750 0.628750 0.105000 0.105000
0 0.099375 0.609375 0.086250 0.086250
0 0.944375 0.456875 0.076250 0.076250
0 0.228750 0.205000 0.050000 0.050000
0 0.261250 0.823125 0.105000 0.106250
0 0.370625 0.303125 0.036250 0.036250
0 0.866875 0.232500 0.066250 0.067500
0 0.694375 0.208750 0.106250 0.107500
0 0.888125 0.653750 0.071250 0.072500
0 0.820000 0.623750 0.042500 0.030000
0 0.402500 0.628125 0.047500 0.033750
0 0.150000 0.418750 0.070000 0.050000
0 0.760625 0.370000 0.086250 0.062500
0 0.453125 0.434375 0.071250 0.071250
0 0.945625 0.204375 0.053750 0.053750
0 0.918125 0.753125 0.098750 0.098750
0 0.777500 0.918750 0.092500 0.090000
0 0.059375 0.364375 0.088750 0.106250
0 0.355625 0.372500 0.058750 0.070000
0 0.238125 0.058750 0.088750 0.082500
0 0.535000 0.922500 0.062500 0.062500
0 0.426250 0.952500 0.040000 0.040000
0 0.850625 0.544375 0.046250 0.046250
0 0.530000 0.738750 0.067500 0.067500