0 0.675000 0.461875 0.105000 0.083750
0 0.718750 0.578125 0.080000 0.083750
0 0.686250 0.903750 0.050000 0.050000
0 0.561875 0.841875 0.091250 0.091250
0 0.131250 0.083750 0.062500 0.062500
0 0.753750 0.278750 0.032500 0.032500
0 0.939375 0.851875 0.066250 0.066250
0 0.890625 0.513125 0.063750 0.063750
0 0.673750 0.068125 0.030000 0.031250
0 0.237500 0.913125 0.090000 0.101250
0 0.453125 0.746250 0.078750 0.095000
0 0.817500 0.631250 0.025000 0.030000
0 0.507500 0.147500 0.097500 0.117500
0 0.315625 0.328125 0.048750 0.051250
0 0.823750 0.204375 0.092500 0.111250
0 0.846875 0.812500 0.068750 0.082500
0 0.710000 0.716875 0.060000 0.071250
0 0.136250 0.803750 0.042500 0.050000
0 0.077500 0.526250 0.105000 0.105000
0 0.293125 0.759375 0.093750 0.093750
0 0.157500 0.674375 0.030000 0.023750
0 0.543125 0.418125 0.071250 0.071250
0 0.456250 0.480625 0.085000 0.078750
0 0.066875 0.211875 0.083750 0.083750
0 0.203125 0.539375 0.103750 0.103750
0 0.201875 0.211875 0.048750 0.048750
0 0.745625 0.920625 0.048750 0.048750
0 0.555000 0.639375 0.070000 0.066250
0 0.159375 0.383750 0.073750 0.070000
0 0.863125 0.060000 0.086250 0.082500
0 0.582500 0.283750 0.047500 0.045000
0 0.446875 0.293125 0.033750 0.033750
0 0.372500 0.638125 0.077500 0.073750
0 0.531875 0.736250 0.058750 0.055000
0 0.348750 0.060000 0.080000 0.080000
0 0.308125 0.220625 0.106250 0.106250
0 0.613750 0.737500 0.062500 0.062500
0 0.936250 0.233750 0.067500 0.065000
0 0.085625 0.294375 0.036250 0.036250
0 0.348750 0.512500 0.047500 0.090000
0 0.656875 0.156875 0.048750 0.063750
0 0.062500 0.405625 0.080000 0.103750
0 0.766250 0.067500 0.067500 0.087500
0 0.048125 0.683125 0.066250 0.066250
0 0.939375 0.114375 0.048750 0.048750
0 0.126250 0.923750 0.077500 0.077500
0 0.131875 0.731875 0.058750 0.058750
0 0.918125 0.648125 0.098750 0.098750
0 0.656875 0.335625 0.058750 0.063750
0 0.847500 0.921875 0.052500 0.043750
0 0.363750 0.908750 0.097500 0.097500
0 0.921250 0.381250 0.107500 0.107500
0 0.391250 0.330000 0.057500 0.050000
0 0.531875 0.535625 0.041250 0.036250
0 0.947500 0.929375 0.070000 0.071250
0 0.455000 0.845625 0.045000 0.031250
0 0.505625 0.236875 0.041250 0.041250
0 0.516875 0.050625 0.061250 0.061250
0 0.596250 0.085000 0.065000 0.065000
0 0.305625 0.401250 0.088750 0.070000
0 0.806875 0.386875 0.103750 0.103750
0 0.265625 0.095625 0.068750 0.068750
0 0.803125 0.705625 0.043750 0.043750
0 0.588125 0.528125 0.038750 0.038750
0 0.457500 0.630000 0.032500 0.032500
0 0.055000 0.772500 0.032500 0.037500
0 0.444375 0.939375 0.026250 0.026250
0 0.140000 0.181250 0.037500 0.037500
0 0.239375 0.658125 0.073750 0.073750