0 0.528125 0.233125 0.111250 0.106250
0 0.289375 0.162500 0.078750 0.075000
0 0.282500 0.846875 0.065000 0.061250
0 0.881875 0.399375 0.108750 0.108750
0 0.236875 0.673125 0.086250 0.086250
0 0.762500 0.086250 0.030000 0.030000
0 0.275625 0.549375 0.031250 0.031250
0 0.068125 0.592500 0.091250 0.130000
0 0.658750 0.803125 0.092500 0.131250
0 0.170000 0.435625 0.102500 0.146250
0 0.776875 0.476875 0.076250 0.076250
0 0.853750 0.608125 0.035000 0.033750
0 0.191875 0.924375 0.076250 0.076250
0 0.334375 0.744375 0.026250 0.026250
0 0.071875 0.800625 0.061250 0.061250
0 0.393125 0.081875 0.066250 0.066250
0 0.800000 0.751250 0.065000 0.065000
0 0.720625 0.660625 0.061250 0.061250
0 0.471875 0.080625 0.058750 0.058750
0 0.299375 0.249375 0.028750 0.018750
0 0.045625 0.108750 0.051250 0.047500
0 0.580000 0.361250 0.032500 0.030000
0 0.416875 0.835625 0.066250 0.066250
0 0.196875 0.294375 0.108750 0.108750
0 0.324375 0.485000 0.068750 0.082500
0 0.873125 0.136250 0.046250 0.055000
0 0.638750 0.618125 0.082500 0.098750
0 0.450625 0.381250 0.108750 0.130000
0 0.483125 0.497500 0.093750 0.072500
0 0.815000 0.876250 0.055000 0.042500
0 0.175000 0.153750 0.085000 0.065000
0 0.903750 0.731250 0.075000 0.057500
0 0.708125 0.076875 0.056250 0.056250
0 0.378750 0.665000 0.062500 0.062500
0 0.738750 0.198750 0.107500 0.107500
0 0.866875 0.226875 0.111250 0.111250
0 0.630000 0.932500 0.060000 0.065000
0 0.915625 0.834375 0.088750 0.096250
0 0.075625 0.264375 0.106250 0.086250
0 0.153750 0.825625 0.082500 0.086250
0 0.343125 0.368750 0.076250 0.080000
0 0.148125 0.723750 0.038750 0.040000
0 0.760000 0.295000 0.042500 0.045000
0 0.469375 0.736875 0.093750 0.093750
0 0.660625 0.469375 0.078750 0.078750
0 0.521875 0.950625 0.048750 0.048750
0 0.432500 0.912500 0.055000 0.055000