0 0.531250 0.717500 0.110000 0.110000
0 0.807500 0.068750 0.095000 0.095000
0 0.744375 0.856875 0.076250 0.076250
0 0.620625 0.233125 0.038750 0.038750
0 0.066250 0.425000 0.105000 0.105000
0 0.276250 0.338750 0.110000 0.110000
0 0.921875 0.335625 0.043750 0.043750
0 0.225000 0.941875 0.057500 0.056250
0 0.055000 0.053125 0.057500 0.056250
0 0.594375 0.449375 0.066250 0.066250
0 0.465000 0.575000 0.105000 0.105000
0 0.676875 0.454375 0.063750 0.063750
0 0.221250 0.640000 0.060000 0.060000
0 0.349375 0.593125 0.063750 0.063750
0 0.663125 0.343125 0.041250 0.041250
0 0.519375 0.341875 0.083750 0.083750
0 0.558750 0.205000 0.060000 0.060000
0 0.131250 0.315000 0.072500 0.072500
0 0.770625 0.179375 0.053750 0.053750
0 0.581250 0.908750 0.110000 0.110000
0 0.206250 0.831250 0.092500 0.092500
0 0.089375 0.903125 0.063750 0.053750
0 0.796875 0.716875 0.053750 0.046250
0 0.923125 0.808750 0.041250 0.035000
0 0.646875 0.083125 0.073750 0.073750
0 0.847500 0.631250 0.110000 0.110000
0 0.812500 0.380000 0.025000 0.025000
0 0.703750 0.575000 0.102500 0.102500
0 0.866875 0.223125 0.076250 0.076250
0 0.737500 0.338750 0.082500 0.117500
0 0.181250 0.487500 0.075000 0.072500
0 0.427500 0.108750 0.070000 0.070000
0 0.116250 0.766250 0.037500 0.037500
0 0.346875 0.730625 0.111250 0.111250
0 0.078125 0.701875 0.073750 0.073750
0 0.938750 0.501250 0.097500 0.097500
0 0.414375 0.335625 0.096250 0.096250
0 0.113750 0.143750 0.080000 0.080000
0 0.244375 0.123125 0.093750 0.093750
0 0.826875 0.843125 0.071250 0.063750
0 0.827500 0.508750 0.095000 0.095000
0 0.056250 0.592500 0.070000 0.070000
0 0.413750 0.900000 0.102500 0.102500
0 0.416875 0.206875 0.093750 0.093750
0 0.224375 0.214375 0.033750 0.033750
0 0.585000 0.366250 0.030000 0.030000
0 0.846250 0.361250 0.027500 0.027500
0 0.915625 0.883125 0.051250 0.051250
0 0.848125 0.779375 0.041250 0.036250
0 0.325000 0.916250 0.057500 0.050000
0 0.363750 0.481250 0.040000 0.035000
0 0.926875 0.085625 0.061250 0.056250
0 0.776875 0.934375 0.033750 0.033750
0 0.514375 0.433125 0.078750 0.078750
0 0.532500 0.086250 0.090000 0.112500
0 0.196250 0.761875 0.025000 0.031250
0 0.606250 0.623750 0.062500 0.052500
0 0.698750 0.694375 0.087500 0.073750
0 0.118750 0.242500 0.050000 0.050000
0 0.041250 0.801250 0.055000 0.055000
0 0.705000 0.781250 0.060000 0.060000
0 0.578125 0.546875 0.053750 0.053750
0 0.689375 0.226875 0.053750 0.053750
0 0.784375 0.764375 0.026250 0.026250
0 0.306250 0.436875 0.060000 0.058750
0 0.949375 0.628125 0.073750 0.073750
0 0.030625 0.865625 0.028750 0.028750
0 0.180625 0.405625 0.063750 0.058750
0 0.926250 0.946875 0.032500 0.028750
0 0.270000 0.535000 0.055000 0.055000
0 0.442500 0.743750 0.045000 0.045000
0 0.161250 0.067500 0.057500 0.050000
0 0.037500 0.170000 0.040000 0.035000