0 0.358750 0.546250 0.100000 0.095000
0 0.420000 0.801875 0.065000 0.061250
0 0.766875 0.189375 0.041250 0.038750
0 0.819375 0.068125 0.046250 0.043750
0 0.679375 0.448750 0.031250 0.030000
0 0.197500 0.065625 0.027500 0.026250
0 0.104375 0.261250 0.098750 0.097500
0 0.094375 0.425625 0.041250 0.041250
0 0.443750 0.360000 0.107500 0.107500
0 0.153750 0.862500 0.105000 0.097500
0 0.091250 0.666250 0.025000 0.022500
0 0.828125 0.606875 0.066250 0.061250
0 0.681250 0.761250 0.042500 0.042500
0 0.927500 0.558750 0.072500 0.072500
0 0.711875 0.883125 0.111250 0.111250
0 0.916250 0.298125 0.090000 0.106250
0 0.378125 0.128125 0.071250 0.071250
0 0.163125 0.625625 0.093750 0.093750
0 0.816250 0.886250 0.080000 0.080000
0 0.765625 0.661250 0.031250 0.030000
0 0.173125 0.736875 0.036250 0.036250
0 0.654375 0.676875 0.028750 0.028750
0 0.545625 0.153125 0.063750 0.063750
0 0.121875 0.120625 0.048750 0.048750
0 0.666875 0.561250 0.106250 0.137500
0 0.681875 0.238750 0.098750 0.127500
0 0.671250 0.087500 0.102500 0.132500
0 0.842500 0.243125 0.032500 0.041250
0 0.092500 0.767500 0.027500 0.027500
0 0.345625 0.900625 0.076250 0.076250
0 0.558125 0.075625 0.068750 0.068750
0 0.515000 0.811250 0.047500 0.047500
0 0.528750 0.685000 0.097500 0.097500
0 0.150000 0.512500 0.102500 0.102500
0 0.546250 0.593750 0.032500 0.032500
0 0.541250 0.435000 0.030000 0.030000
0 0.283125 0.673125 0.108750 0.108750
0 0.912500 0.118125 0.100000 0.113750
0 0.898750 0.743750 0.065000 0.065000
0 0.284375 0.085625 0.081250 0.081250
0 0.293750 0.803750 0.100000 0.100000
0 0.830625 0.403125 0.058750 0.058750
0 0.526875 0.323125 0.028750 0.028750
0 0.560000 0.891250 0.072500 0.072500
0 0.185625 0.955625 0.026250 0.026250
0 0.421250 0.695000 0.092500 0.092500
0 0.398125 0.264375 0.053750 0.053750
0 0.928750 0.917500 0.107500 0.110000
0 0.070625 0.091250 0.026250 0.025000
0 0.253750 0.322500 0.112500 0.112500
0 0.656250 0.361250 0.047500 0.047500
0 0.960000 0.416250 0.055000 0.055000
0 0.791250 0.506250 0.087500 0.087500
0 0.476875 0.476875 0.051250 0.051250
0 0.624375 0.928125 0.031250 0.031250
0 0.143750 0.046250 0.042500 0.042500
0 0.760625 0.759375 0.096250 0.096250
0 0.550000 0.376250 0.032500 0.032500
0 0.916875 0.491250 0.068750 0.042500
0 0.045000 0.923125 0.062500 0.038750
0 0.458125 0.895625 0.103750 0.063750
0 0.556250 0.246250 0.025000 0.025000
0 0.138125 0.181875 0.041250 0.041250
0 0.117500 0.367500 0.025000 0.025000
0 0.053125 0.574375 0.068750 0.068750
0 0.468750 0.577500 0.057500 0.057500
0 0.293750 0.433750 0.092500 0.092500