0 0.652500 0.576250 0.032500 0.037500
0 0.438750 0.406875 0.100000 0.118750
0 0.867500 0.303125 0.050000 0.058750
0 0.576875 0.635625 0.028750 0.028750
0 0.345000 0.627500 0.025000 0.025000
0 0.860625 0.121875 0.091250 0.091250
0 0.711250 0.160000 0.070000 0.070000
0 0.265000 0.431250 0.027500 0.027500
0 0.518125 0.860625 0.091250 0.091250
0 0.884375 0.823125 0.081250 0.081250
0 0.315000 0.796250 0.087500 0.087500
0 0.253750 0.316250 0.105000 0.105000
0 0.068125 0.410625 0.111250 0.111250
0 0.565625 0.315625 0.068750 0.068750
0 0.160625 0.735625 0.058750 0.058750
0 0.298750 0.093750 0.107500 0.107500
0 0.716250 0.821250 0.035000 0.035000
0 0.764375 0.378125 0.078750 0.088750
0 0.086875 0.078125 0.101250 0.113750
0 0.461875 0.233750 0.036250 0.040000
0 0.617500 0.756250 0.110000 0.087500
0 0.776250 0.696250 0.042500 0.042500
0 0.095625 0.258750 0.043750 0.042500
0 0.172500 0.858750 0.057500 0.055000
0 0.088125 0.528750 0.031250 0.030000
0 0.899375 0.409375 0.096250 0.093750
0 0.080000 0.831250 0.030000 0.030000
0 0.637500 0.902500 0.095000 0.095000
0 0.648125 0.150625 0.041250 0.041250
0 0.822500 0.523125 0.090000 0.091250
0 0.791250 0.233125 0.062500 0.063750
0 0.936875 0.635625 0.088750 0.088750
0 0.853750 0.608750 0.050000 0.035000
0 0.414375 0.818125 0.076250 0.053750
0 0.298750 0.186875 0.030000 0.021250
0 0.662500 0.327500 0.092500 0.065000
0 0.445000 0.562500 0.102500 0.087500
0 0.760625 0.886250 0.073750 0.062500
0 0.249375 0.524375 0.111250 0.111250
0 0.466250 0.101250 0.112500 0.100000
0 0.386875 0.919375 0.063750 0.056250
0 0.604375 0.439375 0.093750 0.091250
0 0.066250 0.607500 0.100000 0.097500
0 0.617500 0.050000 0.057500 0.055000
0 0.577500 0.553750 0.102500 0.095000
0 0.502500 0.730000 0.090000 0.090000
0 0.232500 0.214375 0.070000 0.066250
0 0.276250 0.916250 0.042500 0.040000
0 0.256875 0.650625 0.108750 0.103750
0 0.372500 0.276250 0.092500 0.092500
0 0.347500 0.505000 0.065000 0.065000
0 0.337500 0.416250 0.060000 0.060000
0 0.548750 0.236250 0.082500 0.057500
0 0.843750 0.670000 0.075000 0.070000
0 0.400000 0.203750 0.027500 0.025000
0 0.738125 0.063125 0.058750 0.063750
0 0.953750 0.200000 0.060000 0.065000
0 0.361250 0.698750 0.072500 0.072500
0 0.153750 0.366250 0.035000 0.035000
0 0.186250 0.798125 0.047500 0.041250
0 0.702500 0.646250 0.080000 0.062500
0 0.801250 0.826250 0.027500 0.025000
0 0.558750 0.146875 0.042500 0.038750
0 0.586250 0.107500 0.025000 0.022500
0 0.206875 0.934375 0.028750 0.028750
0 0.081250 0.910000 0.107500 0.107500
0 0.173125 0.083125 0.051250 0.066250
0 0.631250 0.220000 0.027500 0.035000
0 0.146875 0.543125 0.033750 0.033750
0 0.063125 0.186875 0.043750 0.043750
0 0.960000 0.087500 0.040000 0.035000
0 0.937500 0.537500 0.052500 0.032500