0 0.328750 0.193750 0.025000 0.025000
0 0.855000 0.891250 0.057500 0.060000
0 0.761875 0.345625 0.073750 0.073750
0 0.772500 0.680000 0.025000 0.025000
0 0.478125 0.362500 0.093750 0.092500
0 0.627500 0.603125 0.095000 0.093750
0 0.906875 0.556875 0.096250 0.096250
0 0.484375 0.513125 0.106250 0.106250
0 0.770625 0.933125 0.026250 0.026250
0 0.280000 0.260000 0.047500 0.047500
0 0.774375 0.188750 0.068750 0.065000
0 0.781875 0.422500 0.028750 0.027500
0 0.362500 0.255000 0.032500 0.030000
0 0.571250 0.370625 0.047500 0.033750
0 0.081250 0.682500 0.112500 0.080000
0 0.485000 0.185000 0.075000 0.052500
0 0.349375 0.301250 0.061250 0.042500
0 0.623750 0.455000 0.035000 0.035000
0 0.625000 0.747500 0.065000 0.065000
0 0.196875 0.481875 0.031250 0.031250
0 0.249375 0.798125 0.086250 0.068750
0 0.155000 0.133125 0.092500 0.073750
0 0.369375 0.472500 0.106250 0.085000
0 0.307500 0.713750 0.037500 0.030000
0 0.303750 0.936250 0.057500 0.057500
0 0.875000 0.248125 0.092500 0.096250
0 0.384375 0.703125 0.056250 0.058750
0 0.399375 0.580625 0.028750 0.028750
0 0.743125 0.578125 0.106250 0.106250
0 0.710000 0.831250 0.085000 0.085000
0 0.888750 0.642500 0.062500 0.055000
0 0.092500 0.836875 0.045000 0.046250
0 0.610000 0.265000 0.057500 0.057500
0 0.832500 0.083750 0.090000 0.090000
0 0.462500 0.901875 0.075000 0.068750
0 0.865625 0.792500 0.111250 0.102500
0 0.317500 0.107500 0.095000 0.087500
0 0.495000 0.805625 0.052500 0.048750
0 0.204375 0.603125 0.091250 0.143750
0 0.098750 0.562500 0.090000 0.090000
0 0.570625 0.933125 0.078750 0.071250
0 0.587500 0.125000 0.072500 0.065000
0 0.890000 0.422500 0.085000 0.085000
0 0.159375 0.273125 0.083750 0.083750
0 0.698125 0.121875 0.036250 0.033750
0 0.655000 0.530625 0.035000 0.036250
0 0.473125 0.061875 0.076250 0.098750
0 0.185625 0.914375 0.096250 0.111250
0 0.430625 0.270625 0.048750 0.048750
0 0.605625 0.415625 0.026250 0.026250
0 0.525625 0.132500 0.026250 0.022500
0 0.535000 0.687500 0.045000 0.040000
0 0.064375 0.490625 0.033750 0.033750
0 0.098125 0.392500 0.086250 0.085000
0 0.711875 0.713750 0.076250 0.065000
0 0.916875 0.339375 0.066250 0.056250
0 0.052500 0.065000 0.042500 0.042500
0 0.361250 0.851875 0.077500 0.078750
0 0.651875 0.399375 0.043750 0.041250
0 0.227500 0.397500 0.075000 0.075000
0 0.319375 0.560625 0.058750 0.058750