0 0.646250 0.527500 0.085000 0.080000
0 0.778750 0.186250 0.032500 0.032500
0 0.341875 0.548125 0.041250 0.041250
0 0.585625 0.074375 0.066250 0.066250
0 0.403750 0.683750 0.050000 0.050000
0 0.524375 0.181875 0.111250 0.111250
0 0.330625 0.691250 0.036250 0.037500
0 0.765625 0.342500 0.036250 0.037500
0 0.880625 0.349375 0.083750 0.096250
0 0.785625 0.745625 0.066250 0.066250
0 0.185625 0.196875 0.071250 0.071250
0 0.296875 0.178750 0.108750 0.110000
0 0.768750 0.108750 0.072500 0.072500
0 0.519375 0.333125 0.061250 0.061250
0 0.315000 0.825000 0.060000 0.060000
0 0.394375 0.898750 0.056250 0.042500
0 0.716875 0.420000 0.061250 0.060000
0 0.377500 0.371875 0.097500 0.086250
0 0.881250 0.543125 0.092500 0.081250
0 0.300000 0.085000 0.035000 0.035000
0 0.092500 0.925000 0.047500 0.047500
0 0.198750 0.545625 0.090000 0.091250
0 0.071875 0.411875 0.043750 0.041250
0 0.252500 0.919375 0.105000 0.106250
0 0.526250 0.726250 0.042500 0.042500
0 0.066875 0.645625 0.058750 0.063750
0 0.443750 0.775000 0.082500 0.090000
0 0.720000 0.928125 0.072500 0.078750
0 0.175625 0.755000 0.041250 0.045000
0 0.616250 0.336875 0.025000 0.028750
0 0.090625 0.234375 0.071250 0.083750
0 0.191250 0.662500 0.085000 0.100000
0 0.078750 0.831875 0.037500 0.043750
0 0.198750 0.118750 0.067500 0.067500
0 0.236875 0.360625 0.098750 0.098750
0 0.826875 0.929375 0.058750 0.058750
0 0.044375 0.706250 0.048750 0.030000
0 0.495625 0.631250 0.081250 0.050000
0 0.763125 0.272500 0.061250 0.037500
0 0.396250 0.141250 0.050000 0.050000
0 0.419375 0.523125 0.078750 0.078750
0 0.923750 0.856250 0.095000 0.095000
0 0.881875 0.137500 0.098750 0.070000
0 0.674375 0.823125 0.053750 0.053750
0 0.328750 0.466250 0.072500 0.072500
0 0.676250 0.335000 0.065000 0.065000
0 0.810625 0.443125 0.061250 0.061250
0 0.518125 0.918125 0.108750 0.108750
0 0.864375 0.240625 0.086250 0.086250
0 0.863750 0.650000 0.092500 0.092500
0 0.638750 0.668750 0.097500 0.095000
0 0.566875 0.446875 0.063750 0.061250
0 0.073125 0.501250 0.096250 0.107500
0 0.668125 0.074375 0.053750 0.053750
0 0.818750 0.828750 0.085000 0.085000
0 0.946250 0.638750 0.027500 0.027500
0 0.649375 0.754375 0.061250 0.061250
0 0.941250 0.426250 0.052500 0.040000
0 0.393125 0.283125 0.088750 0.068750
0 0.373125 0.043750 0.078750 0.060000
0 0.082500 0.330625 0.105000 0.081250
0 0.058750 0.130000 0.090000 0.085000
0 0.919375 0.761875 0.063750 0.063750
0 0.755000 0.578750 0.090000 0.090000
0 0.628125 0.253750 0.043750 0.025000
0 0.806250 0.043125 0.042500 0.023750
0 0.953125 0.473125 0.063750 0.036250
0 0.884375 0.065000 0.033750 0.040000
0 0.036250 0.045000 0.040000 0.047500
0 0.191250 0.826875 0.032500 0.028750
0 0.687500 0.190000 0.055000 0.055000
0 0.235625 0.770625 0.058750 0.058750
0 0.300000 0.620000 0.072500 0.072500
0 0.630000 0.916250 0.025000 0.025000
0 0.516250 0.555625 0.087500 0.061250
0 0.668750 0.599375 0.047500 0.026250
0 0.953750 0.213750 0.047500 0.040000
0 0.906250 0.951250 0.050000 0.042500
0 0.568750 0.790000 0.052500 0.052500
0 0.615000 0.875625 0.025000 0.026250
0 0.878125 0.440000 0.053750 0.042500