0 0.884375 0.675625 0.063750 0.091250
0 0.617500 0.337500 0.085000 0.085000
0 0.108125 0.827500 0.058750 0.047500
0 0.288125 0.793125 0.056250 0.056250
0 0.146250 0.907500 0.052500 0.052500
0 0.900000 0.143750 0.107500 0.107500
0 0.543125 0.910625 0.111250 0.088750
0 0.478125 0.148750 0.063750 0.050000
0 0.871875 0.810000 0.068750 0.055000
0 0.310625 0.136250 0.098750 0.070000
0 0.292500 0.231250 0.065000 0.065000
0 0.624375 0.478125 0.046250 0.046250
0 0.544375 0.625625 0.068750 0.068750
0 0.951875 0.448125 0.033750 0.033750
0 0.441250 0.598750 0.100000 0.100000
0 0.659375 0.693125 0.081250 0.081250
0 0.351250 0.441250 0.092500 0.142500
0 0.192500 0.361250 0.077500 0.120000
0 0.231250 0.473750 0.042500 0.065000
0 0.123125 0.091875 0.073750 0.073750
0 0.596250 0.222500 0.112500 0.112500
0 0.075625 0.911875 0.026250 0.026250
0 0.478125 0.384375 0.053750 0.053750
0 0.715625 0.091875 0.106250 0.106250
0 0.577500 0.816250 0.037500 0.037500
0 0.442500 0.227500 0.075000 0.045000
0 0.263125 0.046875 0.063750 0.063750
0 0.069375 0.619375 0.108750 0.108750
0 0.923125 0.940625 0.028750 0.028750
0 0.559375 0.730000 0.048750 0.047500
0 0.073750 0.366250 0.112500 0.110000
0 0.791250 0.541250 0.060000 0.060000
0 0.341250 0.878750 0.077500 0.045000
0 0.478125 0.513125 0.093750 0.053750
0 0.215000 0.157500 0.070000 0.070000
0 0.468750 0.746250 0.105000 0.105000
0 0.104375 0.213125 0.086250 0.086250
0 0.950625 0.868125 0.028750 0.028750
0 0.835625 0.344375 0.051250 0.051250
0 0.025625 0.281875 0.026250 0.026250
0 0.890000 0.048750 0.062500 0.062500
0 0.078750 0.485000 0.042500 0.042500
0 0.319375 0.652500 0.093750 0.092500
0 0.885000 0.555000 0.045000 0.045000
0 0.561875 0.488125 0.048750 0.058750
0 0.710625 0.490625 0.061250 0.061250
0 0.725625 0.220625 0.046250 0.046250
0 0.884375 0.431875 0.081250 0.081250
0 0.213750 0.752500 0.060000 0.060000
0 0.757500 0.772500 0.065000 0.065000
0 0.366875 0.316875 0.043750 0.043750
0 0.428750 0.886250 0.057500 0.057500
0 0.737500 0.362500 0.085000 0.085000
0 0.711875 0.871250 0.091250 0.087500
0 0.521250 0.037500 0.050000 0.050000
0 0.932500 0.778750 0.025000 0.025000