0 0.784375 0.703125 0.076250 0.086250
0 0.741250 0.545000 0.110000 0.110000
0 0.305625 0.799375 0.111250 0.111250
0 0.670000 0.453750 0.040000 0.040000
0 0.693750 0.308750 0.085000 0.085000
0 0.481250 0.675000 0.092500 0.092500
0 0.165625 0.818125 0.078750 0.068750
0 0.500625 0.220000 0.048750 0.042500
0 0.370625 0.202500 0.046250 0.040000
0 0.943125 0.056875 0.081250 0.076250
0 0.786250 0.136875 0.070000 0.066250
0 0.293125 0.106875 0.063750 0.071250
0 0.582500 0.396875 0.102500 0.086250
0 0.713750 0.128750 0.042500 0.035000
0 0.305000 0.670000 0.052500 0.052500
0 0.851250 0.410000 0.080000 0.080000
0 0.125625 0.226875 0.063750 0.063750
0 0.856875 0.270625 0.111250 0.111250
0 0.375000 0.415000 0.052500 0.052500
0 0.421875 0.336250 0.061250 0.062500
0 0.605000 0.501250 0.045000 0.045000
0 0.071250 0.545000 0.060000 0.060000
0 0.306250 0.618750 0.035000 0.035000
0 0.489375 0.317500 0.048750 0.047500
0 0.441875 0.810000 0.111250 0.107500
0 0.370625 0.940000 0.051250 0.040000
0 0.894375 0.825625 0.068750 0.068750
0 0.926250 0.377500 0.042500 0.042500
0 0.372500 0.566250 0.107500 0.037500
0 0.910625 0.116250 0.043750 0.015000
0 0.212500 0.475625 0.075000 0.026250
0 0.301875 0.033750 0.043750 0.015000
0 0.110000 0.126250 0.112500 0.112500
0 0.590625 0.177500 0.033750 0.032500
0 0.924375 0.576875 0.108750 0.108750
0 0.159375 0.398125 0.066250 0.061250
0 0.693125 0.648125 0.063750 0.056250
0 0.251250 0.243125 0.112500 0.098750
0 0.210000 0.560000 0.080000 0.080000
0 0.566875 0.888125 0.076250 0.076250
0 0.059375 0.910000 0.093750 0.107500
0 0.496875 0.120625 0.073750 0.073750
0 0.728750 0.922500 0.092500 0.092500
0 0.096875 0.651875 0.103750 0.103750
0 0.276875 0.419375 0.058750 0.071250
0 0.638750 0.056250 0.035000 0.042500
0 0.649375 0.170000 0.066250 0.080000
0 0.038125 0.400625 0.026250 0.026250
0 0.623750 0.733750 0.060000 0.060000
0 0.777500 0.813750 0.110000 0.110000
0 0.255000 0.681250 0.030000 0.030000
0 0.431875 0.243125 0.061250 0.076250
0 0.595625 0.571250 0.041250 0.040000
0 0.485625 0.533125 0.103750 0.123750
0 0.565625 0.649375 0.061250 0.061250
0 0.370625 0.694375 0.058750 0.058750
0 0.910000 0.758750 0.050000 0.050000
0 0.209375 0.111875 0.068750 0.078750
0 0.851250 0.921250 0.085000 0.080000