0 0.464375 0.616875 0.088750 0.088750
0 0.059375 0.955000 0.056250 0.040000
0 0.681250 0.070000 0.052500 0.037500
0 0.425000 0.153750 0.082500 0.082500
0 0.622500 0.260000 0.110000 0.110000
0 0.838125 0.479375 0.103750 0.103750
0 0.506250 0.487500 0.062500 0.062500
0 0.034375 0.306875 0.031250 0.031250
0 0.419375 0.244375 0.066250 0.066250
0 0.489375 0.380625 0.096250 0.088750
0 0.180625 0.376250 0.101250 0.100000
0 0.814375 0.721250 0.103750 0.102500
0 0.238750 0.087500 0.057500 0.062500
0 0.924375 0.870000 0.111250 0.105000
0 0.237500 0.575000 0.077500 0.077500
0 0.716250 0.460625 0.107500 0.103750
0 0.682500 0.385000 0.025000 0.025000
0 0.180000 0.722500 0.060000 0.060000
0 0.673125 0.609375 0.048750 0.048750
0 0.595625 0.384375 0.028750 0.028750
0 0.068750 0.607500 0.027500 0.027500
0 0.413125 0.925625 0.031250 0.031250
0 0.793750 0.322500 0.095000 0.095000
0 0.361875 0.765000 0.108750 0.110000
0 0.100625 0.476875 0.043750 0.043750
0 0.357500 0.555000 0.027500 0.027500
0 0.829375 0.213125 0.036250 0.036250
0 0.364375 0.453125 0.103750 0.103750
0 0.899375 0.594375 0.056250 0.056250
0 0.235625 0.220625 0.106250 0.116250
0 0.586250 0.858125 0.110000 0.121250
0 0.728125 0.148125 0.101250 0.081250
0 0.500000 0.248125 0.030000 0.023750
0 0.349375 0.644375 0.046250 0.046250
0 0.668750 0.696250 0.107500 0.107500
0 0.028750 0.806250 0.027500 0.025000
0 0.943125 0.250000 0.051250 0.050000
0 0.918750 0.132500 0.070000 0.067500
0 0.121875 0.090000 0.033750 0.032500
0 0.518750 0.072500 0.090000 0.090000
0 0.745000 0.855000 0.037500 0.037500
0 0.355000 0.325000 0.077500 0.077500
0 0.188750 0.911250 0.112500 0.112500
0 0.068750 0.212500 0.092500 0.092500
0 0.849375 0.088125 0.053750 0.053750
0 0.945000 0.355000 0.082500 0.082500
0 0.610625 0.425625 0.033750 0.033750
0 0.435625 0.053750 0.046250 0.042500
0 0.345625 0.059375 0.031250 0.028750
0 0.081250 0.686250 0.072500 0.067500
0 0.045625 0.553125 0.048750 0.048750
0 0.928125 0.713125 0.091250 0.091250
0 0.313750 0.890000 0.102500 0.102500
0 0.096250 0.767500 0.062500 0.062500
0 0.889375 0.265000 0.041250 0.050000
0 0.076250 0.877500 0.055000 0.052500
0 0.061875 0.376250 0.041250 0.040000
0 0.486875 0.724375 0.078750 0.078750
0 0.933125 0.468125 0.071250 0.071250
0 0.794375 0.606875 0.091250 0.091250
0 0.552500 0.581875 0.065000 0.061250
0 0.315625 0.219375 0.036250 0.036250
0 0.711875 0.330625 0.048750 0.048750
0 0.252500 0.723750 0.062500 0.062500
0 0.730625 0.920000 0.048750 0.045000
0 0.309375 0.159375 0.026250 0.023750
0 0.183750 0.775000 0.027500 0.025000
0 0.471250 0.310000 0.030000 0.027500
0 0.676250 0.843750 0.050000 0.050000