0 0.686875 0.441875 0.108750 0.108750
0 0.603125 0.851875 0.058750 0.058750
0 0.323125 0.508125 0.051250 0.051250
0 0.648750 0.175000 0.062500 0.062500
0 0.512500 0.170000 0.040000 0.040000
0 0.579375 0.698125 0.071250 0.071250
0 0.110000 0.393125 0.097500 0.086250
0 0.681250 0.694375 0.030000 0.026250
0 0.458750 0.105625 0.077500 0.068750
0 0.260625 0.686875 0.083750 0.073750
0 0.193125 0.173750 0.048750 0.057500
0 0.769375 0.220000 0.088750 0.105000
0 0.470000 0.463125 0.050000 0.058750
0 0.282500 0.167500 0.112500 0.132500
0 0.275625 0.335625 0.093750 0.093750
0 0.434375 0.604375 0.088750 0.088750
0 0.883125 0.707500 0.046250 0.045000
0 0.086875 0.880000 0.058750 0.057500
0 0.936875 0.600000 0.053750 0.052500
0 0.661875 0.055000 0.071250 0.070000
0 0.172500 0.575625 0.052500 0.048750
0 0.651250 0.350000 0.060000 0.052500
0 0.507500 0.337500 0.065000 0.065000
0 0.398125 0.433125 0.026250 0.026250
0 0.238750 0.850000 0.110000 0.107500
0 0.866250 0.501250 0.095000 0.092500
0 0.484375 0.678750 0.028750 0.027500
0 0.579375 0.058750 0.031250 0.030000
0 0.508125 0.854375 0.108750 0.108750
0 0.697500 0.928750 0.067500 0.067500
0 0.522500 0.935000 0.035000 0.035000
0 0.140625 0.060625 0.056250 0.056250
0 0.574375 0.480625 0.058750 0.051250
0 0.437500 0.750000 0.082500 0.072500
0 0.075000 0.653125 0.080000 0.048750
0 0.598750 0.765625 0.062500 0.038750
0 0.463125 0.261875 0.051250 0.031250
0 0.896250 0.401250 0.080000 0.080000
0 0.760000 0.565000 0.062500 0.062500
0 0.561875 0.588125 0.046250 0.046250
0 0.228750 0.455625 0.042500 0.041250
0 0.921875 0.074375 0.091250 0.091250
0 0.763125 0.700625 0.108750 0.108750
0 0.366250 0.853750 0.110000 0.110000
0 0.900625 0.276875 0.051250 0.051250
0 0.388750 0.292500 0.072500 0.072500
0 0.846250 0.816250 0.052500 0.055000
0 0.536250 0.086875 0.035000 0.033750
0 0.090000 0.735000 0.100000 0.080000
0 0.356875 0.448125 0.033750 0.026250
0 0.063125 0.092500 0.053750 0.042500
0 0.110625 0.483125 0.028750 0.028750
0 0.590625 0.311875 0.046250 0.046250
0 0.407500 0.508750 0.030000 0.030000
0 0.890625 0.910625 0.063750 0.063750
0 0.404375 0.174375 0.036250 0.036250
0 0.162500 0.292500 0.097500 0.097500
0 0.343750 0.760000 0.060000 0.060000
0 0.139375 0.655625 0.033750 0.033750
0 0.955000 0.722500 0.065000 0.065000
0 0.966250 0.500000 0.040000 0.040000
0 0.730000 0.823750 0.092500 0.092500
0 0.091250 0.195625 0.072500 0.063750
0 0.848125 0.584375 0.063750 0.056250
0 0.757500 0.039375 0.050000 0.043750
0 0.066250 0.302500 0.042500 0.037500
0 0.911875 0.196250 0.068750 0.072500
0 0.820625 0.116250 0.081250 0.085000
0 0.626875 0.935000 0.033750 0.035000
0 0.813125 0.378125 0.071250 0.071250
0 0.265000 0.556250 0.042500 0.042500
0 0.335625 0.066875 0.051250 0.051250
0 0.257500 0.941250 0.035000 0.035000
0 0.667500 0.598750 0.050000 0.050000
0 0.907500 0.323750 0.027500 0.027500