0 0.034375 0.275000 0.043750 0.042500
0 0.958750 0.483750 0.052500 0.052500
0 0.838125 0.061875 0.031250 0.031250
0 0.553750 0.188750 0.030000 0.030000
0 0.207500 0.740000 0.075000 0.075000
0 0.175000 0.492500 0.080000 0.080000
0 0.565625 0.353125 0.061250 0.068750
0 0.838125 0.633125 0.086250 0.086250
0 0.303750 0.698750 0.092500 0.092500
0 0.123125 0.094375 0.063750 0.066250
0 0.301250 0.113750 0.080000 0.082500
0 0.486875 0.139375 0.086250 0.086250
0 0.605625 0.806875 0.043750 0.043750
0 0.193125 0.938125 0.068750 0.068750
0 0.338125 0.534375 0.046250 0.046250
0 0.543750 0.490000 0.065000 0.047500
0 0.674375 0.838125 0.053750 0.038750
0 0.728125 0.328750 0.026250 0.025000
0 0.733750 0.224375 0.040000 0.038750
0 0.286875 0.223750 0.086250 0.060000
0 0.511875 0.622500 0.096250 0.085000
0 0.846875 0.396250 0.076250 0.067500
0 0.488125 0.835000 0.093750 0.082500
0 0.060625 0.580625 0.073750 0.083750
0 0.163750 0.828750 0.035000 0.040000
0 0.069375 0.415625 0.091250 0.103750
0 0.573125 0.258125 0.091250 0.091250
0 0.228750 0.588750 0.080000 0.080000
0 0.696875 0.615625 0.078750 0.078750
0 0.457500 0.237500 0.095000 0.090000
0 0.133125 0.228125 0.051250 0.051250
0 0.716250 0.917500 0.055000 0.055000
0 0.308125 0.418125 0.106250 0.106250
0 0.712500 0.132500 0.087500 0.087500
0 0.142500 0.650000 0.047500 0.045000
0 0.944375 0.161250 0.071250 0.050000
0 0.416250 0.052500 0.050000 0.035000
0 0.726875 0.517500 0.103750 0.072500
0 0.552500 0.068750 0.035000 0.032500
0 0.867500 0.255000 0.107500 0.107500
0 0.890000 0.936250 0.077500 0.077500
0 0.919375 0.653125 0.061250 0.061250
0 0.201250 0.080000 0.027500 0.027500
0 0.616875 0.484375 0.056250 0.056250
0 0.405625 0.606875 0.053750 0.053750
0 0.290625 0.958125 0.033750 0.033750
0 0.772500 0.748750 0.077500 0.077500
0 0.378750 0.817500 0.102500 0.102500
0 0.446250 0.372500 0.075000 0.075000
0 0.920625 0.768125 0.081250 0.081250
0 0.615000 0.918750 0.107500 0.107500
0 0.719375 0.408125 0.066250 0.066250
0 0.177500 0.363750 0.075000 0.075000
0 0.613125 0.073125 0.063750 0.063750
0 0.073750 0.823750 0.112500 0.112500
0 0.554375 0.735625 0.073750 0.078750
0 0.443125 0.493125 0.093750 0.093750
0 0.393750 0.143750 0.082500 0.065000
0 0.216875 0.162500 0.043750 0.030000
0 0.258125 0.850000 0.071250 0.080000