0 0.456250 0.894375 0.045000 0.076250
0 0.203125 0.310625 0.053750 0.053750
0 0.832500 0.605000 0.042500 0.042500
0 0.444375 0.803125 0.038750 0.038750
0 0.400625 0.708125 0.106250 0.106250
0 0.445000 0.621250 0.030000 0.030000
0 0.183750 0.180000 0.100000 0.100000
0 0.108125 0.338125 0.071250 0.071250
0 0.442500 0.392500 0.027500 0.027500
0 0.929375 0.780625 0.091250 0.091250
0 0.611250 0.626250 0.090000 0.090000
0 0.770625 0.778125 0.068750 0.063750
0 0.638125 0.264375 0.041250 0.033750
0 0.694375 0.135625 0.096250 0.096250
0 0.301875 0.259375 0.091250 0.091250
0 0.290000 0.571250 0.112500 0.112500
0 0.328125 0.465625 0.081250 0.081250
0 0.801250 0.090000 0.077500 0.077500
0 0.730625 0.540000 0.083750 0.050000
0 0.596250 0.887500 0.042500 0.042500
0 0.805625 0.959375 0.028750 0.028750
0 0.585625 0.149375 0.088750 0.088750
0 0.689375 0.843125 0.038750 0.038750
0 0.431875 0.526875 0.048750 0.048750
0 0.717500 0.033750 0.035000 0.035000
0 0.840000 0.366250 0.047500 0.047500
0 0.688125 0.404375 0.111250 0.111250
0 0.517500 0.560000 0.027500 0.027500
0 0.048125 0.218125 0.033750 0.033750
0 0.500000 0.281250 0.112500 0.107500
0 0.133750 0.566250 0.080000 0.080000
0 0.680000 0.765000 0.072500 0.072500
0 0.345000 0.892500 0.062500 0.062500
0 0.951250 0.151250 0.065000 0.052500
0 0.506250 0.048750 0.050000 0.040000
0 0.418125 0.106250 0.071250 0.057500
0 0.291250 0.381250 0.082500 0.067500
0 0.742500 0.658125 0.095000 0.093750
0 0.527500 0.808750 0.075000 0.075000
0 0.087500 0.881250 0.087500 0.087500
0 0.696250 0.287500 0.027500 0.027500
0 0.298125 0.836250 0.031250 0.027500
0 0.916250 0.883750 0.070000 0.070000
0 0.155625 0.438125 0.058750 0.058750
0 0.913750 0.622500 0.080000 0.080000
0 0.378125 0.204375 0.041250 0.041250
0 0.361875 0.356875 0.043750 0.043750
0 0.219375 0.861875 0.048750 0.048750
0 0.943125 0.400000 0.088750 0.072500
0 0.593750 0.706250 0.065000 0.052500
0 0.875625 0.480000 0.056250 0.052500
0 0.291250 0.163750 0.057500 0.052500
0 0.532500 0.384375 0.085000 0.078750
0 0.898750 0.303750 0.025000 0.025000
0 0.086875 0.699375 0.098750 0.098750
0 0.790000 0.446250 0.045000 0.042500
0 0.786875 0.901875 0.053750 0.051250
0 0.831250 0.173750 0.047500 0.047500
0 0.075625 0.089375 0.063750 0.063750
0 0.263750 0.738125 0.095000 0.083750