0 0.292500 0.945000 0.040000 0.045000
0 0.940625 0.079375 0.061250 0.068750
0 0.490625 0.452500 0.063750 0.077500
0 0.895000 0.293750 0.100000 0.100000
0 0.135000 0.843750 0.055000 0.055000
0 0.526250 0.658750 0.087500 0.087500
0 0.906875 0.146875 0.051250 0.051250
0 0.704375 0.928125 0.091250 0.091250
0 0.338125 0.698125 0.083750 0.083750
0 0.355000 0.388750 0.082500 0.067500
0 0.534375 0.889375 0.073750 0.073750
0 0.238125 0.104375 0.028750 0.026250
0 0.542500 0.180000 0.097500 0.097500
0 0.548750 0.776250 0.055000 0.055000
0 0.661875 0.573125 0.043750 0.043750
0 0.096250 0.785000 0.035000 0.035000
0 0.520625 0.043125 0.051250 0.051250
0 0.103125 0.535625 0.063750 0.031250
0 0.581875 0.058125 0.056250 0.056250
0 0.626875 0.258125 0.028750 0.028750
0 0.749375 0.637500 0.031250 0.030000
0 0.570625 0.343125 0.053750 0.051250
0 0.640000 0.814375 0.110000 0.106250
0 0.086250 0.908750 0.052500 0.050000
0 0.740625 0.043125 0.028750 0.028750
0 0.453125 0.331875 0.036250 0.036250
0 0.376875 0.581250 0.083750 0.082500
0 0.728750 0.530625 0.060000 0.058750
0 0.910625 0.213750 0.033750 0.032500
0 0.438125 0.237500 0.051250 0.050000
0 0.786875 0.795000 0.038750 0.070000
0 0.804375 0.139375 0.103750 0.103750
0 0.725000 0.393750 0.035000 0.030000
0 0.475625 0.756875 0.066250 0.063750
0 0.652500 0.407500 0.090000 0.090000
0 0.915000 0.835000 0.072500 0.072500
0 0.238750 0.255000 0.057500 0.057500
0 0.191875 0.735625 0.081250 0.081250
0 0.216875 0.525625 0.038750 0.038750
0 0.133750 0.116250 0.105000 0.105000
0 0.143750 0.322500 0.082500 0.082500
0 0.818125 0.515000 0.096250 0.067500
0 0.947500 0.447500 0.067500 0.047500
0 0.429375 0.870625 0.083750 0.058750
0 0.634375 0.706875 0.026250 0.026250
0 0.086250 0.226250 0.057500 0.057500
0 0.812500 0.915000 0.085000 0.085000
0 0.848750 0.400625 0.090000 0.088750
0 0.349375 0.101250 0.066250 0.087500
0 0.154375 0.915625 0.068750 0.068750
0 0.938125 0.546875 0.026250 0.031250
0 0.318750 0.850000 0.095000 0.115000
0 0.550000 0.545000 0.072500 0.087500
0 0.216875 0.466250 0.063750 0.060000
0 0.853750 0.747500 0.035000 0.032500
0 0.386250 0.306875 0.062500 0.058750
0 0.841250 0.646875 0.060000 0.056250
0 0.699375 0.190625 0.056250 0.051250
0 0.059375 0.427500 0.061250 0.095000
0 0.219375 0.608750 0.048750 0.075000
0 0.704375 0.278125 0.078750 0.078750
0 0.334375 0.214375 0.046250 0.046250
0 0.932500 0.680000 0.082500 0.107500
0 0.436250 0.136250 0.060000 0.065000
0 0.155625 0.612500 0.031250 0.025000
0 0.949375 0.221875 0.028750 0.028750
0 0.283125 0.441875 0.031250 0.031250
0 0.793125 0.289375 0.073750 0.073750
0 0.256875 0.368125 0.048750 0.048750
0 0.745000 0.717500 0.065000 0.065000
0 0.626875 0.179375 0.051250 0.041250
0 0.088750 0.686250 0.102500 0.082500
0 0.051875 0.844375 0.058750 0.058750