0 0.770625 0.265625 0.041250 0.041250
0 0.967500 0.456250 0.040000 0.040000
0 0.701250 0.518750 0.100000 0.087500
0 0.751875 0.604375 0.053750 0.041250
0 0.392500 0.061875 0.050000 0.038750
0 0.276250 0.463125 0.070000 0.053750
0 0.888125 0.443750 0.101250 0.077500
0 0.183125 0.920625 0.046250 0.046250
0 0.432500 0.546250 0.100000 0.090000
0 0.644375 0.760000 0.088750 0.080000
0 0.118750 0.691875 0.057500 0.051250
0 0.302500 0.221250 0.072500 0.065000
0 0.769375 0.415625 0.058750 0.058750
0 0.200000 0.150000 0.095000 0.095000
0 0.910000 0.752500 0.070000 0.070000
0 0.448750 0.802500 0.042500 0.042500
0 0.374375 0.812500 0.088750 0.090000
0 0.095000 0.458750 0.040000 0.040000
0 0.920625 0.190625 0.078750 0.078750
0 0.287500 0.687500 0.112500 0.112500
0 0.084375 0.362500 0.048750 0.050000
0 0.825625 0.653125 0.068750 0.068750
0 0.834375 0.348125 0.046250 0.023750
0 0.493750 0.317500 0.092500 0.092500
0 0.235625 0.390625 0.063750 0.063750
0 0.829375 0.809375 0.026250 0.026250
0 0.544375 0.596250 0.046250 0.042500
0 0.560000 0.225000 0.030000 0.027500
0 0.560625 0.530625 0.078750 0.073750
0 0.509375 0.844375 0.043750 0.033750
0 0.048750 0.921875 0.057500 0.081250
0 0.467500 0.683125 0.080000 0.146250
0 0.788750 0.120000 0.085000 0.155000
0 0.595000 0.155625 0.070000 0.066250
0 0.348750 0.338125 0.035000 0.023750
0 0.240625 0.543750 0.036250 0.025000
0 0.526250 0.431250 0.095000 0.095000
0 0.620000 0.321250 0.097500 0.097500
0 0.956875 0.657500 0.028750 0.035000
0 0.926250 0.881875 0.082500 0.078750
0 0.058125 0.202500 0.026250 0.025000
0 0.523125 0.158125 0.038750 0.036250
0 0.661875 0.910625 0.063750 0.063750
0 0.137500 0.548750 0.080000 0.080000
0 0.922500 0.327500 0.080000 0.080000
0 0.107500 0.745000 0.037500 0.037500
0 0.468125 0.917500 0.073750 0.085000
0 0.651250 0.642500 0.100000 0.100000
0 0.308125 0.926875 0.091250 0.091250
0 0.740000 0.883750 0.075000 0.075000
0 0.395625 0.430625 0.086250 0.086250
0 0.406250 0.150000 0.095000 0.095000
0 0.669375 0.400625 0.036250 0.036250
0 0.155625 0.263125 0.101250 0.101250
0 0.848125 0.899375 0.056250 0.056250
0 0.883750 0.573750 0.057500 0.057500
0 0.681875 0.086875 0.076250 0.076250