0 0.176875 0.454375 0.081250 0.081250
0 0.726875 0.773125 0.096250 0.096250
0 0.361875 0.348125 0.078750 0.078750
0 0.098125 0.141875 0.058750 0.058750
0 0.140000 0.658750 0.090000 0.090000
0 0.818125 0.616250 0.101250 0.080000
0 0.452500 0.668125 0.102500 0.081250
0 0.218750 0.176250 0.110000 0.110000
0 0.121250 0.301250 0.072500 0.072500
0 0.713125 0.536250 0.076250 0.072500
0 0.840000 0.270625 0.025000 0.018750
0 0.715625 0.913750 0.028750 0.015000
0 0.571250 0.486250 0.055000 0.057500
0 0.319375 0.531250 0.106250 0.137500
0 0.370625 0.083125 0.091250 0.091250
0 0.036250 0.633750 0.025000 0.025000
0 0.722500 0.148750 0.077500 0.077500
0 0.488750 0.935000 0.045000 0.042500
0 0.078750 0.521250 0.045000 0.045000
0 0.257500 0.365000 0.112500 0.082500
0 0.658750 0.611250 0.035000 0.035000
0 0.330625 0.805625 0.078750 0.078750
0 0.755625 0.306875 0.086250 0.086250
0 0.561250 0.610000 0.035000 0.035000
0 0.478750 0.489375 0.112500 0.106250
0 0.921250 0.348750 0.092500 0.092500
0 0.924375 0.235625 0.096250 0.096250
0 0.433125 0.276875 0.033750 0.033750
0 0.611875 0.189375 0.111250 0.111250
0 0.180625 0.750625 0.071250 0.071250
0 0.077500 0.390000 0.047500 0.047500
0 0.724375 0.454375 0.051250 0.051250
0 0.328125 0.875625 0.033750 0.033750
0 0.811875 0.106875 0.053750 0.088750
0 0.057500 0.693125 0.025000 0.041250
0 0.543125 0.805625 0.111250 0.111250
0 0.083125 0.876250 0.071250 0.072500
0 0.960625 0.630625 0.046250 0.046250
0 0.503750 0.373750 0.055000 0.055000
0 0.901875 0.934375 0.076250 0.076250
0 0.620000 0.397500 0.092500 0.092500
0 0.866250 0.471250 0.077500 0.077500
0 0.882500 0.066250 0.035000 0.035000
0 0.445625 0.090625 0.028750 0.028750
0 0.855000 0.717500 0.095000 0.095000
0 0.560625 0.913125 0.073750 0.071250