0 0.895000 0.142500 0.050000 0.050000
0 0.774375 0.781875 0.103750 0.103750
0 0.221875 0.109375 0.101250 0.101250
0 0.439375 0.523125 0.076250 0.076250
0 0.051875 0.514375 0.041250 0.041250
0 0.935625 0.285625 0.058750 0.058750
0 0.568750 0.828750 0.100000 0.100000
0 0.411875 0.821250 0.096250 0.100000
0 0.922500 0.050625 0.050000 0.051250
0 0.377500 0.073750 0.092500 0.092500
0 0.293750 0.558750 0.105000 0.105000
0 0.512500 0.401250 0.092500 0.092500
0 0.168125 0.582500 0.108750 0.092500
0 0.315625 0.400625 0.098750 0.083750
0 0.288750 0.908125 0.067500 0.061250
0 0.611875 0.226250 0.101250 0.097500
0 0.105625 0.153125 0.081250 0.078750
0 0.063750 0.399375 0.025000 0.023750
0 0.156875 0.761875 0.093750 0.093750
0 0.831250 0.336875 0.070000 0.056250
0 0.626875 0.606875 0.056250 0.056250
0 0.371250 0.256875 0.082500 0.051250
0 0.721250 0.086250 0.105000 0.105000
0 0.164375 0.350000 0.066250 0.057500
0 0.570000 0.925625 0.052500 0.053750
0 0.919375 0.422500 0.053750 0.047500
0 0.914375 0.895625 0.111250 0.098750
0 0.703750 0.864375 0.050000 0.043750
0 0.703125 0.577500 0.031250 0.027500
0 0.883125 0.803750 0.028750 0.032500
0 0.726250 0.374375 0.080000 0.091250
0 0.781875 0.484375 0.093750 0.093750
0 0.584375 0.121875 0.068750 0.068750
0 0.641250 0.938750 0.052500 0.052500
0 0.845625 0.613125 0.106250 0.106250
0 0.600000 0.706250 0.095000 0.095000
0 0.321875 0.709375 0.048750 0.038750
0 0.527500 0.318125 0.045000 0.043750
0 0.055625 0.258750 0.083750 0.085000
0 0.270000 0.311250 0.060000 0.057500
0 0.121250 0.920000 0.100000 0.097500
0 0.188125 0.448125 0.081250 0.078750
0 0.053125 0.042500 0.046250 0.050000
0 0.461875 0.601875 0.066250 0.063750
0 0.944375 0.736250 0.083750 0.080000
0 0.258750 0.825000 0.067500 0.065000
0 0.644375 0.359375 0.063750 0.061250
0 0.206250 0.231250 0.082500 0.082500
0 0.725000 0.257500 0.097500 0.097500
0 0.275000 0.762500 0.037500 0.037500
0 0.644375 0.134375 0.033750 0.033750
0 0.428750 0.911875 0.080000 0.066250
0 0.130625 0.678125 0.071250 0.058750
0 0.466875 0.179375 0.088750 0.088750
0 0.446250 0.690000 0.097500 0.097500
0 0.831250 0.200000 0.055000 0.055000
0 0.252500 0.665000 0.057500 0.057500
0 0.538125 0.603125 0.058750 0.058750
0 0.886250 0.508750 0.075000 0.075000
0 0.957500 0.517500 0.027500 0.037500
0 0.475000 0.081875 0.082500 0.061250
0 0.055625 0.625000 0.063750 0.047500
0 0.330625 0.769375 0.036250 0.026250
0 0.511250 0.937500 0.050000 0.050000
0 0.802500 0.093750 0.035000 0.035000
0 0.713750 0.515000 0.027500 0.027500
0 0.556875 0.498125 0.053750 0.053750
0 0.036250 0.882500 0.032500 0.032500
0 0.051875 0.795625 0.033750 0.033750
0 0.370000 0.161250 0.045000 0.045000
0 0.630625 0.519375 0.058750 0.071250
0 0.788750 0.933750 0.060000 0.060000
0 0.426250 0.336250 0.057500 0.057500