0 0.240000 0.426250 0.060000 0.062500
0 0.746875 0.196875 0.106250 0.106250
0 0.836875 0.756875 0.081250 0.071250
0 0.735000 0.690625 0.030000 0.023750
0 0.460000 0.708750 0.100000 0.100000
0 0.140000 0.793125 0.082500 0.053750
0 0.051250 0.748750 0.072500 0.072500
0 0.343750 0.760000 0.067500 0.067500
0 0.322500 0.193750 0.035000 0.035000
0 0.236250 0.181250 0.057500 0.057500
0 0.674375 0.755625 0.048750 0.048750
0 0.600625 0.499375 0.036250 0.036250
0 0.235625 0.614375 0.108750 0.108750
0 0.504375 0.170625 0.103750 0.146250
0 0.719375 0.076875 0.103750 0.108750
0 0.545000 0.320625 0.075000 0.073750
0 0.390625 0.190625 0.041250 0.041250
0 0.853750 0.117500 0.052500 0.052500
0 0.128750 0.131875 0.090000 0.073750
0 0.203750 0.928750 0.110000 0.090000
0 0.559375 0.818750 0.093750 0.097500
0 0.102500 0.521250 0.042500 0.042500
0 0.720000 0.376250 0.110000 0.110000
0 0.771250 0.871250 0.055000 0.055000
0 0.750000 0.553750 0.050000 0.060000
0 0.325625 0.480625 0.041250 0.048750
0 0.675625 0.839375 0.076250 0.091250
0 0.866875 0.528125 0.061250 0.073750
0 0.935000 0.205625 0.090000 0.088750
0 0.472500 0.555000 0.085000 0.085000
0 0.612500 0.143750 0.092500 0.092500
0 0.955000 0.743750 0.040000 0.040000
0 0.891875 0.390625 0.103750 0.103750
0 0.338750 0.093750 0.097500 0.097500
0 0.081250 0.355000 0.100000 0.100000
0 0.140000 0.662500 0.065000 0.057500
0 0.603750 0.572500 0.092500 0.087500
0 0.403125 0.329375 0.033750 0.033750
0 0.918125 0.039375 0.026250 0.026250
0 0.338125 0.869375 0.108750 0.108750
0 0.344375 0.638125 0.071250 0.071250
0 0.908750 0.948750 0.045000 0.045000
0 0.133750 0.453750 0.040000 0.040000
0 0.315000 0.315000 0.112500 0.115000
0 0.446875 0.440000 0.068750 0.070000
0 0.189375 0.318750 0.073750 0.075000
0 0.879375 0.634375 0.081250 0.081250
0 0.067500 0.922500 0.092500 0.087500
0 0.642500 0.260000 0.085000 0.080000
0 0.606250 0.679375 0.057500 0.073750
0 0.943750 0.833750 0.070000 0.090000
0 0.441875 0.831875 0.081250 0.071250
0 0.937500 0.133750 0.037500 0.032500
0 0.522500 0.922500 0.082500 0.072500
0 0.607500 0.896250 0.042500 0.037500
0 0.225625 0.716875 0.078750 0.078750
0 0.530000 0.056250 0.050000 0.050000
0 0.596250 0.044375 0.032500 0.028750
0 0.638750 0.050000 0.037500 0.032500
0 0.542500 0.408750 0.045000 0.040000
0 0.750625 0.781250 0.056250 0.050000
0 0.090000 0.235625 0.090000 0.103750
0 0.257500 0.050000 0.032500 0.032500
0 0.858750 0.219375 0.032500 0.026250
0 0.958750 0.518125 0.055000 0.043750