0 0.753125 0.423750 0.031250 0.027500
0 0.616250 0.150000 0.102500 0.082500
0 0.858125 0.215625 0.068750 0.068750
0 0.402500 0.671875 0.092500 0.091250
0 0.238125 0.880000 0.026250 0.025000
0 0.741250 0.320625 0.035000 0.033750
0 0.165000 0.334375 0.080000 0.078750
0 0.498125 0.863750 0.101250 0.097500
0 0.090625 0.476250 0.098750 0.095000
0 0.911875 0.099375 0.068750 0.066250
0 0.131250 0.070000 0.087500 0.087500
0 0.363750 0.475000 0.055000 0.052500
0 0.813750 0.088750 0.032500 0.030000
0 0.300625 0.855625 0.048750 0.046250
0 0.198125 0.635000 0.063750 0.060000
0 0.900000 0.806875 0.072500 0.081250
0 0.535000 0.596875 0.110000 0.123750
0 0.947500 0.396250 0.080000 0.090000
0 0.489375 0.260625 0.068750 0.076250
0 0.274375 0.062500 0.083750 0.077500
0 0.450000 0.557500 0.045000 0.045000
0 0.609375 0.265625 0.081250 0.081250
0 0.451250 0.162500 0.032500 0.032500
0 0.311875 0.797500 0.041250 0.032500
0 0.756875 0.795625 0.096250 0.076250
0 0.285000 0.738750 0.047500 0.047500
0 0.288750 0.523125 0.045000 0.043750
0 0.065625 0.622500 0.103750 0.102500
0 0.889375 0.488125 0.036250 0.033750
0 0.774375 0.618125 0.096250 0.088750
0 0.176250 0.217500 0.070000 0.065000
0 0.380625 0.202500 0.073750 0.067500
0 0.568750 0.442500 0.052500 0.052500
0 0.411250 0.087500 0.027500 0.027500
0 0.767500 0.887500 0.065000 0.065000
0 0.368750 0.601250 0.025000 0.025000
0 0.330625 0.358125 0.108750 0.108750
0 0.946875 0.234375 0.078750 0.081250
0 0.211250 0.768125 0.035000 0.036250
0 0.931250 0.675000 0.077500 0.080000
0 0.080625 0.224375 0.068750 0.068750
0 0.650625 0.879375 0.098750 0.098750
0 0.086250 0.747500 0.105000 0.102500
0 0.406250 0.841250 0.067500 0.067500
0 0.716875 0.491875 0.066250 0.066250
0 0.166875 0.434375 0.036250 0.051250
0 0.825625 0.385000 0.088750 0.127500
0 0.097500 0.915000 0.080000 0.115000
0 0.740625 0.115625 0.066250 0.093750
0 0.531250 0.710625 0.062500 0.041250
0 0.646250 0.761250 0.097500 0.097500
0 0.203750 0.926875 0.045000 0.043750
0 0.439375 0.393125 0.091250 0.088750
0 0.388750 0.550625 0.040000 0.038750
0 0.283125 0.614375 0.078750 0.078750
0 0.493125 0.080625 0.076250 0.076250
0 0.875625 0.926875 0.058750 0.053750
0 0.927500 0.572500 0.075000 0.075000
0 0.757500 0.707500 0.062500 0.062500
0 0.723750 0.243750 0.092500 0.092500