0 0.131250 0.242500 0.072500 0.072500
0 0.814375 0.619375 0.071250 0.071250
0 0.112500 0.372500 0.082500 0.082500
0 0.184375 0.859375 0.093750 0.093750
0 0.918125 0.095625 0.041250 0.041250
0 0.268125 0.509375 0.068750 0.068750
0 0.683125 0.896875 0.063750 0.063750
0 0.503125 0.385625 0.101250 0.101250
0 0.383750 0.531250 0.112500 0.112500
0 0.391875 0.783125 0.063750 0.063750
0 0.576250 0.778750 0.097500 0.097500
0 0.825625 0.283125 0.088750 0.088750
0 0.795000 0.123750 0.025000 0.025000
0 0.512500 0.540000 0.087500 0.057500
0 0.105625 0.518125 0.098750 0.088750
0 0.277500 0.732500 0.085000 0.085000
0 0.711875 0.599375 0.098750 0.098750
0 0.862500 0.681250 0.032500 0.032500
0 0.680625 0.405625 0.076250 0.076250
0 0.310625 0.375625 0.103750 0.103750
0 0.626875 0.083125 0.026250 0.026250
0 0.394375 0.140625 0.101250 0.101250
0 0.622500 0.180000 0.065000 0.065000
0 0.315000 0.243750 0.025000 0.025000
0 0.101250 0.137500 0.090000 0.090000
0 0.888125 0.475625 0.038750 0.031250
0 0.461875 0.301250 0.041250 0.035000
0 0.811875 0.395000 0.088750 0.075000
0 0.485000 0.682500 0.047500 0.040000
0 0.574375 0.897500 0.091250 0.077500
0 0.658750 0.514375 0.032500 0.033750
0 0.797500 0.074375 0.057500 0.051250
0 0.242500 0.205000 0.082500 0.082500
0 0.682500 0.950000 0.027500 0.027500
0 0.702500 0.313750 0.062500 0.062500
0 0.835000 0.931250 0.060000 0.060000
0 0.798750 0.813750 0.110000 0.110000
0 0.522500 0.211250 0.087500 0.070000
0 0.883750 0.535625 0.067500 0.053750
0 0.095625 0.747500 0.071250 0.057500
0 0.935625 0.886250 0.091250 0.080000
0 0.550000 0.056875 0.052500 0.046250
0 0.193750 0.529375 0.055000 0.091250
0 0.520625 0.296875 0.053750 0.053750
0 0.066250 0.635000 0.107500 0.107500
0 0.941250 0.685000 0.082500 0.082500
0 0.726875 0.504375 0.058750 0.056250
0 0.043750 0.242500 0.047500 0.047500
0 0.488125 0.850625 0.056250 0.056250
0 0.858750 0.191250 0.057500 0.057500
0 0.946875 0.380625 0.063750 0.063750
0 0.727500 0.210000 0.040000 0.040000
0 0.470625 0.953125 0.038750 0.041250
0 0.701875 0.076875 0.058750 0.071250
0 0.408125 0.711875 0.051250 0.061250
0 0.216250 0.108750 0.090000 0.087500
0 0.290625 0.823750 0.078750 0.080000
0 0.084375 0.889375 0.076250 0.061250