0 0.815000 0.360000 0.027500 0.027500
0 0.573125 0.188125 0.108750 0.108750
0 0.535625 0.669375 0.031250 0.031250
0 0.241250 0.181250 0.070000 0.070000
0 0.028125 0.045625 0.028750 0.028750
0 0.885625 0.091875 0.088750 0.088750
0 0.342500 0.257500 0.035000 0.035000
0 0.433750 0.670000 0.100000 0.100000
0 0.590000 0.738750 0.057500 0.057500
0 0.691875 0.271875 0.098750 0.098750
0 0.531250 0.925000 0.067500 0.067500
0 0.497500 0.429375 0.070000 0.071250
0 0.759375 0.552500 0.083750 0.085000
0 0.751250 0.139375 0.065000 0.066250
0 0.779375 0.842500 0.103750 0.105000
0 0.758125 0.680625 0.076250 0.083750
0 0.610625 0.840625 0.073750 0.088750
0 0.930625 0.354375 0.106250 0.128750
0 0.540625 0.355625 0.061250 0.061250
0 0.094375 0.189375 0.088750 0.088750
0 0.224375 0.648125 0.071250 0.071250
0 0.313750 0.096875 0.040000 0.038750
0 0.321250 0.654375 0.032500 0.031250
0 0.131250 0.316875 0.045000 0.043750
0 0.112500 0.764375 0.082500 0.081250
0 0.231875 0.839375 0.068750 0.068750
0 0.754375 0.390625 0.026250 0.026250
0 0.112500 0.553750 0.097500 0.097500
0 0.895000 0.535000 0.097500 0.097500
0 0.393750 0.506875 0.102500 0.098750
0 0.233125 0.713125 0.038750 0.036250
0 0.451875 0.805625 0.046250 0.046250
0 0.687500 0.693750 0.037500 0.037500
0 0.786875 0.071875 0.043750 0.038750
0 0.451875 0.245625 0.063750 0.046250
0 0.233125 0.512500 0.106250 0.077500
0 0.258125 0.336875 0.063750 0.046250
0 0.776875 0.916875 0.033750 0.026250
0 0.175000 0.066250 0.087500 0.070000
0 0.398125 0.393750 0.066250 0.052500
0 0.110625 0.833125 0.048750 0.038750
0 0.086250 0.890625 0.037500 0.036250
0 0.478125 0.588750 0.041250 0.042500
0 0.935000 0.835000 0.092500 0.092500
0 0.083750 0.053750 0.060000 0.060000
0 0.645625 0.514375 0.111250 0.111250
0 0.240000 0.397500 0.025000 0.025000
0 0.946250 0.725000 0.072500 0.065000
0 0.647500 0.370625 0.040000 0.036250
0 0.816875 0.250625 0.026250 0.023750
0 0.901250 0.207500 0.102500 0.095000
0 0.938125 0.641875 0.086250 0.086250
0 0.063125 0.314375 0.041250 0.041250
0 0.375000 0.801250 0.030000 0.030000
0 0.460000 0.100625 0.090000 0.128750
0 0.673125 0.055000 0.076250 0.067500
0 0.681250 0.801250 0.045000 0.040000
0 0.137500 0.420625 0.082500 0.076250
0 0.316875 0.919375 0.058750 0.053750
0 0.243125 0.943125 0.063750 0.058750
0 0.952500 0.933125 0.065000 0.066250
0 0.393125 0.290625 0.036250 0.036250
0 0.438750 0.942500 0.047500 0.047500
0 0.850000 0.660000 0.027500 0.027500
0 0.330000 0.325625 0.040000 0.038750
0 0.614375 0.268125 0.033750 0.033750
0 0.315625 0.389375 0.031250 0.031250
0 0.309375 0.731875 0.058750 0.058750
0 0.088125 0.659375 0.073750 0.073750
0 0.738750 0.445000 0.042500 0.042500
0 0.356250 0.182500 0.095000 0.095000
0 0.615000 0.917500 0.045000 0.045000
0 0.262500 0.067500 0.042500 0.042500
0 0.619375 0.660625 0.081250 0.081250
0 0.567500 0.282500 0.037500 0.037500
0 0.452500 0.880000 0.062500 0.062500