0 0.040625 0.748750 0.038750 0.037500
0 0.315000 0.861250 0.100000 0.100000
0 0.305000 0.660000 0.057500 0.057500
0 0.954375 0.185000 0.066250 0.052500
0 0.878750 0.892500 0.107500 0.107500
0 0.412500 0.193750 0.057500 0.057500
0 0.526250 0.611250 0.065000 0.065000
0 0.497500 0.506250 0.070000 0.070000
0 0.615000 0.781250 0.090000 0.090000
0 0.167500 0.540625 0.105000 0.118750
0 0.502500 0.899375 0.067500 0.076250
0 0.049375 0.615625 0.036250 0.041250
0 0.415000 0.748750 0.080000 0.090000
0 0.536875 0.156875 0.101250 0.101250
0 0.430000 0.621875 0.110000 0.111250
0 0.780625 0.565625 0.058750 0.058750
0 0.725000 0.722500 0.045000 0.045000
0 0.124375 0.755625 0.068750 0.068750
0 0.471250 0.326250 0.065000 0.062500
0 0.881875 0.325000 0.051250 0.050000
0 0.846250 0.072500 0.087500 0.085000
0 0.607500 0.171875 0.025000 0.023750
0 0.444375 0.044375 0.048750 0.048750
0 0.323750 0.500000 0.082500 0.082500
0 0.676250 0.347500 0.085000 0.085000
0 0.262500 0.127500 0.112500 0.112500
0 0.830000 0.745000 0.087500 0.087500
0 0.115625 0.138125 0.081250 0.081250
0 0.873125 0.425625 0.093750 0.093750
0 0.396875 0.828125 0.036250 0.028750
0 0.068125 0.930000 0.086250 0.070000
0 0.856250 0.235000 0.080000 0.065000
0 0.709375 0.658125 0.058750 0.051250
0 0.899375 0.629375 0.111250 0.098750
0 0.598125 0.524375 0.066250 0.066250
0 0.690000 0.190000 0.105000 0.105000
0 0.308750 0.308750 0.100000 0.100000
0 0.179375 0.325000 0.088750 0.082500
0 0.172500 0.908750 0.065000 0.052500
0 0.726250 0.899375 0.112500 0.091250
0 0.753125 0.471875 0.108750 0.108750
0 0.618750 0.622500 0.105000 0.105000
0 0.566250 0.358750 0.085000 0.085000
0 0.298125 0.730000 0.048750 0.065000
0 0.185625 0.663750 0.071250 0.095000
0 0.517500 0.757500 0.075000 0.085000
0 0.436250 0.396875 0.077500 0.056250
0 0.208125 0.775625 0.056250 0.041250
0 0.528750 0.063125 0.040000 0.028750
0 0.388125 0.321875 0.041250 0.041250
0 0.948750 0.436250 0.032500 0.032500
0 0.176875 0.246875 0.041250 0.041250
0 0.855000 0.513750 0.067500 0.067500
0 0.410000 0.513750 0.070000 0.070000
0 0.561875 0.248125 0.108750 0.053750
0 0.062500 0.331250 0.072500 0.072500