0 0.073125 0.610625 0.108750 0.108750
0 0.122500 0.795000 0.050000 0.050000
0 0.841250 0.098750 0.107500 0.107500
0 0.606875 0.744375 0.111250 0.111250
0 0.275000 0.755000 0.100000 0.100000
0 0.708750 0.867500 0.035000 0.035000
0 0.364375 0.865625 0.033750 0.033750
0 0.534375 0.437500 0.046250 0.027500
0 0.941875 0.396250 0.088750 0.052500
0 0.687500 0.301250 0.042500 0.025000
0 0.710625 0.181875 0.068750 0.041250
0 0.228125 0.503125 0.033750 0.033750
0 0.184375 0.260625 0.071250 0.071250
0 0.310625 0.330625 0.078750 0.078750
0 0.485000 0.245000 0.032500 0.032500
0 0.920000 0.222500 0.030000 0.035000
0 0.182500 0.768125 0.045000 0.038750
0 0.852500 0.665000 0.057500 0.050000
0 0.672500 0.577500 0.100000 0.087500
0 0.056875 0.759375 0.056250 0.056250
0 0.475000 0.843750 0.092500 0.092500
0 0.265000 0.440000 0.027500 0.027500
0 0.391250 0.563750 0.060000 0.060000
0 0.951875 0.341875 0.043750 0.041250
0 0.513125 0.566875 0.106250 0.101250
0 0.138125 0.060625 0.088750 0.078750
0 0.846250 0.434375 0.050000 0.043750
0 0.395625 0.651250 0.096250 0.085000
0 0.563125 0.338125 0.106250 0.093750
0 0.602500 0.076875 0.070000 0.068750
0 0.463750 0.443750 0.052500 0.075000
0 0.207500 0.895000 0.077500 0.112500
0 0.098125 0.850625 0.043750 0.043750
0 0.618750 0.451250 0.080000 0.080000
0 0.104375 0.346875 0.081250 0.081250
0 0.955625 0.505625 0.048750 0.048750
0 0.556875 0.170625 0.031250 0.031250
0 0.780625 0.314375 0.058750 0.058750
0 0.070625 0.195625 0.061250 0.061250
0 0.293750 0.526250 0.045000 0.045000
0 0.695000 0.052500 0.065000 0.065000
0 0.716875 0.789375 0.066250 0.066250
0 0.317500 0.192500 0.065000 0.065000
0 0.239375 0.170625 0.056250 0.056250
0 0.275625 0.085625 0.098750 0.098750
0 0.050000 0.452500 0.037500 0.045000
0 0.872500 0.518125 0.045000 0.053750
0 0.913125 0.749375 0.038750 0.038750
0 0.880000 0.872500 0.097500 0.097500
0 0.462500 0.117500 0.112500 0.112500
0 0.749375 0.706875 0.053750 0.053750
0 0.471875 0.368750 0.031250 0.022500
0 0.403750 0.935000 0.055000 0.040000
0 0.515000 0.937500 0.087500 0.062500
0 0.196250 0.693125 0.042500 0.041250
0 0.617500 0.876250 0.102500 0.100000
0 0.390000 0.344375 0.027500 0.026250
0 0.873750 0.303750 0.092500 0.092500
0 0.123750 0.713750 0.027500 0.027500
0 0.790625 0.771875 0.043750 0.038750
0 0.751875 0.437500 0.103750 0.092500
0 0.046250 0.120625 0.050000 0.043750
0 0.153125 0.468125 0.061250 0.058750
0 0.726250 0.943750 0.052500 0.052500
0 0.377500 0.433750 0.080000 0.080000
0 0.249375 0.341875 0.026250 0.026250
0 0.518750 0.757500 0.025000 0.025000
0 0.854375 0.205625 0.068750 0.068750
0 0.940625 0.070625 0.046250 0.046250
0 0.089375 0.926875 0.083750 0.058750
0 0.383750 0.760000 0.050000 0.047500
0 0.596875 0.551875 0.031250 0.028750
0 0.188750 0.570625 0.080000 0.076250
0 0.434375 0.278125 0.041250 0.038750
0 0.408125 0.224375 0.061250 0.053750
0 0.757500 0.628750 0.027500 0.027500
0 0.620000 0.183750 0.077500 0.077500
0 0.871250 0.572500 0.040000 0.040000
0 0.256875 0.659375 0.053750 0.053750
0 0.785000 0.538750 0.077500 0.077500
0 0.931875 0.154375 0.056250 0.056250
0 0.933750 0.452500 0.027500 0.027500
0 0.660000 0.367500 0.027500 0.027500