0 0.286250 0.642500 0.102500 0.102500
0 0.485000 0.141250 0.107500 0.107500
0 0.369375 0.314375 0.048750 0.048750
0 0.685625 0.904375 0.063750 0.063750
0 0.261250 0.071250 0.082500 0.082500
0 0.803125 0.670625 0.088750 0.088750
0 0.488750 0.297500 0.055000 0.055000
0 0.808750 0.530000 0.092500 0.092500
0 0.075625 0.810625 0.103750 0.103750
0 0.621875 0.576250 0.066250 0.025000
0 0.071250 0.430000 0.067500 0.067500
0 0.242500 0.352500 0.105000 0.105000
0 0.817500 0.118750 0.042500 0.042500
0 0.886250 0.921250 0.030000 0.030000
0 0.163750 0.066875 0.037500 0.036250
0 0.470000 0.671250 0.082500 0.082500
0 0.405000 0.525000 0.060000 0.055000
0 0.308750 0.541875 0.065000 0.058750
0 0.236250 0.948125 0.042500 0.038750
0 0.605625 0.096250 0.076250 0.070000
0 0.056250 0.636875 0.025000 0.023750
0 0.341250 0.906250 0.112500 0.115000
0 0.373125 0.431875 0.061250 0.061250
0 0.217500 0.197500 0.072500 0.072500
0 0.632500 0.461250 0.072500 0.072500
0 0.364375 0.141875 0.093750 0.093750
0 0.173750 0.835625 0.045000 0.053750
0 0.686250 0.721250 0.070000 0.085000
0 0.567500 0.171250 0.037500 0.045000
0 0.749375 0.096250 0.031250 0.032500
0 0.931875 0.569375 0.103750 0.103750
0 0.619375 0.300625 0.071250 0.071250
0 0.502500 0.950000 0.037500 0.037500
0 0.712500 0.836250 0.050000 0.050000
0 0.059375 0.703125 0.036250 0.036250
0 0.178750 0.508750 0.072500 0.075000
0 0.098750 0.221875 0.080000 0.081250
0 0.243750 0.770000 0.025000 0.020000
0 0.033125 0.889375 0.031250 0.031250
0 0.826250 0.340625 0.047500 0.038750
0 0.477500 0.816250 0.100000 0.100000
0 0.767500 0.932500 0.040000 0.040000
0 0.717500 0.353750 0.102500 0.102500
0 0.501875 0.383125 0.083750 0.083750
0 0.162500 0.618750 0.067500 0.067500
0 0.630000 0.635625 0.035000 0.033750
0 0.913125 0.431250 0.091250 0.100000
0 0.926250 0.065625 0.092500 0.101250
0 0.893750 0.357500 0.027500 0.025000
0 0.095000 0.075000 0.070000 0.070000
0 0.286250 0.460000 0.080000 0.080000
0 0.907500 0.268750 0.077500 0.102500
0 0.503750 0.541875 0.105000 0.138750
0 0.851875 0.855000 0.058750 0.077500