0 0.523125 0.839375 0.108750 0.111250
0 0.353125 0.770625 0.038750 0.038750
0 0.782500 0.167500 0.110000 0.112500
0 0.639375 0.278125 0.091250 0.091250
0 0.906875 0.691875 0.066250 0.066250
0 0.166875 0.558125 0.101250 0.101250
0 0.259375 0.503125 0.063750 0.063750
0 0.361250 0.627500 0.045000 0.045000
0 0.321250 0.258750 0.025000 0.025000
0 0.761875 0.623125 0.051250 0.051250
0 0.459375 0.160625 0.098750 0.098750
0 0.168125 0.368125 0.083750 0.083750
0 0.553750 0.710000 0.077500 0.077500
0 0.736875 0.939375 0.063750 0.063750
0 0.517500 0.493750 0.090000 0.090000
0 0.648750 0.735000 0.027500 0.027500
0 0.598125 0.390625 0.026250 0.026250
0 0.868125 0.461875 0.091250 0.091250
0 0.677500 0.790000 0.067500 0.067500
0 0.822500 0.303125 0.092500 0.093750
0 0.111875 0.266875 0.103750 0.103750
0 0.222500 0.838750 0.100000 0.100000
0 0.865000 0.575000 0.105000 0.105000
0 0.829375 0.806875 0.086250 0.086250
0 0.518750 0.067500 0.035000 0.035000
0 0.330000 0.122500 0.062500 0.062500
0 0.243125 0.380625 0.051250 0.051250
0 0.948125 0.831875 0.051250 0.051250
0 0.398750 0.311250 0.065000 0.065000
0 0.652500 0.524375 0.107500 0.086250
0 0.059375 0.515625 0.066250 0.093750
0 0.955000 0.225625 0.047500 0.066250
0 0.587500 0.101875 0.077500 0.108750
0 0.406250 0.501250 0.105000 0.147500
0 0.061875 0.878125 0.098750 0.098750
0 0.178125 0.089375 0.043750 0.061250
0 0.517500 0.595000 0.085000 0.085000
0 0.501875 0.283125 0.041250 0.041250
0 0.229375 0.259375 0.101250 0.101250
0 0.251250 0.700625 0.087500 0.091250
0 0.876875 0.051875 0.073750 0.076250
0 0.953125 0.474375 0.063750 0.066250
0 0.080000 0.673750 0.095000 0.095000
0 0.344375 0.710625 0.061250 0.061250
0 0.456875 0.055625 0.058750 0.058750
0 0.941250 0.302500 0.062500 0.062500
0 0.226875 0.936875 0.053750 0.053750
0 0.069375 0.158125 0.088750 0.088750
0 0.706250 0.393750 0.045000 0.045000
0 0.521250 0.370625 0.107500 0.091250
0 0.834375 0.716875 0.058750 0.058750
0 0.420000 0.630000 0.052500 0.052500
0 0.747500 0.037500 0.030000 0.035000
0 0.669375 0.643750 0.108750 0.130000
0 0.648750 0.888750 0.077500 0.077500
0 0.952500 0.125000 0.045000 0.045000
0 0.824375 0.933750 0.066250 0.065000
0 0.168125 0.169375 0.046250 0.046250
0 0.407500 0.870625 0.072500 0.098750
0 0.378750 0.038750 0.035000 0.047500
0 0.880625 0.148750 0.063750 0.087500
0 0.670000 0.196875 0.025000 0.023750
0 0.913125 0.922500 0.076250 0.067500
0 0.142500 0.473750 0.037500 0.052500
0 0.775625 0.505625 0.033750 0.033750
0 0.429375 0.767500 0.046250 0.050000
0 0.965625 0.725625 0.033750 0.033750
0 0.315625 0.201875 0.056250 0.056250
0 0.040625 0.422500 0.053750 0.055000