0 0.826875 0.889375 0.026250 0.026250
0 0.109375 0.571875 0.103750 0.103750
0 0.943125 0.848125 0.033750 0.033750
0 0.396875 0.334375 0.068750 0.068750
0 0.817500 0.343750 0.030000 0.030000
0 0.516875 0.748125 0.033750 0.031250
0 0.805000 0.629375 0.070000 0.093750
0 0.560000 0.157500 0.032500 0.032500
0 0.469375 0.217500 0.036250 0.030000
0 0.270000 0.127500 0.057500 0.057500
0 0.065625 0.656875 0.028750 0.028750
0 0.149375 0.808750 0.081250 0.095000
0 0.373750 0.906250 0.107500 0.125000
0 0.700625 0.398750 0.071250 0.067500
0 0.211875 0.560625 0.046250 0.043750
0 0.648125 0.848125 0.048750 0.046250
0 0.176250 0.281250 0.082500 0.065000
0 0.846250 0.818750 0.032500 0.025000
0 0.850625 0.413125 0.108750 0.086250
0 0.240625 0.687500 0.053750 0.042500
0 0.782500 0.153750 0.100000 0.100000
0 0.890000 0.671250 0.070000 0.070000
0 0.803750 0.482500 0.025000 0.020000
0 0.383750 0.517500 0.090000 0.090000
0 0.371250 0.152500 0.082500 0.082500
0 0.940000 0.323750 0.070000 0.070000
0 0.486250 0.400000 0.037500 0.037500
0 0.745000 0.805000 0.057500 0.057500
0 0.583125 0.246875 0.076250 0.076250
0 0.291250 0.046250 0.025000 0.025000
0 0.567500 0.835000 0.070000 0.090000
0 0.050000 0.218750 0.062500 0.080000
0 0.040625 0.726875 0.046250 0.058750
0 0.257500 0.338125 0.040000 0.051250
0 0.570000 0.601250 0.107500 0.107500
0 0.388125 0.774375 0.033750 0.033750
0 0.051875 0.449375 0.068750 0.068750
0 0.434375 0.689375 0.048750 0.058750
0 0.043125 0.925625 0.048750 0.058750
0 0.104375 0.094375 0.103750 0.126250
0 0.247500 0.440625 0.055000 0.066250
0 0.698750 0.243125 0.052500 0.061250
0 0.181250 0.411250 0.035000 0.040000
0 0.468750 0.131875 0.097500 0.113750
0 0.721250 0.601875 0.067500 0.073750
0 0.656875 0.318750 0.041250 0.045000
0 0.743125 0.503125 0.081250 0.088750
0 0.551875 0.318125 0.041250 0.041250
0 0.965000 0.213750 0.027500 0.027500
0 0.615000 0.713750 0.092500 0.092500
0 0.641250 0.787500 0.040000 0.040000
0 0.890000 0.513750 0.090000 0.090000
0 0.910625 0.801875 0.028750 0.028750
0 0.258750 0.868750 0.082500 0.082500
0 0.439375 0.618125 0.068750 0.068750
0 0.323125 0.719375 0.068750 0.068750
0 0.659375 0.059375 0.093750 0.093750
0 0.939375 0.910625 0.071250 0.071250
0 0.336250 0.443125 0.042500 0.038750
0 0.323125 0.609375 0.076250 0.076250
0 0.143750 0.722500 0.060000 0.060000
0 0.902500 0.176250 0.077500 0.077500
0 0.755000 0.063750 0.050000 0.050000
0 0.700625 0.938125 0.073750 0.073750
0 0.426250 0.045000 0.037500 0.037500
0 0.068125 0.338125 0.111250 0.111250
0 0.829375 0.061875 0.053750 0.053750
0 0.148750 0.927500 0.025000 0.025000
0 0.567500 0.372500 0.047500 0.047500
0 0.483750 0.040000 0.030000 0.030000
0 0.812500 0.553750 0.037500 0.037500
0 0.198750 0.200625 0.045000 0.061250
0 0.239375 0.062500 0.036250 0.050000
0 0.335000 0.804375 0.055000 0.048750
0 0.596250 0.467500 0.082500 0.082500
0 0.771250 0.247500 0.057500 0.057500
0 0.844375 0.761875 0.068750 0.068750