0 0.340625 0.089375 0.111250 0.111250
0 0.546875 0.585625 0.103750 0.103750
0 0.584375 0.436875 0.106250 0.106250
0 0.678750 0.688750 0.065000 0.065000
0 0.880000 0.087500 0.110000 0.110000
0 0.847500 0.821250 0.025000 0.025000
0 0.282500 0.628750 0.090000 0.090000
0 0.680000 0.066250 0.070000 0.070000
0 0.323125 0.878125 0.083750 0.083750
0 0.932500 0.662500 0.107500 0.107500
0 0.303125 0.741875 0.051250 0.041250
0 0.830000 0.290000 0.092500 0.075000
0 0.342500 0.950625 0.047500 0.038750
0 0.085625 0.257500 0.061250 0.050000
0 0.362500 0.353750 0.037500 0.052500
0 0.435625 0.865625 0.101250 0.143750
0 0.455000 0.400000 0.082500 0.117500
0 0.395625 0.701250 0.061250 0.062500
0 0.483750 0.252500 0.065000 0.100000
0 0.473125 0.132500 0.071250 0.110000
0 0.670625 0.576250 0.061250 0.095000
0 0.881250 0.915000 0.045000 0.045000
0 0.157500 0.586250 0.055000 0.055000
0 0.918125 0.534375 0.078750 0.043750
0 0.160625 0.826875 0.078750 0.043750
0 0.522500 0.681875 0.060000 0.033750
0 0.900625 0.395625 0.108750 0.108750
0 0.722500 0.887500 0.072500 0.062500
0 0.047500 0.683750 0.062500 0.062500
0 0.621875 0.304375 0.056250 0.056250
0 0.581875 0.826875 0.076250 0.078750
0 0.158125 0.478125 0.111250 0.116250
0 0.210000 0.886875 0.050000 0.051250
0 0.955000 0.191875 0.040000 0.041250
0 0.706250 0.330625 0.097500 0.073750
0 0.294375 0.489375 0.081250 0.081250
0 0.798750 0.453750 0.070000 0.040000
0 0.236875 0.179375 0.053750 0.031250
0 0.238750 0.220625 0.057500 0.033750
0 0.618750 0.130000 0.037500 0.037500
0 0.626250 0.703750 0.025000 0.025000
0 0.138125 0.149375 0.051250 0.051250
0 0.194375 0.385625 0.028750 0.028750
0 0.420000 0.519375 0.027500 0.031250
0 0.800000 0.516875 0.042500 0.048750
0 0.945000 0.781875 0.045000 0.043750
0 0.572500 0.093125 0.037500 0.038750
0 0.177500 0.286875 0.072500 0.076250
0 0.852500 0.215625 0.055000 0.056250
0 0.160625 0.686250 0.101250 0.105000
0 0.748125 0.953750 0.041250 0.042500
0 0.088125 0.046250 0.043750 0.025000
0 0.835000 0.750000 0.070000 0.040000
0 0.392500 0.767500 0.032500 0.032500
0 0.768750 0.126250 0.092500 0.092500
0 0.086875 0.339375 0.073750 0.073750
0 0.345625 0.250625 0.068750 0.068750
0 0.374375 0.605000 0.073750 0.042500
0 0.508125 0.750625 0.078750 0.046250
0 0.603750 0.223125 0.092500 0.053750
0 0.740625 0.724375 0.043750 0.028750
0 0.733750 0.400625 0.032500 0.033750
0 0.096875 0.923125 0.111250 0.098750
0 0.048750 0.619375 0.052500 0.046250
0 0.806250 0.646875 0.057500 0.073750
0 0.743750 0.240625 0.030000 0.038750
0 0.233125 0.093125 0.088750 0.106250
0 0.740000 0.545000 0.052500 0.062500
0 0.564375 0.938125 0.066250 0.066250