0 0.052500 0.913750 0.052500 0.052500
0 0.841875 0.561875 0.083750 0.083750
0 0.789375 0.913125 0.091250 0.091250
0 0.768750 0.396250 0.097500 0.092500
0 0.426875 0.310625 0.053750 0.051250
0 0.672500 0.183125 0.077500 0.073750
0 0.151875 0.475625 0.093750 0.093750
0 0.440000 0.421250 0.110000 0.110000
0 0.196250 0.867500 0.100000 0.100000
0 0.617500 0.828125 0.092500 0.098750
0 0.136875 0.278750 0.098750 0.087500
0 0.552500 0.500000 0.042500 0.042500
0 0.347500 0.755000 0.102500 0.102500
0 0.360625 0.844375 0.026250 0.026250
0 0.130000 0.600000 0.102500 0.102500
0 0.277500 0.210625 0.087500 0.078750
0 0.861875 0.744375 0.093750 0.093750
0 0.500000 0.618125 0.082500 0.066250
0 0.036875 0.381875 0.028750 0.028750
0 0.572500 0.379375 0.075000 0.071250
0 0.748125 0.765625 0.046250 0.043750
0 0.666250 0.353125 0.087500 0.086250
0 0.412500 0.180000 0.102500 0.102500
0 0.521875 0.278125 0.086250 0.086250
0 0.326250 0.571250 0.052500 0.052500
0 0.923750 0.933750 0.082500 0.082500
0 0.452500 0.753750 0.040000 0.037500
0 0.656875 0.655625 0.098750 0.076250
0 0.913125 0.234375 0.098750 0.076250
0 0.077500 0.065000 0.085000 0.065000
0 0.948125 0.589375 0.043750 0.043750
0 0.668125 0.283125 0.033750 0.033750
0 0.541250 0.698750 0.032500 0.032500
0 0.903750 0.387500 0.112500 0.112500
0 0.493125 0.547500 0.036250 0.035000
0 0.185625 0.720000 0.053750 0.052500
0 0.449375 0.899375 0.096250 0.096250
0 0.619375 0.525625 0.076250 0.076250
0 0.330625 0.374375 0.061250 0.061250
0 0.277500 0.441250 0.055000 0.055000
0 0.901250 0.128125 0.092500 0.121250
0 0.580000 0.105000 0.082500 0.082500
0 0.291875 0.096875 0.081250 0.081250
0 0.788750 0.188750 0.105000 0.105000
0 0.281875 0.946875 0.041250 0.041250
0 0.123125 0.376875 0.088750 0.083750
0 0.760000 0.551875 0.047500 0.038750
0 0.072500 0.776875 0.087500 0.071250
0 0.895000 0.480000 0.027500 0.022500
0 0.432500 0.065625 0.090000 0.073750
0 0.228125 0.570625 0.068750 0.056250
0 0.655625 0.750000 0.046250 0.037500
0 0.682500 0.086250 0.060000 0.050000
0 0.856250 0.631250 0.037500 0.037500
0 0.262500 0.776875 0.040000 0.038750
0 0.945000 0.810625 0.032500 0.031250
0 0.271875 0.695000 0.031250 0.030000
0 0.583750 0.191875 0.057500 0.066250
0 0.074375 0.686250 0.048750 0.050000
0 0.400000 0.582500 0.075000 0.077500
0 0.224375 0.509375 0.033750 0.033750
0 0.737500 0.836250 0.030000 0.030000
0 0.520000 0.786250 0.070000 0.070000
0 0.423750 0.665000 0.055000 0.055000
0 0.333125 0.296250 0.068750 0.062500
0 0.133750 0.185000 0.057500 0.057500
0 0.958125 0.678125 0.058750 0.058750