0 0.284375 0.061875 0.093750 0.086250
0 0.850000 0.690625 0.075000 0.106250
0 0.931250 0.061875 0.032500 0.031250
0 0.570625 0.915625 0.101250 0.101250
0 0.655000 0.040000 0.042500 0.042500
0 0.521250 0.573750 0.087500 0.087500
0 0.593750 0.597500 0.032500 0.032500
0 0.188750 0.256250 0.067500 0.075000
0 0.638750 0.175000 0.105000 0.105000
0 0.231250 0.361250 0.107500 0.105000
0 0.137500 0.705000 0.072500 0.070000
0 0.741875 0.378125 0.083750 0.081250
0 0.387500 0.693125 0.027500 0.026250
0 0.065625 0.664375 0.031250 0.031250
0 0.323750 0.552500 0.100000 0.100000
0 0.183125 0.786875 0.073750 0.073750
0 0.148125 0.399375 0.026250 0.021250
0 0.618750 0.306875 0.055000 0.046250
0 0.431875 0.601250 0.056250 0.047500
0 0.662500 0.600000 0.052500 0.045000
0 0.908125 0.876250 0.058750 0.050000
0 0.467500 0.369375 0.092500 0.078750
0 0.929375 0.233125 0.103750 0.103750
0 0.465000 0.930625 0.055000 0.053750
0 0.753125 0.193125 0.081250 0.083750
0 0.315000 0.777500 0.050000 0.050000
0 0.343125 0.179375 0.031250 0.031250
0 0.147500 0.610000 0.097500 0.097500
0 0.703125 0.301875 0.028750 0.028750
0 0.160625 0.483125 0.108750 0.108750
0 0.888125 0.046875 0.033750 0.033750
0 0.518750 0.160000 0.077500 0.077500
0 0.758125 0.485625 0.026250 0.026250
0 0.711250 0.802500 0.090000 0.090000
0 0.746250 0.681250 0.100000 0.097500
0 0.803750 0.853125 0.025000 0.023750
0 0.073750 0.186250 0.102500 0.100000
0 0.471250 0.834375 0.055000 0.053750
0 0.310625 0.689375 0.056250 0.056250
0 0.212500 0.715000 0.047500 0.047500
0 0.340000 0.290000 0.077500 0.072500
0 0.479375 0.266875 0.053750 0.053750
0 0.457500 0.053750 0.082500 0.082500
0 0.510000 0.702500 0.105000 0.105000
0 0.551875 0.068125 0.076250 0.076250
0 0.915000 0.433750 0.105000 0.105000
0 0.163750 0.901250 0.102500 0.102500
0 0.630000 0.527500 0.077500 0.077500
0 0.066250 0.737500 0.037500 0.037500
0 0.449375 0.146875 0.036250 0.036250
0 0.161875 0.117500 0.028750 0.020000
0 0.950000 0.634375 0.067500 0.048750
0 0.276250 0.166875 0.067500 0.048750
0 0.585625 0.428125 0.106250 0.101250
0 0.426875 0.523125 0.048750 0.048750
0 0.788125 0.119375 0.033750 0.026250
0 0.305000 0.223750 0.052500 0.042500
0 0.744375 0.883125 0.063750 0.051250
0 0.836250 0.251250 0.065000 0.065000
0 0.343125 0.901875 0.063750 0.063750
0 0.083125 0.366875 0.043750 0.043750
0 0.938750 0.770000 0.047500 0.047500
0 0.316875 0.456250 0.043750 0.045000
0 0.876875 0.581250 0.028750 0.030000
0 0.848750 0.537500 0.035000 0.030000
0 0.136875 0.356250 0.026250 0.025000