0 0.190000 0.812500 0.065000 0.065000
0 0.420000 0.663750 0.047500 0.047500
0 0.916250 0.855000 0.072500 0.072500
0 0.325625 0.436875 0.038750 0.038750
0 0.925625 0.484375 0.091250 0.091250
0 0.888125 0.610000 0.096250 0.095000
0 0.948750 0.131875 0.047500 0.046250
0 0.348125 0.181875 0.028750 0.028750
0 0.491875 0.545625 0.036250 0.038750
0 0.337500 0.110625 0.037500 0.041250
0 0.053125 0.163125 0.058750 0.063750
0 0.595625 0.653125 0.076250 0.076250
0 0.349375 0.802500 0.066250 0.025000
0 0.125000 0.489375 0.105000 0.101250
0 0.090625 0.817500 0.091250 0.087500
0 0.337500 0.600000 0.042500 0.040000
0 0.844375 0.764375 0.061250 0.061250
0 0.672500 0.176250 0.045000 0.045000
0 0.118750 0.140000 0.047500 0.037500
0 0.193125 0.145625 0.086250 0.081250
0 0.248125 0.253125 0.108750 0.108750
0 0.576250 0.838750 0.070000 0.070000
0 0.821875 0.175625 0.106250 0.106250
0 0.170625 0.649375 0.096250 0.096250
0 0.934375 0.730000 0.026250 0.025000
0 0.455000 0.455625 0.082500 0.078750
0 0.814375 0.387500 0.101250 0.097500
0 0.828125 0.873125 0.061250 0.058750
0 0.491875 0.355625 0.073750 0.073750
0 0.675000 0.563750 0.045000 0.045000
0 0.039375 0.571875 0.043750 0.043750
0 0.705000 0.065000 0.092500 0.092500
0 0.910625 0.341875 0.051250 0.051250
0 0.733125 0.654375 0.048750 0.048750
0 0.581875 0.259375 0.103750 0.103750
0 0.087500 0.301250 0.067500 0.067500
0 0.923125 0.780625 0.046250 0.046250
0 0.502500 0.133750 0.077500 0.077500
0 0.297500 0.352500 0.055000 0.055000
0 0.751875 0.823125 0.061250 0.061250
0 0.648750 0.486250 0.062500 0.062500
0 0.451250 0.242500 0.047500 0.052500
0 0.511875 0.719375 0.076250 0.076250
0 0.097500 0.901250 0.065000 0.065000
0 0.187500 0.880000 0.052500 0.052500
0 0.642500 0.378750 0.087500 0.087500
0 0.159375 0.334375 0.051250 0.051250
0 0.523125 0.641875 0.051250 0.051250
0 0.553750 0.933125 0.060000 0.058750
0 0.267500 0.730625 0.077500 0.076250
0 0.365000 0.901875 0.095000 0.093750
0 0.560625 0.431875 0.026250 0.026250
0 0.786250 0.523125 0.085000 0.078750
0 0.432500 0.752500 0.050000 0.050000
0 0.726250 0.451250 0.050000 0.050000
0 0.355625 0.515000 0.061250 0.060000
0 0.719375 0.254375 0.066250 0.066250
0 0.471250 0.836250 0.100000 0.100000
0 0.246250 0.445000 0.070000 0.070000
0 0.657500 0.780000 0.065000 0.065000
0 0.061875 0.661250 0.091250 0.090000
0 0.270000 0.551875 0.060000 0.058750
0 0.155625 0.060625 0.068750 0.058750
0 0.701250 0.920000 0.107500 0.092500
0 0.580625 0.746875 0.038750 0.038750
0 0.045625 0.058125 0.041250 0.063750
0 0.379375 0.258125 0.071250 0.071250
0 0.408125 0.159375 0.043750 0.041250
0 0.287500 0.865000 0.027500 0.025000
0 0.818125 0.270625 0.063750 0.063750