0 0.730000 0.793750 0.035000 0.035000
0 0.320000 0.405000 0.090000 0.090000
0 0.103750 0.620000 0.052500 0.052500
0 0.691250 0.901875 0.050000 0.048750
0 0.071875 0.883125 0.106250 0.106250
0 0.526875 0.130625 0.068750 0.086250
0 0.871875 0.384375 0.043750 0.043750
0 0.805000 0.713750 0.107500 0.107500
0 0.245625 0.659375 0.103750 0.103750
0 0.786875 0.096875 0.038750 0.023750
0 0.063750 0.443125 0.062500 0.043750
0 0.273125 0.220000 0.106250 0.075000
0 0.401875 0.478125 0.041250 0.028750
0 0.758125 0.426875 0.068750 0.068750
0 0.538125 0.406875 0.086250 0.086250
0 0.546250 0.500000 0.057500 0.057500
0 0.063125 0.306875 0.066250 0.066250
0 0.855000 0.303750 0.057500 0.057500
0 0.618125 0.108125 0.083750 0.083750
0 0.449375 0.090625 0.068750 0.068750
0 0.134375 0.553125 0.038750 0.038750
0 0.070625 0.131875 0.041250 0.041250
0 0.341875 0.834375 0.078750 0.078750
0 0.670000 0.551250 0.027500 0.027500
0 0.775625 0.529375 0.036250 0.036250
0 0.185000 0.936250 0.042500 0.042500
0 0.616875 0.720625 0.043750 0.043750
0 0.676875 0.294375 0.081250 0.081250
0 0.528750 0.760000 0.112500 0.112500
0 0.482500 0.340625 0.030000 0.026250
0 0.875625 0.061250 0.086250 0.087500
0 0.406250 0.665000 0.112500 0.115000
0 0.926250 0.855000 0.057500 0.057500
0 0.245625 0.808125 0.071250 0.071250
0 0.530000 0.886250 0.110000 0.110000
0 0.790625 0.890625 0.048750 0.048750
0 0.215000 0.390000 0.077500 0.077500
0 0.410625 0.181875 0.066250 0.066250
0 0.350625 0.554375 0.046250 0.036250
0 0.456875 0.376875 0.031250 0.023750
0 0.720625 0.072500 0.038750 0.030000
0 0.068125 0.707500 0.106250 0.105000
0 0.558125 0.235625 0.106250 0.106250
0 0.618125 0.518125 0.048750 0.048750
0 0.038750 0.508750 0.045000 0.045000
0 0.598750 0.648750 0.030000 0.030000
0 0.850000 0.521250 0.090000 0.090000
0 0.330625 0.135625 0.061250 0.061250
0 0.738125 0.364375 0.026250 0.026250
0 0.075000 0.048750 0.065000 0.065000
0 0.776875 0.223125 0.066250 0.066250
0 0.751250 0.583750 0.052500 0.052500
0 0.928750 0.405000 0.050000 0.050000
0 0.220000 0.060000 0.090000 0.090000
0 0.153750 0.167500 0.077500 0.077500
0 0.530625 0.661250 0.048750 0.047500
0 0.234375 0.575000 0.046250 0.045000
0 0.564375 0.313750 0.033750 0.032500
0 0.859375 0.153750 0.051250 0.045000
0 0.334375 0.064375 0.031250 0.031250
0 0.930625 0.513125 0.026250 0.026250
0 0.901250 0.732500 0.052500 0.047500
0 0.743125 0.113125 0.033750 0.033750
0 0.160625 0.790625 0.063750 0.063750
0 0.684375 0.680625 0.068750 0.068750
0 0.943750 0.930000 0.077500 0.077500
0 0.435625 0.539375 0.036250 0.036250
0 0.960000 0.183750 0.040000 0.040000
0 0.619375 0.895625 0.033750 0.033750
0 0.926250 0.567500 0.037500 0.037500
0 0.655000 0.395000 0.072500 0.072500
0 0.170000 0.448750 0.025000 0.025000
0 0.241250 0.908750 0.032500 0.032500
0 0.072500 0.380000 0.057500 0.057500
0 0.352500 0.321250 0.042500 0.042500
0 0.913750 0.651250 0.082500 0.082500
0 0.454375 0.289375 0.058750 0.058750
0 0.820000 0.389375 0.037500 0.028750
0 0.893750 0.226250 0.042500 0.042500
0 0.760625 0.955625 0.086250 0.033750
0 0.463750 0.493750 0.052500 0.020000
0 0.250000 0.287500 0.095000 0.037500