0 0.132500 0.355000 0.112500 0.112500
0 0.056875 0.845625 0.056250 0.056250
0 0.212500 0.778750 0.082500 0.067500
0 0.461250 0.253750 0.107500 0.112500
0 0.453750 0.068750 0.042500 0.042500
0 0.828125 0.413125 0.068750 0.068750
0 0.510000 0.790000 0.032500 0.032500
0 0.350000 0.377500 0.057500 0.057500
0 0.276875 0.250000 0.088750 0.085000
0 0.172500 0.149375 0.087500 0.078750
0 0.647500 0.449375 0.082500 0.081250
0 0.630000 0.884375 0.095000 0.093750
0 0.608750 0.363125 0.070000 0.068750
0 0.180000 0.580000 0.057500 0.057500
0 0.600000 0.560000 0.047500 0.047500
0 0.833750 0.814375 0.100000 0.098750
0 0.115625 0.673750 0.103750 0.102500
0 0.645625 0.200000 0.086250 0.085000
0 0.940000 0.113750 0.067500 0.067500
0 0.420625 0.538125 0.026250 0.026250
0 0.885625 0.710625 0.038750 0.038750
0 0.541250 0.478750 0.050000 0.050000
0 0.289375 0.786875 0.043750 0.043750
0 0.259375 0.423125 0.073750 0.073750
0 0.220000 0.882500 0.107500 0.112500
0 0.970625 0.276250 0.033750 0.035000
0 0.336250 0.058750 0.077500 0.080000
0 0.313125 0.883125 0.036250 0.036250
0 0.307500 0.617500 0.070000 0.062500
0 0.175625 0.223750 0.031250 0.027500
0 0.207500 0.679375 0.050000 0.043750
0 0.538125 0.546250 0.048750 0.042500
0 0.053125 0.523750 0.053750 0.047500
0 0.706875 0.571875 0.083750 0.073750
0 0.801875 0.198125 0.058750 0.056250
0 0.869375 0.235625 0.043750 0.043750
0 0.518125 0.875625 0.078750 0.078750
0 0.811875 0.135000 0.073750 0.045000
0 0.416250 0.886250 0.040000 0.040000
0 0.788750 0.063750 0.072500 0.072500
0 0.812500 0.511250 0.107500 0.107500
0 0.446875 0.704375 0.098750 0.098750
0 0.706875 0.755625 0.056250 0.056250
0 0.925000 0.392500 0.097500 0.097500
0 0.435625 0.356875 0.056250 0.056250
0 0.518750 0.088750 0.070000 0.085000
0 0.074375 0.109375 0.083750 0.101250
0 0.725625 0.871250 0.031250 0.037500
0 0.817500 0.291250 0.027500 0.027500
0 0.595000 0.686250 0.107500 0.107500
0 0.886875 0.935625 0.031250 0.031250
0 0.366250 0.808750 0.082500 0.082500
0 0.610000 0.296250 0.042500 0.042500
0 0.378750 0.528750 0.027500 0.027500
0 0.947500 0.908750 0.072500 0.072500
0 0.951250 0.760000 0.052500 0.052500
0 0.620625 0.064375 0.076250 0.076250
0 0.312500 0.129375 0.025000 0.021250
0 0.858125 0.636250 0.083750 0.082500
0 0.678125 0.290000 0.048750 0.047500
0 0.948125 0.828750 0.043750 0.042500
0 0.456250 0.605000 0.072500 0.082500
0 0.449375 0.444375 0.096250 0.096250
0 0.800000 0.952500 0.037500 0.037500
0 0.138125 0.476875 0.101250 0.101250
0 0.043125 0.263125 0.043750 0.043750
0 0.755625 0.311875 0.071250 0.063750
0 0.698750 0.656250 0.077500 0.077500
0 0.607500 0.793750 0.057500 0.032500