0 0.702500 0.720000 0.035000 0.035000
0 0.656875 0.365625 0.076250 0.076250
0 0.523125 0.661875 0.041250 0.041250
0 0.713750 0.461250 0.032500 0.032500
0 0.195625 0.162500 0.098750 0.097500
0 0.909375 0.357500 0.028750 0.027500
0 0.324375 0.294375 0.073750 0.073750
0 0.095625 0.853125 0.071250 0.071250
0 0.325625 0.787500 0.048750 0.050000
0 0.679375 0.054375 0.076250 0.078750
0 0.826875 0.285000 0.103750 0.107500
0 0.835000 0.670000 0.052500 0.052500
0 0.166250 0.420000 0.060000 0.060000
0 0.190000 0.562500 0.092500 0.092500
0 0.441875 0.709375 0.073750 0.073750
0 0.305625 0.673125 0.051250 0.051250
0 0.936875 0.764375 0.026250 0.036250
0 0.919375 0.563125 0.063750 0.063750
0 0.202500 0.765000 0.080000 0.080000
0 0.055625 0.559375 0.083750 0.083750
0 0.693125 0.909375 0.098750 0.098750
0 0.273750 0.181250 0.042500 0.042500
0 0.320000 0.106250 0.065000 0.065000
0 0.343750 0.448750 0.025000 0.022500
0 0.861250 0.060625 0.097500 0.091250
0 0.494375 0.883750 0.073750 0.135000
0 0.601250 0.684375 0.062500 0.113750
0 0.467500 0.126875 0.082500 0.151250
0 0.174375 0.880625 0.071250 0.071250
0 0.826250 0.135000 0.030000 0.030000
0 0.588125 0.166875 0.076250 0.076250
0 0.489375 0.433125 0.108750 0.108750
0 0.648125 0.798125 0.068750 0.068750
0 0.955625 0.324375 0.038750 0.038750
0 0.896875 0.464375 0.063750 0.063750
0 0.516875 0.581875 0.043750 0.043750
0 0.108125 0.346250 0.068750 0.065000
0 0.187500 0.668125 0.077500 0.073750
0 0.028750 0.300000 0.032500 0.032500
0 0.287500 0.496250 0.060000 0.060000
0 0.696875 0.573125 0.056250 0.056250
0 0.888125 0.836875 0.088750 0.088750
0 0.791875 0.915625 0.063750 0.063750
0 0.285625 0.910000 0.073750 0.090000
0 0.076875 0.455625 0.103750 0.103750
0 0.403750 0.563750 0.077500 0.077500
0 0.542500 0.270000 0.060000 0.060000
0 0.133750 0.261875 0.065000 0.068750
0 0.386875 0.813125 0.046250 0.048750
0 0.079375 0.063125 0.048750 0.048750
0 0.776875 0.572500 0.031250 0.032500
0 0.414375 0.258125 0.066250 0.053750
0 0.884375 0.936875 0.026250 0.026250
0 0.713125 0.145625 0.028750 0.031250
0 0.779375 0.466250 0.043750 0.047500
0 0.086875 0.751875 0.091250 0.098750
0 0.634375 0.286875 0.066250 0.066250
0 0.211875 0.280625 0.038750 0.036250
0 0.078125 0.162500 0.056250 0.067500
0 0.486875 0.293125 0.026250 0.031250
0 0.955000 0.937500 0.035000 0.035000
0 0.344375 0.383125 0.071250 0.071250
0 0.701250 0.646250 0.050000 0.050000
0 0.345625 0.196875 0.056250 0.056250
0 0.596250 0.493750 0.060000 0.060000
0 0.229375 0.414375 0.048750 0.058750
0 0.574375 0.943750 0.031250 0.037500
0 0.515625 0.771875 0.046250 0.056250
0 0.898125 0.658750 0.058750 0.067500
0 0.053750 0.933750 0.035000 0.035000
0 0.210625 0.065625 0.073750 0.073750
0 0.775000 0.090000 0.055000 0.055000
0 0.453750 0.350000 0.037500 0.035000
0 0.589375 0.879375 0.061250 0.061250
0 0.386875 0.909375 0.078750 0.078750
0 0.761250 0.388750 0.062500 0.055000
0 0.587500 0.070000 0.080000 0.070000
0 0.663750 0.175000 0.042500 0.042500
0 0.311250 0.731250 0.027500 0.017500
0 0.613125 0.581875 0.038750 0.038750
0 0.917500 0.166250 0.105000 0.105000
0 0.781250 0.836875 0.062500 0.063750