0 0.693125 0.128125 0.036250 0.056250
0 0.276875 0.590000 0.046250 0.042500
0 0.238125 0.479375 0.031250 0.026250
0 0.381250 0.861875 0.082500 0.086250
0 0.107500 0.475625 0.050000 0.051250
0 0.767500 0.359375 0.102500 0.106250
0 0.436875 0.479375 0.036250 0.036250
0 0.938125 0.265625 0.096250 0.096250
0 0.639375 0.435000 0.036250 0.037500
0 0.847500 0.753750 0.090000 0.100000
0 0.228125 0.327500 0.081250 0.090000
0 0.514375 0.433750 0.066250 0.072500
0 0.233125 0.233750 0.063750 0.062500
0 0.433125 0.686250 0.096250 0.095000
0 0.701250 0.558125 0.062500 0.061250
0 0.916250 0.585625 0.092500 0.096250
0 0.679375 0.919375 0.083750 0.083750
0 0.107500 0.593750 0.052500 0.052500
0 0.837500 0.902500 0.097500 0.097500
0 0.242500 0.873750 0.070000 0.070000
0 0.274375 0.081875 0.111250 0.111250
0 0.816250 0.496250 0.080000 0.077500
0 0.295625 0.721875 0.078750 0.076250
0 0.924375 0.808750 0.038750 0.037500
0 0.068750 0.307500 0.052500 0.052500
0 0.481250 0.226250 0.045000 0.045000
0 0.608750 0.792500 0.110000 0.110000
0 0.368125 0.433125 0.083750 0.083750
0 0.717500 0.620000 0.035000 0.037500
0 0.846875 0.656875 0.026250 0.026250
0 0.471875 0.874375 0.046250 0.046250
0 0.396875 0.248125 0.093750 0.093750
0 0.611250 0.071250 0.052500 0.062500
0 0.141875 0.420000 0.031250 0.037500
0 0.139375 0.109375 0.083750 0.073750
0 0.061250 0.779375 0.097500 0.086250
0 0.660000 0.222500 0.065000 0.065000
0 0.248750 0.521250 0.040000 0.040000
0 0.617500 0.650000 0.102500 0.102500
0 0.731875 0.734375 0.103750 0.103750
0 0.866250 0.085000 0.092500 0.092500
0 0.574375 0.303750 0.066250 0.082500
0 0.168750 0.218750 0.025000 0.030000
0 0.064375 0.215625 0.076250 0.076250
0 0.553750 0.070000 0.047500 0.047500
0 0.098750 0.848750 0.025000 0.030000
0 0.483750 0.122500 0.047500 0.047500
0 0.060000 0.384375 0.057500 0.038750
0 0.780625 0.099375 0.051250 0.033750
0 0.776875 0.183125 0.086250 0.058750
0 0.816250 0.588750 0.075000 0.050000
0 0.455625 0.360625 0.053750 0.053750
0 0.182500 0.756875 0.080000 0.081250
0 0.941250 0.763125 0.045000 0.033750
0 0.581875 0.565625 0.053750 0.041250
0 0.517500 0.784375 0.037500 0.028750
0 0.573125 0.165000 0.066250 0.050000
0 0.487500 0.551250 0.075000 0.075000
0 0.855000 0.180000 0.050000 0.050000
0 0.895625 0.403125 0.063750 0.063750
0 0.476250 0.759375 0.025000 0.023750
0 0.037500 0.562500 0.047500 0.047500
0 0.388750 0.548750 0.085000 0.085000
0 0.150000 0.297500 0.050000 0.050000
0 0.115000 0.908750 0.057500 0.070000
0 0.667500 0.328750 0.065000 0.065000
0 0.757500 0.035000 0.045000 0.045000
0 0.060625 0.073125 0.056250 0.056250
0 0.378125 0.353750 0.043750 0.042500