0 0.229375 0.650625 0.048750 0.051250
0 0.063750 0.836875 0.030000 0.031250
0 0.691250 0.132500 0.107500 0.115000
0 0.343750 0.462500 0.055000 0.057500
0 0.235625 0.449375 0.031250 0.031250
0 0.883750 0.618750 0.090000 0.090000
0 0.620625 0.564375 0.066250 0.066250
0 0.311250 0.861250 0.102500 0.090000
0 0.964375 0.233125 0.033750 0.041250
0 0.633750 0.911250 0.060000 0.075000
0 0.737500 0.521250 0.065000 0.065000
0 0.336250 0.680000 0.065000 0.065000
0 0.580625 0.693125 0.036250 0.036250
0 0.707500 0.421250 0.107500 0.107500
0 0.836875 0.766875 0.083750 0.083750
0 0.111250 0.632500 0.057500 0.057500
0 0.836875 0.316250 0.101250 0.097500
0 0.345000 0.363750 0.067500 0.055000
0 0.451250 0.603750 0.082500 0.082500
0 0.084375 0.206875 0.101250 0.101250
0 0.094375 0.413125 0.056250 0.056250
0 0.500625 0.083125 0.111250 0.111250
0 0.395000 0.205000 0.025000 0.025000
0 0.082500 0.753750 0.080000 0.080000
0 0.925625 0.765625 0.053750 0.053750
0 0.068750 0.526250 0.102500 0.102500
0 0.881875 0.456875 0.096250 0.131250
0 0.691875 0.692500 0.106250 0.145000
0 0.247500 0.247500 0.087500 0.120000
0 0.247500 0.531250 0.037500 0.027500
0 0.784375 0.900625 0.098750 0.091250
0 0.592500 0.103750 0.032500 0.030000
0 0.496250 0.918750 0.097500 0.090000
0 0.211250 0.880000 0.072500 0.067500
0 0.743750 0.330625 0.062500 0.058750
0 0.465625 0.750000 0.106250 0.100000
0 0.282500 0.086875 0.050000 0.046250
0 0.526875 0.479375 0.098750 0.098750
0 0.468750 0.361250 0.060000 0.060000
0 0.153125 0.376875 0.033750 0.033750
0 0.691250 0.222500 0.050000 0.050000
0 0.753750 0.039375 0.060000 0.053750
0 0.477500 0.207500 0.082500 0.082500
0 0.143125 0.078125 0.101250 0.101250
0 0.083125 0.934375 0.031250 0.031250
0 0.278750 0.750000 0.025000 0.025000
0 0.901250 0.203750 0.062500 0.062500
0 0.592500 0.058750 0.025000 0.027500
0 0.101250 0.298750 0.052500 0.057500
0 0.178125 0.562500 0.053750 0.052500
0 0.230000 0.036875 0.032500 0.031250
0 0.909375 0.059375 0.048750 0.048750
0 0.564375 0.319375 0.066250 0.066250
0 0.400625 0.133125 0.051250 0.051250
0 0.226875 0.380625 0.071250 0.056250
0 0.923750 0.875625 0.055000 0.043750
0 0.361875 0.276875 0.081250 0.081250
0 0.184375 0.458125 0.056250 0.056250
0 0.174375 0.788125 0.058750 0.058750
0 0.791250 0.661875 0.055000 0.053750
0 0.619375 0.818125 0.076250 0.046250
0 0.337500 0.611875 0.080000 0.048750
0 0.825625 0.241875 0.036250 0.036250