0 0.613750 0.080000 0.030000 0.030000
0 0.334375 0.048750 0.051250 0.050000
0 0.786250 0.880625 0.030000 0.028750
0 0.573750 0.406250 0.110000 0.107500
0 0.775625 0.720000 0.033750 0.032500
0 0.373125 0.280625 0.101250 0.098750
0 0.932500 0.570000 0.055000 0.055000
0 0.346250 0.876875 0.107500 0.106250
0 0.887500 0.688750 0.067500 0.065000
0 0.643125 0.720000 0.083750 0.065000
0 0.531250 0.110625 0.070000 0.053750
0 0.095625 0.669375 0.051250 0.051250
0 0.656875 0.281875 0.101250 0.101250
0 0.785625 0.539375 0.038750 0.038750
0 0.394375 0.441875 0.108750 0.108750
0 0.109375 0.346250 0.083750 0.050000
0 0.440625 0.660625 0.073750 0.043750
0 0.703125 0.535625 0.068750 0.041250
0 0.119375 0.462500 0.056250 0.050000
0 0.206875 0.591875 0.108750 0.096250
0 0.177500 0.922500 0.045000 0.040000
0 0.951250 0.157500 0.060000 0.047500
0 0.900625 0.268125 0.101250 0.101250
0 0.865000 0.101250 0.037500 0.037500
0 0.128125 0.813125 0.028750 0.028750
0 0.299375 0.543125 0.058750 0.058750
0 0.036250 0.838750 0.027500 0.027500
0 0.068125 0.071875 0.071250 0.071250
0 0.807500 0.227500 0.045000 0.045000
0 0.605000 0.828750 0.085000 0.085000
0 0.494375 0.296250 0.071250 0.085000
0 0.240625 0.846875 0.053750 0.058750
0 0.200625 0.756250 0.098750 0.107500
0 0.715625 0.876875 0.038750 0.038750
0 0.918125 0.503125 0.036250 0.036250
0 0.580000 0.907500 0.042500 0.042500
0 0.905000 0.812500 0.087500 0.087500
0 0.366250 0.775000 0.032500 0.032500
0 0.904375 0.378750 0.043750 0.042500
0 0.258750 0.176875 0.080000 0.078750
0 0.213750 0.096875 0.040000 0.038750
0 0.803750 0.372500 0.085000 0.085000
0 0.712500 0.387500 0.045000 0.045000
0 0.481875 0.888125 0.098750 0.098750
0 0.539375 0.615625 0.091250 0.091250
0 0.428750 0.776250 0.072500 0.072500
0 0.116250 0.733750 0.042500 0.042500
0 0.048125 0.266875 0.051250 0.051250
0 0.308125 0.655625 0.076250 0.076250
0 0.419375 0.066875 0.091250 0.091250
0 0.206875 0.399375 0.068750 0.068750
0 0.122500 0.283750 0.080000 0.055000
0 0.175000 0.208750 0.025000 0.025000
0 0.213750 0.323750 0.045000 0.045000
0 0.043125 0.184375 0.041250 0.041250
0 0.712500 0.056250 0.032500 0.032500
0 0.634375 0.159375 0.096250 0.096250
0 0.448125 0.210000 0.033750 0.035000
0 0.427500 0.358750 0.027500 0.027500
0 0.088125 0.565625 0.098750 0.098750
0 0.426250 0.572500 0.082500 0.082500
0 0.847500 0.911250 0.072500 0.072500
0 0.298125 0.444375 0.053750 0.053750
0 0.763750 0.823750 0.037500 0.037500
0 0.099375 0.915625 0.056250 0.076250
0 0.955625 0.942500 0.043750 0.045000
0 0.730000 0.635625 0.030000 0.031250
0 0.785000 0.135625 0.102500 0.106250
0 0.125625 0.178125 0.036250 0.036250
0 0.184375 0.164375 0.036250 0.038750
0 0.569375 0.539375 0.033750 0.038750
0 0.649375 0.635000 0.066250 0.065000
0 0.865000 0.040625 0.055000 0.053750
0 0.511250 0.793750 0.060000 0.057500
0 0.526875 0.186875 0.078750 0.076250
0 0.134375 0.121250 0.031250 0.030000
0 0.851875 0.568125 0.063750 0.068750
0 0.491250 0.440000 0.037500 0.037500
0 0.645000 0.933750 0.037500 0.037500
0 0.663750 0.039375 0.045000 0.041250
0 0.742500 0.941250 0.062500 0.057500
0 0.520625 0.535625 0.046250 0.046250
0 0.963750 0.057500 0.042500 0.047500
0 0.491250 0.368125 0.037500 0.041250
0 0.264375 0.919375 0.033750 0.028750
0 0.695000 0.806875 0.062500 0.053750
0 0.481875 0.708750 0.031250 0.027500
0 0.856875 0.465625 0.061250 0.068750