0 0.516250 0.622500 0.065000 0.065000
0 0.336250 0.156250 0.082500 0.082500
0 0.095625 0.563125 0.046250 0.046250
0 0.704375 0.665625 0.103750 0.098750
0 0.696875 0.160625 0.031250 0.028750
0 0.565625 0.512500 0.088750 0.052500
0 0.298125 0.241875 0.081250 0.048750
0 0.495625 0.185000 0.051250 0.030000
0 0.231250 0.087500 0.087500 0.052500
0 0.233125 0.846875 0.038750 0.038750
0 0.871875 0.786875 0.088750 0.088750
0 0.345000 0.357500 0.105000 0.105000
0 0.167500 0.448750 0.052500 0.052500
0 0.420000 0.600000 0.030000 0.030000
0 0.783750 0.281250 0.077500 0.077500
0 0.456250 0.291250 0.050000 0.050000
0 0.591250 0.097500 0.085000 0.085000
0 0.855625 0.153125 0.078750 0.078750
0 0.901875 0.578750 0.041250 0.040000
0 0.087500 0.038750 0.027500 0.027500
0 0.301875 0.804375 0.061250 0.061250
0 0.300625 0.588125 0.086250 0.086250
0 0.118750 0.175000 0.102500 0.100000
0 0.600000 0.305000 0.112500 0.110000
0 0.611875 0.392500 0.033750 0.032500
0 0.796875 0.508125 0.078750 0.076250
0 0.070625 0.655625 0.036250 0.036250
0 0.763750 0.058750 0.057500 0.037500
0 0.152500 0.303750 0.092500 0.092500
0 0.602500 0.797500 0.092500 0.092500
0 0.828750 0.392500 0.045000 0.045000
0 0.140000 0.761250 0.112500 0.112500
0 0.925625 0.405625 0.088750 0.088750
0 0.866250 0.648750 0.075000 0.075000
0 0.455625 0.836875 0.106250 0.106250
0 0.961250 0.537500 0.050000 0.062500
0 0.453125 0.393125 0.091250 0.113750
0 0.450000 0.538750 0.062500 0.075000
0 0.683125 0.498750 0.111250 0.135000
0 0.719375 0.853750 0.073750 0.060000
0 0.321875 0.659375 0.041250 0.041250
0 0.191875 0.655625 0.056250 0.058750
0 0.368750 0.736250 0.055000 0.055000
0 0.868750 0.916250 0.097500 0.097500
0 0.288750 0.461250 0.087500 0.087500
0 0.065000 0.456250 0.102500 0.102500
0 0.876875 0.306250 0.031250 0.030000
0 0.789375 0.773125 0.058750 0.056250
0 0.451875 0.076875 0.103750 0.101250
0 0.078125 0.891875 0.106250 0.106250
0 0.041250 0.152500 0.032500 0.032500