0 0.073125 0.444375 0.111250 0.111250
0 0.328750 0.656250 0.107500 0.107500
0 0.430625 0.800625 0.098750 0.098750
0 0.340625 0.769375 0.038750 0.038750
0 0.836250 0.442500 0.057500 0.057500
0 0.886875 0.330625 0.043750 0.043750
0 0.617500 0.911250 0.090000 0.090000
0 0.441250 0.158750 0.087500 0.087500
0 0.485000 0.692500 0.100000 0.100000
0 0.743750 0.938125 0.080000 0.063750
0 0.839375 0.645000 0.093750 0.075000
0 0.423750 0.405000 0.090000 0.072500
0 0.126250 0.793750 0.090000 0.072500
0 0.578125 0.297500 0.081250 0.092500
0 0.221250 0.456875 0.105000 0.073750
0 0.055000 0.609375 0.055000 0.038750
0 0.878125 0.098750 0.056250 0.040000
0 0.305625 0.122500 0.051250 0.057500
0 0.670625 0.205000 0.033750 0.037500
0 0.261250 0.910000 0.090000 0.102500
0 0.665000 0.547500 0.085000 0.085000
0 0.460625 0.513125 0.036250 0.036250
0 0.184375 0.699375 0.098750 0.098750
0 0.347500 0.523750 0.050000 0.050000
0 0.929375 0.754375 0.053750 0.053750
0 0.112500 0.234375 0.060000 0.071250
0 0.891250 0.518750 0.077500 0.077500
0 0.916875 0.246875 0.093750 0.093750
0 0.837500 0.817500 0.092500 0.085000
0 0.741250 0.813750 0.050000 0.045000
0 0.121250 0.916875 0.105000 0.096250
0 0.751875 0.161250 0.068750 0.067500
0 0.351250 0.268125 0.067500 0.066250
0 0.143125 0.090000 0.036250 0.035000
0 0.612500 0.110000 0.025000 0.027500
0 0.222500 0.147500 0.090000 0.090000
0 0.096875 0.698125 0.036250 0.033750
0 0.832500 0.727500 0.075000 0.075000
0 0.561875 0.590625 0.061250 0.043750
0 0.742500 0.371250 0.042500 0.030000
0 0.758750 0.719375 0.057500 0.041250
0 0.810000 0.268125 0.087500 0.063750
0 0.443125 0.908750 0.111250 0.095000
0 0.200000 0.231875 0.055000 0.031250
0 0.745625 0.060000 0.073750 0.090000
0 0.944375 0.921875 0.071250 0.086250
0 0.178750 0.561250 0.045000 0.055000
0 0.579375 0.440625 0.063750 0.063750
0 0.650625 0.714375 0.091250 0.091250
0 0.475625 0.291250 0.086250 0.097500
0 0.790625 0.519375 0.073750 0.071250
0 0.236250 0.338750 0.032500 0.032500
0 0.549375 0.152500 0.051250 0.057500
0 0.085000 0.337500 0.097500 0.077500
0 0.048125 0.550000 0.026250 0.020000
0 0.381875 0.039375 0.036250 0.028750
0 0.621250 0.826250 0.082500 0.065000
0 0.825625 0.180625 0.056250 0.056250
0 0.318750 0.403125 0.040000 0.048750
0 0.220000 0.805625 0.030000 0.036250
0 0.061875 0.070000 0.058750 0.057500
0 0.669375 0.073750 0.061250 0.095000
0 0.662500 0.428125 0.062500 0.096250
0 0.318125 0.045000 0.068750 0.055000