0 0.762500 0.209375 0.107500 0.131250
0 0.336875 0.879375 0.031250 0.031250
0 0.941875 0.161875 0.083750 0.083750
0 0.637500 0.662500 0.080000 0.082500
0 0.530625 0.559375 0.093750 0.093750
0 0.231250 0.628750 0.065000 0.065000
0 0.236875 0.129375 0.103750 0.103750
0 0.080625 0.150625 0.108750 0.108750
0 0.498125 0.434375 0.088750 0.046250
0 0.100625 0.804375 0.111250 0.058750
0 0.283125 0.411250 0.076250 0.040000
0 0.713125 0.490625 0.086250 0.086250
0 0.685625 0.818125 0.033750 0.033750
0 0.482500 0.772500 0.077500 0.075000
0 0.128125 0.643750 0.086250 0.107500
0 0.315625 0.556875 0.068750 0.068750
0 0.730625 0.340625 0.111250 0.111250
0 0.417500 0.151250 0.075000 0.030000
0 0.681875 0.750000 0.068750 0.027500
0 0.866875 0.603750 0.068750 0.027500
0 0.103750 0.725000 0.032500 0.032500
0 0.273125 0.256875 0.111250 0.111250
0 0.191250 0.918750 0.035000 0.035000
0 0.593125 0.071875 0.033750 0.033750
0 0.415000 0.896250 0.105000 0.105000
0 0.671250 0.875625 0.052500 0.056250
0 0.181250 0.451250 0.112500 0.112500
0 0.431250 0.536250 0.070000 0.070000
0 0.778125 0.061875 0.108750 0.088750
0 0.040000 0.925000 0.040000 0.040000
0 0.921875 0.504375 0.031250 0.031250
0 0.530000 0.333750 0.047500 0.047500
0 0.466250 0.343750 0.047500 0.047500
0 0.460625 0.670625 0.043750 0.043750
0 0.518125 0.069375 0.096250 0.096250
0 0.438750 0.281250 0.027500 0.027500
0 0.825625 0.353125 0.048750 0.048750
0 0.089375 0.331875 0.076250 0.076250
0 0.210625 0.039375 0.053750 0.053750
0 0.646875 0.181250 0.076250 0.070000
0 0.631875 0.402500 0.066250 0.065000
0 0.928125 0.931875 0.081250 0.081250
0 0.045625 0.648125 0.026250 0.026250
0 0.341875 0.743125 0.043750 0.043750
0 0.168750 0.222500 0.037500 0.037500
0 0.494375 0.943125 0.028750 0.026250
0 0.775625 0.718125 0.086250 0.081250
0 0.546250 0.195000 0.100000 0.095000
0 0.086250 0.437500 0.052500 0.050000
0 0.868125 0.288125 0.056250 0.056250
0 0.670625 0.050625 0.076250 0.076250
0 0.916250 0.708750 0.110000 0.110000
0 0.345000 0.641250 0.085000 0.085000
0 0.368125 0.445625 0.063750 0.063750
0 0.816250 0.868750 0.070000 0.070000
0 0.896250 0.835000 0.060000 0.060000
0 0.921875 0.421875 0.108750 0.108750
0 0.255000 0.741250 0.095000 0.095000
0 0.792500 0.935625 0.037500 0.033750
0 0.515000 0.877500 0.080000 0.080000
0 0.276875 0.870625 0.026250 0.026250
0 0.164375 0.310625 0.041250 0.041250
0 0.332500 0.063750 0.062500 0.062500
0 0.805625 0.453125 0.063750 0.063750
0 0.410000 0.793750 0.045000 0.045000
0 0.745000 0.792500 0.025000 0.025000
0 0.935000 0.321250 0.052500 0.052500
0 0.536875 0.654375 0.033750 0.033750
0 0.407500 0.033750 0.037500 0.037500
0 0.799375 0.610625 0.048750 0.048750