0 0.211250 0.043125 0.055000 0.041250
0 0.266250 0.376875 0.077500 0.058750
0 0.212500 0.946875 0.065000 0.048750
0 0.588750 0.472500 0.100000 0.100000
0 0.433125 0.620625 0.101250 0.101250
0 0.339375 0.475625 0.071250 0.071250
0 0.065000 0.552500 0.045000 0.045000
0 0.221875 0.768750 0.096250 0.080000
0 0.168125 0.378750 0.086250 0.085000
0 0.706875 0.159375 0.036250 0.036250
0 0.877500 0.261875 0.045000 0.033750
0 0.823750 0.677500 0.032500 0.025000
0 0.080625 0.736875 0.076250 0.066250
0 0.572500 0.721250 0.037500 0.037500
0 0.734375 0.675625 0.053750 0.053750
0 0.329375 0.588125 0.028750 0.028750
0 0.374375 0.896875 0.078750 0.078750
0 0.715000 0.877500 0.055000 0.055000
0 0.825000 0.082500 0.057500 0.057500
0 0.394375 0.066875 0.101250 0.101250
0 0.505625 0.916875 0.081250 0.081250
0 0.867500 0.442500 0.097500 0.097500
0 0.278750 0.192500 0.070000 0.070000
0 0.041875 0.828125 0.033750 0.028750
0 0.605000 0.281875 0.097500 0.098750
0 0.887500 0.353125 0.072500 0.051250
0 0.864375 0.198125 0.041250 0.046250
0 0.618750 0.184375 0.032500 0.036250
0 0.302500 0.667500 0.062500 0.062500
0 0.707500 0.582500 0.102500 0.102500
0 0.423750 0.805000 0.090000 0.087500
0 0.276875 0.299375 0.061250 0.053750
0 0.841875 0.762500 0.076250 0.067500
0 0.051875 0.506250 0.028750 0.027500
0 0.900625 0.072500 0.076250 0.077500
0 0.588125 0.576250 0.071250 0.072500
0 0.160000 0.694375 0.042500 0.051250
0 0.233125 0.495625 0.106250 0.106250
0 0.183750 0.125000 0.062500 0.062500
0 0.452500 0.481250 0.100000 0.137500
0 0.916875 0.863125 0.103750 0.103750
0 0.118125 0.039375 0.048750 0.048750
0 0.073125 0.355625 0.046250 0.046250
0 0.738125 0.239375 0.106250 0.106250
0 0.276875 0.880000 0.051250 0.060000
0 0.517500 0.075625 0.105000 0.123750
0 0.448750 0.251250 0.040000 0.037500
0 0.157500 0.863750 0.095000 0.095000
0 0.956875 0.555625 0.051250 0.051250
0 0.610000 0.813750 0.055000 0.055000
0 0.740000 0.322500 0.037500 0.037500
0 0.085000 0.228125 0.092500 0.153750
0 0.173125 0.235625 0.043750 0.063750
0 0.083125 0.668125 0.031250 0.041250
0 0.957500 0.763750 0.055000 0.042500
0 0.486875 0.380000 0.061250 0.047500
0 0.669375 0.065625 0.098750 0.076250
0 0.058125 0.079375 0.028750 0.031250
0 0.725000 0.761250 0.095000 0.092500
0 0.191250 0.616875 0.097500 0.078750
0 0.597500 0.926250 0.087500 0.087500
0 0.943750 0.625625 0.035000 0.041250
0 0.703125 0.406875 0.046250 0.053750
0 0.304375 0.931250 0.033750 0.025000
0 0.363125 0.355625 0.081250 0.081250
0 0.891250 0.588125 0.047500 0.058750
0 0.203750 0.301250 0.050000 0.050000
0 0.883750 0.683750 0.032500 0.032500