0 0.064375 0.189375 0.046250 0.046250
0 0.590000 0.931250 0.077500 0.077500
0 0.306250 0.422500 0.077500 0.077500
0 0.428125 0.580625 0.071250 0.071250
0 0.451875 0.291875 0.088750 0.088750
0 0.042500 0.706875 0.025000 0.023750
0 0.095625 0.572500 0.063750 0.060000
0 0.828125 0.627500 0.026250 0.025000
0 0.189375 0.745625 0.083750 0.078750
0 0.896875 0.920625 0.076250 0.076250
0 0.273750 0.315000 0.102500 0.102500
0 0.208125 0.109375 0.096250 0.073750
0 0.700000 0.053750 0.085000 0.080000
0 0.933125 0.213750 0.063750 0.060000
0 0.655000 0.633750 0.085000 0.080000
0 0.684375 0.221250 0.058750 0.055000
0 0.406875 0.928125 0.031250 0.031250
0 0.841875 0.121875 0.101250 0.123750
0 0.514375 0.793125 0.096250 0.096250
0 0.659375 0.303125 0.066250 0.066250
0 0.230000 0.188750 0.025000 0.025000
0 0.845000 0.467500 0.027500 0.027500
0 0.287500 0.511875 0.105000 0.076250
0 0.514375 0.933750 0.031250 0.030000
0 0.683125 0.431250 0.086250 0.085000
0 0.843750 0.273125 0.097500 0.111250
0 0.406875 0.744375 0.103750 0.118750
0 0.367500 0.178750 0.057500 0.065000
0 0.316875 0.900625 0.086250 0.098750
0 0.316250 0.073125 0.090000 0.108750
0 0.146875 0.853125 0.111250 0.111250
0 0.286250 0.721250 0.067500 0.067500
0 0.535625 0.650625 0.101250 0.101250
0 0.448125 0.088125 0.063750 0.063750
0 0.630000 0.778125 0.055000 0.056250
0 0.151250 0.356875 0.057500 0.058750
0 0.463750 0.462500 0.107500 0.095000
0 0.133750 0.479375 0.092500 0.081250
0 0.868125 0.389375 0.111250 0.098750
0 0.065625 0.758750 0.053750 0.045000
0 0.783750 0.921250 0.105000 0.105000
0 0.726875 0.747500 0.043750 0.040000
0 0.590000 0.533750 0.107500 0.100000
0 0.592500 0.233750 0.037500 0.040000
0 0.901250 0.690625 0.077500 0.083750
0 0.730000 0.541875 0.075000 0.083750
0 0.831250 0.759375 0.045000 0.031250
0 0.578750 0.433125 0.055000 0.038750
0 0.920625 0.803125 0.098750 0.068750
0 0.606250 0.836250 0.050000 0.035000
0 0.840000 0.552500 0.087500 0.087500
0 0.940625 0.088125 0.048750 0.048750
0 0.087500 0.061250 0.087500 0.087500
0 0.590000 0.083750 0.067500 0.067500
0 0.320000 0.817500 0.050000 0.050000
0 0.546250 0.201250 0.035000 0.035000
0 0.138125 0.280625 0.058750 0.058750
0 0.355000 0.343750 0.025000 0.025000
0 0.963750 0.501250 0.027500 0.027500