0 0.456875 0.590625 0.101250 0.086250
0 0.424375 0.485625 0.036250 0.031250
0 0.315625 0.569375 0.031250 0.031250
0 0.365000 0.067500 0.040000 0.040000
0 0.647500 0.238750 0.037500 0.037500
0 0.794375 0.903750 0.073750 0.067500
0 0.411250 0.380625 0.082500 0.076250
0 0.243750 0.196250 0.025000 0.025000
0 0.661875 0.643125 0.036250 0.036250
0 0.203125 0.555625 0.063750 0.063750
0 0.578750 0.295000 0.055000 0.055000
0 0.604375 0.460625 0.071250 0.071250
0 0.827500 0.792500 0.030000 0.030000
0 0.866875 0.724375 0.038750 0.038750
0 0.351250 0.733125 0.070000 0.071250
0 0.705625 0.834375 0.081250 0.081250
0 0.753750 0.199375 0.030000 0.033750
0 0.716250 0.090000 0.085000 0.090000
0 0.089375 0.483750 0.098750 0.087500
0 0.096875 0.203125 0.088750 0.088750
0 0.466250 0.086250 0.080000 0.080000
0 0.580000 0.715000 0.100000 0.100000
0 0.800000 0.575000 0.100000 0.100000
0 0.130625 0.934375 0.036250 0.023750
0 0.063125 0.327500 0.031250 0.020000
0 0.590000 0.105625 0.082500 0.053750
0 0.193750 0.937500 0.067500 0.070000
0 0.780625 0.791250 0.036250 0.037500
0 0.328750 0.274375 0.092500 0.096250
0 0.701875 0.733750 0.088750 0.092500
0 0.399375 0.866875 0.098750 0.098750
0 0.816875 0.430625 0.061250 0.061250
0 0.324375 0.666875 0.043750 0.031250
0 0.545625 0.047500 0.058750 0.042500
0 0.098125 0.838125 0.108750 0.108750
0 0.224375 0.085625 0.106250 0.106250
0 0.273125 0.396875 0.073750 0.073750
0 0.502500 0.901250 0.092500 0.092500
0 0.053750 0.675000 0.072500 0.072500
0 0.362500 0.143125 0.072500 0.081250
0 0.506250 0.482500 0.062500 0.062500
0 0.736875 0.349375 0.066250 0.053750
0 0.732500 0.406250 0.037500 0.030000
0 0.921250 0.205000 0.097500 0.105000
0 0.864375 0.058125 0.051250 0.033750
0 0.154375 0.728750 0.091250 0.085000
0 0.618750 0.551250 0.085000 0.085000
0 0.942500 0.692500 0.060000 0.060000
0 0.445625 0.729375 0.091250 0.091250
0 0.271250 0.737500 0.067500 0.067500
0 0.326875 0.496875 0.086250 0.086250
0 0.209375 0.286875 0.108750 0.108750
0 0.909375 0.335625 0.088750 0.088750
0 0.531250 0.814375 0.065000 0.066250
0 0.938750 0.818750 0.090000 0.077500
0 0.517500 0.388750 0.070000 0.070000
0 0.439375 0.228125 0.043750 0.043750
0 0.931250 0.606250 0.085000 0.085000
0 0.112500 0.096250 0.070000 0.070000
0 0.786875 0.496875 0.031250 0.031250
0 0.270000 0.853750 0.055000 0.055000
0 0.693750 0.507500 0.037500 0.037500
0 0.242500 0.500000 0.030000 0.030000
0 0.106250 0.402500 0.025000 0.025000
0 0.030000 0.402500 0.027500 0.027500
0 0.761250 0.250625 0.035000 0.033750
0 0.058750 0.596875 0.052500 0.051250
0 0.188750 0.195625 0.047500 0.046250
0 0.821250 0.213125 0.060000 0.058750
0 0.507500 0.289375 0.032500 0.058750
0 0.916250 0.483125 0.080000 0.146250
0 0.820000 0.724375 0.035000 0.063750
0 0.602500 0.218750 0.030000 0.030000
0 0.918750 0.920000 0.082500 0.082500
0 0.695000 0.958750 0.027500 0.027500
0 0.590000 0.932500 0.065000 0.065000
0 0.196250 0.817500 0.060000 0.060000
0 0.235625 0.628125 0.058750 0.058750
0 0.103125 0.275625 0.028750 0.028750
0 0.819375 0.300000 0.043750 0.060000
0 0.820000 0.127500 0.075000 0.072500