0 0.257500 0.692500 0.027500 0.027500
0 0.556875 0.426875 0.046250 0.038750
0 0.057500 0.436250 0.047500 0.040000
0 0.866875 0.585625 0.108750 0.091250
0 0.802500 0.478750 0.107500 0.107500
0 0.728125 0.203125 0.078750 0.078750
0 0.121250 0.323125 0.037500 0.041250
0 0.649375 0.629375 0.103750 0.116250
0 0.535625 0.886250 0.033750 0.037500
0 0.073750 0.188750 0.062500 0.067500
0 0.096875 0.658750 0.053750 0.035000
0 0.838125 0.675000 0.058750 0.060000
0 0.745625 0.932500 0.073750 0.075000
0 0.781250 0.625000 0.025000 0.025000
0 0.848125 0.196875 0.063750 0.063750
0 0.121875 0.816875 0.078750 0.078750
0 0.222500 0.510000 0.062500 0.062500
0 0.275625 0.739375 0.048750 0.048750
0 0.328125 0.255000 0.108750 0.105000
0 0.868125 0.785625 0.086250 0.076250
0 0.524375 0.281875 0.066250 0.066250
0 0.491250 0.056875 0.042500 0.031250
0 0.578125 0.813125 0.091250 0.091250
0 0.184375 0.253125 0.066250 0.066250
0 0.684375 0.390625 0.051250 0.051250
0 0.920000 0.100000 0.110000 0.110000
0 0.468125 0.134375 0.101250 0.101250
0 0.736250 0.772500 0.075000 0.075000
0 0.345000 0.833125 0.062500 0.046250
0 0.398125 0.688750 0.111250 0.082500
0 0.373750 0.930000 0.105000 0.077500
0 0.666875 0.949375 0.028750 0.021250
0 0.953750 0.708750 0.050000 0.050000
0 0.188750 0.722500 0.050000 0.050000
0 0.631875 0.171875 0.068750 0.068750
0 0.366250 0.507500 0.107500 0.107500
0 0.179375 0.096875 0.101250 0.093750
0 0.434375 0.311875 0.058750 0.053750
0 0.872500 0.301250 0.105000 0.122500
0 0.666250 0.448750 0.060000 0.032500
0 0.144375 0.946250 0.051250 0.027500
0 0.242500 0.245625 0.030000 0.016250
0 0.647500 0.895000 0.072500 0.052500
0 0.733125 0.116250 0.061250 0.057500
0 0.541250 0.578750 0.085000 0.085000
0 0.236250 0.806250 0.057500 0.057500
0 0.410000 0.391250 0.060000 0.060000
0 0.118750 0.533750 0.095000 0.095000
0 0.274375 0.094375 0.061250 0.061250
0 0.634375 0.246875 0.038750 0.038750
0 0.901250 0.907500 0.040000 0.040000
0 0.078750 0.085625 0.062500 0.081250
0 0.084375 0.743125 0.033750 0.033750
0 0.961250 0.603750 0.037500 0.037500
0 0.040000 0.780625 0.040000 0.031250
0 0.285000 0.616250 0.092500 0.092500
0 0.762500 0.290000 0.065000 0.065000
0 0.498750 0.777500 0.045000 0.045000
0 0.444375 0.758125 0.041250 0.041250
0 0.224375 0.329375 0.051250 0.051250
0 0.052500 0.336250 0.025000 0.025000
0 0.444375 0.598125 0.043750 0.043750
0 0.282500 0.925000 0.050000 0.052500
0 0.055000 0.877500 0.027500 0.027500
0 0.707500 0.515000 0.065000 0.065000
0 0.268750 0.391250 0.052500 0.052500
0 0.351875 0.118125 0.073750 0.073750
0 0.058125 0.275625 0.046250 0.046250
0 0.186250 0.422500 0.080000 0.080000
0 0.040625 0.555000 0.028750 0.027500
0 0.278125 0.866250 0.026250 0.025000
0 0.967500 0.786250 0.037500 0.035000
0 0.568125 0.066875 0.078750 0.076250
0 0.562500 0.363750 0.072500 0.070000
0 0.468750 0.471250 0.062500 0.062500
0 0.948750 0.203750 0.057500 0.057500
0 0.412500 0.836250 0.025000 0.025000
0 0.640000 0.106875 0.037500 0.033750
0 0.110625 0.268750 0.043750 0.040000
0 0.630625 0.518125 0.058750 0.071250
0 0.916875 0.453750 0.096250 0.117500