0 0.137500 0.717500 0.077500 0.077500
0 0.657500 0.415000 0.092500 0.092500
0 0.832500 0.141250 0.057500 0.057500
0 0.869375 0.333125 0.076250 0.076250
0 0.050625 0.196875 0.028750 0.028750
0 0.459375 0.830625 0.098750 0.098750
0 0.147500 0.183750 0.090000 0.107500
0 0.784375 0.271875 0.051250 0.051250
0 0.069375 0.795625 0.041250 0.041250
0 0.365000 0.205000 0.102500 0.102500
0 0.299375 0.403125 0.106250 0.106250
0 0.105000 0.913750 0.052500 0.052500
0 0.643750 0.583750 0.112500 0.120000
0 0.869375 0.483750 0.056250 0.057500
0 0.882500 0.716875 0.105000 0.106250
0 0.960000 0.373750 0.050000 0.050000
0 0.630625 0.778125 0.081250 0.081250
0 0.456250 0.450000 0.070000 0.070000
0 0.133750 0.630000 0.080000 0.080000
0 0.224375 0.883125 0.098750 0.098750
0 0.627500 0.897500 0.045000 0.042500
0 0.171875 0.410000 0.083750 0.080000
0 0.717500 0.766250 0.047500 0.047500
0 0.097500 0.258125 0.025000 0.018750
0 0.335625 0.506875 0.051250 0.051250
0 0.520625 0.666875 0.103750 0.103750
0 0.276875 0.661875 0.078750 0.078750
0 0.368125 0.714375 0.068750 0.068750
0 0.685625 0.129375 0.051250 0.051250
0 0.701875 0.246250 0.053750 0.052500
0 0.364375 0.947500 0.036250 0.035000
0 0.782500 0.532500 0.080000 0.080000
0 0.635000 0.693750 0.060000 0.060000
0 0.571250 0.101250 0.067500 0.067500
0 0.894375 0.915000 0.043750 0.035000
0 0.592500 0.334375 0.032500 0.026250
0 0.444375 0.344375 0.096250 0.078750
0 0.500625 0.187500 0.101250 0.082500
0 0.270000 0.778125 0.070000 0.096250
0 0.520625 0.543125 0.061250 0.083750
0 0.373125 0.878750 0.043750 0.060000
0 0.245625 0.245625 0.076250 0.076250
0 0.750000 0.045000 0.045000 0.045000
0 0.945625 0.051875 0.073750 0.073750
0 0.116875 0.525625 0.078750 0.078750
0 0.407500 0.541250 0.045000 0.045000
0 0.101875 0.345625 0.028750 0.028750
0 0.820625 0.794375 0.028750 0.028750
0 0.907500 0.591250 0.102500 0.102500
0 0.296875 0.083125 0.091250 0.091250
0 0.387500 0.277500 0.027500 0.027500
0 0.753750 0.871250 0.080000 0.080000
0 0.246250 0.585000 0.052500 0.052500
0 0.316250 0.891250 0.032500 0.032500