0 0.375000 0.507500 0.042500 0.042500
0 0.715625 0.330625 0.071250 0.071250
0 0.495000 0.200625 0.040000 0.031250
0 0.417500 0.339375 0.037500 0.028750
0 0.878750 0.368125 0.112500 0.088750
0 0.753750 0.573750 0.097500 0.077500
0 0.155000 0.598750 0.027500 0.027500
0 0.345000 0.660000 0.097500 0.097500
0 0.588750 0.168750 0.035000 0.035000
0 0.168125 0.169375 0.026250 0.026250
0 0.739375 0.844375 0.098750 0.098750
0 0.075000 0.790000 0.045000 0.045000
0 0.930625 0.590000 0.111250 0.157500
0 0.811875 0.143750 0.058750 0.082500
0 0.512500 0.355000 0.077500 0.085000
0 0.867500 0.253750 0.105000 0.115000
0 0.199375 0.490000 0.068750 0.075000
0 0.436875 0.878750 0.093750 0.135000
0 0.282500 0.368750 0.107500 0.107500
0 0.621875 0.589375 0.063750 0.063750
0 0.673750 0.456875 0.080000 0.081250
0 0.828125 0.703125 0.053750 0.063750
0 0.612500 0.080000 0.105000 0.125000
0 0.312500 0.888750 0.045000 0.052500
0 0.860000 0.843750 0.105000 0.105000
0 0.180625 0.726875 0.096250 0.096250
0 0.083125 0.718125 0.081250 0.081250
0 0.568750 0.852500 0.080000 0.080000
0 0.099375 0.463125 0.078750 0.078750
0 0.764375 0.445000 0.083750 0.067500
0 0.420625 0.386875 0.043750 0.046250
0 0.173125 0.243750 0.098750 0.105000
0 0.521875 0.481875 0.111250 0.143750
0 0.275000 0.141875 0.090000 0.116250
0 0.356875 0.173125 0.036250 0.046250
0 0.555000 0.771250 0.060000 0.060000
0 0.290000 0.776250 0.085000 0.085000
0 0.613125 0.283125 0.098750 0.098750
0 0.030000 0.872500 0.030000 0.030000
0 0.438750 0.687500 0.030000 0.027500
0 0.073125 0.210000 0.073750 0.087500
0 0.742500 0.248125 0.052500 0.051250
0 0.107500 0.922500 0.105000 0.102500
0 0.890000 0.121250 0.065000 0.062500
0 0.529375 0.666875 0.058750 0.051250
0 0.655000 0.727500 0.112500 0.080000
0 0.420000 0.051875 0.072500 0.051250
0 0.223125 0.889375 0.068750 0.068750
0 0.710000 0.646250 0.025000 0.025000
0 0.315000 0.508750 0.047500 0.075000
0 0.054375 0.565000 0.058750 0.092500
0 0.145625 0.049375 0.056250 0.056250
0 0.100625 0.360625 0.086250 0.086250
0 0.373125 0.268125 0.071250 0.071250
0 0.911875 0.435625 0.031250 0.031250
0 0.442500 0.787500 0.025000 0.025000
0 0.261250 0.045625 0.047500 0.048750
0 0.037500 0.442500 0.030000 0.030000
0 0.475625 0.256875 0.038750 0.038750
0 0.647500 0.801250 0.050000 0.050000
0 0.935625 0.734375 0.066250 0.066250
0 0.929375 0.044375 0.056250 0.056250
0 0.188125 0.118125 0.056250 0.056250
0 0.448125 0.137500 0.073750 0.070000
0 0.691875 0.930625 0.048750 0.046250
0 0.061250 0.118750 0.055000 0.052500
0 0.296250 0.233750 0.045000 0.042500
0 0.207500 0.824375 0.045000 0.031250
0 0.045000 0.286875 0.035000 0.033750
0 0.956250 0.891250 0.052500 0.052500
0 0.725000 0.200000 0.027500 0.027500
0 0.893750 0.932500 0.052500 0.057500
0 0.751875 0.933125 0.031250 0.031250
0 0.218125 0.578125 0.078750 0.078750