0 0.529375 0.588125 0.096250 0.096250
0 0.116250 0.847500 0.067500 0.067500
0 0.638750 0.697500 0.077500 0.077500
0 0.770000 0.585000 0.052500 0.052500
0 0.265625 0.910625 0.036250 0.036250
0 0.272500 0.765000 0.055000 0.055000
0 0.906250 0.370000 0.070000 0.070000
0 0.176875 0.669375 0.093750 0.093750
0 0.760000 0.892500 0.075000 0.072500
0 0.320625 0.226875 0.058750 0.056250
0 0.558125 0.399375 0.088750 0.103750
0 0.883750 0.604375 0.077500 0.091250
0 0.610000 0.775625 0.037500 0.043750
0 0.486875 0.699375 0.053750 0.053750
0 0.180625 0.538125 0.096250 0.096250
0 0.584375 0.211875 0.078750 0.078750
0 0.425625 0.936875 0.068750 0.066250
0 0.050625 0.453750 0.033750 0.032500
0 0.200000 0.203750 0.112500 0.110000
0 0.909375 0.265625 0.093750 0.093750
0 0.635000 0.327500 0.025000 0.025000
0 0.856875 0.795625 0.086250 0.086250
0 0.421875 0.794375 0.056250 0.056250
0 0.689375 0.123125 0.106250 0.106250
0 0.936250 0.445000 0.037500 0.037500
0 0.840000 0.512500 0.032500 0.032500
0 0.536250 0.515000 0.027500 0.027500
0 0.263750 0.403750 0.107500 0.107500
0 0.763750 0.308750 0.102500 0.102500
0 0.062500 0.584375 0.025000 0.031250
0 0.412500 0.361250 0.050000 0.050000
0 0.648125 0.576875 0.111250 0.111250
0 0.072500 0.690000 0.100000 0.100000
0 0.802500 0.071250 0.095000 0.095000
0 0.381250 0.711250 0.072500 0.072500
0 0.148750 0.403750 0.040000 0.040000
0 0.416250 0.180000 0.112500 0.112500
0 0.351875 0.541875 0.078750 0.078750
0 0.076875 0.093125 0.098750 0.073750
0 0.706250 0.404375 0.092500 0.068750
0 0.235625 0.086875 0.101250 0.081250
0 0.633750 0.905000 0.107500 0.107500
0 0.702500 0.782500 0.050000 0.050000
0 0.341250 0.417500 0.030000 0.030000
0 0.913125 0.089375 0.108750 0.108750
0 0.898125 0.881875 0.051250 0.051250
0 0.081250 0.306250 0.092500 0.092500
0 0.545625 0.111875 0.106250 0.106250
0 0.281250 0.675000 0.080000 0.080000
0 0.348750 0.806250 0.047500 0.047500
0 0.673750 0.227500 0.047500 0.065000
0 0.456875 0.065625 0.053750 0.073750
0 0.803125 0.178750 0.071250 0.097500
0 0.810000 0.445000 0.055000 0.075000