0 0.396875 0.711875 0.078750 0.078750
0 0.852500 0.158750 0.092500 0.092500
0 0.838125 0.563125 0.103750 0.103750
0 0.064375 0.349375 0.053750 0.053750
0 0.128125 0.496875 0.091250 0.091250
0 0.502500 0.102500 0.045000 0.045000
0 0.342500 0.172500 0.025000 0.025000
0 0.878750 0.356250 0.047500 0.047500
0 0.890000 0.478750 0.045000 0.045000
0 0.281250 0.431875 0.082500 0.066250
0 0.168750 0.906875 0.112500 0.091250
0 0.566875 0.635625 0.038750 0.031250
0 0.951875 0.755625 0.051250 0.048750
0 0.821875 0.761875 0.048750 0.046250
0 0.193750 0.160625 0.065000 0.061250
0 0.310000 0.735000 0.045000 0.042500
0 0.530625 0.405625 0.091250 0.091250
0 0.730625 0.406875 0.111250 0.111250
0 0.641875 0.161875 0.051250 0.051250
0 0.360625 0.560625 0.111250 0.111250
0 0.071250 0.101250 0.060000 0.060000
0 0.158125 0.606875 0.108750 0.108750
0 0.525000 0.194375 0.047500 0.038750
0 0.593750 0.918750 0.095000 0.077500
0 0.376875 0.454375 0.093750 0.076250
0 0.705000 0.596875 0.105000 0.143750
0 0.633125 0.251875 0.043750 0.043750
0 0.300625 0.326875 0.056250 0.056250
0 0.842500 0.261250 0.072500 0.072500
0 0.147500 0.070000 0.050000 0.047500
0 0.110000 0.826250 0.037500 0.035000
0 0.928125 0.261250 0.071250 0.067500
0 0.575000 0.812500 0.112500 0.112500
0 0.823125 0.850625 0.081250 0.081250
0 0.213750 0.345000 0.087500 0.087500
0 0.582500 0.555000 0.087500 0.087500
0 0.472500 0.852500 0.065000 0.065000
0 0.720625 0.246875 0.086250 0.086250
0 0.350625 0.246875 0.081250 0.081250
0 0.731250 0.086250 0.077500 0.075000
0 0.440625 0.333125 0.058750 0.063750
0 0.081875 0.927500 0.038750 0.042500
0 0.250000 0.614375 0.025000 0.026250
0 0.227500 0.768125 0.090000 0.116250
0 0.283750 0.094375 0.095000 0.083750
0 0.033750 0.510625 0.025000 0.021250
0 0.721250 0.865000 0.092500 0.092500
0 0.591250 0.071250 0.090000 0.090000
0 0.422500 0.942500 0.047500 0.037500
0 0.342500 0.848750 0.100000 0.080000
0 0.063750 0.281250 0.062500 0.062500
0 0.043125 0.849375 0.026250 0.026250
0 0.694375 0.741875 0.063750 0.063750
0 0.943750 0.181250 0.067500 0.055000
0 0.954375 0.525625 0.051250 0.041250
0 0.831250 0.664375 0.102500 0.083750
0 0.851875 0.077500 0.036250 0.037500
0 0.535625 0.289375 0.096250 0.096250
0 0.070625 0.748125 0.096250 0.096250
0 0.056875 0.616875 0.076250 0.076250
0 0.411250 0.171875 0.065000 0.051250
0 0.408750 0.071875 0.080000 0.063750
0 0.058125 0.185625 0.091250 0.091250
0 0.638750 0.398750 0.030000 0.030000