0 0.112500 0.530000 0.075000 0.075000
0 0.808125 0.488125 0.046250 0.061250
0 0.378125 0.479375 0.053750 0.061250
0 0.770625 0.806250 0.041250 0.047500
0 0.420625 0.149375 0.033750 0.031250
0 0.713750 0.256250 0.112500 0.107500
0 0.843750 0.060625 0.087500 0.083750
0 0.303750 0.222500 0.025000 0.017500
0 0.219375 0.668125 0.093750 0.093750
0 0.593125 0.883750 0.111250 0.112500
0 0.311250 0.894375 0.112500 0.113750
0 0.908750 0.491250 0.037500 0.037500
0 0.628125 0.445625 0.083750 0.083750
0 0.342500 0.710000 0.102500 0.102500
0 0.588125 0.298125 0.051250 0.051250
0 0.710625 0.120625 0.086250 0.086250
0 0.850625 0.258125 0.058750 0.056250
0 0.211250 0.542500 0.100000 0.100000
0 0.290000 0.571250 0.032500 0.032500
0 0.070625 0.151875 0.111250 0.111250
0 0.198125 0.929375 0.051250 0.051250
0 0.192500 0.846250 0.065000 0.065000
0 0.322500 0.075000 0.055000 0.055000
0 0.875625 0.393750 0.108750 0.107500
0 0.028750 0.275625 0.032500 0.031250
0 0.767500 0.894375 0.082500 0.081250
0 0.571250 0.596875 0.025000 0.023750
0 0.570625 0.056875 0.051250 0.051250
0 0.164375 0.383125 0.053750 0.053750
0 0.196875 0.228125 0.061250 0.061250
0 0.475000 0.267500 0.030000 0.030000
0 0.678750 0.660000 0.072500 0.072500
0 0.593750 0.213750 0.085000 0.085000
0 0.944375 0.204375 0.046250 0.046250
0 0.706250 0.786250 0.067500 0.060000
0 0.487500 0.094375 0.067500 0.071250
0 0.526250 0.441875 0.100000 0.108750
0 0.538750 0.733125 0.110000 0.118750
0 0.728750 0.475000 0.060000 0.065000
0 0.249375 0.424375 0.086250 0.086250
0 0.878125 0.650625 0.108750 0.108750
0 0.378125 0.584375 0.078750 0.078750
0 0.631250 0.776250 0.042500 0.042500
0 0.931250 0.288750 0.075000 0.075000
0 0.263750 0.126250 0.045000 0.050000
0 0.400000 0.294375 0.102500 0.113750
0 0.320000 0.180000 0.047500 0.047500
0 0.831875 0.755625 0.056250 0.056250
0 0.488125 0.558125 0.093750 0.093750
0 0.058125 0.754375 0.053750 0.053750
0 0.876875 0.928125 0.088750 0.088750
0 0.463750 0.898750 0.102500 0.102500
0 0.642500 0.540000 0.077500 0.077500
0 0.613750 0.125000 0.070000 0.070000
0 0.526250 0.167500 0.035000 0.035000
0 0.107500 0.617500 0.080000 0.080000
0 0.090000 0.870000 0.097500 0.097500
0 0.058750 0.387500 0.077500 0.075000
0 0.894375 0.173750 0.031250 0.030000
0 0.821250 0.161250 0.075000 0.072500
0 0.935625 0.769375 0.036250 0.051250
0 0.694375 0.922500 0.038750 0.055000
0 0.145625 0.308125 0.073750 0.073750
0 0.744375 0.375625 0.061250 0.061250
0 0.147500 0.760000 0.060000 0.075000