0 0.401250 0.595625 0.025000 0.023750
0 0.167500 0.274375 0.102500 0.098750
0 0.891250 0.456875 0.077500 0.061250
0 0.187500 0.593750 0.030000 0.030000
0 0.905625 0.894375 0.111250 0.111250
0 0.908750 0.800000 0.040000 0.040000
0 0.651250 0.464375 0.092500 0.076250
0 0.348750 0.376250 0.025000 0.022500
0 0.065000 0.085000 0.037500 0.037500
0 0.528750 0.442500 0.100000 0.100000
0 0.542500 0.726250 0.090000 0.090000
0 0.864375 0.621875 0.076250 0.076250
0 0.623750 0.066250 0.090000 0.090000
0 0.346875 0.883750 0.111250 0.112500
0 0.539375 0.251875 0.098750 0.098750
0 0.835625 0.211875 0.073750 0.073750
0 0.670000 0.224375 0.052500 0.046250
0 0.928750 0.110000 0.062500 0.055000
0 0.127500 0.665625 0.112500 0.098750
0 0.315000 0.216250 0.057500 0.050000
0 0.102500 0.861250 0.095000 0.095000
0 0.046875 0.236875 0.068750 0.068750
0 0.906875 0.298125 0.033750 0.033750
0 0.424375 0.105625 0.091250 0.031250
0 0.138750 0.470000 0.037500 0.037500
0 0.465000 0.868750 0.107500 0.107500
0 0.786250 0.738750 0.037500 0.037500
0 0.203750 0.901250 0.087500 0.077500
0 0.873125 0.521875 0.048750 0.048750
0 0.788750 0.922500 0.050000 0.050000
0 0.565625 0.593125 0.083750 0.083750
0 0.306875 0.571875 0.081250 0.081250
0 0.720625 0.706875 0.053750 0.053750
0 0.402500 0.216875 0.097500 0.121250
0 0.645625 0.724375 0.073750 0.071250
0 0.395000 0.368750 0.037500 0.037500
0 0.079375 0.168125 0.111250 0.038750
0 0.342500 0.038750 0.030000 0.010000
0 0.152500 0.043125 0.112500 0.038750
0 0.878750 0.689375 0.112500 0.038750
0 0.822500 0.100000 0.110000 0.110000
0 0.246250 0.456250 0.112500 0.112500
0 0.243125 0.800625 0.076250 0.076250
0 0.948750 0.295000 0.025000 0.025000
0 0.736250 0.405000 0.032500 0.032500
0 0.187500 0.112500 0.082500 0.082500
0 0.670625 0.311875 0.076250 0.076250
0 0.801250 0.458750 0.037500 0.037500
0 0.590000 0.345000 0.030000 0.030000
0 0.040625 0.475625 0.031250 0.031250
0 0.086250 0.308750 0.045000 0.045000
0 0.428125 0.498125 0.033750 0.033750
0 0.760625 0.618125 0.101250 0.101250
0 0.273125 0.692500 0.068750 0.062500
0 0.807500 0.355000 0.062500 0.062500
0 0.890625 0.749375 0.028750 0.028750
0 0.523750 0.077500 0.090000 0.090000
0 0.706875 0.901875 0.048750 0.048750
0 0.436875 0.309375 0.043750 0.043750
0 0.738750 0.497500 0.052500 0.057500
0 0.420000 0.715000 0.095000 0.090000
0 0.063125 0.546250 0.066250 0.062500
0 0.104375 0.421875 0.036250 0.033750
0 0.876875 0.393125 0.028750 0.026250
0 0.165625 0.415625 0.028750 0.031250