0 0.171875 0.061875 0.083750 0.083750
0 0.340625 0.356875 0.101250 0.093750
0 0.289375 0.578750 0.096250 0.090000
0 0.370625 0.758750 0.093750 0.087500
0 0.263125 0.036250 0.043750 0.040000
0 0.203125 0.800625 0.103750 0.103750
0 0.745000 0.351875 0.047500 0.043750
0 0.570625 0.740000 0.076250 0.070000
0 0.080000 0.100625 0.050000 0.046250
0 0.521875 0.167500 0.073750 0.067500
0 0.635000 0.881250 0.082500 0.082500
0 0.119375 0.447500 0.111250 0.112500
0 0.871875 0.451875 0.058750 0.058750
0 0.250625 0.248125 0.081250 0.081250
0 0.293125 0.096875 0.033750 0.033750
0 0.099375 0.340625 0.041250 0.041250
0 0.430000 0.045000 0.042500 0.042500
0 0.386875 0.888125 0.073750 0.073750
0 0.763750 0.857500 0.027500 0.027500
0 0.881250 0.648750 0.050000 0.050000
0 0.630000 0.285000 0.107500 0.107500
0 0.505625 0.854375 0.026250 0.026250
0 0.605625 0.398125 0.058750 0.058750
0 0.697500 0.706250 0.090000 0.090000
0 0.828750 0.130000 0.107500 0.107500
0 0.501250 0.507500 0.070000 0.070000
0 0.661250 0.430000 0.030000 0.030000
0 0.630625 0.176875 0.078750 0.091250
0 0.598750 0.557500 0.097500 0.097500
0 0.163750 0.900000 0.065000 0.065000
0 0.773125 0.616875 0.068750 0.068750
0 0.171875 0.640625 0.091250 0.091250
0 0.078750 0.758750 0.092500 0.092500
0 0.513750 0.279375 0.082500 0.083750
0 0.303750 0.466250 0.052500 0.052500
0 0.055000 0.251250 0.067500 0.067500
0 0.835000 0.931875 0.092500 0.081250
0 0.442500 0.437500 0.055000 0.055000
0 0.616875 0.031875 0.028750 0.028750
0 0.087500 0.168750 0.050000 0.050000
0 0.814375 0.270625 0.103750 0.103750
0 0.952500 0.273750 0.062500 0.062500
0 0.953125 0.595625 0.058750 0.041250
0 0.739375 0.479375 0.111250 0.111250
0 0.441875 0.663125 0.073750 0.073750
0 0.507500 0.947500 0.052500 0.052500
0 0.393750 0.141250 0.042500 0.042500
0 0.830625 0.771875 0.053750 0.053750
0 0.045625 0.529375 0.033750 0.033750
0 0.451250 0.198750 0.050000 0.050000
0 0.895625 0.374375 0.071250 0.071250
0 0.873125 0.580000 0.081250 0.052500
0 0.850625 0.706875 0.056250 0.036250
0 0.509375 0.377500 0.061250 0.050000
0 0.061875 0.634375 0.081250 0.081250
0 0.818750 0.383750 0.062500 0.062500
0 0.902500 0.853750 0.025000 0.025000
0 0.683750 0.046250 0.067500 0.067500
0 0.060625 0.877500 0.076250 0.092500
0 0.385000 0.216875 0.065000 0.078750
0 0.161875 0.311250 0.053750 0.065000
0 0.508125 0.064375 0.091250 0.091250
0 0.103125 0.050625 0.033750 0.033750
0 0.205625 0.392500 0.038750 0.050000
0 0.946875 0.672500 0.061250 0.057500
0 0.198125 0.145625 0.046250 0.046250
0 0.725000 0.148750 0.055000 0.055000
0 0.736875 0.798125 0.063750 0.063750
0 0.948125 0.906875 0.048750 0.048750
0 0.150000 0.220000 0.060000 0.057500
0 0.386875 0.576875 0.083750 0.083750
0 0.560000 0.801250 0.037500 0.037500
0 0.450625 0.855625 0.038750 0.038750
0 0.257500 0.161250 0.047500 0.047500
0 0.883750 0.040625 0.030000 0.033750
0 0.225000 0.491875 0.057500 0.066250
0 0.610625 0.681250 0.026250 0.030000
0 0.435625 0.301875 0.056250 0.056250
0 0.951250 0.178750 0.070000 0.070000
0 0.958750 0.795000 0.052500 0.052500
0 0.949375 0.479375 0.071250 0.066250
0 0.037500 0.052500 0.025000 0.022500
0 0.954375 0.052500 0.053750 0.050000
0 0.720000 0.268750 0.057500 0.057500
0 0.526250 0.641875 0.045000 0.053750
0 0.717500 0.891875 0.045000 0.053750
0 0.276875 0.668125 0.081250 0.073750
0 0.592500 0.461250 0.057500 0.052500
0 0.430000 0.494375 0.032500 0.028750
0 0.256875 0.328750 0.028750 0.027500
0 0.240000 0.952500 0.037500 0.037500
0 0.693125 0.618125 0.061250 0.051250
0 0.085000 0.526250 0.030000 0.030000