0 0.716875 0.562500 0.081250 0.097500
0 0.518125 0.589375 0.036250 0.036250
0 0.191250 0.891875 0.085000 0.086250
0 0.246875 0.749375 0.083750 0.091250
0 0.619375 0.056250 0.036250 0.040000
0 0.639375 0.825000 0.108750 0.120000
0 0.373125 0.331875 0.098750 0.108750
0 0.855000 0.261875 0.052500 0.056250
0 0.283125 0.895625 0.073750 0.078750
0 0.586250 0.517500 0.045000 0.047500
0 0.731250 0.732500 0.050000 0.050000
0 0.719375 0.658125 0.033750 0.033750
0 0.776875 0.334375 0.028750 0.028750
0 0.604375 0.161250 0.056250 0.055000
0 0.680625 0.118125 0.033750 0.033750
0 0.103750 0.341250 0.025000 0.025000
0 0.707500 0.260000 0.092500 0.110000
0 0.048750 0.939375 0.052500 0.061250
0 0.202500 0.323125 0.050000 0.058750
0 0.133750 0.711875 0.047500 0.056250
0 0.367500 0.090000 0.075000 0.075000
0 0.403125 0.726875 0.043750 0.043750
0 0.613750 0.698750 0.102500 0.102500
0 0.962500 0.770000 0.032500 0.032500
0 0.180000 0.488750 0.102500 0.102500
0 0.966250 0.602500 0.030000 0.030000
0 0.574375 0.360625 0.086250 0.096250
0 0.855625 0.913125 0.061250 0.068750
0 0.456875 0.831250 0.111250 0.125000
0 0.245625 0.655625 0.058750 0.058750
0 0.370000 0.450000 0.092500 0.092500
0 0.583750 0.938750 0.067500 0.070000
0 0.900000 0.419375 0.027500 0.028750
0 0.509375 0.264375 0.073750 0.076250
0 0.478125 0.513125 0.081250 0.081250
0 0.353750 0.210000 0.080000 0.080000
0 0.622500 0.590000 0.042500 0.042500
0 0.845625 0.183125 0.056250 0.056250
0 0.070000 0.386250 0.032500 0.032500
0 0.481250 0.361875 0.032500 0.026250
0 0.151875 0.126250 0.108750 0.102500
0 0.163750 0.631250 0.047500 0.047500
0 0.253750 0.205000 0.070000 0.070000
0 0.707500 0.377500 0.040000 0.040000
0 0.847500 0.736875 0.060000 0.053750
0 0.935000 0.921250 0.075000 0.075000
0 0.065000 0.647500 0.055000 0.055000
0 0.694375 0.056875 0.026250 0.026250
0 0.975000 0.730000 0.025000 0.025000
0 0.545000 0.073750 0.097500 0.097500
0 0.968750 0.496250 0.030000 0.030000
0 0.943750 0.278750 0.085000 0.085000
0 0.483750 0.705000 0.090000 0.090000
0 0.115000 0.231250 0.045000 0.047500
0 0.474375 0.162500 0.048750 0.040000
0 0.085625 0.778750 0.071250 0.057500
0 0.950625 0.375000 0.033750 0.027500
0 0.304375 0.575625 0.106250 0.086250
0 0.850000 0.814375 0.072500 0.058750
0 0.395625 0.944375 0.073750 0.058750
0 0.349375 0.783750 0.053750 0.042500
0 0.808750 0.390000 0.067500 0.065000
0 0.885000 0.046250 0.067500 0.067500
0 0.274375 0.118125 0.073750 0.073750
0 0.805625 0.472500 0.073750 0.062500
0 0.133125 0.400625 0.046250 0.046250
0 0.914375 0.693125 0.041250 0.041250
0 0.068125 0.510000 0.058750 0.060000
0 0.748125 0.861875 0.063750 0.063750
0 0.727500 0.943750 0.060000 0.060000
0 0.786875 0.059375 0.076250 0.076250
0 0.446250 0.613750 0.025000 0.025000
0 0.817500 0.651250 0.050000 0.050000
0 0.866250 0.590000 0.047500 0.047500
0 0.738750 0.155000 0.062500 0.062500
0 0.557500 0.582500 0.025000 0.025000
0 0.051875 0.448125 0.031250 0.031250
0 0.270000 0.462500 0.050000 0.050000
0 0.283125 0.310000 0.066250 0.062500