0 0.631250 0.377500 0.045000 0.045000
0 0.155000 0.460000 0.082500 0.082500
0 0.386875 0.958125 0.031250 0.031250
0 0.251875 0.684375 0.066250 0.058750
0 0.717500 0.497500 0.105000 0.095000
0 0.890000 0.698750 0.100000 0.090000
0 0.721875 0.918125 0.111250 0.101250
0 0.080000 0.789375 0.060000 0.058750
0 0.863125 0.866250 0.053750 0.052500
0 0.516875 0.161250 0.068750 0.075000
0 0.078750 0.288125 0.112500 0.123750
0 0.451875 0.531875 0.111250 0.121250
0 0.693125 0.370625 0.038750 0.038750
0 0.325000 0.356250 0.097500 0.097500
0 0.800625 0.704375 0.038750 0.038750
0 0.583125 0.270625 0.031250 0.031250
0 0.608750 0.616250 0.042500 0.042500
0 0.743125 0.093125 0.058750 0.058750
0 0.479375 0.315625 0.088750 0.088750
0 0.335000 0.110000 0.047500 0.047500
0 0.929375 0.218125 0.078750 0.078750
0 0.728125 0.601875 0.078750 0.078750
0 0.067500 0.122500 0.100000 0.100000
0 0.462500 0.055000 0.062500 0.062500
0 0.557500 0.917500 0.102500 0.102500
0 0.104375 0.843125 0.028750 0.028750
0 0.373750 0.837500 0.095000 0.095000
0 0.726250 0.702500 0.025000 0.025000
0 0.630000 0.201250 0.092500 0.092500
0 0.223125 0.791875 0.088750 0.088750
0 0.805000 0.262500 0.040000 0.040000
0 0.285000 0.546250 0.060000 0.060000
0 0.813750 0.351250 0.102500 0.102500
0 0.150000 0.391875 0.040000 0.038750
0 0.283750 0.605625 0.045000 0.036250
0 0.485000 0.801250 0.085000 0.085000
0 0.315000 0.717500 0.042500 0.042500
0 0.590625 0.766875 0.098750 0.118750
0 0.931875 0.348750 0.078750 0.095000
0 0.788750 0.780000 0.085000 0.085000
0 0.894375 0.461875 0.098750 0.098750
0 0.085000 0.625000 0.102500 0.117500
0 0.575000 0.543750 0.067500 0.067500
0 0.208750 0.147500 0.087500 0.087500
0 0.853750 0.556250 0.062500 0.062500
0 0.109375 0.924375 0.098750 0.098750
0 0.473750 0.676250 0.110000 0.090000
0 0.436250 0.423750 0.092500 0.075000
0 0.883125 0.778125 0.036250 0.028750
0 0.350000 0.238125 0.080000 0.073750