0 0.285625 0.198125 0.033750 0.033750
0 0.440000 0.545000 0.027500 0.027500
0 0.926875 0.451875 0.028750 0.028750
0 0.061250 0.197500 0.055000 0.055000
0 0.574375 0.880625 0.078750 0.076250
0 0.579375 0.624375 0.083750 0.081250
0 0.423125 0.449375 0.071250 0.068750
0 0.583125 0.288125 0.083750 0.083750
0 0.835625 0.443125 0.036250 0.036250
0 0.920625 0.676250 0.073750 0.072500
0 0.271250 0.496875 0.030000 0.028750
0 0.538750 0.181875 0.055000 0.053750
0 0.729375 0.663750 0.083750 0.082500
0 0.317500 0.877500 0.072500 0.072500
0 0.742500 0.845000 0.050000 0.050000
0 0.286875 0.578750 0.028750 0.015000
0 0.718125 0.122500 0.083750 0.087500
0 0.301250 0.336875 0.047500 0.056250
0 0.663750 0.783750 0.077500 0.092500
0 0.825625 0.535625 0.066250 0.078750
0 0.165000 0.896875 0.087500 0.103750
0 0.831250 0.831875 0.037500 0.023750
0 0.315000 0.413750 0.095000 0.062500
0 0.280625 0.660000 0.111250 0.072500
0 0.439375 0.681875 0.031250 0.031250
0 0.512500 0.366250 0.050000 0.050000
0 0.727500 0.560625 0.077500 0.078750
0 0.068125 0.615000 0.083750 0.085000
0 0.877500 0.059375 0.087500 0.091250
0 0.130625 0.121250 0.081250 0.050000
0 0.175000 0.771250 0.047500 0.047500
0 0.660000 0.408750 0.055000 0.060000
0 0.444375 0.611875 0.078750 0.078750
0 0.164375 0.705625 0.041250 0.041250
0 0.372500 0.124375 0.080000 0.073750
0 0.410000 0.272500 0.025000 0.025000
0 0.813750 0.315000 0.092500 0.092500
0 0.525000 0.781250 0.110000 0.062500
0 0.745625 0.032500 0.071250 0.040000
0 0.434375 0.890000 0.106250 0.060000
0 0.933125 0.952500 0.058750 0.032500
0 0.480000 0.080625 0.112500 0.096250
0 0.916250 0.361875 0.075000 0.063750
0 0.175000 0.543750 0.082500 0.070000
0 0.920625 0.171875 0.036250 0.036250
0 0.134375 0.311875 0.058750 0.058750
0 0.943750 0.250000 0.047500 0.047500
0 0.136250 0.033750 0.040000 0.040000
0 0.053125 0.841875 0.058750 0.058750
0 0.940625 0.798125 0.031250 0.031250
0 0.230625 0.115625 0.098750 0.098750
0 0.315000 0.262500 0.077500 0.077500