0 0.677500 0.605000 0.072500 0.072500
0 0.788125 0.114375 0.091250 0.091250
0 0.090625 0.895625 0.066250 0.066250
0 0.628125 0.279375 0.098750 0.098750
0 0.522500 0.396250 0.025000 0.025000
0 0.283750 0.805625 0.037500 0.038750
0 0.486875 0.623750 0.068750 0.065000
0 0.103750 0.302500 0.032500 0.030000
0 0.581250 0.821875 0.080000 0.076250
0 0.446250 0.774375 0.097500 0.083750
0 0.458750 0.951875 0.045000 0.038750
0 0.660000 0.463750 0.105000 0.090000
0 0.649375 0.711250 0.058750 0.050000
0 0.598750 0.635000 0.040000 0.022500
0 0.448125 0.405000 0.108750 0.087500
0 0.918750 0.813125 0.092500 0.126250
0 0.096875 0.433125 0.051250 0.073750
0 0.112500 0.170625 0.027500 0.038750
0 0.323750 0.681250 0.095000 0.137500
0 0.600000 0.761875 0.047500 0.026250
0 0.883750 0.528750 0.102500 0.102500
0 0.172500 0.416250 0.032500 0.032500
0 0.673750 0.143750 0.082500 0.082500
0 0.353125 0.523125 0.081250 0.088750
0 0.157500 0.625000 0.107500 0.117500
0 0.111875 0.770625 0.081250 0.088750
0 0.408750 0.286875 0.110000 0.121250
0 0.736250 0.267500 0.087500 0.087500
0 0.778125 0.875625 0.046250 0.046250
0 0.793750 0.710000 0.097500 0.097500
0 0.840000 0.353750 0.062500 0.062500
0 0.681875 0.038125 0.051250 0.051250
0 0.393750 0.092500 0.087500 0.087500
0 0.854375 0.950000 0.056250 0.050000
0 0.899375 0.219375 0.066250 0.058750
0 0.196875 0.901250 0.098750 0.087500
0 0.226250 0.136250 0.092500 0.087500
0 0.503750 0.901250 0.047500 0.047500
0 0.565625 0.188125 0.041250 0.041250
0 0.896875 0.711875 0.053750 0.053750
0 0.291875 0.900000 0.051250 0.052500
0 0.065625 0.688750 0.051250 0.052500
0 0.507500 0.041250 0.052500 0.052500
0 0.253750 0.421250 0.062500 0.062500
0 0.054375 0.605625 0.076250 0.076250
0 0.251250 0.233750 0.090000 0.090000
0 0.914375 0.086875 0.051250 0.051250
0 0.760000 0.347500 0.050000 0.050000
0 0.966875 0.569375 0.026250 0.033750
0 0.651250 0.350625 0.025000 0.023750
0 0.527500 0.501250 0.065000 0.062500
0 0.766875 0.431250 0.033750 0.032500
0 0.265625 0.320625 0.068750 0.066250
0 0.475000 0.145625 0.052500 0.051250
0 0.275625 0.048750 0.076250 0.065000
0 0.414375 0.883125 0.073750 0.073750
0 0.678125 0.916875 0.058750 0.058750
0 0.061250 0.513750 0.045000 0.045000
0 0.034375 0.206875 0.038750 0.038750
0 0.443125 0.528125 0.061250 0.061250
0 0.060000 0.102500 0.082500 0.082500
0 0.518750 0.270000 0.025000 0.025000
0 0.944375 0.351875 0.068750 0.068750
0 0.603750 0.546875 0.052500 0.043750
0 0.773750 0.545000 0.102500 0.085000
0 0.741875 0.956875 0.043750 0.036250
0 0.137500 0.105000 0.057500 0.050000
0 0.690625 0.829375 0.108750 0.096250
0 0.930000 0.435000 0.112500 0.065000