0 0.275000 0.263750 0.105000 0.105000
0 0.948125 0.473125 0.053750 0.053750
0 0.697500 0.282500 0.105000 0.105000
0 0.924375 0.927500 0.026250 0.025000
0 0.398750 0.102500 0.067500 0.057500
0 0.143125 0.093125 0.101250 0.088750
0 0.642500 0.582500 0.110000 0.097500
0 0.605625 0.877500 0.076250 0.067500
0 0.421250 0.396250 0.092500 0.092500
0 0.357500 0.630000 0.110000 0.110000
0 0.819375 0.049375 0.066250 0.066250
0 0.912500 0.782500 0.112500 0.112500
0 0.232500 0.576250 0.085000 0.085000
0 0.625000 0.083750 0.072500 0.072500
0 0.375000 0.817500 0.100000 0.100000
0 0.238750 0.112500 0.057500 0.055000
0 0.570000 0.292500 0.080000 0.077500
0 0.734375 0.588750 0.038750 0.037500
0 0.814375 0.680625 0.076250 0.073750
0 0.096875 0.245000 0.081250 0.075000
0 0.540625 0.635625 0.036250 0.033750
0 0.671250 0.671250 0.032500 0.032500
0 0.043750 0.710000 0.042500 0.042500
0 0.599375 0.669375 0.058750 0.058750
0 0.481875 0.578125 0.028750 0.028750
0 0.174375 0.666875 0.058750 0.058750
0 0.493125 0.914375 0.056250 0.056250
0 0.132500 0.453750 0.067500 0.067500
0 0.308750 0.087500 0.050000 0.050000
0 0.897500 0.648750 0.062500 0.062500
0 0.071250 0.838125 0.092500 0.088750
0 0.913125 0.129375 0.051250 0.048750
0 0.806875 0.140000 0.091250 0.087500
0 0.821875 0.897500 0.086250 0.082500
0 0.770625 0.511875 0.073750 0.073750
0 0.521875 0.720625 0.081250 0.081250
0 0.311250 0.496250 0.032500 0.032500
0 0.051250 0.326250 0.067500 0.067500
0 0.138125 0.170625 0.048750 0.048750
0 0.945625 0.061250 0.048750 0.035000
0 0.666250 0.777500 0.055000 0.040000
0 0.916875 0.265000 0.068750 0.050000
0 0.867500 0.388750 0.082500 0.060000
0 0.137500 0.506875 0.027500 0.021250
0 0.185625 0.920625 0.108750 0.083750
0 0.450625 0.195000 0.091250 0.070000
0 0.363750 0.032500 0.030000 0.022500
0 0.579375 0.469375 0.091250 0.091250
0 0.255000 0.750000 0.080000 0.080000
0 0.061875 0.561875 0.096250 0.096250
0 0.672500 0.386250 0.055000 0.055000
0 0.376875 0.929375 0.083750 0.083750
0 0.223125 0.423125 0.091250 0.091250
0 0.720000 0.075000 0.050000 0.050000
0 0.422500 0.292500 0.097500 0.090000
0 0.950000 0.880625 0.042500 0.038750
0 0.803750 0.788750 0.045000 0.057500
0 0.519375 0.841875 0.053750 0.068750
0 0.123125 0.373750 0.058750 0.075000
0 0.867500 0.508750 0.037500 0.047500
0 0.736875 0.369375 0.026250 0.023750
0 0.680000 0.860000 0.037500 0.060000
0 0.130000 0.307500 0.042500 0.030000
0 0.781875 0.568125 0.031250 0.021250
0 0.524375 0.098125 0.101250 0.071250
0 0.470000 0.484375 0.045000 0.031250
0 0.221250 0.503750 0.040000 0.040000
0 0.040625 0.759375 0.026250 0.026250
0 0.761250 0.431250 0.060000 0.060000
0 0.390000 0.498750 0.070000 0.070000
0 0.573125 0.368750 0.053750 0.042500
0 0.884375 0.446875 0.033750 0.033750
0 0.623125 0.180625 0.063750 0.063750
0 0.829375 0.305000 0.053750 0.055000
0 0.063125 0.456875 0.026250 0.026250
0 0.047500 0.050625 0.060000 0.061250
0 0.145625 0.598125 0.056250 0.056250
0 0.421250 0.725000 0.060000 0.060000