0 0.573750 0.768750 0.045000 0.035000
0 0.171250 0.941250 0.082500 0.057500
0 0.255000 0.681250 0.067500 0.047500
0 0.483750 0.280000 0.072500 0.072500
0 0.293750 0.823750 0.072500 0.072500
0 0.427500 0.426875 0.092500 0.088750
0 0.646875 0.458125 0.058750 0.058750
0 0.678750 0.053750 0.075000 0.075000
0 0.510000 0.916250 0.042500 0.050000
0 0.496250 0.125625 0.082500 0.096250
0 0.320625 0.121875 0.098750 0.116250
0 0.554375 0.370000 0.051250 0.050000
0 0.292500 0.376250 0.030000 0.027500
0 0.439375 0.569375 0.078750 0.076250
0 0.786875 0.915625 0.061250 0.041250
0 0.936250 0.255625 0.065000 0.043750
0 0.217500 0.062500 0.025000 0.025000
0 0.198750 0.383750 0.095000 0.122500
0 0.230000 0.561875 0.110000 0.141250
0 0.244375 0.278125 0.058750 0.058750
0 0.571875 0.499375 0.041250 0.041250
0 0.795000 0.346875 0.097500 0.088750
0 0.608750 0.257500 0.057500 0.055000
0 0.104375 0.515625 0.068750 0.066250
0 0.150625 0.687500 0.031250 0.030000
0 0.730625 0.720625 0.096250 0.096250
0 0.390000 0.237500 0.040000 0.040000
0 0.821875 0.225625 0.063750 0.063750
0 0.638750 0.696250 0.037500 0.037500
0 0.651250 0.902500 0.065000 0.065000
0 0.937500 0.447500 0.095000 0.095000
0 0.725000 0.558750 0.042500 0.042500
0 0.850000 0.713750 0.110000 0.110000
0 0.115625 0.124375 0.101250 0.101250
0 0.092500 0.878750 0.057500 0.057500
0 0.351875 0.926875 0.026250 0.026250
0 0.416250 0.703750 0.070000 0.070000
0 0.706875 0.153125 0.073750 0.083750
0 0.888750 0.069375 0.082500 0.093750
0 0.427500 0.871875 0.107500 0.121250
0 0.823750 0.493750 0.107500 0.102500
0 0.061875 0.294375 0.071250 0.086250
0 0.098750 0.391250 0.072500 0.087500
0 0.621250 0.608750 0.082500 0.100000
0 0.908125 0.839375 0.086250 0.113750
0 0.785000 0.121250 0.067500 0.067500
0 0.189375 0.025625 0.033750 0.026250
0 0.216875 0.142500 0.081250 0.080000
0 0.414375 0.161250 0.066250 0.065000
0 0.198750 0.775625 0.097500 0.096250