0 0.663750 0.877500 0.095000 0.095000
0 0.586250 0.590000 0.107500 0.107500
0 0.237500 0.687500 0.032500 0.032500
0 0.255625 0.596875 0.091250 0.091250
0 0.541250 0.393750 0.052500 0.060000
0 0.426875 0.269375 0.038750 0.043750
0 0.136250 0.598750 0.040000 0.045000
0 0.581875 0.288750 0.063750 0.072500
0 0.765625 0.679375 0.038750 0.038750
0 0.847500 0.888750 0.107500 0.080000
0 0.938750 0.366875 0.082500 0.061250
0 0.151250 0.170000 0.067500 0.050000
0 0.180625 0.291875 0.028750 0.026250
0 0.375000 0.120000 0.035000 0.032500
0 0.376250 0.938750 0.037500 0.035000
0 0.833750 0.050000 0.060000 0.060000
0 0.784375 0.464375 0.103750 0.103750
0 0.318750 0.765000 0.030000 0.030000
0 0.627500 0.730000 0.090000 0.090000
0 0.388750 0.676250 0.057500 0.057500
0 0.886875 0.246250 0.106250 0.115000
0 0.072500 0.296875 0.107500 0.116250
0 0.551875 0.151875 0.063750 0.068750
0 0.430000 0.878750 0.065000 0.070000
0 0.457500 0.125000 0.030000 0.030000
0 0.290000 0.072500 0.025000 0.025000
0 0.965625 0.948125 0.031250 0.031250
0 0.065000 0.406250 0.060000 0.060000
0 0.778125 0.596875 0.028750 0.028750
0 0.660000 0.235000 0.077500 0.077500
0 0.225000 0.766250 0.095000 0.095000
0 0.366250 0.326250 0.047500 0.047500
0 0.930000 0.567500 0.105000 0.105000
0 0.671875 0.446875 0.068750 0.068750
0 0.685625 0.335625 0.093750 0.093750
0 0.034375 0.519375 0.031250 0.031250
0 0.852500 0.715000 0.097500 0.097500
0 0.353750 0.468750 0.100000 0.100000
0 0.752500 0.061250 0.087500 0.087500
0 0.470625 0.166875 0.031250 0.031250
0 0.475000 0.505000 0.025000 0.025000
0 0.254375 0.365625 0.048750 0.048750
0 0.754375 0.158125 0.053750 0.053750
0 0.705625 0.626250 0.056250 0.055000
0 0.253750 0.215000 0.112500 0.095000
0 0.129375 0.494375 0.088750 0.088750
0 0.035000 0.881250 0.025000 0.025000
0 0.532500 0.955000 0.025000 0.025000
0 0.238125 0.486875 0.096250 0.096250
0 0.396875 0.198125 0.028750 0.028750
0 0.773750 0.374375 0.037500 0.041250
0 0.393125 0.792500 0.078750 0.087500
0 0.887500 0.450000 0.032500 0.035000
0 0.055000 0.081875 0.080000 0.088750
0 0.460625 0.691875 0.026250 0.026250
0 0.723125 0.568125 0.033750 0.033750
0 0.585625 0.485625 0.048750 0.048750
0 0.552500 0.756250 0.045000 0.045000
0 0.067500 0.812500 0.092500 0.092500
0 0.143125 0.729375 0.026250 0.026250
0 0.514375 0.249375 0.036250 0.036250
0 0.174375 0.929375 0.098750 0.091250
0 0.791250 0.273750 0.040000 0.040000
0 0.551875 0.860625 0.066250 0.066250
0 0.917500 0.087500 0.082500 0.082500
0 0.153125 0.080625 0.086250 0.086250
0 0.178125 0.388125 0.071250 0.071250
0 0.639375 0.946875 0.026250 0.026250
0 0.468125 0.412500 0.066250 0.100000
0 0.386250 0.581250 0.097500 0.087500
0 0.353125 0.203750 0.026250 0.022500
0 0.273750 0.930000 0.072500 0.065000
0 0.723125 0.260625 0.033750 0.033750
0 0.836875 0.562500 0.058750 0.057500
0 0.756250 0.925000 0.025000 0.025000