0 0.790000 0.200625 0.097500 0.116250
0 0.190625 0.752500 0.093750 0.072500
0 0.366250 0.107500 0.102500 0.090000
0 0.110625 0.712500 0.046250 0.040000
0 0.601875 0.173750 0.046250 0.040000
0 0.233125 0.841875 0.083750 0.073750
0 0.235000 0.635000 0.055000 0.055000
0 0.417500 0.635000 0.110000 0.110000
0 0.505625 0.143125 0.043750 0.043750
0 0.914375 0.205625 0.078750 0.078750
0 0.481250 0.530000 0.032500 0.032500
0 0.480000 0.881250 0.075000 0.075000
0 0.691250 0.507500 0.112500 0.112500
0 0.350000 0.520000 0.085000 0.085000
0 0.742500 0.635000 0.077500 0.047500
0 0.879375 0.060625 0.026250 0.016250
0 0.428125 0.488125 0.031250 0.018750
0 0.500625 0.396875 0.063750 0.038750
0 0.868125 0.361250 0.076250 0.057500
0 0.670625 0.633125 0.048750 0.036250
0 0.733750 0.398125 0.055000 0.041250
0 0.378750 0.353125 0.095000 0.048750
0 0.816250 0.895625 0.100000 0.051250
0 0.809375 0.567500 0.091250 0.047500
0 0.218750 0.061250 0.025000 0.025000
0 0.603750 0.821250 0.075000 0.075000
0 0.281250 0.263750 0.112500 0.112500
0 0.323125 0.795625 0.068750 0.068750
0 0.811875 0.715625 0.026250 0.026250
0 0.753125 0.775625 0.051250 0.051250
0 0.895000 0.765000 0.087500 0.087500
0 0.565625 0.468125 0.086250 0.086250
0 0.930625 0.660625 0.066250 0.066250
0 0.414375 0.268125 0.046250 0.046250
0 0.103750 0.351250 0.100000 0.100000
0 0.478125 0.221875 0.053750 0.053750
0 0.962500 0.123750 0.032500 0.032500
0 0.124375 0.189375 0.098750 0.098750
0 0.082500 0.477500 0.065000 0.065000
0 0.130625 0.613125 0.106250 0.113750
0 0.070000 0.791250 0.100000 0.100000
0 0.533125 0.718125 0.088750 0.088750
0 0.603750 0.608750 0.037500 0.037500
0 0.259375 0.374375 0.076250 0.076250
0 0.754375 0.695625 0.041250 0.041250
0 0.065000 0.908750 0.085000 0.060000
0 0.876250 0.447500 0.095000 0.067500
0 0.757500 0.953750 0.060000 0.042500
0 0.631250 0.708750 0.072500 0.072500
0 0.691250 0.136250 0.077500 0.077500
0 0.066250 0.068750 0.087500 0.087500
0 0.171250 0.931250 0.087500 0.087500
0 0.171250 0.036875 0.035000 0.031250
0 0.375000 0.895625 0.067500 0.061250
0 0.575000 0.268125 0.065000 0.058750
0 0.692500 0.290625 0.080000 0.073750
0 0.906250 0.558125 0.082500 0.076250
0 0.588125 0.097500 0.088750 0.082500
0 0.195000 0.466875 0.092500 0.086250
0 0.783750 0.087500 0.065000 0.060000
0 0.411875 0.437500 0.046250 0.042500
0 0.422500 0.765000 0.110000 0.102500
0 0.922500 0.912500 0.072500 0.085000
0 0.645000 0.925000 0.077500 0.062500
0 0.522500 0.592500 0.075000 0.075000
0 0.898750 0.121250 0.042500 0.042500
0 0.791250 0.441875 0.042500 0.031250
0 0.330000 0.450625 0.050000 0.028750
0 0.832500 0.680000 0.040000 0.022500
0 0.485000 0.047500 0.057500 0.057500
0 0.145000 0.106250 0.032500 0.032500
0 0.306875 0.675625 0.073750 0.073750
0 0.606875 0.548125 0.038750 0.038750
0 0.428750 0.032500 0.037500 0.037500
0 0.663125 0.041875 0.046250 0.051250
0 0.822500 0.830000 0.037500 0.037500
0 0.648750 0.377500 0.067500 0.067500