0 0.461875 0.763125 0.081250 0.081250
0 0.241250 0.871250 0.067500 0.067500
0 0.435000 0.877500 0.095000 0.095000
0 0.206875 0.212500 0.031250 0.037500
0 0.305625 0.116250 0.111250 0.135000
0 0.498125 0.363750 0.096250 0.117500
0 0.801875 0.046875 0.043750 0.043750
0 0.772500 0.460000 0.062500 0.062500
0 0.665000 0.691250 0.070000 0.070000
0 0.347500 0.326250 0.085000 0.085000
0 0.824375 0.091875 0.026250 0.026250
0 0.125000 0.805000 0.077500 0.077500
0 0.945000 0.292500 0.050000 0.050000
0 0.826875 0.229375 0.028750 0.028750
0 0.578125 0.713125 0.061250 0.061250
0 0.789375 0.183125 0.036250 0.036250
0 0.625000 0.401250 0.027500 0.027500
0 0.663750 0.883750 0.067500 0.067500
0 0.615625 0.125625 0.056250 0.056250
0 0.691875 0.121875 0.068750 0.068750
0 0.810625 0.295625 0.078750 0.078750
0 0.384375 0.399375 0.036250 0.036250
0 0.152500 0.165000 0.040000 0.040000
0 0.463750 0.653750 0.062500 0.062500
0 0.598125 0.600625 0.051250 0.051250
0 0.853750 0.418750 0.060000 0.112500
0 0.366250 0.596875 0.087500 0.163750
0 0.543750 0.895000 0.050000 0.050000
0 0.705625 0.218125 0.033750 0.033750
0 0.061875 0.889375 0.056250 0.056250
0 0.222500 0.308750 0.075000 0.075000
0 0.062500 0.568750 0.085000 0.085000
0 0.566875 0.500000 0.103750 0.102500
0 0.721875 0.408125 0.026250 0.021250
0 0.708125 0.567500 0.056250 0.045000
0 0.151875 0.056875 0.041250 0.043750
0 0.906250 0.613750 0.032500 0.032500
0 0.220625 0.454375 0.028750 0.028750
0 0.551250 0.793750 0.075000 0.075000
0 0.679375 0.311875 0.071250 0.071250
0 0.898750 0.203750 0.060000 0.060000
0 0.937500 0.090625 0.092500 0.101250
0 0.499375 0.249375 0.083750 0.071250
0 0.058125 0.224375 0.026250 0.026250
0 0.334375 0.453125 0.056250 0.056250
0 0.681250 0.771875 0.095000 0.071250
0 0.861250 0.713125 0.102500 0.076250
0 0.247500 0.720625 0.092500 0.068750
0 0.042500 0.400625 0.052500 0.038750
0 0.072500 0.305000 0.082500 0.067500
0 0.147500 0.683125 0.070000 0.061250
0 0.120000 0.475000 0.032500 0.032500
0 0.961250 0.840000 0.047500 0.047500
0 0.208750 0.535000 0.030000 0.030000
0 0.390625 0.711875 0.036250 0.036250
0 0.779375 0.381875 0.066250 0.066250