0 0.948125 0.857500 0.028750 0.022500
0 0.511250 0.303750 0.070000 0.070000
0 0.265000 0.643125 0.025000 0.028750
0 0.420625 0.042500 0.028750 0.032500
0 0.967500 0.636250 0.032500 0.032500
0 0.895625 0.108750 0.076250 0.060000
0 0.875000 0.337500 0.042500 0.035000
0 0.491250 0.646250 0.080000 0.080000
0 0.642500 0.295000 0.090000 0.090000
0 0.396250 0.472500 0.040000 0.040000
0 0.318125 0.119375 0.106250 0.113750
0 0.128125 0.071875 0.076250 0.076250
0 0.133750 0.232500 0.030000 0.030000
0 0.235000 0.357500 0.052500 0.052500
0 0.289375 0.238125 0.093750 0.093750
0 0.611875 0.775625 0.063750 0.063750
0 0.735000 0.140000 0.107500 0.120000
0 0.854375 0.881250 0.096250 0.107500
0 0.369375 0.808125 0.066250 0.073750
0 0.666875 0.683750 0.066250 0.080000
0 0.886250 0.555000 0.105000 0.127500
0 0.618750 0.131250 0.057500 0.057500
0 0.060625 0.921250 0.038750 0.037500
0 0.188125 0.821875 0.108750 0.108750
0 0.201250 0.200000 0.032500 0.032500
0 0.114375 0.313125 0.098750 0.098750
0 0.819375 0.710625 0.051250 0.051250
0 0.480625 0.410625 0.096250 0.096250
0 0.678750 0.460000 0.027500 0.025000
0 0.452500 0.125000 0.102500 0.102500
0 0.603125 0.460625 0.108750 0.078750
0 0.591875 0.912500 0.098750 0.080000
0 0.193125 0.479375 0.058750 0.058750
0 0.358125 0.577500 0.111250 0.090000
0 0.383750 0.325625 0.075000 0.073750
0 0.495625 0.878750 0.071250 0.070000
0 0.735625 0.862500 0.108750 0.107500
0 0.955000 0.901875 0.060000 0.048750
0 0.495625 0.791250 0.073750 0.060000
0 0.740000 0.366250 0.080000 0.065000
0 0.367500 0.898125 0.072500 0.058750
0 0.125000 0.622500 0.102500 0.125000