0 0.609375 0.782500 0.063750 0.075000
0 0.845000 0.651250 0.087500 0.102500
0 0.343750 0.228750 0.027500 0.027500
0 0.372500 0.295000 0.087500 0.087500
0 0.628125 0.134375 0.106250 0.106250
0 0.757500 0.585000 0.040000 0.040000
0 0.395000 0.871875 0.095000 0.138750
0 0.828750 0.354375 0.085000 0.123750
0 0.155625 0.674375 0.086250 0.126250
0 0.429375 0.657500 0.088750 0.130000
0 0.157500 0.125000 0.072500 0.072500
0 0.079375 0.773125 0.031250 0.031250
0 0.605625 0.306875 0.088750 0.088750
0 0.131250 0.221250 0.100000 0.100000
0 0.443125 0.444375 0.061250 0.061250
0 0.709375 0.416875 0.076250 0.076250
0 0.486875 0.928125 0.041250 0.041250
0 0.259375 0.196875 0.051250 0.051250
0 0.279375 0.315625 0.061250 0.061250
0 0.681250 0.823750 0.050000 0.050000
0 0.235000 0.613750 0.045000 0.045000
0 0.054375 0.528125 0.053750 0.053750
0 0.515000 0.533750 0.092500 0.092500
0 0.285625 0.811250 0.031250 0.032500
0 0.638125 0.598125 0.073750 0.076250
0 0.946875 0.572500 0.043750 0.042500
0 0.162500 0.533125 0.035000 0.033750
0 0.674375 0.695625 0.081250 0.078750
0 0.631250 0.926875 0.025000 0.023750
0 0.255625 0.704375 0.078750 0.078750
0 0.239375 0.378125 0.036250 0.036250
0 0.889375 0.230625 0.108750 0.108750
0 0.155000 0.406250 0.085000 0.085000
0 0.755000 0.502500 0.052500 0.052500
0 0.746250 0.910000 0.107500 0.107500
0 0.890625 0.793125 0.101250 0.101250
0 0.223125 0.506250 0.038750 0.035000
0 0.073750 0.698125 0.062500 0.056250
0 0.822500 0.115625 0.082500 0.073750
0 0.751875 0.811250 0.058750 0.052500
0 0.853750 0.507500 0.082500 0.082500
0 0.463125 0.173125 0.063750 0.063750
0 0.177500 0.845000 0.052500 0.052500
0 0.241875 0.858125 0.041250 0.041250
0 0.575625 0.858125 0.046250 0.046250
0 0.533125 0.402500 0.031250 0.037500
0 0.389375 0.055000 0.048750 0.057500
0 0.340000 0.100625 0.035000 0.041250
0 0.625000 0.400000 0.065000 0.077500
0 0.047500 0.075000 0.060000 0.060000
0 0.931875 0.440625 0.053750 0.043750
0 0.710000 0.172500 0.035000 0.035000
0 0.494375 0.301875 0.053750 0.053750
0 0.064375 0.868125 0.081250 0.081250
0 0.346875 0.452500 0.031250 0.030000
0 0.627500 0.530000 0.047500 0.045000
0 0.901250 0.891875 0.030000 0.028750
0 0.258125 0.110000 0.068750 0.065000
0 0.706250 0.298750 0.097500 0.097500
0 0.058750 0.613750 0.062500 0.062500
0 0.535625 0.761875 0.028750 0.028750
0 0.411875 0.519375 0.061250 0.061250
0 0.921875 0.063125 0.078750 0.078750
0 0.381250 0.216250 0.032500 0.032500
0 0.735000 0.041250 0.042500 0.042500
0 0.136250 0.322500 0.052500 0.052500
0 0.921250 0.693750 0.047500 0.047500
0 0.790625 0.240625 0.043750 0.043750
0 0.058750 0.352500 0.077500 0.077500
0 0.851875 0.879375 0.038750 0.038750
0 0.311250 0.575000 0.077500 0.077500
0 0.126250 0.938750 0.035000 0.035000
0 0.453125 0.053125 0.058750 0.058750
0 0.922500 0.342500 0.070000 0.070000
0 0.283750 0.928750 0.077500 0.077500
0 0.761250 0.742500 0.065000 0.065000
0 0.286875 0.485625 0.061250 0.061250
0 0.343125 0.740625 0.048750 0.048750