0 0.173750 0.407500 0.100000 0.100000
0 0.825000 0.076250 0.090000 0.090000
0 0.898125 0.310000 0.026250 0.040000
0 0.298125 0.665625 0.028750 0.043750
0 0.535625 0.724375 0.063750 0.098750
0 0.465000 0.476875 0.102500 0.158750
0 0.706250 0.406875 0.040000 0.038750
0 0.836250 0.569375 0.052500 0.056250
0 0.736875 0.824375 0.053750 0.053750
0 0.433125 0.891875 0.101250 0.143750
0 0.247500 0.549375 0.080000 0.063750
0 0.115625 0.654375 0.036250 0.036250
0 0.610625 0.311875 0.108750 0.108750
0 0.906250 0.677500 0.042500 0.042500
0 0.095625 0.208125 0.093750 0.093750
0 0.232500 0.177500 0.092500 0.092500
0 0.626250 0.851250 0.067500 0.067500
0 0.918125 0.764375 0.051250 0.051250
0 0.816250 0.666250 0.045000 0.045000
0 0.845625 0.468125 0.088750 0.088750
0 0.479375 0.319375 0.056250 0.056250
0 0.816875 0.891875 0.061250 0.061250
0 0.276875 0.779375 0.101250 0.101250
0 0.721250 0.922500 0.105000 0.105000
0 0.780000 0.321250 0.042500 0.042500
0 0.458125 0.084375 0.056250 0.053750
0 0.565625 0.535625 0.043750 0.041250
0 0.813750 0.748750 0.087500 0.082500
0 0.490625 0.230625 0.096250 0.091250
0 0.354375 0.514375 0.091250 0.091250
0 0.934375 0.106875 0.106250 0.106250
0 0.663750 0.708750 0.035000 0.035000
0 0.935625 0.406875 0.066250 0.066250
0 0.086875 0.814375 0.101250 0.153750
0 0.369375 0.201250 0.108750 0.165000
0 0.390625 0.680000 0.103750 0.157500
0 0.069375 0.474375 0.028750 0.043750
0 0.946875 0.519375 0.051250 0.048750
0 0.614375 0.630625 0.061250 0.061250
0 0.231250 0.310625 0.070000 0.066250
0 0.696875 0.200625 0.048750 0.048750
0 0.258125 0.933125 0.101250 0.083750
0 0.601875 0.409375 0.058750 0.058750
0 0.758125 0.585625 0.068750 0.068750
0 0.756250 0.496875 0.070000 0.091250
0 0.279375 0.085625 0.051250 0.066250
0 0.085625 0.953125 0.036250 0.036250
0 0.916250 0.888750 0.085000 0.085000
0 0.117500 0.576250 0.085000 0.085000
0 0.070000 0.288750 0.030000 0.030000
0 0.673125 0.464375 0.051250 0.051250
0 0.100625 0.133125 0.038750 0.038750
0 0.526875 0.619375 0.096250 0.096250
0 0.855000 0.226250 0.085000 0.085000
0 0.363750 0.055000 0.060000 0.060000
0 0.670625 0.548125 0.081250 0.081250
0 0.616250 0.151250 0.077500 0.077500
0 0.156875 0.924375 0.036250 0.036250
0 0.613750 0.061250 0.075000 0.075000
0 0.179375 0.069375 0.053750 0.053750
0 0.354375 0.365625 0.088750 0.088750
0 0.910625 0.601875 0.076250 0.078750