0 0.545625 0.346875 0.078750 0.078750
0 0.686875 0.899375 0.063750 0.063750
0 0.296875 0.099375 0.031250 0.031250
0 0.073750 0.485000 0.110000 0.110000
0 0.447500 0.214375 0.045000 0.041250
0 0.438750 0.758125 0.087500 0.081250
0 0.389375 0.060000 0.048750 0.045000
0 0.873125 0.693125 0.111250 0.111250
0 0.644375 0.603125 0.086250 0.086250
0 0.243750 0.356250 0.087500 0.087500
0 0.659375 0.403125 0.051250 0.051250
0 0.170000 0.828750 0.037500 0.037500
0 0.870625 0.231250 0.026250 0.027500
0 0.407500 0.300000 0.067500 0.067500
0 0.089375 0.805625 0.026250 0.026250
0 0.069375 0.131875 0.076250 0.076250
0 0.923750 0.606250 0.045000 0.045000
0 0.067500 0.698750 0.092500 0.092500
0 0.310000 0.548750 0.112500 0.110000
0 0.340000 0.210625 0.065000 0.063750
0 0.678750 0.207500 0.102500 0.102500
0 0.795625 0.545625 0.108750 0.108750
0 0.121875 0.298125 0.051250 0.051250
0 0.457500 0.495000 0.107500 0.107500
0 0.243125 0.246875 0.091250 0.091250
0 0.771250 0.357500 0.052500 0.052500
0 0.534375 0.115000 0.041250 0.045000
0 0.624375 0.780625 0.098750 0.098750
0 0.453750 0.147500 0.042500 0.042500
0 0.308750 0.930000 0.087500 0.087500
0 0.180000 0.584375 0.065000 0.071250
0 0.343750 0.276875 0.045000 0.051250
0 0.106875 0.934375 0.066250 0.076250
0 0.964375 0.121250 0.043750 0.047500
0 0.938750 0.358125 0.090000 0.098750
0 0.863125 0.904375 0.088750 0.096250
0 0.831875 0.120625 0.063750 0.063750
0 0.832500 0.214375 0.030000 0.011250
0 0.670000 0.060000 0.095000 0.095000
0 0.796250 0.296250 0.037500 0.037500
0 0.755000 0.767500 0.105000 0.105000
0 0.902500 0.492500 0.062500 0.062500
0 0.577500 0.900625 0.067500 0.053750
0 0.269375 0.745000 0.071250 0.097500
0 0.202500 0.105000 0.110000 0.110000
0 0.608125 0.523125 0.053750 0.053750
0 0.446875 0.381875 0.076250 0.076250
0 0.540625 0.614375 0.083750 0.083750
0 0.532500 0.250625 0.090000 0.083750
0 0.346250 0.726250 0.060000 0.042500
0 0.093125 0.585625 0.056250 0.053750
0 0.540000 0.533750 0.032500 0.032500
0 0.480000 0.843750 0.057500 0.057500
0 0.198750 0.928750 0.087500 0.087500
0 0.318125 0.047500 0.051250 0.050000
0 0.360625 0.431875 0.068750 0.068750
0 0.956875 0.949375 0.048750 0.048750
0 0.853750 0.333125 0.057500 0.068750
0 0.947500 0.833750 0.062500 0.075000
0 0.193125 0.476250 0.103750 0.100000
0 0.173750 0.675000 0.067500 0.067500
0 0.106875 0.223125 0.078750 0.083750
0 0.458125 0.923750 0.083750 0.077500
0 0.763125 0.638125 0.066250 0.061250
0 0.456875 0.633125 0.036250 0.036250
0 0.737500 0.443750 0.052500 0.057500
0 0.859375 0.785625 0.053750 0.058750
0 0.460000 0.072500 0.070000 0.070000
0 0.641875 0.308125 0.063750 0.076250
0 0.282500 0.848750 0.090000 0.047500
0 0.051875 0.363125 0.066250 0.066250