0 0.718750 0.860000 0.040000 0.040000
0 0.315000 0.486250 0.035000 0.035000
0 0.609375 0.161250 0.096250 0.112500
0 0.538750 0.709375 0.067500 0.078750
0 0.910000 0.818750 0.025000 0.025000
0 0.285000 0.322500 0.047500 0.047500
0 0.290000 0.171250 0.100000 0.090000
0 0.686250 0.077500 0.032500 0.037500
0 0.128125 0.735625 0.073750 0.086250
0 0.752500 0.275625 0.095000 0.111250
0 0.305625 0.708125 0.078750 0.058750
0 0.853125 0.764375 0.043750 0.043750
0 0.204375 0.099375 0.026250 0.026250
0 0.651250 0.680000 0.092500 0.092500
0 0.200000 0.618125 0.095000 0.083750
0 0.882500 0.100000 0.110000 0.110000
0 0.834375 0.436875 0.066250 0.066250
0 0.167500 0.332500 0.082500 0.082500
0 0.820625 0.638125 0.103750 0.103750
0 0.465625 0.839375 0.103750 0.103750
0 0.303125 0.565625 0.078750 0.078750
0 0.504375 0.273125 0.041250 0.041250
0 0.306250 0.811875 0.090000 0.123750
0 0.948750 0.516875 0.030000 0.041250
0 0.480000 0.145625 0.057500 0.078750
0 0.900625 0.241875 0.111250 0.111250
0 0.743750 0.547500 0.062500 0.062500
0 0.360000 0.059375 0.100000 0.091250
0 0.454375 0.400625 0.051250 0.046250
0 0.161250 0.515625 0.080000 0.073750
0 0.508125 0.351875 0.026250 0.031250
0 0.127500 0.888750 0.035000 0.022500
0 0.730625 0.485000 0.068750 0.045000
0 0.735000 0.162500 0.065000 0.042500
0 0.580625 0.881875 0.086250 0.083750
0 0.808125 0.869375 0.101250 0.098750
0 0.163125 0.188125 0.111250 0.108750
0 0.522500 0.467500 0.070000 0.067500
0 0.088750 0.648750 0.067500 0.067500
0 0.545000 0.611250 0.092500 0.092500
0 0.086250 0.420000 0.062500 0.062500
0 0.429375 0.610625 0.066250 0.121250
0 0.955625 0.416875 0.063750 0.116250
0 0.663750 0.265625 0.037500 0.068750
0 0.420625 0.250000 0.063750 0.087500
0 0.737500 0.397500 0.112500 0.112500
0 0.635625 0.465000 0.053750 0.065000
0 0.045000 0.130000 0.042500 0.042500
0 0.764375 0.774375 0.051250 0.051250
0 0.703125 0.118125 0.026250 0.026250
0 0.880625 0.343125 0.068750 0.066250
0 0.060625 0.490625 0.086250 0.056250
0 0.608125 0.358125 0.051250 0.033750
0 0.154375 0.806250 0.046250 0.030000
0 0.321250 0.251875 0.060000 0.048750
0 0.196250 0.033125 0.035000 0.028750
0 0.700000 0.808750 0.055000 0.045000
0 0.075000 0.550000 0.047500 0.047500
0 0.413750 0.463750 0.065000 0.065000
0 0.326875 0.411875 0.066250 0.066250
0 0.946875 0.680625 0.038750 0.038750
0 0.325625 0.934375 0.081250 0.081250
0 0.064375 0.313125 0.093750 0.093750