0 0.738125 0.133125 0.026250 0.026250
0 0.702500 0.291250 0.035000 0.035000
0 0.084375 0.555000 0.056250 0.082500
0 0.260625 0.894375 0.076250 0.091250
0 0.385625 0.788750 0.046250 0.037500
0 0.288125 0.534375 0.033750 0.026250
0 0.156875 0.763750 0.031250 0.025000
0 0.679375 0.376875 0.073750 0.073750
0 0.441875 0.265625 0.081250 0.081250
0 0.435000 0.405000 0.030000 0.030000
0 0.490625 0.031875 0.036250 0.036250
0 0.135625 0.937500 0.043750 0.040000
0 0.205625 0.170625 0.058750 0.058750
0 0.562500 0.256875 0.077500 0.093750
0 0.930625 0.538125 0.086250 0.033750
0 0.155625 0.255000 0.051250 0.020000
0 0.304375 0.123125 0.103750 0.041250
0 0.779375 0.223125 0.028750 0.028750
0 0.256250 0.256250 0.080000 0.080000
0 0.679375 0.111875 0.061250 0.061250
0 0.346250 0.056250 0.047500 0.047500
0 0.485000 0.913750 0.060000 0.060000
0 0.062500 0.032500 0.027500 0.027500
0 0.218125 0.066875 0.043750 0.043750
0 0.217500 0.410000 0.082500 0.082500
0 0.358125 0.456250 0.033750 0.032500
0 0.106250 0.172500 0.030000 0.030000
0 0.042500 0.768750 0.035000 0.032500
0 0.700625 0.756875 0.093750 0.086250
0 0.471875 0.614375 0.098750 0.091250
0 0.650000 0.661250 0.062500 0.057500
0 0.333750 0.591250 0.052500 0.052500
0 0.455625 0.170625 0.066250 0.066250
0 0.790625 0.589375 0.101250 0.101250
0 0.625625 0.456875 0.068750 0.068750
0 0.278750 0.764375 0.112500 0.133750
0 0.916875 0.326875 0.096250 0.113750
0 0.409375 0.877500 0.061250 0.072500
0 0.086875 0.373125 0.063750 0.063750
0 0.066250 0.900625 0.030000 0.028750
0 0.689375 0.886875 0.093750 0.098750
0 0.918750 0.643750 0.057500 0.060000
0 0.837500 0.858125 0.045000 0.043750
0 0.333750 0.362500 0.112500 0.112500
0 0.883750 0.736875 0.095000 0.056250
0 0.058125 0.239375 0.031250 0.018750
0 0.869375 0.098125 0.111250 0.111250
0 0.585625 0.138125 0.098750 0.098750
0 0.539375 0.429375 0.066250 0.066250
0 0.765000 0.372500 0.080000 0.080000
0 0.073125 0.666875 0.091250 0.091250
0 0.741875 0.081875 0.041250 0.041250
0 0.719375 0.469375 0.081250 0.081250
0 0.623750 0.558750 0.090000 0.090000
0 0.602500 0.799375 0.065000 0.061250
0 0.793125 0.278125 0.061250 0.061250
0 0.917500 0.446250 0.090000 0.090000
0 0.555625 0.885000 0.063750 0.055000
0 0.443750 0.756875 0.040000 0.033750
0 0.417500 0.476250 0.070000 0.060000
0 0.915625 0.220625 0.053750 0.046250
0 0.176250 0.558750 0.100000 0.100000
0 0.950625 0.866875 0.058750 0.058750
0 0.555625 0.708750 0.053750 0.060000
0 0.208125 0.656250 0.048750 0.055000
0 0.205000 0.481875 0.075000 0.026250
0 0.098750 0.856875 0.085000 0.028750
0 0.220000 0.028750 0.052500 0.017500
0 0.516875 0.801875 0.091250 0.091250
0 0.058125 0.454375 0.073750 0.073750
0 0.804375 0.921875 0.061250 0.048750
0 0.078750 0.097500 0.077500 0.062500
0 0.797500 0.670000 0.047500 0.037500
0 0.343125 0.189375 0.066250 0.061250
0 0.385000 0.720000 0.062500 0.062500
0 0.826875 0.479375 0.041250 0.041250
0 0.087500 0.309375 0.045000 0.043750
0 0.151250 0.043125 0.045000 0.036250
0 0.408125 0.535625 0.038750 0.031250