0 0.281250 0.517500 0.072500 0.072500
0 0.191250 0.882500 0.085000 0.085000
0 0.373125 0.404375 0.108750 0.108750
0 0.121250 0.771875 0.110000 0.088750
0 0.636875 0.611875 0.028750 0.028750
0 0.300625 0.744375 0.068750 0.068750
0 0.189375 0.290625 0.086250 0.086250
0 0.808125 0.605000 0.106250 0.100000
0 0.856250 0.506250 0.032500 0.030000
0 0.737500 0.243125 0.107500 0.101250
0 0.568125 0.323750 0.091250 0.085000
0 0.040000 0.089375 0.052500 0.056250
0 0.412500 0.562500 0.062500 0.067500
0 0.593750 0.897500 0.112500 0.122500
0 0.868750 0.691250 0.025000 0.025000
0 0.571250 0.558750 0.080000 0.080000
0 0.320000 0.250000 0.060000 0.060000
0 0.416250 0.855000 0.087500 0.087500
0 0.741250 0.888750 0.072500 0.072500
0 0.209375 0.488125 0.043750 0.043750
0 0.166250 0.415000 0.072500 0.072500
0 0.057500 0.347500 0.047500 0.047500
0 0.438750 0.201250 0.070000 0.070000
0 0.308125 0.864375 0.103750 0.103750
0 0.955625 0.895625 0.048750 0.048750
0 0.398750 0.033750 0.030000 0.030000
0 0.084375 0.508125 0.033750 0.033750
0 0.101250 0.180000 0.082500 0.082500
0 0.340000 0.115000 0.112500 0.112500
0 0.060000 0.901250 0.080000 0.080000
0 0.960000 0.769375 0.055000 0.038750
0 0.918125 0.289375 0.078750 0.056250
0 0.528750 0.699375 0.112500 0.103750
0 0.820625 0.770625 0.098750 0.091250
0 0.689375 0.477500 0.083750 0.077500
0 0.251875 0.419375 0.033750 0.033750
0 0.216875 0.613125 0.093750 0.093750
0 0.855000 0.105000 0.075000 0.075000
0 0.648750 0.723750 0.105000 0.105000
0 0.071875 0.649375 0.068750 0.068750
0 0.926875 0.441875 0.078750 0.078750
0 0.215625 0.090625 0.068750 0.068750
0 0.170625 0.696250 0.106250 0.047500
0 0.249375 0.359375 0.038750 0.036250
0 0.850625 0.874375 0.098750 0.093750
0 0.488125 0.111250 0.078750 0.075000
0 0.765625 0.700625 0.033750 0.033750
0 0.590000 0.113125 0.085000 0.083750
0 0.931250 0.166875 0.042500 0.033750
0 0.530625 0.471250 0.088750 0.067500
0 0.478750 0.955625 0.032500 0.021250
0 0.049375 0.273125 0.073750 0.073750
0 0.933125 0.544375 0.106250 0.106250
0 0.720000 0.388750 0.025000 0.025000
0 0.350625 0.661875 0.046250 0.046250