0 0.248750 0.452500 0.080000 0.080000
0 0.346875 0.523125 0.033750 0.033750
0 0.621250 0.182500 0.037500 0.037500
0 0.758750 0.658750 0.080000 0.080000
0 0.496250 0.112500 0.110000 0.110000
0 0.395625 0.074375 0.051250 0.051250
0 0.829375 0.518125 0.086250 0.086250
0 0.774375 0.915625 0.073750 0.073750
0 0.091250 0.766250 0.112500 0.112500
0 0.493125 0.341250 0.081250 0.077500
0 0.903750 0.376250 0.090000 0.085000
0 0.890625 0.627500 0.076250 0.072500
0 0.441875 0.771875 0.033750 0.031250
0 0.099375 0.558125 0.071250 0.071250
0 0.338750 0.677500 0.100000 0.100000
0 0.405000 0.887500 0.067500 0.067500
0 0.923750 0.798750 0.047500 0.047500
0 0.129375 0.071875 0.091250 0.091250
0 0.631875 0.058750 0.081250 0.085000
0 0.174375 0.460625 0.026250 0.026250
0 0.318125 0.246250 0.033750 0.035000
0 0.541250 0.486250 0.025000 0.025000
0 0.872500 0.708125 0.042500 0.023750
0 0.760625 0.106875 0.068750 0.068750
0 0.243125 0.818125 0.108750 0.108750
0 0.450000 0.701250 0.082500 0.082500
0 0.587500 0.597500 0.105000 0.105000
0 0.165000 0.551250 0.042500 0.042500
0 0.095000 0.185000 0.105000 0.105000
0 0.365000 0.387500 0.107500 0.107500
0 0.765000 0.778750 0.085000 0.085000
0 0.863750 0.211250 0.100000 0.100000
0 0.275000 0.935000 0.057500 0.057500
0 0.768125 0.381875 0.098750 0.098750
0 0.622500 0.846250 0.077500 0.077500
0 0.656250 0.366250 0.100000 0.100000
0 0.935000 0.487500 0.102500 0.102500
0 0.743750 0.199375 0.072500 0.073750
0 0.513750 0.867500 0.050000 0.050000
0 0.165000 0.947500 0.040000 0.040000
0 0.095625 0.331875 0.063750 0.063750
0 0.255000 0.141250 0.107500 0.100000
0 0.859375 0.108125 0.096250 0.088750
0 0.966875 0.877500 0.041250 0.037500
0 0.522500 0.230000 0.067500 0.067500
0 0.608750 0.935000 0.062500 0.062500
0 0.601250 0.719375 0.107500 0.108750
0 0.290625 0.558125 0.061250 0.061250
0 0.206250 0.606250 0.042500 0.042500
0 0.825000 0.036250 0.030000 0.030000
0 0.759375 0.268125 0.038750 0.038750
0 0.093750 0.425000 0.100000 0.100000
0 0.692500 0.263750 0.037500 0.037500
0 0.191875 0.305625 0.088750 0.088750
0 0.355625 0.785625 0.068750 0.068750
0 0.415000 0.222500 0.092500 0.092500
0 0.243750 0.047500 0.067500 0.060000
0 0.498750 0.570625 0.050000 0.048750
0 0.050625 0.626875 0.051250 0.051250
0 0.939375 0.714375 0.071250 0.071250
0 0.892500 0.911875 0.075000 0.073750
0 0.708125 0.463125 0.031250 0.031250
0 0.420000 0.493750 0.097500 0.090000
0 0.726250 0.566875 0.085000 0.078750
0 0.602500 0.131250 0.030000 0.027500
0 0.420000 0.608750 0.037500 0.037500
0 0.222500 0.542500 0.025000 0.025000