0 0.525625 0.399375 0.083750 0.081250
0 0.964375 0.233750 0.046250 0.045000
0 0.241250 0.485000 0.107500 0.105000
0 0.140625 0.774375 0.076250 0.071250
0 0.639375 0.345000 0.101250 0.095000
0 0.502500 0.902500 0.040000 0.040000
0 0.429375 0.199375 0.033750 0.033750
0 0.425000 0.805000 0.040000 0.040000
0 0.038125 0.834375 0.051250 0.051250
0 0.646875 0.223125 0.111250 0.133750
0 0.814375 0.278125 0.071250 0.071250
0 0.861875 0.825625 0.063750 0.063750
0 0.841250 0.041250 0.050000 0.050000
0 0.889375 0.650625 0.106250 0.106250
0 0.098125 0.110000 0.038750 0.035000
0 0.233125 0.800625 0.073750 0.073750
0 0.856250 0.411875 0.107500 0.101250
0 0.141250 0.645000 0.085000 0.085000
0 0.483125 0.649375 0.068750 0.068750
0 0.070625 0.045625 0.056250 0.056250
0 0.769375 0.529375 0.058750 0.058750
0 0.637500 0.906250 0.102500 0.102500
0 0.671250 0.682500 0.037500 0.037500
0 0.123125 0.879375 0.093750 0.093750
0 0.113750 0.471875 0.112500 0.173750
0 0.423750 0.412500 0.075000 0.075000
0 0.674375 0.788125 0.096250 0.101250
0 0.305000 0.656250 0.055000 0.052500
0 0.646875 0.081875 0.043750 0.041250
0 0.134375 0.209375 0.031250 0.028750
0 0.326875 0.870000 0.028750 0.027500
0 0.593125 0.496250 0.076250 0.072500
0 0.937500 0.142500 0.062500 0.062500
0 0.310000 0.209375 0.032500 0.026250
0 0.508125 0.813125 0.053750 0.053750
0 0.478125 0.553125 0.066250 0.066250
0 0.375000 0.091250 0.112500 0.112500
0 0.363750 0.552500 0.030000 0.030000
0 0.537500 0.170000 0.092500 0.092500
0 0.247500 0.101875 0.110000 0.088750
0 0.330625 0.401875 0.038750 0.038750
0 0.066875 0.228125 0.058750 0.058750
0 0.903125 0.538125 0.088750 0.088750
0 0.713125 0.441875 0.081250 0.081250
0 0.425000 0.277500 0.082500 0.082500
0 0.225000 0.247500 0.085000 0.085000
0 0.424375 0.906875 0.058750 0.058750
0 0.761250 0.131250 0.095000 0.095000
0 0.607500 0.683750 0.075000 0.075000
0 0.358750 0.655000 0.025000 0.025000
0 0.802500 0.941250 0.075000 0.055000
0 0.381875 0.493125 0.083750 0.061250
0 0.632500 0.570000 0.072500 0.052500
0 0.318125 0.167500 0.028750 0.020000
0 0.521250 0.476875 0.052500 0.053750
0 0.770000 0.735625 0.032500 0.033750
0 0.897500 0.292500 0.055000 0.057500
0 0.325625 0.778750 0.081250 0.085000
0 0.965000 0.899375 0.042500 0.043750
0 0.788750 0.821250 0.052500 0.052500
0 0.228125 0.663125 0.061250 0.061250
0 0.516875 0.056875 0.073750 0.073750
0 0.903125 0.928125 0.056250 0.056250
0 0.948750 0.773750 0.077500 0.085000
0 0.237500 0.936250 0.070000 0.070000
0 0.780000 0.418750 0.027500 0.027500
0 0.778125 0.640625 0.101250 0.101250
0 0.051250 0.766250 0.055000 0.055000
0 0.248750 0.034375 0.025000 0.023750
0 0.042500 0.915000 0.040000 0.040000
0 0.758750 0.213750 0.037500 0.037500
0 0.186250 0.332500 0.062500 0.062500
0 0.853750 0.152500 0.052500 0.037500
0 0.065625 0.301250 0.096250 0.070000
0 0.470625 0.733750 0.031250 0.022500
0 0.686250 0.517500 0.032500 0.032500
0 0.733125 0.273125 0.041250 0.041250
0 0.861250 0.758750 0.040000 0.040000
0 0.928750 0.070000 0.042500 0.042500
0 0.340000 0.956250 0.025000 0.035000
0 0.546250 0.321875 0.027500 0.038750