0 0.583125 0.926875 0.041250 0.041250
0 0.231875 0.629375 0.103750 0.103750
0 0.736875 0.195625 0.058750 0.058750
0 0.325000 0.325625 0.110000 0.108750
0 0.733750 0.381875 0.040000 0.038750
0 0.894375 0.840625 0.103750 0.103750
0 0.913750 0.621250 0.027500 0.027500
0 0.066250 0.466250 0.047500 0.047500
0 0.096250 0.136250 0.070000 0.070000
0 0.596875 0.463125 0.053750 0.053750
0 0.822500 0.445000 0.087500 0.087500
0 0.591250 0.325000 0.027500 0.027500
0 0.310625 0.193125 0.071250 0.071250
0 0.252500 0.071250 0.077500 0.077500
0 0.885000 0.936250 0.065000 0.065000
0 0.343125 0.675625 0.068750 0.068750
0 0.455625 0.675625 0.103750 0.103750
0 0.247500 0.796250 0.112500 0.112500
0 0.825625 0.185625 0.046250 0.046250
0 0.448750 0.828750 0.105000 0.105000
0 0.064375 0.268125 0.031250 0.031250
0 0.602500 0.618750 0.102500 0.095000
0 0.101875 0.583750 0.076250 0.070000
0 0.670000 0.749375 0.090000 0.083750
0 0.388125 0.183125 0.068750 0.068750
0 0.467500 0.293125 0.070000 0.053750
0 0.583750 0.084375 0.105000 0.138750
0 0.098125 0.841875 0.108750 0.143750
0 0.705625 0.516875 0.088750 0.116250
0 0.489375 0.534375 0.108750 0.143750
0 0.550625 0.717500 0.058750 0.060000
0 0.801875 0.691875 0.051250 0.051250
0 0.760625 0.081250 0.093750 0.095000
0 0.262500 0.916875 0.042500 0.026250
0 0.508750 0.195000 0.067500 0.067500
0 0.430625 0.920000 0.043750 0.035000
0 0.944375 0.114375 0.063750 0.051250
0 0.333750 0.511875 0.095000 0.076250
0 0.421875 0.240000 0.026250 0.022500
0 0.898125 0.746875 0.066250 0.066250
0 0.406875 0.376875 0.028750 0.008750
0 0.675000 0.115000 0.050000 0.015000
0 0.632500 0.827500 0.042500 0.042500
0 0.805625 0.761875 0.056250 0.056250
0 0.805625 0.299375 0.111250 0.111250
0 0.255000 0.433750 0.050000 0.050000
0 0.663750 0.320000 0.070000 0.070000
0 0.357500 0.050000 0.030000 0.030000
0 0.409375 0.104375 0.063750 0.063750
0 0.488750 0.065000 0.037500 0.037500
0 0.147500 0.297500 0.112500 0.112500
0 0.155000 0.432500 0.065000 0.065000
0 0.695625 0.882500 0.063750 0.065000
0 0.064375 0.687500 0.083750 0.085000
0 0.466875 0.120625 0.031250 0.053750
0 0.333750 0.425000 0.057500 0.057500
0 0.957500 0.550000 0.055000 0.055000
0 0.776250 0.922500 0.065000 0.065000
0 0.709375 0.651875 0.091250 0.091250
0 0.910000 0.416875 0.072500 0.073750
0 0.836875 0.609375 0.066250 0.066250
0 0.927500 0.226250 0.105000 0.105000
0 0.858750 0.532500 0.067500 0.067500
0 0.532500 0.796250 0.035000 0.035000
0 0.156250 0.047500 0.077500 0.067500