0 0.085000 0.732500 0.055000 0.055000
0 0.956250 0.605000 0.047500 0.047500
0 0.773750 0.670000 0.090000 0.090000
0 0.154375 0.540625 0.063750 0.063750
0 0.453125 0.253750 0.058750 0.077500
0 0.174375 0.292500 0.111250 0.147500
0 0.785000 0.397500 0.107500 0.142500
0 0.738125 0.077500 0.036250 0.047500
0 0.278750 0.528750 0.070000 0.070000
0 0.880000 0.620000 0.042500 0.042500
0 0.524375 0.428125 0.053750 0.053750
0 0.405625 0.064375 0.066250 0.066250
0 0.571875 0.608125 0.073750 0.073750
0 0.920625 0.118125 0.111250 0.111250
0 0.577500 0.212500 0.095000 0.095000
0 0.446250 0.726250 0.060000 0.060000
0 0.368125 0.488125 0.033750 0.033750
0 0.581250 0.890000 0.025000 0.025000
0 0.713125 0.245625 0.051250 0.051250
0 0.299375 0.150000 0.106250 0.107500
0 0.675625 0.881875 0.098750 0.098750
0 0.184375 0.054375 0.061250 0.061250
0 0.171250 0.860000 0.085000 0.085000
0 0.940625 0.243125 0.083750 0.083750
0 0.845000 0.518750 0.042500 0.037500
0 0.846250 0.930625 0.072500 0.071250
0 0.099375 0.146250 0.068750 0.067500
0 0.388125 0.166250 0.051250 0.050000
0 0.050000 0.268125 0.052500 0.051250
0 0.810000 0.211250 0.050000 0.050000
0 0.325625 0.334375 0.086250 0.086250
0 0.935000 0.463750 0.067500 0.067500
0 0.059375 0.486875 0.086250 0.086250
0 0.670000 0.772500 0.070000 0.070000
0 0.377500 0.590000 0.035000 0.035000
0 0.480625 0.630625 0.066250 0.056250
0 0.913125 0.330000 0.071250 0.067500
0 0.296875 0.653750 0.061250 0.057500
0 0.810625 0.798750 0.078750 0.075000
0 0.550625 0.333125 0.101250 0.096250
0 0.035625 0.851875 0.043750 0.043750
0 0.359375 0.890625 0.076250 0.076250
0 0.491875 0.107500 0.028750 0.022500
0 0.178125 0.663125 0.111250 0.111250
0 0.663125 0.360625 0.036250 0.036250
0 0.051250 0.591250 0.072500 0.072500
0 0.868750 0.462500 0.045000 0.047500
0 0.663125 0.523125 0.093750 0.093750
0 0.196250 0.433125 0.072500 0.093750
0 0.906250 0.717500 0.097500 0.125000
0 0.650625 0.645625 0.056250 0.056250
0 0.495625 0.811250 0.051250 0.045000
0 0.253125 0.837500 0.048750 0.040000
0 0.906875 0.389375 0.036250 0.036250
0 0.578750 0.763750 0.092500 0.092500
0 0.475625 0.556875 0.073750 0.073750
0 0.040000 0.383750 0.055000 0.055000
0 0.678750 0.153750 0.090000 0.090000
0 0.938125 0.806875 0.028750 0.028750