0 0.400000 0.756250 0.072500 0.072500
0 0.905000 0.337500 0.057500 0.057500
0 0.666250 0.827500 0.080000 0.080000
0 0.712500 0.392500 0.057500 0.057500
0 0.856875 0.510625 0.058750 0.058750
0 0.324375 0.364375 0.051250 0.051250
0 0.053125 0.055625 0.073750 0.073750
0 0.437500 0.531250 0.112500 0.112500
0 0.815625 0.663125 0.088750 0.088750
0 0.211875 0.750625 0.086250 0.086250
0 0.178125 0.353125 0.056250 0.056250
0 0.601875 0.464375 0.106250 0.106250
0 0.718750 0.036875 0.027500 0.026250
0 0.434375 0.247500 0.091250 0.087500
0 0.584375 0.289375 0.053750 0.041250
0 0.938125 0.461250 0.076250 0.060000
0 0.070625 0.536250 0.111250 0.157500
0 0.545000 0.737500 0.107500 0.107500
0 0.436875 0.055625 0.033750 0.028750
0 0.816250 0.363750 0.097500 0.097500
0 0.885000 0.777500 0.110000 0.110000
0 0.549375 0.928125 0.071250 0.071250
0 0.738750 0.178750 0.067500 0.067500
0 0.415000 0.351250 0.080000 0.082500
0 0.844375 0.105625 0.026250 0.026250
0 0.696250 0.713750 0.112500 0.112500
0 0.163750 0.871250 0.072500 0.072500
0 0.893125 0.900625 0.078750 0.078750
0 0.574375 0.051875 0.033750 0.033750
0 0.232500 0.852500 0.027500 0.027500
0 0.720000 0.471250 0.060000 0.052500
0 0.076250 0.863125 0.050000 0.043750
0 0.349375 0.849375 0.073750 0.063750
0 0.636250 0.081875 0.027500 0.023750
0 0.673750 0.936250 0.045000 0.045000
0 0.752500 0.110000 0.030000 0.030000
0 0.618750 0.340000 0.030000 0.035000
0 0.108125 0.731875 0.098750 0.118750
0 0.237500 0.078750 0.055000 0.055000
0 0.076250 0.326250 0.110000 0.110000
0 0.293125 0.505000 0.103750 0.080000
0 0.173750 0.575000 0.070000 0.045000
0 0.235000 0.946250 0.062500 0.040000
0 0.395625 0.158750 0.098750 0.065000
0 0.531250 0.833750 0.100000 0.065000
0 0.272500 0.663750 0.067500 0.067500
0 0.552500 0.648750 0.052500 0.050000
0 0.952500 0.641875 0.027500 0.026250
0 0.949375 0.148750 0.061250 0.057500
0 0.848125 0.245625 0.106250 0.101250
0 0.195000 0.202500 0.055000 0.055000
0 0.091250 0.185000 0.095000 0.095000
0 0.193125 0.450625 0.081250 0.081250
0 0.527500 0.123125 0.082500 0.071250
0 0.318125 0.265000 0.066250 0.057500
0 0.754375 0.906250 0.063750 0.055000
0 0.383125 0.686875 0.051250 0.041250
0 0.759375 0.272500 0.041250 0.047500
0 0.150000 0.076875 0.045000 0.051250
0 0.655000 0.618125 0.042500 0.048750
0 0.573750 0.545000 0.037500 0.035000
0 0.660000 0.181250 0.025000 0.030000
0 0.675625 0.274375 0.078750 0.063750
0 0.260625 0.394375 0.026250 0.021250
0 0.110625 0.640625 0.033750 0.033750
0 0.851875 0.448125 0.048750 0.048750
0 0.891250 0.042500 0.040000 0.040000
0 0.788750 0.035000 0.027500 0.027500
0 0.327500 0.061250 0.092500 0.092500