0 0.697500 0.301875 0.082500 0.066250
0 0.128750 0.110000 0.105000 0.105000
0 0.170000 0.313750 0.090000 0.090000
0 0.042500 0.932500 0.047500 0.047500
0 0.926250 0.450000 0.025000 0.025000
0 0.839375 0.918125 0.078750 0.078750
0 0.416875 0.728125 0.106250 0.106250
0 0.459375 0.428125 0.086250 0.086250
0 0.720625 0.935625 0.061250 0.061250
0 0.832500 0.590000 0.107500 0.107500
0 0.572500 0.507500 0.060000 0.055000
0 0.525000 0.205000 0.072500 0.067500
0 0.385625 0.635625 0.043750 0.043750
0 0.444375 0.881875 0.061250 0.071250
0 0.275625 0.544375 0.031250 0.036250
0 0.276875 0.911875 0.056250 0.041250
0 0.757500 0.416875 0.095000 0.068750
0 0.797500 0.157500 0.035000 0.025000
0 0.705000 0.182500 0.095000 0.095000
0 0.934375 0.158125 0.028750 0.028750
0 0.683750 0.717500 0.095000 0.095000
0 0.450000 0.077500 0.105000 0.105000
0 0.378125 0.266875 0.081250 0.081250
0 0.265000 0.197500 0.057500 0.040000
0 0.861250 0.699375 0.087500 0.061250
0 0.083125 0.426250 0.096250 0.105000
0 0.767500 0.800000 0.042500 0.022500
0 0.892500 0.276875 0.087500 0.151250
0 0.086250 0.746250 0.110000 0.190000
0 0.846875 0.085625 0.058750 0.101250
0 0.304375 0.105000 0.041250 0.030000
0 0.234375 0.439375 0.101250 0.101250
0 0.555000 0.641250 0.072500 0.072500
0 0.701875 0.548125 0.086250 0.086250
0 0.878125 0.791875 0.026250 0.026250
0 0.925000 0.052500 0.062500 0.055000
0 0.535000 0.778125 0.027500 0.023750
0 0.658125 0.099375 0.036250 0.031250
0 0.560625 0.412500 0.073750 0.065000
0 0.571250 0.755625 0.025000 0.013750
0 0.193125 0.941875 0.051250 0.051250
0 0.264375 0.692500 0.111250 0.095000
0 0.359375 0.439375 0.086250 0.086250
0 0.936250 0.885000 0.062500 0.062500
0 0.176250 0.545000 0.060000 0.080000
0 0.943125 0.493125 0.043750 0.043750
0 0.523125 0.846875 0.048750 0.048750
0 0.659375 0.841875 0.103750 0.103750
0 0.524375 0.293125 0.046250 0.046250
0 0.618750 0.245000 0.047500 0.047500
0 0.812500 0.270000 0.037500 0.037500
0 0.789375 0.331875 0.066250 0.066250
0 0.542500 0.930000 0.062500 0.062500
0 0.379375 0.543125 0.041250 0.041250
0 0.094375 0.333125 0.028750 0.028750
0 0.293750 0.828750 0.092500 0.092500
0 0.943125 0.790625 0.041250 0.041250
0 0.075000 0.584375 0.105000 0.098750
0 0.185625 0.703125 0.031250 0.028750
0 0.038125 0.030625 0.038750 0.036250
0 0.288750 0.294375 0.082500 0.081250
0 0.058125 0.247500 0.088750 0.107500
0 0.639375 0.460625 0.048750 0.058750