0 0.813750 0.177500 0.042500 0.042500
0 0.658125 0.714375 0.088750 0.088750
0 0.112500 0.505000 0.047500 0.047500
0 0.090000 0.747500 0.040000 0.057500
0 0.340625 0.715625 0.058750 0.051250
0 0.126875 0.360625 0.081250 0.071250
0 0.278125 0.586250 0.086250 0.087500
0 0.656875 0.140000 0.081250 0.070000
0 0.418125 0.890625 0.076250 0.066250
0 0.901875 0.864375 0.038750 0.033750
0 0.933750 0.388750 0.077500 0.067500
0 0.484375 0.540625 0.078750 0.078750
0 0.196875 0.438125 0.048750 0.048750
0 0.620000 0.303125 0.050000 0.043750
0 0.073750 0.851250 0.060000 0.085000
0 0.205625 0.086875 0.071250 0.071250
0 0.537500 0.316250 0.092500 0.092500
0 0.872500 0.713750 0.062500 0.050000
0 0.044375 0.221875 0.051250 0.041250
0 0.695625 0.539375 0.106250 0.086250
0 0.670625 0.225000 0.083750 0.067500
0 0.465625 0.956250 0.083750 0.032500
0 0.163750 0.696250 0.065000 0.065000
0 0.093125 0.218125 0.026250 0.023750
0 0.461875 0.095625 0.056250 0.051250
0 0.660625 0.826250 0.046250 0.042500
0 0.490625 0.801875 0.081250 0.081250
0 0.894375 0.613125 0.048750 0.048750
0 0.435625 0.280625 0.093750 0.093750
0 0.840000 0.265000 0.110000 0.110000
0 0.741250 0.411250 0.080000 0.080000
0 0.201875 0.908750 0.088750 0.072500
0 0.765000 0.675000 0.095000 0.077500
0 0.686250 0.938125 0.087500 0.071250
0 0.287500 0.231250 0.070000 0.082500
0 0.352500 0.418125 0.100000 0.093750
0 0.334375 0.953125 0.031250 0.031250
0 0.693750 0.333750 0.027500 0.027500
0 0.125000 0.283750 0.040000 0.040000
0 0.827500 0.876250 0.087500 0.087500
0 0.930625 0.233750 0.046250 0.050000
0 0.578125 0.535000 0.046250 0.050000
0 0.062500 0.642500 0.077500 0.085000
0 0.932500 0.791875 0.030000 0.033750
0 0.858750 0.429375 0.027500 0.031250
0 0.900000 0.098750 0.110000 0.125000
0 0.336250 0.808125 0.077500 0.071250
0 0.073125 0.109375 0.096250 0.088750
0 0.166875 0.823750 0.086250 0.080000
0 0.570000 0.606875 0.075000 0.068750
0 0.952500 0.700000 0.047500 0.057500
0 0.400625 0.513750 0.066250 0.080000
0 0.541250 0.427500 0.062500 0.062500