0 0.455625 0.925625 0.033750 0.033750
0 0.413125 0.123125 0.073750 0.073750
0 0.755000 0.201250 0.027500 0.027500
0 0.454375 0.465625 0.076250 0.076250
0 0.663125 0.058125 0.026250 0.026250
0 0.620000 0.360000 0.100000 0.100000
0 0.073125 0.407500 0.106250 0.122500
0 0.118750 0.675000 0.105000 0.120000
0 0.043750 0.831875 0.045000 0.051250
0 0.869375 0.155000 0.068750 0.067500
0 0.873750 0.386875 0.067500 0.066250
0 0.293750 0.536875 0.095000 0.093750
0 0.841875 0.055000 0.028750 0.027500
0 0.437500 0.359375 0.030000 0.033750
0 0.535625 0.770000 0.091250 0.100000
0 0.754375 0.078125 0.086250 0.093750
0 0.920625 0.840625 0.056250 0.061250
0 0.738125 0.351875 0.081250 0.088750
0 0.175625 0.838125 0.081250 0.063750
0 0.080625 0.171875 0.103750 0.103750
0 0.533750 0.071250 0.082500 0.082500
0 0.335000 0.670000 0.090000 0.090000
0 0.239375 0.736875 0.068750 0.068750
0 0.326875 0.336875 0.053750 0.053750
0 0.701875 0.864375 0.038750 0.038750
0 0.196250 0.913750 0.035000 0.035000
0 0.257500 0.083750 0.082500 0.082500
0 0.873125 0.273750 0.086250 0.062500
0 0.822500 0.625000 0.102500 0.102500
0 0.532500 0.612500 0.070000 0.070000
0 0.314375 0.809375 0.036250 0.036250
0 0.556875 0.240000 0.091250 0.052500
0 0.775625 0.848125 0.091250 0.091250
0 0.211875 0.230625 0.068750 0.068750
0 0.681875 0.708125 0.063750 0.063750
0 0.286250 0.430000 0.085000 0.085000
0 0.855625 0.721875 0.028750 0.031250
0 0.925625 0.488125 0.111250 0.111250
0 0.400000 0.908750 0.037500 0.037500
0 0.316250 0.891250 0.092500 0.092500
0 0.678750 0.492500 0.105000 0.097500
0 0.686875 0.800625 0.061250 0.056250
0 0.191875 0.361875 0.066250 0.061250
0 0.691875 0.202500 0.063750 0.050000
0 0.785000 0.280000 0.045000 0.035000
0 0.486250 0.173125 0.055000 0.043750
0 0.605000 0.160625 0.092500 0.081250
0 0.942500 0.733750 0.085000 0.075000
0 0.422500 0.043750 0.060000 0.052500
0 0.571875 0.466875 0.086250 0.086250
0 0.559375 0.874375 0.063750 0.063750
0 0.785625 0.728125 0.088750 0.088750
0 0.965000 0.161250 0.045000 0.045000
0 0.925625 0.073125 0.071250 0.071250
0 0.328125 0.234375 0.106250 0.106250
0 0.416875 0.756875 0.061250 0.061250
0 0.113125 0.570625 0.026250 0.026250
0 0.950000 0.260000 0.045000 0.045000
0 0.176250 0.450000 0.060000 0.060000
0 0.113125 0.066875 0.071250 0.071250
0 0.217500 0.618750 0.050000 0.050000
0 0.420625 0.560625 0.093750 0.093750
0 0.619375 0.708125 0.041250 0.041250
0 0.681250 0.603750 0.060000 0.047500
0 0.927500 0.605625 0.055000 0.051250
0 0.096250 0.941250 0.040000 0.030000
0 0.813750 0.490000 0.097500 0.125000
0 0.461875 0.286250 0.051250 0.047500
0 0.648125 0.938125 0.038750 0.038750
0 0.653125 0.266250 0.078750 0.055000
0 0.551875 0.289375 0.033750 0.023750
0 0.075625 0.303750 0.096250 0.067500
0 0.161875 0.560625 0.041250 0.041250
0 0.425625 0.831875 0.046250 0.051250
0 0.346250 0.125000 0.045000 0.050000
0 0.831250 0.919375 0.030000 0.031250
0 0.626250 0.849375 0.040000 0.041250
0 0.511250 0.375000 0.067500 0.070000