0 0.275000 0.118125 0.092500 0.126250
0 0.953750 0.319375 0.030000 0.041250
0 0.956250 0.529375 0.030000 0.041250
0 0.128750 0.648125 0.070000 0.096250
0 0.415000 0.338750 0.110000 0.110000
0 0.677500 0.058750 0.085000 0.072500
0 0.098125 0.301875 0.088750 0.076250
0 0.508125 0.835625 0.076250 0.076250
0 0.386250 0.817500 0.110000 0.137500
0 0.738750 0.218125 0.102500 0.081250
0 0.747500 0.335625 0.055000 0.043750
0 0.254375 0.540000 0.076250 0.060000
0 0.372500 0.645625 0.075000 0.058750
0 0.083125 0.438125 0.108750 0.086250
0 0.225000 0.278750 0.095000 0.095000
0 0.615000 0.681250 0.105000 0.105000
0 0.885625 0.778125 0.088750 0.088750
0 0.588125 0.223750 0.031250 0.030000
0 0.544375 0.446250 0.103750 0.100000
0 0.458750 0.041875 0.040000 0.038750
0 0.055625 0.648750 0.046250 0.045000
0 0.745000 0.856250 0.042500 0.042500
0 0.271875 0.895625 0.051250 0.051250
0 0.058750 0.793125 0.080000 0.083750
0 0.505000 0.714375 0.090000 0.093750
0 0.656875 0.452500 0.088750 0.092500
0 0.058750 0.902500 0.080000 0.092500
0 0.360000 0.155000 0.055000 0.055000
0 0.755000 0.755000 0.100000 0.060000
0 0.376250 0.505625 0.090000 0.053750
0 0.836250 0.687500 0.085000 0.050000
0 0.658750 0.605625 0.035000 0.026250
0 0.636250 0.347500 0.070000 0.070000
0 0.598750 0.837500 0.047500 0.047500
0 0.094375 0.109375 0.111250 0.111250
0 0.866875 0.191875 0.053750 0.053750
0 0.830625 0.576250 0.028750 0.025000
0 0.803750 0.467500 0.105000 0.092500
0 0.892500 0.480000 0.037500 0.032500
0 0.261875 0.454375 0.106250 0.093750
0 0.831875 0.103125 0.108750 0.108750
0 0.575625 0.029375 0.028750 0.028750
0 0.740000 0.132500 0.060000 0.045000
0 0.219375 0.631875 0.026250 0.026250
0 0.519375 0.541875 0.053750 0.053750
0 0.470000 0.943125 0.045000 0.046250
0 0.246250 0.776250 0.092500 0.112500
0 0.420625 0.927500 0.033750 0.025000
0 0.905000 0.341250 0.052500 0.040000
0 0.460000 0.157500 0.095000 0.072500
0 0.677500 0.895000 0.055000 0.075000
0 0.952500 0.201250 0.035000 0.047500
0 0.128125 0.528125 0.028750 0.038750
0 0.720625 0.653125 0.073750 0.068750
0 0.900625 0.856875 0.026250 0.023750
0 0.955625 0.110625 0.043750 0.041250
0 0.845625 0.901250 0.053750 0.050000
0 0.368125 0.234375 0.088750 0.061250
0 0.928125 0.588125 0.063750 0.043750
0 0.955625 0.899375 0.063750 0.063750
0 0.501875 0.610000 0.053750 0.062500
0 0.831875 0.256250 0.038750 0.045000
0 0.825625 0.334375 0.073750 0.073750
0 0.625625 0.759375 0.028750 0.028750
0 0.409375 0.577500 0.056250 0.050000
0 0.618125 0.548125 0.081250 0.073750
0 0.150000 0.205000 0.027500 0.025000
0 0.726250 0.570000 0.070000 0.062500
0 0.560625 0.146875 0.073750 0.073750
0 0.648750 0.260000 0.050000 0.050000
0 0.180625 0.913125 0.031250 0.031250
0 0.602500 0.930625 0.032500 0.038750
0 0.076250 0.545625 0.027500 0.038750
0 0.629375 0.181875 0.038750 0.031250
0 0.381250 0.080000 0.067500 0.067500
0 0.928750 0.060000 0.032500 0.032500
0 0.195000 0.125000 0.030000 0.030000