0 0.103750 0.393750 0.102500 0.102500
0 0.213125 0.173750 0.031250 0.030000
0 0.366875 0.857500 0.108750 0.140000
0 0.716875 0.488750 0.041250 0.052500
0 0.263750 0.708125 0.042500 0.046250
0 0.913750 0.448750 0.060000 0.065000
0 0.427500 0.278125 0.095000 0.103750
0 0.306250 0.230000 0.110000 0.120000
0 0.841875 0.333125 0.076250 0.068750
0 0.174375 0.526250 0.111250 0.100000
0 0.826250 0.531250 0.052500 0.040000
0 0.699375 0.684375 0.096250 0.096250
0 0.076875 0.800625 0.111250 0.111250
0 0.887500 0.816250 0.067500 0.067500
0 0.646875 0.045625 0.041250 0.041250
0 0.909375 0.669375 0.088750 0.088750
0 0.645625 0.331875 0.056250 0.056250
0 0.673750 0.246250 0.077500 0.077500
0 0.410625 0.470625 0.106250 0.106250
0 0.036875 0.918125 0.043750 0.043750
0 0.480625 0.739375 0.098750 0.098750
0 0.776250 0.236875 0.107500 0.098750
0 0.239375 0.793125 0.061250 0.066250
0 0.123125 0.219375 0.041250 0.043750
0 0.698750 0.903750 0.112500 0.122500
0 0.556875 0.409375 0.078750 0.078750
0 0.198750 0.391250 0.045000 0.045000
0 0.806250 0.052500 0.075000 0.075000
0 0.546250 0.517500 0.062500 0.062500
0 0.230000 0.100000 0.042500 0.042500
0 0.175625 0.666875 0.083750 0.081250
0 0.393750 0.132500 0.050000 0.050000
0 0.811250 0.634375 0.082500 0.076250
0 0.085000 0.058750 0.027500 0.025000
0 0.926875 0.060625 0.036250 0.033750
0 0.864375 0.178750 0.046250 0.042500
0 0.831250 0.431250 0.087500 0.087500
0 0.434375 0.615625 0.046250 0.046250
0 0.218750 0.921250 0.100000 0.100000
0 0.258125 0.408125 0.041250 0.041250
0 0.548750 0.883125 0.102500 0.098750
0 0.633750 0.587500 0.082500 0.082500
0 0.343125 0.596875 0.111250 0.111250
0 0.926250 0.386250 0.035000 0.040000
0 0.498750 0.105000 0.102500 0.120000
0 0.136875 0.125625 0.096250 0.093750
0 0.806250 0.773750 0.065000 0.062500
0 0.667500 0.120000 0.062500 0.060000
0 0.692500 0.423750 0.060000 0.050000
0 0.509375 0.583750 0.051250 0.055000
0 0.583125 0.738125 0.081250 0.086250
0 0.921875 0.749375 0.041250 0.043750
0 0.190000 0.223125 0.077500 0.041250
0 0.510625 0.306875 0.053750 0.056250
0 0.592500 0.243750 0.062500 0.065000
0 0.918125 0.901875 0.053750 0.053750
0 0.317500 0.108750 0.072500 0.072500
0 0.937500 0.191250 0.077500 0.077500
0 0.086875 0.641875 0.063750 0.063750
0 0.212500 0.303750 0.057500 0.052500
0 0.091875 0.929375 0.031250 0.031250
0 0.933750 0.300000 0.057500 0.057500
0 0.835625 0.923125 0.071250 0.071250
0 0.403125 0.194375 0.033750 0.033750
0 0.920625 0.531250 0.048750 0.047500
0 0.723750 0.334375 0.075000 0.073750