0 0.354375 0.492500 0.078750 0.075000
0 0.411875 0.845625 0.096250 0.091250
0 0.138125 0.531875 0.098750 0.093750
0 0.316250 0.088125 0.055000 0.051250
0 0.510000 0.288125 0.027500 0.028750
0 0.091250 0.746250 0.100000 0.105000
0 0.516250 0.725000 0.060000 0.062500
0 0.283125 0.710625 0.048750 0.051250
0 0.251250 0.520000 0.072500 0.072500
0 0.581875 0.165625 0.073750 0.073750
0 0.719375 0.243125 0.051250 0.051250
0 0.738125 0.353125 0.086250 0.086250
0 0.561250 0.576250 0.062500 0.062500
0 0.819375 0.080625 0.101250 0.101250
0 0.700000 0.156250 0.100000 0.100000
0 0.246875 0.596875 0.046250 0.046250
0 0.086250 0.174375 0.090000 0.168750
0 0.574375 0.478750 0.103750 0.112500
0 0.726875 0.497500 0.071250 0.060000
0 0.168750 0.378750 0.112500 0.120000
0 0.255625 0.884375 0.108750 0.116250
0 0.924375 0.532500 0.051250 0.055000
0 0.938750 0.863750 0.090000 0.090000
0 0.484375 0.640625 0.071250 0.088750
0 0.125625 0.864375 0.088750 0.111250
0 0.911875 0.277500 0.078750 0.087500
0 0.717500 0.782500 0.092500 0.092500
0 0.821875 0.416875 0.063750 0.063750
0 0.254375 0.190625 0.068750 0.068750
0 0.940000 0.175000 0.070000 0.070000
0 0.836250 0.635000 0.085000 0.085000
0 0.931875 0.401875 0.111250 0.111250
0 0.311250 0.620000 0.065000 0.065000
0 0.412500 0.136875 0.075000 0.061250
0 0.553125 0.837500 0.091250 0.075000
0 0.833125 0.867500 0.106250 0.087500
0 0.410625 0.230000 0.078750 0.090000
0 0.057500 0.400000 0.082500 0.095000
0 0.590000 0.260625 0.047500 0.053750
0 0.434375 0.479375 0.048750 0.056250
0 0.242500 0.790000 0.030000 0.030000
0 0.745000 0.435000 0.047500 0.047500
0 0.337500 0.377500 0.097500 0.097500
0 0.525000 0.070000 0.050000 0.062500
0 0.703125 0.603125 0.083750 0.103750
0 0.200000 0.642500 0.032500 0.040000
0 0.471875 0.367500 0.068750 0.065000
0 0.708750 0.052500 0.035000 0.032500
0 0.401250 0.753750 0.062500 0.062500
0 0.851250 0.762500 0.060000 0.057500
0 0.631250 0.342500 0.085000 0.082500
0 0.758750 0.864375 0.025000 0.023750
0 0.384375 0.054375 0.056250 0.053750
0 0.650000 0.929375 0.095000 0.076250
0 0.829375 0.182500 0.093750 0.082500
0 0.689375 0.851250 0.028750 0.025000
0 0.218125 0.110625 0.083750 0.073750
0 0.029375 0.331250 0.026250 0.022500
0 0.928750 0.593125 0.032500 0.031250
0 0.099375 0.619375 0.066250 0.063750
0 0.531250 0.925625 0.082500 0.078750
0 0.713750 0.698125 0.050000 0.046250
0 0.492500 0.155000 0.045000 0.042500
0 0.922500 0.749375 0.060000 0.056250
0 0.586250 0.686875 0.062500 0.058750
0 0.199375 0.031875 0.048750 0.038750
0 0.825000 0.512500 0.070000 0.085000
0 0.739375 0.928750 0.066250 0.080000
0 0.850000 0.346875 0.030000 0.023750
0 0.646875 0.769375 0.026250 0.021250
0 0.592500 0.061875 0.070000 0.056250
0 0.805625 0.260000 0.046250 0.037500
0 0.915000 0.077500 0.037500 0.070000
0 0.222500 0.267500 0.070000 0.040000
0 0.043125 0.930000 0.061250 0.035000
0 0.123750 0.067500 0.027500 0.027500
0 0.903750 0.674375 0.035000 0.023750
0 0.446250 0.046250 0.037500 0.037500