0 0.855000 0.807500 0.060000 0.060000
0 0.265625 0.920625 0.063750 0.076250
0 0.615625 0.536250 0.081250 0.097500
0 0.310625 0.318750 0.031250 0.037500
0 0.181250 0.484375 0.035000 0.041250
0 0.191875 0.353125 0.041250 0.046250
0 0.671250 0.685625 0.060000 0.061250
0 0.900000 0.193125 0.102500 0.103750
0 0.083125 0.649375 0.046250 0.046250
0 0.298750 0.773750 0.032500 0.032500
0 0.683125 0.873125 0.111250 0.111250
0 0.306875 0.550625 0.086250 0.086250
0 0.805000 0.637500 0.042500 0.042500
0 0.777500 0.486250 0.067500 0.067500
0 0.550625 0.856875 0.106250 0.098750
0 0.769375 0.101875 0.061250 0.056250
0 0.860625 0.910625 0.073750 0.068750
0 0.455000 0.606250 0.102500 0.095000
0 0.251875 0.174375 0.063750 0.063750
0 0.441875 0.242500 0.108750 0.092500
0 0.970625 0.599375 0.028750 0.028750
0 0.241875 0.618125 0.028750 0.028750
0 0.380000 0.051250 0.030000 0.025000
0 0.050000 0.770625 0.055000 0.053750
0 0.100625 0.071250 0.038750 0.025000
0 0.578125 0.136875 0.063750 0.041250
0 0.347500 0.131875 0.112500 0.073750
0 0.767500 0.317500 0.052500 0.052500
0 0.640625 0.353750 0.041250 0.040000
0 0.845625 0.423125 0.046250 0.046250
0 0.134375 0.248750 0.046250 0.045000
0 0.138750 0.794375 0.042500 0.041250
0 0.665625 0.167500 0.058750 0.057500
0 0.470625 0.423125 0.106250 0.106250
0 0.383750 0.900000 0.105000 0.105000
0 0.886875 0.714375 0.103750 0.103750
0 0.902500 0.310000 0.065000 0.037500
0 0.930625 0.460625 0.098750 0.098750
0 0.511875 0.935000 0.043750 0.042500
0 0.606250 0.068125 0.087500 0.078750
0 0.433750 0.718750 0.102500 0.102500
0 0.699375 0.381875 0.031250 0.031250
0 0.116875 0.545000 0.073750 0.070000
0 0.203125 0.544375 0.046250 0.043750
0 0.736875 0.601875 0.071250 0.068750
0 0.752500 0.392500 0.060000 0.057500
0 0.370000 0.463750 0.052500 0.050000
0 0.051250 0.310000 0.050000 0.050000
0 0.116875 0.148125 0.101250 0.101250
0 0.484375 0.096875 0.108750 0.108750
0 0.735000 0.751875 0.082500 0.051250
0 0.890625 0.579375 0.111250 0.111250
0 0.064375 0.868125 0.033750 0.033750
0 0.338750 0.725000 0.032500 0.032500
0 0.832500 0.092500 0.037500 0.037500
0 0.268750 0.422500 0.062500 0.062500
0 0.204375 0.293125 0.036250 0.028750
0 0.208750 0.775000 0.077500 0.062500
0 0.130000 0.952500 0.037500 0.030000
0 0.798750 0.192500 0.072500 0.072500
0 0.088125 0.465625 0.061250 0.051250
0 0.435625 0.510000 0.038750 0.037500
0 0.109375 0.705625 0.031250 0.031250
0 0.495625 0.511875 0.026250 0.026250
0 0.068125 0.934375 0.056250 0.056250
0 0.133750 0.376250 0.045000 0.045000
0 0.946250 0.917500 0.082500 0.082500
0 0.558125 0.279375 0.108750 0.108750
0 0.252500 0.059375 0.055000 0.056250
0 0.548125 0.406875 0.033750 0.033750
0 0.255000 0.351250 0.037500 0.062500
0 0.194375 0.673750 0.051250 0.045000
0 0.533750 0.735000 0.077500 0.067500
0 0.276250 0.703750 0.057500 0.057500