0 0.380625 0.790000 0.101250 0.100000
0 0.495625 0.429375 0.051250 0.051250
0 0.710000 0.893750 0.080000 0.080000
0 0.955000 0.320000 0.065000 0.022500
0 0.837500 0.058125 0.105000 0.036250
0 0.055625 0.856875 0.041250 0.013750
0 0.235000 0.299375 0.082500 0.028750
0 0.506250 0.596250 0.050000 0.057500
0 0.920000 0.725000 0.080000 0.092500
0 0.186250 0.210000 0.070000 0.080000
0 0.963750 0.556250 0.035000 0.040000
0 0.062500 0.294375 0.072500 0.068750
0 0.775625 0.177500 0.111250 0.112500
0 0.840625 0.500625 0.091250 0.091250
0 0.140000 0.652500 0.085000 0.085000
0 0.601250 0.667500 0.072500 0.072500
0 0.623125 0.493125 0.091250 0.091250
0 0.172500 0.415000 0.107500 0.107500
0 0.607500 0.871250 0.047500 0.047500
0 0.322500 0.386250 0.075000 0.075000
0 0.438125 0.421875 0.043750 0.046250
0 0.615625 0.284375 0.043750 0.043750
0 0.353750 0.235000 0.062500 0.062500
0 0.525000 0.301250 0.112500 0.112500
0 0.936875 0.945625 0.043750 0.043750
0 0.358750 0.568750 0.110000 0.090000
0 0.515000 0.105625 0.102500 0.083750
0 0.798125 0.908750 0.056250 0.045000
0 0.741875 0.281875 0.061250 0.058750
0 0.488125 0.798750 0.091250 0.087500
0 0.285000 0.827500 0.055000 0.062500
0 0.189375 0.873125 0.073750 0.083750
0 0.755000 0.777500 0.060000 0.072500
0 0.059375 0.708750 0.046250 0.027500
0 0.385000 0.922500 0.085000 0.050000
0 0.653750 0.100000 0.105000 0.062500
0 0.307500 0.174375 0.045000 0.026250
0 0.646875 0.776875 0.081250 0.081250
0 0.066250 0.411250 0.087500 0.087500
0 0.643125 0.184375 0.086250 0.086250
0 0.933125 0.400625 0.076250 0.063750
0 0.261250 0.112500 0.077500 0.065000
0 0.163125 0.111875 0.098750 0.098750
0 0.393750 0.080000 0.092500 0.092500
0 0.561875 0.410625 0.031250 0.031250
0 0.096250 0.550625 0.062500 0.063750
0 0.733750 0.542500 0.087500 0.087500
0 0.907500 0.157500 0.042500 0.042500
0 0.910000 0.860000 0.112500 0.112500
0 0.391250 0.682500 0.082500 0.082500
0 0.878125 0.298125 0.031250 0.031250
0 0.032500 0.067500 0.035000 0.035000
0 0.206250 0.520000 0.067500 0.067500
0 0.476875 0.509375 0.063750 0.063750
0 0.836875 0.601875 0.081250 0.081250
0 0.255625 0.611250 0.076250 0.072500
0 0.489375 0.698750 0.036250 0.035000
0 0.130625 0.785625 0.086250 0.068750
0 0.759375 0.693125 0.051250 0.051250
0 0.718750 0.407500 0.082500 0.082500
0 0.064375 0.168125 0.078750 0.073750
0 0.325000 0.474375 0.072500 0.071250
0 0.833125 0.411875 0.093750 0.066250
0 0.833125 0.735000 0.066250 0.060000
0 0.048750 0.651250 0.055000 0.055000
0 0.085625 0.926875 0.096250 0.096250
0 0.443750 0.231250 0.030000 0.047500
0 0.966250 0.128125 0.040000 0.063750