0 0.820000 0.615000 0.037500 0.035000
0 0.143750 0.050000 0.025000 0.025000
0 0.310625 0.315625 0.091250 0.091250
0 0.809375 0.494375 0.078750 0.068750
0 0.140000 0.308125 0.110000 0.096250
0 0.425000 0.441250 0.112500 0.097500
0 0.604375 0.478125 0.101250 0.088750
0 0.299375 0.733125 0.071250 0.051250
0 0.826250 0.762500 0.072500 0.052500
0 0.178750 0.804375 0.025000 0.023750
0 0.595625 0.758125 0.098750 0.096250
0 0.181875 0.609375 0.111250 0.108750
0 0.224375 0.198125 0.078750 0.071250
0 0.061875 0.108750 0.083750 0.075000
0 0.071875 0.614375 0.041250 0.028750
0 0.092500 0.201875 0.035000 0.023750
0 0.288750 0.871250 0.087500 0.087500
0 0.734375 0.579375 0.076250 0.076250
0 0.170625 0.440625 0.091250 0.091250
0 0.515000 0.108750 0.082500 0.067500
0 0.884375 0.920000 0.063750 0.052500
0 0.310625 0.474375 0.058750 0.058750
0 0.491875 0.713125 0.086250 0.086250
0 0.045625 0.273125 0.048750 0.048750
0 0.856250 0.217500 0.027500 0.027500
0 0.051250 0.888750 0.032500 0.032500
0 0.573125 0.370625 0.098750 0.098750
0 0.723125 0.083125 0.101250 0.101250
0 0.839375 0.300625 0.068750 0.058750
0 0.858750 0.840625 0.027500 0.023750
0 0.683750 0.233750 0.090000 0.077500
0 0.851250 0.560625 0.025000 0.026250
0 0.719375 0.836875 0.073750 0.073750
0 0.899375 0.496250 0.073750 0.085000
0 0.551250 0.868750 0.082500 0.095000
0 0.433125 0.324375 0.081250 0.081250
0 0.744375 0.391250 0.096250 0.105000
0 0.037500 0.493750 0.050000 0.050000
0 0.112500 0.817500 0.090000 0.090000
0 0.838125 0.152500 0.098750 0.087500
0 0.436875 0.843125 0.038750 0.038750
0 0.950000 0.308750 0.065000 0.057500
0 0.363750 0.067500 0.110000 0.110000
0 0.202500 0.711875 0.072500 0.073750
0 0.053750 0.200000 0.025000 0.025000
0 0.720625 0.705625 0.038750 0.038750
0 0.072500 0.950000 0.050000 0.050000
0 0.752500 0.931250 0.045000 0.045000
0 0.676250 0.777500 0.030000 0.030000
0 0.565625 0.608125 0.053750 0.053750
0 0.431250 0.942500 0.062500 0.062500
0 0.393750 0.752500 0.075000 0.072500
0 0.393750 0.548750 0.070000 0.067500
0 0.944375 0.699375 0.083750 0.081250
0 0.582500 0.218750 0.092500 0.090000
0 0.780625 0.676875 0.053750 0.053750
0 0.347500 0.205000 0.090000 0.090000
0 0.906250 0.375625 0.060000 0.058750
0 0.245625 0.083750 0.103750 0.102500
0 0.930000 0.805625 0.092500 0.091250
0 0.493125 0.191250 0.068750 0.067500
0 0.290625 0.570625 0.046250 0.046250
0 0.111875 0.716875 0.071250 0.071250
0 0.628125 0.588125 0.051250 0.051250
0 0.485625 0.593125 0.073750 0.073750
0 0.295625 0.653125 0.066250 0.063750
0 0.228750 0.779375 0.035000 0.033750
0 0.375000 0.850000 0.045000 0.042500
0 0.640625 0.081875 0.048750 0.046250
0 0.934375 0.205625 0.043750 0.043750
0 0.910625 0.068125 0.061250 0.061250
0 0.927500 0.571250 0.045000 0.040000
0 0.814375 0.921250 0.056250 0.050000