0 0.638750 0.351250 0.037500 0.037500
0 0.766250 0.180625 0.047500 0.031250
0 0.883125 0.724375 0.063750 0.051250
0 0.316250 0.774375 0.027500 0.021250
0 0.676875 0.614375 0.026250 0.021250
0 0.766875 0.648125 0.048750 0.048750
0 0.442500 0.379375 0.047500 0.031250
0 0.743125 0.071875 0.038750 0.038750
0 0.565000 0.102500 0.077500 0.077500
0 0.586250 0.321250 0.035000 0.035000
0 0.343125 0.293125 0.098750 0.098750
0 0.757500 0.436250 0.112500 0.112500
0 0.342500 0.096250 0.100000 0.100000
0 0.453125 0.154375 0.068750 0.068750
0 0.780000 0.900000 0.087500 0.087500
0 0.938125 0.619375 0.098750 0.098750
0 0.491250 0.891250 0.087500 0.087500
0 0.132500 0.687500 0.107500 0.107500
0 0.901875 0.494375 0.058750 0.058750
0 0.581250 0.691250 0.072500 0.072500
0 0.786250 0.801250 0.075000 0.075000
0 0.683750 0.845000 0.055000 0.055000
0 0.176875 0.223125 0.026250 0.026250
0 0.055000 0.516875 0.040000 0.036250
0 0.915625 0.329375 0.076250 0.076250
0 0.092500 0.822500 0.025000 0.022500
0 0.560625 0.581250 0.031250 0.030000
0 0.473125 0.293125 0.083750 0.083750
0 0.799375 0.706250 0.041250 0.050000
0 0.452500 0.683125 0.080000 0.048750
0 0.243750 0.569375 0.090000 0.116250
0 0.665000 0.151875 0.030000 0.038750
0 0.908750 0.158750 0.077500 0.100000
0 0.973125 0.853125 0.026250 0.021250
0 0.296250 0.870000 0.105000 0.105000
0 0.443125 0.518125 0.068750 0.068750
0 0.331875 0.174375 0.038750 0.038750
0 0.540000 0.511250 0.077500 0.077500
0 0.730625 0.263125 0.111250 0.111250
0 0.206875 0.163750 0.053750 0.052500
0 0.199375 0.445625 0.106250 0.106250
0 0.965000 0.773750 0.040000 0.032500
0 0.495000 0.598750 0.075000 0.075000
0 0.157500 0.323750 0.112500 0.112500
0 0.150000 0.926250 0.050000 0.057500
0 0.062500 0.106875 0.057500 0.056250
0 0.578750 0.791250 0.057500 0.075000
0 0.463750 0.774375 0.090000 0.118750
0 0.896875 0.885000 0.106250 0.140000
0 0.259375 0.680625 0.093750 0.068750
0 0.310625 0.468750 0.056250 0.067500
0 0.113750 0.218750 0.085000 0.075000
0 0.213125 0.056250 0.078750 0.070000
0 0.574375 0.398750 0.031250 0.027500
0 0.161250 0.814375 0.095000 0.083750
0 0.368125 0.610625 0.071250 0.083750
0 0.385000 0.369375 0.032500 0.028750
0 0.774375 0.555625 0.103750 0.093750
0 0.635000 0.233750 0.045000 0.040000
0 0.676875 0.922500 0.088750 0.080000
0 0.589375 0.885000 0.066250 0.062500
0 0.299375 0.395625 0.043750 0.043750
0 0.956250 0.040000 0.060000 0.047500