0 0.222500 0.381250 0.092500 0.092500
0 0.713125 0.375625 0.101250 0.101250
0 0.818750 0.370000 0.042500 0.042500
0 0.191250 0.735000 0.057500 0.057500
0 0.059375 0.651875 0.028750 0.028750
0 0.679375 0.614375 0.046250 0.046250
0 0.561875 0.298125 0.111250 0.111250
0 0.935625 0.803125 0.046250 0.046250
0 0.571875 0.596875 0.078750 0.078750
0 0.850625 0.514375 0.028750 0.031250
0 0.260000 0.845000 0.075000 0.070000
0 0.705625 0.762500 0.111250 0.132500
0 0.381875 0.874375 0.068750 0.081250
0 0.928750 0.187500 0.037500 0.042500
0 0.549375 0.773750 0.096250 0.110000
0 0.921250 0.430625 0.042500 0.048750
0 0.830625 0.830000 0.061250 0.070000
0 0.886875 0.866250 0.031250 0.037500
0 0.813750 0.733125 0.067500 0.081250
0 0.650625 0.281875 0.026250 0.031250
0 0.201875 0.628750 0.056250 0.067500
0 0.201250 0.520000 0.102500 0.095000
0 0.735625 0.613750 0.051250 0.047500
0 0.723125 0.485000 0.041250 0.037500
0 0.489375 0.403125 0.061250 0.056250
0 0.120000 0.401250 0.060000 0.060000
0 0.908125 0.508125 0.068750 0.068750
0 0.188750 0.231250 0.107500 0.107500
0 0.295625 0.104375 0.111250 0.111250
0 0.859375 0.266875 0.046250 0.046250
0 0.406250 0.580000 0.090000 0.090000
0 0.685625 0.174375 0.096250 0.096250
0 0.489375 0.101250 0.096250 0.070000
0 0.820625 0.045000 0.076250 0.055000
0 0.744375 0.265000 0.088750 0.065000
0 0.276250 0.243750 0.052500 0.052500
0 0.650625 0.065625 0.068750 0.068750
0 0.181250 0.095000 0.102500 0.102500
0 0.362500 0.382500 0.100000 0.100000
0 0.328750 0.628750 0.027500 0.027500
0 0.424375 0.280625 0.083750 0.058750
0 0.667500 0.533750 0.050000 0.050000
0 0.804375 0.134375 0.026250 0.026250
0 0.944375 0.074375 0.036250 0.036250
0 0.925625 0.114375 0.028750 0.028750
0 0.659375 0.895625 0.096250 0.096250
0 0.893750 0.072500 0.032500 0.032500
0 0.586250 0.472500 0.072500 0.072500
0 0.038125 0.240625 0.043750 0.038750
0 0.825000 0.627500 0.097500 0.097500
0 0.936250 0.685000 0.085000 0.085000
0 0.075000 0.082500 0.090000 0.090000
0 0.276250 0.643750 0.045000 0.045000
0 0.107500 0.726250 0.090000 0.090000
0 0.456250 0.027500 0.037500 0.027500
0 0.437500 0.725000 0.095000 0.095000
0 0.067500 0.848750 0.102500 0.102500
0 0.558125 0.888125 0.076250 0.076250
0 0.140000 0.598750 0.035000 0.035000
0 0.972500 0.162500 0.030000 0.030000
0 0.741250 0.557500 0.047500 0.037500
0 0.322500 0.478750 0.087500 0.070000
0 0.581250 0.064375 0.055000 0.043750
0 0.573125 0.117500 0.051250 0.040000
0 0.183750 0.852500 0.050000 0.050000