0 0.360000 0.482500 0.062500 0.065000
0 0.560000 0.869375 0.045000 0.046250
0 0.940625 0.822500 0.083750 0.087500
0 0.305625 0.087500 0.056250 0.060000
0 0.826250 0.128750 0.035000 0.037500
0 0.146875 0.665625 0.103750 0.178750
0 0.110625 0.441875 0.093750 0.161250
0 0.919375 0.532500 0.033750 0.057500
0 0.527500 0.265000 0.105000 0.105000
0 0.234375 0.139375 0.051250 0.051250
0 0.788750 0.726250 0.112500 0.112500
0 0.333750 0.402500 0.055000 0.055000
0 0.940000 0.105625 0.082500 0.066250
0 0.498750 0.925000 0.025000 0.025000
0 0.665625 0.786875 0.051250 0.051250
0 0.197500 0.286250 0.105000 0.105000
0 0.514375 0.145625 0.056250 0.056250
0 0.118125 0.140625 0.108750 0.108750
0 0.732500 0.128750 0.092500 0.092500
0 0.586875 0.615625 0.051250 0.051250
0 0.714375 0.639375 0.038750 0.038750
0 0.695000 0.521250 0.040000 0.040000
0 0.610625 0.911875 0.031250 0.031250
0 0.275000 0.748750 0.037500 0.037500
0 0.318125 0.648125 0.041250 0.043750
0 0.399375 0.222500 0.071250 0.067500
0 0.867500 0.466250 0.032500 0.032500
0 0.580625 0.725000 0.026250 0.027500
0 0.966875 0.260625 0.038750 0.041250
0 0.672500 0.888125 0.052500 0.036250
0 0.870000 0.267500 0.110000 0.110000
0 0.648125 0.335625 0.043750 0.043750
0 0.785000 0.436250 0.090000 0.090000
0 0.486250 0.738750 0.045000 0.022500
0 0.600000 0.503750 0.070000 0.070000
0 0.818750 0.577500 0.047500 0.047500
0 0.247500 0.488750 0.072500 0.072500
0 0.495625 0.423750 0.083750 0.087500
0 0.825625 0.865625 0.056250 0.056250
0 0.046250 0.030000 0.027500 0.027500
0 0.437500 0.920000 0.075000 0.075000
0 0.067500 0.868750 0.085000 0.092500
0 0.304375 0.911875 0.083750 0.083750
0 0.306875 0.248750 0.053750 0.055000
0 0.425625 0.095000 0.101250 0.102500
0 0.928125 0.446250 0.063750 0.065000
0 0.695000 0.430625 0.067500 0.068750
0 0.179375 0.855625 0.056250 0.056250
0 0.490625 0.781875 0.033750 0.033750
0 0.386250 0.801250 0.047500 0.047500
0 0.479375 0.611250 0.026250 0.022500
0 0.630625 0.151250 0.033750 0.030000
0 0.935625 0.720000 0.103750 0.092500
0 0.745000 0.245000 0.100000 0.080000
0 0.478750 0.682500 0.087500 0.070000
0 0.085000 0.291250 0.070000 0.070000
0 0.051250 0.677500 0.035000 0.035000
0 0.253750 0.668750 0.050000 0.050000
0 0.426875 0.313125 0.078750 0.078750
0 0.648750 0.622500 0.057500 0.047500
0 0.741250 0.339375 0.092500 0.076250
0 0.764375 0.876250 0.046250 0.040000
0 0.474375 0.556250 0.026250 0.022500
0 0.456875 0.187500 0.028750 0.027500
0 0.893750 0.935625 0.055000 0.053750
0 0.246875 0.806250 0.046250 0.045000
0 0.357500 0.578750 0.060000 0.057500
0 0.561250 0.936875 0.050000 0.048750
0 0.196875 0.430625 0.026250 0.026250
0 0.563750 0.066250 0.087500 0.087500
0 0.054375 0.784375 0.031250 0.031250
0 0.274375 0.575625 0.063750 0.063750
0 0.036250 0.380000 0.037500 0.037500
0 0.455625 0.844375 0.056250 0.056250
0 0.646250 0.230625 0.060000 0.048750