0 0.706250 0.293125 0.095000 0.103750
0 0.366250 0.104375 0.112500 0.123750
0 0.654375 0.731250 0.071250 0.077500
0 0.246875 0.670000 0.063750 0.070000
0 0.126875 0.846875 0.053750 0.053750
0 0.611250 0.248750 0.057500 0.057500
0 0.411875 0.796875 0.081250 0.081250
0 0.315000 0.400000 0.087500 0.087500
0 0.722500 0.891875 0.087500 0.086250
0 0.129375 0.655000 0.033750 0.032500
0 0.902500 0.718125 0.042500 0.041250
0 0.161250 0.730625 0.082500 0.081250
0 0.646875 0.565625 0.061250 0.061250
0 0.180000 0.380000 0.055000 0.055000
0 0.752500 0.576250 0.077500 0.077500
0 0.147500 0.165000 0.085000 0.085000
0 0.493125 0.214375 0.028750 0.028750
0 0.220625 0.829375 0.071250 0.071250
0 0.874375 0.099375 0.036250 0.036250
0 0.815625 0.365625 0.086250 0.086250
0 0.051875 0.130625 0.038750 0.046250
0 0.611250 0.074375 0.100000 0.088750
0 0.270625 0.521875 0.073750 0.071250
0 0.083125 0.276875 0.103750 0.101250
0 0.611250 0.397500 0.032500 0.030000
0 0.901875 0.917500 0.093750 0.087500
0 0.371250 0.269375 0.097500 0.091250
0 0.853125 0.544375 0.081250 0.076250
0 0.495625 0.490000 0.106250 0.115000
0 0.430625 0.929375 0.061250 0.066250
0 0.536250 0.378750 0.037500 0.037500
0 0.406250 0.641250 0.057500 0.047500
0 0.250625 0.276875 0.106250 0.088750
0 0.621875 0.850625 0.091250 0.091250
0 0.773750 0.775000 0.112500 0.112500
0 0.776875 0.490625 0.041250 0.036250
0 0.849375 0.225000 0.053750 0.047500
0 0.963125 0.061875 0.033750 0.033750
0 0.515625 0.703125 0.098750 0.098750
0 0.053750 0.923750 0.062500 0.062500
0 0.137500 0.541250 0.092500 0.092500
0 0.900000 0.422500 0.030000 0.030000
0 0.916250 0.322500 0.090000 0.090000
0 0.031875 0.750625 0.026250 0.026250
0 0.480625 0.114375 0.081250 0.081250
0 0.910625 0.181875 0.053750 0.053750
0 0.581875 0.585625 0.053750 0.053750
0 0.708750 0.116250 0.065000 0.065000
0 0.236875 0.905000 0.068750 0.060000
0 0.328125 0.811250 0.036250 0.037500
0 0.924375 0.465000 0.031250 0.035000
0 0.053125 0.453125 0.066250 0.046250
0 0.715000 0.465000 0.025000 0.017500
0 0.691250 0.203750 0.072500 0.050000
0 0.805000 0.941875 0.057500 0.053750
0 0.464375 0.274375 0.028750 0.026250
0 0.472500 0.365000 0.072500 0.067500
0 0.200625 0.065000 0.073750 0.070000
0 0.677500 0.379375 0.025000 0.023750
0 0.810625 0.138125 0.061250 0.061250
0 0.786250 0.683750 0.025000 0.025000
0 0.381250 0.556250 0.067500 0.067500
0 0.590625 0.193125 0.038750 0.038750
0 0.336875 0.904375 0.093750 0.093750
0 0.966250 0.690000 0.035000 0.035000
0 0.646250 0.443750 0.035000 0.035000
0 0.858125 0.648125 0.071250 0.071250
0 0.224375 0.438750 0.031250 0.020000
0 0.711875 0.048750 0.058750 0.037500
0 0.948125 0.643750 0.058750 0.037500
0 0.043125 0.515625 0.061250 0.061250
0 0.086250 0.621250 0.032500 0.032500
0 0.899375 0.770625 0.048750 0.048750
0 0.098125 0.038125 0.043750 0.043750
0 0.512500 0.835000 0.065000 0.065000
0 0.215000 0.595625 0.045000 0.043750
0 0.948750 0.545000 0.042500 0.042500
0 0.250625 0.185000 0.096250 0.070000
0 0.533750 0.299375 0.057500 0.041250