0 0.486250 0.667500 0.085000 0.085000
0 0.737500 0.720000 0.097500 0.097500
0 0.921250 0.655000 0.097500 0.097500
0 0.276250 0.551250 0.102500 0.102500
0 0.766875 0.036875 0.033750 0.033750
0 0.323750 0.737500 0.107500 0.107500
0 0.045000 0.904375 0.057500 0.063750
0 0.920000 0.208750 0.025000 0.025000
0 0.189375 0.704375 0.098750 0.098750
0 0.771250 0.607500 0.105000 0.105000
0 0.273125 0.198750 0.056250 0.030000
0 0.036250 0.602500 0.042500 0.022500
0 0.460000 0.842500 0.102500 0.082500
0 0.891875 0.262500 0.026250 0.022500
0 0.856875 0.808750 0.058750 0.050000
0 0.356875 0.380000 0.108750 0.092500
0 0.540625 0.408750 0.076250 0.080000
0 0.798750 0.475625 0.025000 0.026250
0 0.103125 0.503125 0.096250 0.101250
0 0.217500 0.903125 0.075000 0.078750
0 0.621250 0.296250 0.092500 0.092500
0 0.519375 0.265625 0.096250 0.096250
0 0.846250 0.180000 0.105000 0.127500
0 0.725625 0.231250 0.091250 0.090000
0 0.365000 0.485625 0.052500 0.056250
0 0.202500 0.399375 0.087500 0.093750
0 0.238125 0.134375 0.076250 0.076250
0 0.416250 0.073750 0.112500 0.112500
0 0.128125 0.296875 0.081250 0.081250
0 0.753750 0.858750 0.110000 0.110000
0 0.887500 0.043750 0.050000 0.050000
0 0.393125 0.211875 0.091250 0.091250
0 0.614375 0.548125 0.098750 0.098750
0 0.089375 0.653125 0.028750 0.028750
0 0.892500 0.903750 0.040000 0.012500
0 0.546250 0.090625 0.057500 0.051250
0 0.960000 0.868750 0.050000 0.062500
0 0.310625 0.931250 0.026250 0.020000
0 0.592500 0.883125 0.105000 0.081250
0 0.468750 0.551250 0.110000 0.110000
0 0.694375 0.523125 0.041250 0.041250
0 0.660000 0.068750 0.100000 0.100000
0 0.075000 0.756250 0.075000 0.110000
0 0.825625 0.323125 0.043750 0.063750
0 0.833750 0.420625 0.035000 0.051250
0 0.634375 0.669375 0.086250 0.126250
0 0.130625 0.923125 0.081250 0.063750
0 0.105625 0.071875 0.081250 0.081250
0 0.081875 0.183750 0.091250 0.095000
0 0.711875 0.345625 0.071250 0.073750
0 0.923125 0.494375 0.088750 0.088750
0 0.641250 0.438750 0.065000 0.065000
0 0.655000 0.199375 0.030000 0.033750
0 0.200000 0.555625 0.035000 0.038750
0 0.348125 0.648125 0.043750 0.048750
0 0.931875 0.370000 0.088750 0.100000
0 0.931875 0.148125 0.046250 0.026250
0 0.228125 0.291875 0.083750 0.083750
0 0.757500 0.117500 0.052500 0.052500
0 0.617500 0.782500 0.067500 0.067500
0 0.162500 0.622500 0.032500 0.032500
0 0.746250 0.436250 0.040000 0.040000
0 0.529375 0.171875 0.048750 0.048750
0 0.362500 0.296250 0.060000 0.060000
0 0.452500 0.448750 0.040000 0.040000
0 0.236875 0.053125 0.048750 0.048750
0 0.790625 0.401250 0.031250 0.030000
0 0.211250 0.805000 0.072500 0.070000
0 0.580000 0.473750 0.040000 0.035000
0 0.066875 0.405000 0.098750 0.080000
0 0.464375 0.934375 0.058750 0.058750
0 0.214375 0.213125 0.038750 0.038750
0 0.196250 0.491250 0.030000 0.030000
0 0.316250 0.091250 0.057500 0.060000
0 0.807500 0.945000 0.037500 0.037500
0 0.475000 0.757500 0.037500 0.037500
0 0.346250 0.866250 0.087500 0.087500
0 0.646250 0.947500 0.027500 0.027500