0 0.068750 0.347500 0.090000 0.090000
0 0.550625 0.898125 0.111250 0.111250
0 0.346250 0.557500 0.050000 0.050000
0 0.295000 0.408125 0.105000 0.108750
0 0.773750 0.255625 0.092500 0.096250
0 0.948125 0.940625 0.068750 0.066250
0 0.172500 0.933125 0.030000 0.028750
0 0.827500 0.642500 0.060000 0.047500
0 0.328750 0.249375 0.075000 0.093750
0 0.860625 0.750000 0.031250 0.032500
0 0.931250 0.632500 0.097500 0.087500
0 0.748125 0.766250 0.053750 0.040000
0 0.102500 0.096250 0.042500 0.042500
0 0.544375 0.303125 0.083750 0.083750
0 0.421250 0.785625 0.082500 0.093750
0 0.683750 0.491250 0.100000 0.100000
0 0.377500 0.913750 0.052500 0.052500
0 0.357500 0.635000 0.040000 0.040000
0 0.620000 0.056250 0.082500 0.082500
0 0.495000 0.136250 0.025000 0.025000
0 0.095625 0.859375 0.063750 0.063750
0 0.130625 0.786250 0.053750 0.062500
0 0.889375 0.480625 0.096250 0.096250
0 0.907500 0.061250 0.040000 0.040000
0 0.200000 0.046250 0.030000 0.030000
0 0.958750 0.110000 0.025000 0.025000
0 0.521250 0.511250 0.062500 0.062500
0 0.644375 0.155000 0.068750 0.070000
0 0.650000 0.801250 0.030000 0.030000
0 0.941875 0.821875 0.058750 0.058750
0 0.230625 0.527500 0.031250 0.042500
0 0.787500 0.090625 0.085000 0.116250
0 0.143750 0.607500 0.035000 0.047500
0 0.713125 0.679375 0.111250 0.111250
0 0.223750 0.852500 0.095000 0.095000
0 0.156875 0.197500 0.063750 0.067500
0 0.280000 0.082500 0.077500 0.082500
0 0.696875 0.889375 0.106250 0.113750
0 0.579375 0.650625 0.093750 0.091250
0 0.070000 0.561250 0.070000 0.070000
0 0.230000 0.633750 0.112500 0.112500
0 0.886250 0.262500 0.087500 0.087500
0 0.625000 0.728750 0.040000 0.040000
0 0.411250 0.243125 0.070000 0.081250
0 0.425625 0.478125 0.078750 0.091250
0 0.190625 0.453125 0.073750 0.051250
0 0.899375 0.366875 0.091250 0.063750
0 0.212500 0.288125 0.097500 0.068750
0 0.707500 0.083125 0.035000 0.023750
0 0.694375 0.304375 0.043750 0.038750
0 0.325625 0.828750 0.091250 0.085000
0 0.458125 0.907500 0.046250 0.042500
0 0.780625 0.382500 0.083750 0.077500
0 0.473125 0.635625 0.068750 0.063750
0 0.118125 0.721875 0.048750 0.048750
0 0.446875 0.368125 0.041250 0.041250
0 0.527500 0.745000 0.065000 0.065000
0 0.068125 0.453125 0.103750 0.103750
0 0.304375 0.158125 0.033750 0.033750