0 0.503750 0.521250 0.067500 0.045000
0 0.863125 0.073125 0.061250 0.058750
0 0.384375 0.435000 0.111250 0.107500
0 0.531875 0.859375 0.056250 0.053750
0 0.545000 0.689375 0.052500 0.051250
0 0.396875 0.628125 0.061250 0.061250
0 0.471875 0.109375 0.101250 0.101250
0 0.829375 0.800625 0.103750 0.103750
0 0.319375 0.119375 0.033750 0.033750
0 0.071250 0.153750 0.097500 0.097500
0 0.140625 0.931875 0.046250 0.046250
0 0.673750 0.561250 0.105000 0.105000
0 0.443750 0.283750 0.077500 0.077500
0 0.067500 0.340000 0.065000 0.065000
0 0.152500 0.519375 0.025000 0.026250
0 0.891875 0.426875 0.093750 0.093750
0 0.850000 0.592500 0.097500 0.097500
0 0.600000 0.263750 0.092500 0.092500
0 0.188750 0.391875 0.032500 0.041250
0 0.745000 0.290625 0.065000 0.083750
0 0.294375 0.846875 0.046250 0.058750
0 0.678750 0.201250 0.035000 0.035000
0 0.484375 0.390625 0.061250 0.073750
0 0.608125 0.390000 0.068750 0.060000
0 0.755625 0.090625 0.028750 0.028750
0 0.263125 0.553750 0.066250 0.042500
0 0.087500 0.066250 0.032500 0.027500
0 0.307500 0.343750 0.060000 0.050000
0 0.180000 0.780000 0.080000 0.067500
0 0.596250 0.776250 0.045000 0.037500
0 0.264375 0.478750 0.068750 0.075000
0 0.243750 0.055625 0.082500 0.078750
0 0.226250 0.684375 0.087500 0.083750
0 0.942500 0.871250 0.042500 0.042500
0 0.074375 0.656875 0.081250 0.081250
0 0.692500 0.802500 0.105000 0.105000
0 0.224375 0.219375 0.108750 0.108750
0 0.422500 0.896250 0.102500 0.102500
0 0.588125 0.476250 0.066250 0.040000
0 0.886250 0.256250 0.105000 0.065000
0 0.557500 0.941875 0.100000 0.061250
0 0.536250 0.621250 0.085000 0.052500
0 0.215000 0.940000 0.060000 0.060000
0 0.808750 0.893750 0.067500 0.067500
0 0.072500 0.436250 0.102500 0.102500
0 0.960000 0.140625 0.025000 0.038750
0 0.563125 0.133750 0.051250 0.080000
0 0.933125 0.720000 0.086250 0.135000
0 0.768750 0.640625 0.025000 0.038750
0 0.308125 0.688125 0.026250 0.026250
0 0.326875 0.200625 0.068750 0.068750
0 0.383125 0.725625 0.108750 0.108750
0 0.742500 0.392500 0.075000 0.075000
0 0.778750 0.487500 0.082500 0.082500
0 0.202500 0.502500 0.037500 0.037500
0 0.671875 0.066875 0.031250 0.031250
0 0.715000 0.948750 0.025000 0.017500
0 0.771875 0.202500 0.096250 0.067500
0 0.678125 0.646250 0.036250 0.025000
0 0.276875 0.411250 0.038750 0.035000
0 0.146250 0.565000 0.030000 0.027500
0 0.193125 0.860625 0.033750 0.033750
0 0.278125 0.761250 0.071250 0.050000
0 0.162500 0.330000 0.042500 0.042500
0 0.712500 0.693750 0.040000 0.042500
0 0.951250 0.512500 0.025000 0.015000
0 0.086875 0.789375 0.088750 0.088750
0 0.320000 0.952500 0.037500 0.045000