0 0.148125 0.201875 0.043750 0.038750
0 0.359375 0.049375 0.043750 0.038750
0 0.872500 0.378750 0.050000 0.050000
0 0.118750 0.261250 0.040000 0.040000
0 0.710000 0.206250 0.110000 0.110000
0 0.878125 0.565625 0.041250 0.041250
0 0.691250 0.066250 0.065000 0.065000
0 0.480000 0.693750 0.065000 0.065000
0 0.627500 0.673750 0.077500 0.077500
0 0.113750 0.345000 0.097500 0.097500
0 0.391875 0.253125 0.083750 0.096250
0 0.605000 0.336875 0.027500 0.023750
0 0.900000 0.177500 0.062500 0.062500
0 0.746875 0.641875 0.061250 0.061250
0 0.726250 0.723750 0.085000 0.085000
0 0.203750 0.721250 0.107500 0.107500
0 0.291875 0.835625 0.076250 0.076250
0 0.261250 0.063125 0.055000 0.046250
0 0.550625 0.051875 0.076250 0.076250
0 0.500625 0.253125 0.081250 0.081250
0 0.116250 0.125000 0.077500 0.077500
0 0.563750 0.457500 0.065000 0.047500
0 0.873750 0.853125 0.085000 0.061250
0 0.474375 0.519375 0.081250 0.058750
0 0.068750 0.808750 0.112500 0.082500
0 0.241875 0.566875 0.111250 0.116250
0 0.615625 0.531875 0.073750 0.076250
0 0.722500 0.830000 0.067500 0.070000
0 0.431250 0.823750 0.060000 0.062500
0 0.303125 0.429375 0.076250 0.076250
0 0.121250 0.596250 0.100000 0.100000
0 0.701250 0.351250 0.085000 0.085000
0 0.449375 0.141875 0.106250 0.106250
0 0.813750 0.717500 0.055000 0.055000
0 0.205625 0.838125 0.078750 0.078750
0 0.202500 0.207500 0.037500 0.037500
0 0.626875 0.795000 0.076250 0.097500
0 0.343125 0.713750 0.071250 0.070000
0 0.761875 0.498125 0.111250 0.108750
0 0.510625 0.369375 0.108750 0.106250
0 0.906250 0.694375 0.050000 0.048750
0 0.772500 0.307500 0.032500 0.032500
0 0.280000 0.204375 0.090000 0.088750
0 0.933125 0.398125 0.026250 0.026250
0 0.966250 0.049375 0.032500 0.023750
0 0.053750 0.240000 0.060000 0.072500
0 0.568125 0.144375 0.086250 0.086250
0 0.383750 0.623750 0.035000 0.035000
0 0.103750 0.467500 0.112500 0.112500
0 0.286250 0.316250 0.110000 0.110000
0 0.698750 0.930000 0.080000 0.080000
0 0.895625 0.270625 0.098750 0.098750
0 0.887500 0.098750 0.080000 0.080000
0 0.603750 0.937500 0.070000 0.070000
0 0.356250 0.515000 0.067500 0.067500
0 0.228750 0.928750 0.080000 0.080000
0 0.788125 0.933125 0.058750 0.058750
0 0.336250 0.928750 0.102500 0.090000
0 0.901875 0.627500 0.051250 0.045000
0 0.145625 0.922500 0.068750 0.067500
0 0.828125 0.179375 0.028750 0.028750
0 0.488125 0.626250 0.081250 0.052500
0 0.086875 0.706875 0.088750 0.088750
0 0.828125 0.653125 0.058750 0.058750
0 0.808750 0.586250 0.037500 0.037500
0 0.393750 0.341250 0.065000 0.065000
0 0.537500 0.796250 0.055000 0.055000
0 0.946875 0.873750 0.041250 0.075000
0 0.799375 0.812500 0.043750 0.080000
0 0.874375 0.507500 0.026250 0.047500
0 0.606875 0.261875 0.078750 0.078750
0 0.048125 0.918125 0.071250 0.071250
0 0.861250 0.791250 0.040000 0.040000
0 0.048750 0.627500 0.027500 0.027500
0 0.781875 0.046875 0.028750 0.028750
0 0.413125 0.713125 0.033750 0.033750
0 0.461250 0.455000 0.030000 0.030000
0 0.195625 0.100625 0.043750 0.043750
0 0.387500 0.428750 0.047500 0.047500