0 0.170000 0.915000 0.105000 0.105000
0 0.426875 0.583125 0.076250 0.076250
0 0.789375 0.498125 0.038750 0.038750
0 0.213125 0.268125 0.048750 0.056250
0 0.673125 0.419375 0.086250 0.093750
0 0.625625 0.750625 0.026250 0.028750
0 0.048750 0.261250 0.072500 0.072500
0 0.596250 0.113750 0.077500 0.077500
0 0.295625 0.518125 0.078750 0.078750
0 0.751250 0.236250 0.087500 0.087500
0 0.168750 0.550000 0.107500 0.107500
0 0.303125 0.925625 0.063750 0.063750
0 0.251250 0.196250 0.037500 0.035000
0 0.902500 0.702500 0.077500 0.077500
0 0.390625 0.145625 0.103750 0.103750
0 0.960000 0.917500 0.035000 0.025000
0 0.778125 0.100625 0.106250 0.078750
0 0.514375 0.378125 0.046250 0.033750
0 0.915000 0.500625 0.085000 0.053750
0 0.832500 0.743750 0.042500 0.050000
0 0.945000 0.410625 0.062500 0.081250
0 0.839375 0.845625 0.071250 0.071250
0 0.533750 0.603750 0.045000 0.045000
0 0.368750 0.768750 0.100000 0.100000
0 0.337500 0.367500 0.100000 0.100000
0 0.073125 0.819375 0.073750 0.073750
0 0.915000 0.263125 0.077500 0.078750
0 0.621250 0.656875 0.100000 0.101250
0 0.173125 0.829375 0.026250 0.026250
0 0.061875 0.638125 0.066250 0.066250
0 0.265625 0.070625 0.111250 0.111250
0 0.241250 0.701250 0.112500 0.112500
0 0.533125 0.954375 0.038750 0.023750
0 0.790625 0.681250 0.026250 0.015000
0 0.720625 0.843125 0.106250 0.083750
0 0.831875 0.405000 0.111250 0.112500
0 0.517500 0.053750 0.040000 0.040000
0 0.878750 0.175625 0.050000 0.058750
0 0.196250 0.417500 0.097500 0.115000
0 0.576875 0.268750 0.086250 0.102500
0 0.691875 0.520625 0.093750 0.086250
0 0.065000 0.156250 0.090000 0.072500
0 0.080625 0.364375 0.103750 0.083750
0 0.820625 0.602500 0.068750 0.055000
0 0.125625 0.064375 0.076250 0.061250
0 0.544375 0.533125 0.066250 0.066250
0 0.062500 0.510000 0.062500 0.077500
0 0.481875 0.670000 0.053750 0.067500
0 0.501875 0.871250 0.093750 0.087500
0 0.476875 0.435625 0.043750 0.041250
0 0.540625 0.769375 0.093750 0.088750
0 0.927500 0.076875 0.090000 0.086250
0 0.453125 0.261875 0.098750 0.098750
0 0.858125 0.103125 0.028750 0.026250
0 0.065625 0.723125 0.083750 0.083750
0 0.720000 0.698750 0.077500 0.077500