0 0.480625 0.886875 0.106250 0.106250
0 0.720625 0.696875 0.033750 0.033750
0 0.555625 0.171875 0.103750 0.103750
0 0.773125 0.183125 0.056250 0.056250
0 0.615625 0.543125 0.051250 0.051250
0 0.211875 0.866875 0.081250 0.081250
0 0.245625 0.134375 0.058750 0.058750
0 0.619375 0.346875 0.103750 0.103750
0 0.938750 0.468750 0.047500 0.047500
0 0.824375 0.500625 0.081250 0.081250
0 0.095000 0.241250 0.025000 0.025000
0 0.249375 0.745625 0.048750 0.033750
0 0.757500 0.797500 0.065000 0.060000
0 0.913125 0.657500 0.051250 0.047500
0 0.240000 0.646875 0.092500 0.086250
0 0.272500 0.278750 0.072500 0.072500
0 0.846875 0.851875 0.083750 0.083750
0 0.441875 0.514375 0.043750 0.043750
0 0.653750 0.711250 0.070000 0.070000
0 0.300000 0.378750 0.075000 0.075000
0 0.210625 0.550625 0.041250 0.041250
0 0.339375 0.898125 0.071250 0.071250
0 0.445000 0.619375 0.095000 0.068750
0 0.866875 0.414375 0.033750 0.023750
0 0.118125 0.481875 0.066250 0.058750
0 0.043750 0.220000 0.055000 0.055000
0 0.779375 0.740625 0.033750 0.033750
0 0.904375 0.083125 0.093750 0.093750
0 0.505000 0.431250 0.107500 0.107500
0 0.074375 0.351875 0.093750 0.093750
0 0.415000 0.256250 0.067500 0.067500
0 0.354375 0.076875 0.088750 0.088750
0 0.119375 0.664375 0.076250 0.076250
0 0.335000 0.820000 0.050000 0.050000
0 0.605625 0.841875 0.073750 0.073750
0 0.808125 0.060625 0.033750 0.033750
0 0.454375 0.163125 0.056250 0.056250
0 0.720625 0.873125 0.038750 0.038750
0 0.529375 0.551875 0.053750 0.053750
0 0.352500 0.546250 0.047500 0.047500
0 0.746875 0.323750 0.106250 0.100000
0 0.341875 0.460625 0.068750 0.063750
0 0.796250 0.651875 0.037500 0.033750
0 0.908750 0.740625 0.107500 0.098750
0 0.720625 0.249375 0.031250 0.028750
0 0.178125 0.323125 0.056250 0.056250
0 0.723750 0.438750 0.067500 0.067500
0 0.145000 0.081250 0.080000 0.080000
0 0.068125 0.824375 0.046250 0.046250
0 0.906250 0.258750 0.107500 0.107500
0 0.328125 0.606250 0.056250 0.055000
0 0.371250 0.697500 0.067500 0.067500
0 0.223125 0.196250 0.041250 0.050000
0 0.488125 0.760625 0.103750 0.103750