0 0.640000 0.403750 0.112500 0.137500
0 0.428125 0.500000 0.111250 0.157500
0 0.817500 0.411875 0.087500 0.123750
0 0.173125 0.906875 0.088750 0.088750
0 0.185000 0.198750 0.105000 0.105000
0 0.400625 0.141875 0.031250 0.031250
0 0.385625 0.221875 0.073750 0.073750
0 0.850625 0.195625 0.106250 0.106250
0 0.312500 0.866250 0.112500 0.110000
0 0.455000 0.688750 0.102500 0.100000
0 0.629375 0.861250 0.058750 0.040000
0 0.939375 0.761250 0.051250 0.035000
0 0.162500 0.341875 0.067500 0.046250
0 0.080000 0.748750 0.095000 0.095000
0 0.494375 0.920625 0.096250 0.096250
0 0.868750 0.823750 0.067500 0.067500
0 0.201875 0.696875 0.028750 0.016250
0 0.207500 0.647500 0.040000 0.022500
0 0.594375 0.693125 0.091250 0.066250
0 0.212500 0.067500 0.097500 0.097500
0 0.301250 0.376250 0.112500 0.112500
0 0.116250 0.496250 0.025000 0.025000
0 0.600625 0.170625 0.071250 0.071250
0 0.558750 0.268125 0.110000 0.106250
0 0.076875 0.643125 0.101250 0.098750
0 0.875000 0.049375 0.040000 0.038750
0 0.418125 0.083125 0.061250 0.058750
0 0.318750 0.707500 0.070000 0.070000
0 0.711875 0.771875 0.073750 0.066250
0 0.058750 0.897500 0.070000 0.070000
0 0.587500 0.560000 0.092500 0.092500
0 0.959375 0.099375 0.033750 0.033750
0 0.480625 0.775625 0.058750 0.056250
0 0.890625 0.630000 0.028750 0.027500
0 0.173125 0.595625 0.056250 0.056250
0 0.585625 0.050625 0.066250 0.066250
0 0.931875 0.419375 0.093750 0.093750
0 0.426250 0.328750 0.092500 0.092500
0 0.800625 0.598750 0.081250 0.075000
0 0.325625 0.581875 0.033750 0.031250
0 0.906875 0.551250 0.108750 0.100000
0 0.699375 0.898125 0.066250 0.061250
0 0.941250 0.910000 0.070000 0.070000
0 0.916875 0.314375 0.046250 0.046250
0 0.771250 0.080625 0.097500 0.086250
0 0.835000 0.732500 0.105000 0.092500
0 0.191250 0.776250 0.090000 0.080000
0 0.540000 0.121875 0.027500 0.023750
0 0.481250 0.163750 0.050000 0.050000
0 0.678125 0.279375 0.078750 0.078750
0 0.173750 0.446250 0.025000 0.025000
0 0.261875 0.542500 0.071250 0.072500
0 0.686250 0.150000 0.045000 0.045000
0 0.315625 0.111875 0.046250 0.046250
0 0.090625 0.080625 0.103750 0.103750
0 0.313750 0.955000 0.040000 0.040000
0 0.523125 0.079375 0.038750 0.038750
0 0.065000 0.305625 0.095000 0.103750
0 0.398125 0.806875 0.038750 0.038750
0 0.383125 0.954375 0.031250 0.031250
0 0.701875 0.676875 0.078750 0.078750
0 0.808750 0.953750 0.032500 0.032500
0 0.046250 0.173750 0.067500 0.062500
0 0.731250 0.210000 0.025000 0.022500
0 0.961250 0.641250 0.025000 0.030000
0 0.052500 0.426875 0.060000 0.058750
0 0.271875 0.208750 0.031250 0.032500
0 0.280625 0.266875 0.061250 0.061250
0 0.610625 0.918125 0.043750 0.043750
0 0.112500 0.550000 0.045000 0.045000
0 0.662500 0.088750 0.040000 0.040000
0 0.477500 0.610000 0.035000 0.035000
0 0.726250 0.512500 0.062500 0.062500
0 0.865625 0.908125 0.046250 0.046250
0 0.406250 0.888750 0.060000 0.060000
0 0.788125 0.531875 0.033750 0.033750
0 0.330625 0.505000 0.043750 0.062500
0 0.614375 0.790625 0.058750 0.046250
0 0.925000 0.813750 0.025000 0.025000
0 0.966875 0.175625 0.033750 0.033750
0 0.052500 0.538750 0.047500 0.047500
0 0.952500 0.261250 0.040000 0.035000
0 0.528125 0.408750 0.073750 0.065000
0 0.676875 0.599375 0.051250 0.051250
0 0.301250 0.638750 0.047500 0.047500