0 0.507500 0.428750 0.085000 0.085000
0 0.157500 0.088750 0.047500 0.047500
0 0.195000 0.267500 0.100000 0.100000
0 0.715000 0.665000 0.102500 0.102500
0 0.585000 0.432500 0.027500 0.027500
0 0.574375 0.570625 0.073750 0.073750
0 0.356875 0.170625 0.103750 0.103750
0 0.058750 0.712500 0.077500 0.077500
0 0.068125 0.350625 0.031250 0.031250
0 0.055625 0.801875 0.076250 0.076250
0 0.274375 0.533125 0.103750 0.091250
0 0.048750 0.280000 0.032500 0.032500
0 0.655625 0.078125 0.098750 0.111250
0 0.152500 0.468125 0.090000 0.101250
0 0.241875 0.746875 0.038750 0.038750
0 0.900000 0.591250 0.112500 0.112500
0 0.526250 0.223750 0.102500 0.102500
0 0.266250 0.888750 0.080000 0.080000
0 0.892500 0.098125 0.090000 0.091250
0 0.046250 0.403750 0.035000 0.035000
0 0.319375 0.407500 0.061250 0.062500
0 0.599375 0.714375 0.088750 0.071250
0 0.720625 0.253125 0.036250 0.028750
0 0.355000 0.576250 0.025000 0.020000
0 0.495625 0.106875 0.066250 0.053750
0 0.150000 0.778125 0.047500 0.041250
0 0.926250 0.387500 0.112500 0.115000
0 0.616875 0.854375 0.111250 0.143750
0 0.395625 0.641250 0.073750 0.095000
0 0.843750 0.757500 0.112500 0.115000
0 0.695625 0.329375 0.103750 0.098750
0 0.475625 0.040625 0.046250 0.043750
0 0.673750 0.442500 0.100000 0.095000
0 0.789375 0.477500 0.063750 0.060000
0 0.471875 0.865625 0.093750 0.093750
0 0.346875 0.318125 0.101250 0.101250
0 0.048125 0.135625 0.036250 0.036250
0 0.662500 0.240000 0.060000 0.060000
0 0.845000 0.285000 0.092500 0.060000
0 0.496875 0.327500 0.096250 0.087500
0 0.130000 0.610000 0.097500 0.087500
0 0.500000 0.758125 0.085000 0.076250
0 0.772500 0.163750 0.100000 0.090000
0 0.358125 0.065625 0.041250 0.041250
0 0.756250 0.921250 0.090000 0.090000
0 0.318125 0.713125 0.058750 0.058750
0 0.970000 0.155000 0.035000 0.035000
0 0.380000 0.482500 0.045000 0.045000
0 0.363750 0.897500 0.075000 0.075000
0 0.245000 0.100000 0.100000 0.100000
0 0.904375 0.875625 0.083750 0.078750
0 0.447500 0.512500 0.030000 0.027500
0 0.215000 0.366250 0.087500 0.082500
0 0.847500 0.456250 0.025000 0.025000
0 0.108750 0.895000 0.070000 0.070000
0 0.398125 0.765625 0.081250 0.086250
0 0.238750 0.659375 0.052500 0.056250
0 0.784375 0.067500 0.103750 0.067500
0 0.456250 0.958125 0.040000 0.026250
0 0.120000 0.348750 0.032500 0.032500
0 0.798750 0.379375 0.087500 0.106250
0 0.081875 0.197500 0.053750 0.065000
0 0.178750 0.845000 0.047500 0.057500
0 0.787500 0.566250 0.055000 0.060000
0 0.311250 0.789375 0.072500 0.068750
0 0.941875 0.681875 0.036250 0.036250
0 0.600625 0.331875 0.048750 0.043750
0 0.236875 0.449375 0.046250 0.041250
0 0.729375 0.553125 0.041250 0.036250
0 0.926250 0.480000 0.052500 0.047500
0 0.542500 0.502500 0.070000 0.042500
0 0.665625 0.156875 0.026250 0.023750
0 0.952500 0.228750 0.062500 0.062500
0 0.056250 0.507500 0.075000 0.075000
0 0.948125 0.814375 0.028750 0.023750
0 0.074375 0.054375 0.073750 0.073750
0 0.733125 0.796875 0.063750 0.063750