0 0.700000 0.810000 0.092500 0.090000
0 0.415000 0.720625 0.052500 0.056250
0 0.245625 0.291875 0.038750 0.041250
0 0.756250 0.080625 0.090000 0.096250
0 0.903750 0.481250 0.042500 0.045000
0 0.045000 0.908750 0.047500 0.047500
0 0.216875 0.381875 0.103750 0.103750
0 0.469375 0.554375 0.078750 0.078750
0 0.229375 0.197500 0.073750 0.075000
0 0.227500 0.541250 0.065000 0.065000
0 0.580625 0.473125 0.111250 0.111250
0 0.551250 0.255000 0.037500 0.037500
0 0.229375 0.673125 0.046250 0.046250
0 0.446250 0.408750 0.045000 0.045000
0 0.563125 0.678125 0.091250 0.091250
0 0.686250 0.930000 0.030000 0.030000
0 0.056875 0.435625 0.031250 0.031250
0 0.473125 0.253125 0.101250 0.101250
0 0.136875 0.350625 0.028750 0.028750
0 0.921875 0.286250 0.073750 0.072500
0 0.906250 0.830625 0.047500 0.046250
0 0.348125 0.883750 0.106250 0.105000
0 0.188125 0.805000 0.098750 0.097500
0 0.906250 0.137500 0.085000 0.085000
0 0.155000 0.678750 0.082500 0.082500
0 0.684375 0.211875 0.098750 0.098750
0 0.746250 0.430000 0.112500 0.112500
0 0.767500 0.530000 0.072500 0.072500
0 0.523750 0.927500 0.065000 0.065000
0 0.966250 0.907500 0.030000 0.030000
0 0.831875 0.708125 0.028750 0.028750
0 0.387500 0.638750 0.075000 0.075000
0 0.107500 0.177500 0.087500 0.087500
0 0.171250 0.915000 0.107500 0.107500
0 0.639375 0.586250 0.033750 0.032500
0 0.806250 0.801875 0.060000 0.058750
0 0.908125 0.626875 0.111250 0.111250
0 0.677500 0.302500 0.027500 0.027500
0 0.848125 0.368125 0.068750 0.068750
0 0.595000 0.388750 0.037500 0.037500
0 0.290625 0.074375 0.103750 0.103750
0 0.706875 0.635000 0.086250 0.077500
0 0.351875 0.310625 0.103750 0.093750
0 0.201250 0.452500 0.025000 0.022500
0 0.480625 0.101250 0.106250 0.137500
0 0.599375 0.769375 0.058750 0.058750
0 0.756250 0.321250 0.080000 0.080000
0 0.308125 0.519375 0.043750 0.043750
0 0.765000 0.201875 0.047500 0.078750
0 0.093125 0.794375 0.026250 0.026250
0 0.970000 0.490000 0.035000 0.035000
0 0.116875 0.555625 0.091250 0.091250
0 0.305000 0.232500 0.035000 0.035000
0 0.101875 0.270000 0.056250 0.050000
0 0.590000 0.098125 0.097500 0.086250
0 0.484375 0.819375 0.108750 0.108750
0 0.026250 0.478750 0.025000 0.025000
0 0.895000 0.708750 0.037500 0.037500
0 0.585625 0.881875 0.033750 0.033750
0 0.916250 0.760000 0.040000 0.040000
0 0.121250 0.062500 0.062500 0.062500