0 0.931250 0.550000 0.105000 0.105000
0 0.869375 0.655625 0.061250 0.061250
0 0.558750 0.748125 0.087500 0.086250
0 0.215000 0.219375 0.037500 0.036250
0 0.833750 0.086250 0.080000 0.080000
0 0.568125 0.925625 0.076250 0.076250
0 0.161875 0.348125 0.071250 0.071250
0 0.581875 0.598125 0.103750 0.103750
0 0.941250 0.442500 0.092500 0.092500
0 0.355000 0.716250 0.087500 0.087500
0 0.903125 0.925625 0.086250 0.086250
0 0.120625 0.179375 0.081250 0.081250
0 0.497500 0.350625 0.045000 0.046250
0 0.197500 0.591250 0.025000 0.025000
0 0.727500 0.756250 0.037500 0.037500
0 0.737500 0.259375 0.035000 0.036250
0 0.330625 0.213125 0.056250 0.058750
0 0.786875 0.313750 0.063750 0.045000
0 0.857500 0.188750 0.097500 0.100000
0 0.211875 0.853125 0.101250 0.103750
0 0.661875 0.291875 0.053750 0.053750
0 0.223750 0.776250 0.035000 0.035000
0 0.760000 0.472500 0.040000 0.040000
0 0.308125 0.118125 0.068750 0.068750
0 0.425625 0.063125 0.066250 0.051250
0 0.780625 0.585000 0.061250 0.047500
0 0.746875 0.920625 0.066250 0.051250
0 0.641875 0.709375 0.063750 0.068750
0 0.923750 0.307500 0.092500 0.092500
0 0.665625 0.178125 0.096250 0.096250
0 0.528750 0.156250 0.050000 0.050000
0 0.283125 0.569375 0.048750 0.048750
0 0.423750 0.412500 0.060000 0.060000
0 0.078750 0.433750 0.047500 0.037500
0 0.177500 0.646250 0.030000 0.030000
0 0.407500 0.840000 0.057500 0.057500
0 0.858750 0.738750 0.045000 0.045000
0 0.086875 0.563125 0.096250 0.096250
0 0.069375 0.359375 0.086250 0.086250
0 0.248750 0.661250 0.052500 0.052500
0 0.288750 0.353750 0.100000 0.100000
0 0.580625 0.264375 0.036250 0.036250
0 0.110000 0.733125 0.045000 0.053750
0 0.396875 0.564375 0.096250 0.096250
0 0.450000 0.260000 0.070000 0.070000
0 0.593750 0.397500 0.080000 0.080000
0 0.961250 0.645000 0.027500 0.027500