0 0.098125 0.754375 0.038750 0.038750
0 0.736250 0.188750 0.100000 0.100000
0 0.121875 0.855625 0.063750 0.063750
0 0.685625 0.630625 0.096250 0.093750
0 0.347500 0.452500 0.102500 0.100000
0 0.581875 0.552500 0.033750 0.032500
0 0.123750 0.918750 0.040000 0.040000
0 0.065000 0.439375 0.095000 0.096250
0 0.367500 0.811250 0.112500 0.115000
0 0.511875 0.223750 0.101250 0.102500
0 0.725625 0.795625 0.053750 0.053750
0 0.220000 0.342500 0.097500 0.097500
0 0.416875 0.156875 0.036250 0.036250
0 0.956250 0.185000 0.057500 0.075000
0 0.936250 0.910000 0.047500 0.047500
0 0.353125 0.334375 0.096250 0.096250
0 0.903750 0.043750 0.045000 0.045000
0 0.397500 0.609375 0.035000 0.028750
0 0.483750 0.638125 0.107500 0.108750
0 0.635000 0.844375 0.075000 0.076250
0 0.179375 0.739375 0.031250 0.031250
0 0.614375 0.069375 0.101250 0.101250
0 0.941250 0.658750 0.085000 0.085000
0 0.575000 0.393750 0.110000 0.110000
0 0.200625 0.631875 0.071250 0.071250
0 0.262500 0.218750 0.042500 0.042500
0 0.068750 0.565000 0.055000 0.055000
0 0.155625 0.209375 0.088750 0.088750
0 0.237500 0.811250 0.110000 0.097500
0 0.755000 0.399375 0.082500 0.063750
0 0.725625 0.546875 0.041250 0.031250
0 0.831875 0.786250 0.096250 0.105000
0 0.879375 0.553750 0.048750 0.052500
0 0.327500 0.553750 0.062500 0.060000
0 0.265000 0.093125 0.085000 0.033750
0 0.228125 0.480000 0.106250 0.042500
0 0.099375 0.697500 0.083750 0.032500
0 0.335625 0.650000 0.096250 0.037500
0 0.463125 0.385625 0.083750 0.083750
0 0.391875 0.085625 0.106250 0.086250
0 0.053125 0.191250 0.081250 0.140000
0 0.715000 0.920000 0.035000 0.060000
0 0.611875 0.214375 0.066250 0.113750
0 0.833750 0.125000 0.062500 0.107500
0 0.493750 0.850625 0.112500 0.091250
0 0.890000 0.237500 0.052500 0.052500
0 0.765000 0.638750 0.042500 0.042500
0 0.670625 0.476875 0.038750 0.038750
0 0.848750 0.622500 0.035000 0.035000
0 0.118750 0.302500 0.065000 0.065000
0 0.380625 0.720625 0.048750 0.048750
0 0.501250 0.498750 0.082500 0.082500
0 0.131250 0.086250 0.037500 0.037500
0 0.233125 0.139375 0.028750 0.028750
0 0.941875 0.412500 0.076250 0.092500
0 0.519375 0.745625 0.101250 0.071250
0 0.931250 0.830625 0.087500 0.061250
0 0.675625 0.365625 0.033750 0.023750
0 0.678125 0.283750 0.033750 0.032500
0 0.752500 0.090000 0.037500 0.052500
0 0.871250 0.430000 0.032500 0.032500
0 0.504375 0.125000 0.061250 0.062500
0 0.352500 0.938750 0.050000 0.040000
0 0.237500 0.723750 0.060000 0.047500
0 0.750000 0.501875 0.052500 0.041250
0 0.652500 0.930625 0.052500 0.046250
0 0.942500 0.102500 0.042500 0.037500