0 0.512500 0.661250 0.025000 0.025000
0 0.939375 0.596875 0.028750 0.028750
0 0.110625 0.450625 0.091250 0.091250
0 0.421250 0.502500 0.030000 0.030000
0 0.170625 0.718125 0.091250 0.091250
0 0.725000 0.556250 0.037500 0.037500
0 0.423750 0.102500 0.027500 0.027500
0 0.895000 0.855000 0.057500 0.057500
0 0.607500 0.262500 0.055000 0.055000
0 0.572500 0.112500 0.080000 0.060000
0 0.692500 0.801250 0.050000 0.032500
0 0.370000 0.855625 0.052500 0.033750
0 0.161250 0.185625 0.042500 0.036250
0 0.288750 0.778750 0.027500 0.027500
0 0.448125 0.903125 0.063750 0.063750
0 0.304375 0.629375 0.101250 0.101250
0 0.731875 0.866875 0.081250 0.081250
0 0.785625 0.461875 0.071250 0.071250
0 0.061250 0.551250 0.050000 0.047500
0 0.441875 0.560625 0.056250 0.056250
0 0.548750 0.583750 0.062500 0.062500
0 0.651875 0.098125 0.048750 0.048750
0 0.687500 0.695625 0.052500 0.056250
0 0.860000 0.770000 0.072500 0.060000
0 0.116250 0.270000 0.080000 0.067500
0 0.408125 0.741875 0.111250 0.093750
0 0.846250 0.066250 0.085000 0.085000
0 0.952500 0.828750 0.040000 0.040000
0 0.854375 0.625625 0.033750 0.033750
0 0.183750 0.856250 0.107500 0.107500
0 0.513750 0.712500 0.035000 0.035000
0 0.646875 0.379375 0.101250 0.101250
0 0.428125 0.431875 0.048750 0.048750
0 0.286250 0.358750 0.112500 0.150000
0 0.366250 0.061250 0.032500 0.042500
0 0.540000 0.850625 0.097500 0.098750
0 0.926250 0.649375 0.057500 0.058750
0 0.071875 0.730000 0.081250 0.082500
0 0.503125 0.230000 0.101250 0.147500
0 0.735000 0.205000 0.075000 0.070000
0 0.338125 0.170000 0.096250 0.105000
0 0.361875 0.515000 0.063750 0.070000
0 0.206875 0.128750 0.043750 0.047500
0 0.623750 0.532500 0.032500 0.035000
0 0.870625 0.180000 0.046250 0.047500
0 0.683750 0.285000 0.055000 0.057500
0 0.601250 0.678125 0.090000 0.093750
0 0.904375 0.486875 0.043750 0.043750
0 0.146875 0.595625 0.063750 0.063750
0 0.590000 0.761250 0.027500 0.027500
0 0.658750 0.583750 0.052500 0.052500
0 0.145000 0.343750 0.030000 0.030000
0 0.367500 0.940000 0.070000 0.070000
0 0.238125 0.515625 0.073750 0.073750
0 0.119375 0.955625 0.038750 0.038750
0 0.115000 0.191250 0.025000 0.025000
0 0.890000 0.292500 0.097500 0.097500
0 0.079375 0.108125 0.091250 0.091250
0 0.516875 0.399375 0.106250 0.106250
0 0.945625 0.873125 0.028750 0.028750
0 0.969375 0.374375 0.026250 0.026250
0 0.768125 0.695625 0.081250 0.068750
0 0.309375 0.722500 0.071250 0.060000
0 0.933125 0.421875 0.046250 0.038750
0 0.051875 0.899375 0.051250 0.046250
0 0.221250 0.055000 0.102500 0.085000
0 0.390000 0.306250 0.072500 0.072500
0 0.806875 0.557500 0.098750 0.077500
0 0.282500 0.851250 0.025000 0.025000
0 0.268750 0.918750 0.047500 0.047500
0 0.430625 0.036875 0.041250 0.041250
0 0.780625 0.346875 0.106250 0.106250