0 0.070625 0.253750 0.088750 0.130000
0 0.296250 0.415000 0.027500 0.030000
0 0.268750 0.841250 0.100000 0.110000
0 0.088750 0.615000 0.070000 0.070000
0 0.687500 0.910000 0.077500 0.077500
0 0.074375 0.828750 0.046250 0.040000
0 0.361875 0.888750 0.028750 0.025000
0 0.898750 0.181875 0.030000 0.026250
0 0.587500 0.151875 0.072500 0.093750
0 0.151875 0.696875 0.048750 0.063750
0 0.480000 0.191875 0.110000 0.143750
0 0.140625 0.093125 0.108750 0.141250
0 0.253125 0.556250 0.043750 0.047500
0 0.542500 0.695000 0.092500 0.092500
0 0.861875 0.633125 0.073750 0.073750
0 0.204375 0.356875 0.066250 0.066250
0 0.859375 0.749375 0.028750 0.028750
0 0.330000 0.505000 0.075000 0.075000
0 0.729375 0.108125 0.103750 0.103750
0 0.407500 0.330000 0.075000 0.067500
0 0.776875 0.439375 0.033750 0.033750
0 0.252500 0.116250 0.077500 0.077500
0 0.448750 0.813750 0.095000 0.095000
0 0.918125 0.893125 0.086250 0.086250
0 0.644375 0.311875 0.081250 0.081250
0 0.960625 0.441875 0.046250 0.046250
0 0.558125 0.616875 0.036250 0.036250
0 0.887500 0.467500 0.040000 0.040000
0 0.573125 0.420000 0.098750 0.105000
0 0.343750 0.142500 0.077500 0.077500
0 0.760625 0.483750 0.048750 0.040000
0 0.666875 0.392500 0.038750 0.045000
0 0.107500 0.421875 0.077500 0.091250
0 0.925625 0.068125 0.063750 0.063750
0 0.725625 0.295625 0.043750 0.043750
0 0.788125 0.801875 0.076250 0.061250
0 0.265625 0.741250 0.068750 0.070000
0 0.575625 0.842500 0.091250 0.092500
0 0.913750 0.296250 0.112500 0.115000
0 0.280000 0.645625 0.032500 0.026250
0 0.074375 0.683125 0.053750 0.043750
0 0.676875 0.685625 0.056250 0.056250
0 0.383750 0.696250 0.100000 0.100000
0 0.693750 0.588750 0.105000 0.105000
0 0.533125 0.516875 0.073750 0.073750
0 0.816875 0.049375 0.043750 0.043750
0 0.802500 0.346250 0.077500 0.077500
0 0.935625 0.765625 0.043750 0.043750
0 0.470625 0.597500 0.086250 0.070000
0 0.218750 0.265625 0.082500 0.086250
0 0.420625 0.499375 0.066250 0.068750
0 0.157500 0.864375 0.095000 0.098750
0 0.821875 0.226250 0.048750 0.050000
0 0.345000 0.590000 0.045000 0.045000
0 0.266875 0.453125 0.026250 0.026250
0 0.316875 0.330625 0.063750 0.063750
0 0.673750 0.755000 0.057500 0.057500
0 0.191875 0.438125 0.071250 0.071250
0 0.265625 0.940625 0.038750 0.038750
0 0.168750 0.764375 0.050000 0.056250
0 0.037500 0.918750 0.035000 0.035000
0 0.755000 0.720625 0.067500 0.068750
0 0.943125 0.642500 0.068750 0.075000
0 0.450000 0.920625 0.092500 0.101250
0 0.397500 0.615000 0.042500 0.042500
0 0.806250 0.895000 0.062500 0.062500
0 0.939375 0.567500 0.026250 0.025000
0 0.085625 0.532500 0.081250 0.077500
0 0.495000 0.421875 0.032500 0.031250
0 0.312500 0.250000 0.075000 0.037500
0 0.696875 0.200000 0.086250 0.042500
0 0.405625 0.041250 0.081250 0.040000
0 0.167500 0.548750 0.067500 0.070000
0 0.841875 0.549375 0.076250 0.078750
0 0.147500 0.208750 0.045000 0.042500
0 0.545625 0.936875 0.038750 0.036250
0 0.031875 0.881875 0.026250 0.023750
0 0.406875 0.409375 0.071250 0.071250
0 0.771250 0.202500 0.030000 0.030000
0 0.491875 0.324375 0.046250 0.046250
0 0.050000 0.116250 0.040000 0.040000
0 0.829375 0.430000 0.051250 0.070000
0 0.364375 0.801875 0.058750 0.058750
0 0.582500 0.231250 0.035000 0.040000
0 0.210000 0.673125 0.030000 0.033750
0 0.717500 0.403750 0.040000 0.045000