0 0.698750 0.675625 0.085000 0.098750
0 0.145625 0.785625 0.051250 0.051250
0 0.602500 0.363750 0.055000 0.055000
0 0.543125 0.674375 0.088750 0.088750
0 0.893750 0.627500 0.042500 0.042500
0 0.337500 0.415000 0.087500 0.087500
0 0.361250 0.786250 0.112500 0.112500
0 0.438125 0.589375 0.091250 0.098750
0 0.165000 0.518750 0.087500 0.095000
0 0.088750 0.918750 0.092500 0.100000
0 0.396250 0.896250 0.025000 0.025000
0 0.343125 0.676875 0.036250 0.036250
0 0.648125 0.444375 0.066250 0.066250
0 0.195625 0.921875 0.031250 0.031250
0 0.855625 0.518125 0.076250 0.068750
0 0.469375 0.378125 0.036250 0.036250
0 0.909375 0.458125 0.026250 0.031250
0 0.118125 0.228125 0.058750 0.058750
0 0.640625 0.134375 0.083750 0.083750
0 0.515625 0.264375 0.083750 0.083750
0 0.801875 0.161875 0.036250 0.031250
0 0.938125 0.276250 0.096250 0.082500
0 0.858125 0.864375 0.101250 0.086250
0 0.481875 0.472500 0.061250 0.052500
0 0.676875 0.775000 0.071250 0.062500
0 0.222500 0.184375 0.112500 0.153750
0 0.316875 0.923125 0.076250 0.076250
0 0.748750 0.273750 0.107500 0.107500
0 0.343125 0.629375 0.028750 0.028750
0 0.390000 0.263750 0.102500 0.102500
0 0.809375 0.703125 0.106250 0.106250
0 0.131250 0.642500 0.110000 0.110000
0 0.648125 0.916875 0.078750 0.078750
0 0.196875 0.724375 0.026250 0.026250
0 0.370000 0.098750 0.107500 0.095000
0 0.183125 0.368125 0.093750 0.093750
0 0.081875 0.824375 0.058750 0.058750
0 0.496875 0.861875 0.111250 0.111250
0 0.555000 0.458125 0.065000 0.048750
0 0.776250 0.419375 0.090000 0.068750
0 0.237500 0.623125 0.087500 0.066250
0 0.905000 0.047500 0.092500 0.070000
0 0.766875 0.500000 0.071250 0.067500
0 0.250000 0.895000 0.030000 0.027500
0 0.745000 0.142500 0.030000 0.027500
0 0.647500 0.246250 0.080000 0.100000
0 0.256875 0.771875 0.056250 0.078750
0 0.273750 0.526250 0.055000 0.077500
0 0.893750 0.208125 0.035000 0.028750
0 0.853125 0.426875 0.026250 0.026250
0 0.470625 0.129375 0.068750 0.068750
0 0.069375 0.109375 0.096250 0.096250
0 0.755000 0.063125 0.077500 0.066250
0 0.725625 0.927500 0.056250 0.047500
0 0.161250 0.062500 0.042500 0.042500
0 0.571875 0.555000 0.086250 0.070000