0 0.480625 0.581875 0.043750 0.043750
0 0.586875 0.555625 0.046250 0.046250
0 0.121250 0.873750 0.102500 0.102500
0 0.121250 0.622500 0.085000 0.085000
0 0.793750 0.818750 0.032500 0.032500
0 0.543125 0.814375 0.046250 0.046250
0 0.926875 0.529375 0.083750 0.083750
0 0.311875 0.526875 0.028750 0.028750
0 0.436875 0.823750 0.101250 0.090000
0 0.851250 0.698750 0.027500 0.027500
0 0.288750 0.093750 0.105000 0.105000
0 0.818750 0.291250 0.042500 0.042500
0 0.758125 0.319375 0.036250 0.033750
0 0.290625 0.605625 0.051250 0.048750
0 0.615625 0.492500 0.053750 0.057500
0 0.713750 0.108750 0.100000 0.092500
0 0.604375 0.806250 0.036250 0.062500
0 0.125625 0.342500 0.088750 0.152500
0 0.820000 0.066250 0.052500 0.090000
0 0.397500 0.662500 0.092500 0.160000
0 0.865000 0.610000 0.037500 0.037500
0 0.270000 0.419375 0.095000 0.093750
0 0.927500 0.167500 0.107500 0.105000
0 0.540625 0.885625 0.041250 0.041250
0 0.742500 0.403750 0.105000 0.105000
0 0.753750 0.512500 0.027500 0.027500
0 0.686875 0.730625 0.083750 0.078750
0 0.195000 0.895000 0.030000 0.027500
0 0.103750 0.170000 0.097500 0.092500
0 0.341250 0.251875 0.112500 0.111250
0 0.110000 0.070000 0.100000 0.087500
0 0.372500 0.171875 0.030000 0.026250
0 0.408750 0.486875 0.112500 0.098750
0 0.615000 0.281250 0.100000 0.087500
0 0.436875 0.055625 0.033750 0.033750
0 0.583750 0.095000 0.055000 0.055000
0 0.816875 0.399375 0.028750 0.028750
0 0.636250 0.930000 0.055000 0.055000
0 0.915000 0.736250 0.082500 0.082500
0 0.793125 0.758125 0.046250 0.041250
0 0.942500 0.841250 0.065000 0.057500
0 0.501875 0.300000 0.076250 0.092500
0 0.238750 0.256875 0.077500 0.076250
0 0.830625 0.160625 0.058750 0.058750
0 0.149375 0.518125 0.106250 0.106250
0 0.563125 0.636875 0.063750 0.063750
0 0.715625 0.893125 0.068750 0.068750
0 0.892500 0.072500 0.065000 0.065000
0 0.203750 0.037500 0.040000 0.040000
0 0.885000 0.311250 0.052500 0.052500
0 0.287500 0.875000 0.085000 0.085000
0 0.273125 0.773125 0.076250 0.076250
0 0.057500 0.755000 0.062500 0.062500
0 0.182500 0.772500 0.080000 0.080000
0 0.936250 0.417500 0.092500 0.092500
0 0.936250 0.941250 0.060000 0.060000
0 0.130625 0.685625 0.026250 0.026250
0 0.763750 0.236250 0.025000 0.027500
0 0.551250 0.165625 0.027500 0.023750
0 0.475000 0.161250 0.102500 0.102500
0 0.235625 0.686875 0.048750 0.038750
0 0.783125 0.665625 0.091250 0.073750
0 0.588125 0.728750 0.083750 0.067500