0 0.485625 0.808750 0.051250 0.040000
0 0.231875 0.507500 0.066250 0.052500
0 0.346250 0.252500 0.070000 0.055000
0 0.541875 0.191250 0.081250 0.065000
0 0.768125 0.195625 0.028750 0.026250
0 0.088750 0.909375 0.102500 0.091250
0 0.178125 0.603125 0.098750 0.093750
0 0.279375 0.581875 0.078750 0.078750
0 0.487500 0.330000 0.065000 0.065000
0 0.343750 0.407500 0.070000 0.070000
0 0.806875 0.603125 0.086250 0.143750
0 0.713125 0.665625 0.078750 0.131250
0 0.203125 0.236250 0.028750 0.047500
0 0.685000 0.521250 0.065000 0.107500
0 0.285000 0.709375 0.090000 0.108750
0 0.578750 0.780000 0.082500 0.100000
0 0.207500 0.844375 0.050000 0.053750
0 0.660000 0.391875 0.055000 0.058750
0 0.441875 0.121875 0.076250 0.076250
0 0.098750 0.102500 0.097500 0.097500
0 0.460625 0.604375 0.053750 0.053750
0 0.663125 0.908125 0.098750 0.098750
0 0.779375 0.094375 0.076250 0.076250
0 0.968125 0.621875 0.038750 0.038750
0 0.771250 0.821875 0.077500 0.101250
0 0.799375 0.728125 0.038750 0.038750
0 0.133750 0.024375 0.027500 0.023750
0 0.148750 0.760625 0.110000 0.096250
0 0.394375 0.567500 0.046250 0.040000
0 0.938125 0.204375 0.098750 0.086250
0 0.773750 0.957500 0.025000 0.025000
0 0.896250 0.591250 0.032500 0.032500
0 0.141875 0.503125 0.053750 0.053750
0 0.716875 0.376875 0.043750 0.043750
0 0.290000 0.062500 0.082500 0.082500
0 0.501875 0.891875 0.103750 0.103750
0 0.495000 0.533750 0.037500 0.037500
0 0.541250 0.032500 0.035000 0.035000
0 0.750625 0.305000 0.033750 0.032500
0 0.878750 0.337500 0.080000 0.077500
0 0.141875 0.291875 0.078750 0.076250
0 0.481875 0.738125 0.028750 0.023750
0 0.869375 0.440625 0.096250 0.081250
0 0.960625 0.796875 0.046250 0.038750
0 0.593750 0.493750 0.080000 0.080000
0 0.938750 0.061250 0.090000 0.090000
0 0.910625 0.889375 0.111250 0.121250
0 0.668750 0.285000 0.062500 0.067500
0 0.770625 0.252500 0.081250 0.057500
0 0.225000 0.169375 0.097500 0.068750
0 0.216250 0.291250 0.042500 0.030000
0 0.346250 0.945625 0.027500 0.028750
0 0.306875 0.861250 0.096250 0.102500
0 0.656250 0.161875 0.095000 0.101250
0 0.118125 0.401875 0.076250 0.081250
0 0.052500 0.639375 0.047500 0.056250
0 0.651875 0.042500 0.031250 0.037500
0 0.306875 0.322500 0.046250 0.045000
0 0.617500 0.653125 0.090000 0.088750
0 0.675625 0.810000 0.063750 0.062500
0 0.591250 0.259375 0.060000 0.056250
0 0.076875 0.206250 0.093750 0.080000
0 0.388125 0.695625 0.078750 0.066250
0 0.863125 0.746875 0.061250 0.061250
0 0.049375 0.516875 0.063750 0.063750
0 0.220625 0.404375 0.076250 0.078750
0 0.405625 0.406250 0.038750 0.040000
0 0.536250 0.120000 0.060000 0.060000
0 0.506250 0.688750 0.050000 0.050000
0 0.208125 0.919375 0.076250 0.076250
0 0.056250 0.320000 0.060000 0.060000