0 0.246875 0.840625 0.108750 0.108750
0 0.703750 0.619375 0.052500 0.051250
0 0.708125 0.146250 0.048750 0.047500
0 0.511875 0.523125 0.108750 0.108750
0 0.365000 0.564375 0.042500 0.036250
0 0.245000 0.350000 0.112500 0.097500
0 0.043750 0.164375 0.052500 0.051250
0 0.828125 0.176875 0.086250 0.086250
0 0.290625 0.606875 0.026250 0.026250
0 0.396250 0.727500 0.075000 0.075000
0 0.490000 0.816250 0.040000 0.040000
0 0.934375 0.545000 0.076250 0.065000
0 0.361875 0.875625 0.053750 0.053750
0 0.659375 0.491875 0.038750 0.038750
0 0.535625 0.248125 0.076250 0.076250
0 0.823750 0.795000 0.072500 0.075000
0 0.876875 0.454375 0.076250 0.076250
0 0.776250 0.302500 0.107500 0.107500
0 0.460000 0.105000 0.055000 0.055000
0 0.340625 0.465625 0.036250 0.036250
0 0.440625 0.203125 0.071250 0.071250
0 0.245625 0.539375 0.091250 0.091250
0 0.765625 0.714375 0.036250 0.033750
0 0.408750 0.637500 0.055000 0.062500
0 0.050000 0.319375 0.075000 0.071250
0 0.112500 0.629375 0.077500 0.073750
0 0.149375 0.725625 0.078750 0.078750
0 0.056250 0.720000 0.085000 0.085000
0 0.146250 0.147500 0.085000 0.092500
0 0.068125 0.475625 0.078750 0.078750
0 0.286250 0.127500 0.067500 0.067500
0 0.936250 0.345000 0.082500 0.082500
0 0.176250 0.245000 0.050000 0.050000
0 0.761875 0.566875 0.038750 0.038750
0 0.303750 0.731250 0.095000 0.095000
0 0.593750 0.752500 0.090000 0.090000
0 0.926875 0.661875 0.061250 0.061250
0 0.357500 0.646250 0.025000 0.025000
0 0.145625 0.911875 0.036250 0.036250
0 0.366250 0.378750 0.107500 0.107500
0 0.540000 0.391250 0.110000 0.110000
0 0.691250 0.306250 0.047500 0.047500
0 0.773125 0.476875 0.103750 0.103750
0 0.498125 0.709375 0.061250 0.078750
0 0.420625 0.040625 0.043750 0.056250
0 0.063125 0.901250 0.033750 0.047500
0 0.905000 0.238750 0.030000 0.030000
0 0.764375 0.060625 0.091250 0.091250
0 0.730000 0.788750 0.075000 0.075000
0 0.151250 0.545000 0.065000 0.065000
0 0.580000 0.132500 0.085000 0.085000
0 0.491250 0.940000 0.070000 0.057500
0 0.733125 0.867500 0.066250 0.065000
0 0.849375 0.904375 0.078750 0.063750
0 0.939375 0.163125 0.071250 0.071250
0 0.624375 0.897500 0.088750 0.090000
0 0.684375 0.418125 0.048750 0.046250