0 0.728125 0.515625 0.061250 0.061250
0 0.731875 0.291250 0.111250 0.110000
0 0.908125 0.896875 0.096250 0.096250
0 0.136250 0.600000 0.080000 0.080000
0 0.143750 0.731250 0.032500 0.032500
0 0.511875 0.799375 0.111250 0.111250
0 0.875000 0.173750 0.110000 0.110000
0 0.286250 0.702500 0.027500 0.017500
0 0.535000 0.443750 0.047500 0.047500
0 0.614375 0.259375 0.038750 0.038750
0 0.461875 0.280625 0.083750 0.083750
0 0.437500 0.678750 0.107500 0.107500
0 0.718750 0.588750 0.042500 0.042500
0 0.623125 0.146875 0.106250 0.106250
0 0.354375 0.071875 0.041250 0.041250
0 0.252500 0.307500 0.070000 0.070000
0 0.470625 0.894375 0.056250 0.056250
0 0.336250 0.668750 0.050000 0.050000
0 0.063125 0.221875 0.093750 0.093750
0 0.797500 0.751250 0.105000 0.105000
0 0.380625 0.506875 0.098750 0.098750
0 0.663125 0.751875 0.078750 0.078750
0 0.318750 0.157500 0.032500 0.032500
0 0.089375 0.406875 0.066250 0.066250
0 0.861875 0.608125 0.088750 0.088750
0 0.305000 0.812500 0.095000 0.095000
0 0.525625 0.533125 0.076250 0.076250
0 0.596250 0.926250 0.092500 0.092500
0 0.387500 0.920000 0.047500 0.047500
0 0.910000 0.495000 0.030000 0.030000
0 0.426250 0.418750 0.062500 0.062500
0 0.407500 0.342500 0.025000 0.025000
0 0.622500 0.437500 0.067500 0.067500
0 0.171250 0.222500 0.077500 0.077500
0 0.073125 0.761875 0.068750 0.068750
0 0.551250 0.648750 0.095000 0.095000
0 0.919375 0.343125 0.103750 0.103750
0 0.192500 0.466250 0.077500 0.077500
0 0.815625 0.941875 0.038750 0.038750
0 0.240000 0.891250 0.047500 0.047500
0 0.472500 0.136250 0.082500 0.067500
0 0.045000 0.080000 0.062500 0.075000
0 0.206875 0.144375 0.073750 0.056250
0 0.723125 0.831875 0.053750 0.041250
0 0.616875 0.303125 0.026250 0.018750
0 0.120000 0.515625 0.045000 0.043750
0 0.113125 0.861875 0.106250 0.106250
0 0.703750 0.196250 0.032500 0.032500
0 0.925000 0.711250 0.065000 0.065000
0 0.238750 0.620000 0.082500 0.082500
0 0.748125 0.088125 0.096250 0.096250
0 0.215000 0.088750 0.055000 0.035000
0 0.212500 0.740000 0.072500 0.072500
0 0.943125 0.818125 0.038750 0.038750
0 0.678125 0.888125 0.046250 0.046250
0 0.896875 0.066875 0.031250 0.031250
0 0.360000 0.232500 0.095000 0.095000
0 0.840625 0.494375 0.093750 0.093750
0 0.112500 0.302500 0.030000 0.030000
0 0.706250 0.422500 0.082500 0.082500
0 0.779375 0.592500 0.061250 0.050000