0 0.930000 0.460625 0.047500 0.051250
0 0.326875 0.635000 0.098750 0.107500
0 0.346250 0.860625 0.050000 0.053750
0 0.221250 0.460000 0.050000 0.037500
0 0.658750 0.233750 0.062500 0.047500
0 0.171875 0.555000 0.078750 0.060000
0 0.035625 0.367500 0.043750 0.052500
0 0.128125 0.777500 0.051250 0.062500
0 0.232500 0.110000 0.072500 0.087500
0 0.688125 0.899375 0.048750 0.048750
0 0.141875 0.355625 0.081250 0.081250
0 0.776250 0.345000 0.055000 0.055000
0 0.380625 0.388125 0.078750 0.078750
0 0.793750 0.475000 0.092500 0.092500
0 0.253750 0.210000 0.047500 0.047500
0 0.482500 0.795000 0.080000 0.080000
0 0.838125 0.840000 0.086250 0.087500
0 0.949375 0.892500 0.031250 0.020000
0 0.498750 0.070000 0.077500 0.050000
0 0.844375 0.109375 0.101250 0.066250
0 0.119375 0.461875 0.111250 0.098750
0 0.832500 0.628750 0.062500 0.062500
0 0.953750 0.586250 0.032500 0.032500
0 0.582500 0.251250 0.032500 0.032500
0 0.257500 0.385000 0.090000 0.082500
0 0.766250 0.740000 0.082500 0.082500
0 0.609375 0.426875 0.061250 0.073750
0 0.885625 0.525000 0.048750 0.057500
0 0.365625 0.260625 0.028750 0.033750
0 0.487500 0.648125 0.107500 0.128750
0 0.445000 0.510000 0.067500 0.065000
0 0.632500 0.148750 0.107500 0.105000
0 0.608125 0.693750 0.106250 0.105000
0 0.516875 0.156875 0.096250 0.096250
0 0.238750 0.836250 0.037500 0.040000
0 0.135625 0.100625 0.106250 0.113750
0 0.308750 0.215625 0.025000 0.026250
0 0.390000 0.153750 0.112500 0.112500
0 0.116875 0.215625 0.066250 0.066250
0 0.535625 0.299375 0.041250 0.041250
0 0.576250 0.581250 0.052500 0.052500
0 0.866875 0.748125 0.073750 0.066250
0 0.309375 0.520000 0.096250 0.087500
0 0.593125 0.910000 0.038750 0.035000
0 0.433125 0.908125 0.098750 0.098750
0 0.845625 0.216875 0.083750 0.083750
0 0.587500 0.810000 0.085000 0.085000
0 0.095625 0.885625 0.098750 0.098750
0 0.045625 0.784375 0.043750 0.043750
0 0.217500 0.671250 0.090000 0.090000
0 0.494375 0.410625 0.078750 0.078750
0 0.463125 0.299375 0.078750 0.078750
0 0.061875 0.599375 0.076250 0.071250
0 0.895625 0.296875 0.043750 0.041250
0 0.254375 0.916250 0.108750 0.102500
0 0.370625 0.743750 0.093750 0.087500
0 0.305625 0.291875 0.068750 0.078750
0 0.955000 0.152500 0.062500 0.085000
0 0.114375 0.693750 0.063750 0.087500