0 0.828125 0.248125 0.043750 0.043750
0 0.391875 0.394375 0.036250 0.036250
0 0.350000 0.552500 0.050000 0.050000
0 0.548125 0.566875 0.083750 0.083750
0 0.891875 0.556875 0.098750 0.098750
0 0.776250 0.587500 0.037500 0.037500
0 0.864375 0.820625 0.036250 0.036250
0 0.917500 0.425000 0.050000 0.050000
0 0.818750 0.686250 0.035000 0.035000
0 0.616875 0.789375 0.106250 0.106250
0 0.138125 0.793125 0.108750 0.108750
0 0.925625 0.769375 0.051250 0.048750
0 0.283125 0.818750 0.058750 0.055000
0 0.045000 0.830000 0.037500 0.035000
0 0.203750 0.567500 0.105000 0.100000
0 0.591875 0.168125 0.033750 0.038750
0 0.958125 0.193125 0.053750 0.061250
0 0.376875 0.102500 0.041250 0.047500
0 0.076875 0.650625 0.093750 0.093750
0 0.311875 0.228125 0.071250 0.071250
0 0.178125 0.390625 0.096250 0.096250
0 0.101875 0.250625 0.096250 0.096250
0 0.503125 0.189375 0.073750 0.073750
0 0.517500 0.132500 0.025000 0.025000
0 0.552500 0.296250 0.080000 0.080000
0 0.410000 0.286250 0.082500 0.082500
0 0.224375 0.646875 0.033750 0.033750
0 0.345625 0.773125 0.031250 0.031250
0 0.638125 0.188750 0.031250 0.037500
0 0.755000 0.086250 0.075000 0.075000
0 0.318125 0.094375 0.051250 0.051250
0 0.686250 0.678125 0.057500 0.053750
0 0.840000 0.402500 0.062500 0.062500
0 0.246875 0.094375 0.048750 0.048750
0 0.459375 0.366875 0.036250 0.036250
0 0.625625 0.049375 0.038750 0.038750
0 0.348125 0.461875 0.063750 0.063750
0 0.151250 0.087500 0.110000 0.110000
0 0.739375 0.833125 0.093750 0.093750
0 0.588125 0.399375 0.103750 0.103750
0 0.266250 0.723125 0.090000 0.091250
0 0.505000 0.682500 0.027500 0.027500
0 0.417500 0.866250 0.112500 0.112500
0 0.091250 0.515000 0.090000 0.090000
0 0.705625 0.365000 0.033750 0.047500
0 0.603125 0.926875 0.031250 0.043750
0 0.795625 0.947500 0.038750 0.040000
0 0.711250 0.440000 0.062500 0.032500
0 0.650000 0.566250 0.095000 0.095000
0 0.930000 0.912500 0.067500 0.067500
0 0.738125 0.196875 0.108750 0.108750
0 0.523750 0.790625 0.060000 0.056250
0 0.473125 0.609375 0.048750 0.046250
0 0.892500 0.082500 0.107500 0.107500
0 0.778125 0.505625 0.076250 0.076250
0 0.839375 0.876875 0.063750 0.061250
0 0.725000 0.291250 0.057500 0.057500
0 0.426250 0.455000 0.070000 0.070000
0 0.070625 0.366875 0.103750 0.103750
0 0.323125 0.905625 0.036250 0.038750
0 0.058750 0.050000 0.050000 0.052500
0 0.907500 0.286875 0.090000 0.096250
0 0.160000 0.916875 0.097500 0.103750
0 0.325625 0.353750 0.041250 0.040000
0 0.610000 0.692500 0.065000 0.062500
0 0.171875 0.315000 0.026250 0.025000
0 0.716875 0.921250 0.076250 0.062500
0 0.401875 0.643125 0.056250 0.046250
0 0.968125 0.829375 0.038750 0.031250
0 0.053125 0.923750 0.046250 0.037500
0 0.461250 0.084375 0.065000 0.088750
0 0.757500 0.658750 0.052500 0.052500
0 0.828125 0.200625 0.028750 0.028750
0 0.343750 0.701875 0.025000 0.023750
0 0.548125 0.913125 0.038750 0.038750
0 0.485625 0.300625 0.031250 0.033750
0 0.463750 0.684375 0.037500 0.041250
0 0.211250 0.231250 0.057500 0.062500
0 0.405625 0.771250 0.046250 0.050000
0 0.943750 0.698750 0.062500 0.045000
0 0.258125 0.383125 0.036250 0.036250
0 0.421875 0.171875 0.058750 0.051250
0 0.416875 0.525625 0.028750 0.028750
0 0.271250 0.298125 0.050000 0.046250
0 0.155000 0.691250 0.045000 0.045000