0 0.620000 0.465000 0.082500 0.100000
0 0.283750 0.700000 0.102500 0.102500
0 0.476250 0.507500 0.077500 0.077500
0 0.477500 0.386250 0.055000 0.055000
0 0.078125 0.586875 0.026250 0.026250
0 0.739375 0.374375 0.108750 0.108750
0 0.391250 0.857500 0.065000 0.065000
0 0.618750 0.681250 0.070000 0.102500
0 0.590000 0.590625 0.032500 0.043750
0 0.845000 0.296250 0.035000 0.047500
0 0.735625 0.711875 0.093750 0.128750
0 0.895000 0.120625 0.092500 0.046250
0 0.429375 0.069375 0.051250 0.051250
0 0.914375 0.619375 0.078750 0.078750
0 0.134375 0.145625 0.058750 0.058750
0 0.796250 0.840000 0.067500 0.082500
0 0.160000 0.745000 0.112500 0.097500
0 0.835625 0.050625 0.051250 0.051250
0 0.381250 0.288125 0.057500 0.058750
0 0.173750 0.025000 0.025000 0.025000
0 0.493750 0.755625 0.097500 0.098750
0 0.921250 0.690625 0.032500 0.033750
0 0.838125 0.750625 0.071250 0.071250
0 0.940000 0.863750 0.087500 0.087500
0 0.511875 0.118125 0.093750 0.093750
0 0.254375 0.593125 0.088750 0.088750
0 0.356875 0.372500 0.073750 0.067500
0 0.356250 0.134375 0.052500 0.048750
0 0.713750 0.600625 0.045000 0.036250
0 0.724375 0.164375 0.111250 0.088750
0 0.388125 0.638750 0.078750 0.062500
0 0.765000 0.263750 0.095000 0.095000
0 0.268125 0.116875 0.103750 0.103750
0 0.104375 0.429375 0.076250 0.076250
0 0.886875 0.387500 0.058750 0.080000
0 0.701250 0.866875 0.090000 0.123750
0 0.569375 0.906250 0.083750 0.115000
0 0.465625 0.633125 0.036250 0.048750
0 0.799375 0.499375 0.071250 0.071250
0 0.855625 0.213125 0.066250 0.073750
0 0.693750 0.251250 0.027500 0.030000
0 0.204375 0.892500 0.073750 0.082500
0 0.281875 0.831875 0.063750 0.063750
0 0.718750 0.076250 0.030000 0.030000
0 0.129375 0.510000 0.096250 0.052500
0 0.516250 0.275000 0.082500 0.045000
0 0.278750 0.282500 0.082500 0.045000
0 0.840000 0.645000 0.040000 0.040000
0 0.204375 0.356875 0.066250 0.066250
0 0.919375 0.198125 0.033750 0.033750
0 0.554375 0.325625 0.036250 0.036250
0 0.353750 0.527500 0.025000 0.025000
0 0.536250 0.405000 0.027500 0.027500
0 0.293125 0.465000 0.073750 0.075000
0 0.588750 0.143125 0.030000 0.028750
0 0.150625 0.624375 0.096250 0.093750
0 0.062500 0.301250 0.087500 0.087500
0 0.486875 0.039375 0.041250 0.041250
0 0.651250 0.262500 0.035000 0.035000
0 0.101875 0.056875 0.088750 0.088750
0 0.146250 0.266250 0.035000 0.035000
0 0.105000 0.866250 0.092500 0.092500
0 0.204375 0.213125 0.061250 0.061250
0 0.278750 0.386250 0.062500 0.062500
0 0.038750 0.128750 0.025000 0.035000
0 0.475000 0.915000 0.055000 0.077500
0 0.950000 0.482500 0.060000 0.062500
0 0.642500 0.062500 0.075000 0.075000
0 0.046250 0.783125 0.060000 0.053750
0 0.288125 0.945000 0.061250 0.055000
0 0.613750 0.338125 0.060000 0.053750
0 0.527500 0.658125 0.060000 0.053750
0 0.965625 0.710000 0.036250 0.032500
0 0.600625 0.774375 0.066250 0.058750
0 0.383750 0.747500 0.065000 0.065000
0 0.797500 0.583750 0.052500 0.052500
0 0.086250 0.942500 0.035000 0.035000
0 0.921250 0.776250 0.062500 0.062500
0 0.638125 0.556875 0.041250 0.041250
0 0.375625 0.187500 0.031250 0.030000
0 0.443750 0.328750 0.030000 0.032500
0 0.040625 0.700625 0.053750 0.051250
0 0.851250 0.917500 0.047500 0.045000
0 0.393125 0.948125 0.041250 0.038750
0 0.951250 0.940625 0.047500 0.043750