0 0.775625 0.751250 0.036250 0.037500
0 0.430000 0.531250 0.027500 0.037500
0 0.901875 0.432500 0.103750 0.142500
0 0.593750 0.335000 0.107500 0.147500
0 0.645625 0.730000 0.083750 0.115000
0 0.236875 0.846250 0.063750 0.077500
0 0.857500 0.608750 0.072500 0.072500
0 0.678750 0.075000 0.087500 0.087500
0 0.754375 0.521875 0.048750 0.048750
0 0.253750 0.483750 0.055000 0.055000
0 0.480000 0.836250 0.027500 0.027500
0 0.197500 0.780000 0.040000 0.040000
0 0.919375 0.146250 0.096250 0.100000
0 0.620625 0.211875 0.051250 0.053750
0 0.666875 0.502500 0.086250 0.090000
0 0.036875 0.921250 0.031250 0.030000
0 0.764375 0.256875 0.063750 0.063750
0 0.126875 0.090625 0.111250 0.111250
0 0.324375 0.925625 0.053750 0.053750
0 0.147500 0.642500 0.080000 0.080000
0 0.411250 0.831875 0.050000 0.053750
0 0.175000 0.328125 0.110000 0.118750
0 0.529375 0.556875 0.111250 0.111250
0 0.473750 0.313750 0.037500 0.027500
0 0.858125 0.065625 0.026250 0.026250
0 0.531250 0.161250 0.032500 0.032500
0 0.606250 0.136250 0.025000 0.025000
0 0.375000 0.323750 0.090000 0.090000
0 0.328125 0.101875 0.108750 0.108750
0 0.265000 0.561250 0.072500 0.072500
0 0.785625 0.925625 0.046250 0.046250
0 0.495625 0.039375 0.028750 0.028750
0 0.751250 0.396250 0.080000 0.080000
0 0.639375 0.910625 0.076250 0.091250
0 0.693125 0.243125 0.061250 0.061250
0 0.333750 0.731250 0.110000 0.110000
0 0.156875 0.458125 0.076250 0.076250
0 0.426875 0.210625 0.091250 0.091250
0 0.528750 0.696250 0.085000 0.085000
0 0.531875 0.911875 0.083750 0.083750
0 0.075000 0.181250 0.047500 0.047500
0 0.915000 0.694375 0.047500 0.028750
0 0.178750 0.855000 0.032500 0.020000
0 0.101250 0.733125 0.102500 0.063750
0 0.032500 0.105000 0.025000 0.025000
0 0.858125 0.809375 0.058750 0.058750
0 0.740000 0.603750 0.085000 0.085000
0 0.530000 0.807500 0.042500 0.042500
0 0.471875 0.383125 0.063750 0.063750
0 0.936875 0.950625 0.031250 0.028750
0 0.056875 0.536875 0.066250 0.061250
0 0.218750 0.408750 0.025000 0.022500
0 0.062500 0.413125 0.035000 0.033750
0 0.874375 0.307500 0.031250 0.030000
0 0.784375 0.110625 0.106250 0.103750
0 0.670000 0.150000 0.045000 0.045000
0 0.167500 0.544375 0.075000 0.076250
0 0.055000 0.619375 0.072500 0.073750
0 0.318125 0.421875 0.031250 0.031250
0 0.064375 0.310625 0.076250 0.076250
0 0.419375 0.913125 0.073750 0.083750
0 0.972500 0.875625 0.030000 0.033750
0 0.720625 0.848125 0.053750 0.053750
0 0.392500 0.618125 0.090000 0.096250
0 0.275625 0.269375 0.043750 0.046250
0 0.057500 0.859375 0.062500 0.066250
0 0.630625 0.598750 0.026250 0.027500
0 0.459375 0.446875 0.041250 0.041250
0 0.211250 0.913750 0.027500 0.027500
0 0.521250 0.097500 0.057500 0.057500
0 0.939375 0.560625 0.068750 0.068750
0 0.945000 0.821250 0.050000 0.050000