0 0.852500 0.363750 0.052500 0.052500
0 0.343750 0.565000 0.102500 0.102500
0 0.575625 0.409375 0.028750 0.028750
0 0.824375 0.148125 0.026250 0.026250
0 0.611250 0.841250 0.092500 0.082500
0 0.319375 0.047500 0.056250 0.050000
0 0.101250 0.117500 0.067500 0.060000
0 0.900000 0.915000 0.037500 0.032500
0 0.692500 0.131250 0.107500 0.095000
0 0.116875 0.210625 0.108750 0.096250
0 0.475000 0.582500 0.035000 0.035000
0 0.569375 0.544375 0.063750 0.063750
0 0.423125 0.438125 0.073750 0.073750
0 0.565000 0.185625 0.062500 0.063750
0 0.535625 0.103750 0.058750 0.060000
0 0.177500 0.522500 0.112500 0.112500
0 0.715625 0.710625 0.061250 0.061250
0 0.131250 0.830000 0.102500 0.107500
0 0.282500 0.329375 0.047500 0.048750
0 0.290625 0.743125 0.051250 0.053750
0 0.781250 0.456250 0.107500 0.112500
0 0.898750 0.513750 0.045000 0.045000
0 0.944375 0.357500 0.083750 0.067500
0 0.463750 0.763750 0.105000 0.105000
0 0.748750 0.268750 0.085000 0.085000
0 0.948125 0.626250 0.056250 0.087500
0 0.465000 0.300625 0.077500 0.121250
0 0.720000 0.837500 0.092500 0.145000
0 0.863125 0.761875 0.098750 0.078750
0 0.597500 0.735625 0.077500 0.061250
0 0.475000 0.183750 0.100000 0.080000
0 0.665000 0.381875 0.102500 0.121250
0 0.151875 0.366875 0.093750 0.111250
0 0.545000 0.300625 0.037500 0.043750
0 0.301875 0.466875 0.028750 0.033750
0 0.959375 0.041250 0.043750 0.032500
0 0.285000 0.870000 0.102500 0.102500
0 0.763125 0.578125 0.093750 0.093750
0 0.892500 0.260000 0.107500 0.107500
0 0.075625 0.065625 0.028750 0.028750
0 0.427500 0.069375 0.102500 0.098750
0 0.663750 0.566250 0.090000 0.090000
0 0.183125 0.659375 0.096250 0.096250
0 0.882500 0.156875 0.047500 0.046250
0 0.399375 0.651250 0.041250 0.040000
0 0.318125 0.241250 0.093750 0.092500
0 0.051875 0.937500 0.058750 0.047500
0 0.066875 0.649375 0.101250 0.081250
0 0.283750 0.154375 0.072500 0.058750
0 0.702500 0.495625 0.030000 0.023750
0 0.559375 0.940625 0.048750 0.048750
0 0.471250 0.875625 0.100000 0.086250
0 0.067500 0.503125 0.085000 0.061250
0 0.232500 0.041250 0.045000 0.032500
0 0.469375 0.635625 0.043750 0.038750
0 0.213125 0.224375 0.033750 0.028750
0 0.346250 0.369375 0.047500 0.046250
0 0.932500 0.433125 0.055000 0.053750
0 0.822500 0.908125 0.062500 0.061250
0 0.658125 0.258750 0.073750 0.072500
0 0.211250 0.737500 0.027500 0.030000
0 0.869375 0.613750 0.048750 0.055000
0 0.833750 0.061250 0.072500 0.072500
0 0.170625 0.933125 0.081250 0.081250
0 0.226250 0.296250 0.040000 0.040000
0 0.925625 0.094375 0.056250 0.056250
0 0.560000 0.042500 0.045000 0.042500
0 0.475000 0.521250 0.072500 0.072500
0 0.358125 0.828750 0.028750 0.025000
0 0.281875 0.657500 0.046250 0.040000
0 0.384375 0.886875 0.038750 0.038750
0 0.547500 0.657500 0.077500 0.077500