0 0.937500 0.178125 0.077500 0.061250
0 0.108750 0.173125 0.097500 0.083750
0 0.850000 0.628750 0.052500 0.045000
0 0.808750 0.361250 0.082500 0.070000
0 0.326875 0.505000 0.078750 0.095000
0 0.065000 0.402500 0.040000 0.040000
0 0.845625 0.795625 0.073750 0.073750
0 0.335000 0.322500 0.080000 0.080000
0 0.403750 0.772500 0.105000 0.107500
0 0.665625 0.813750 0.096250 0.090000
0 0.586875 0.209375 0.078750 0.078750
0 0.518125 0.511250 0.103750 0.102500
0 0.916875 0.086250 0.103750 0.102500
0 0.488125 0.658125 0.066250 0.066250
0 0.751250 0.102500 0.025000 0.025000
0 0.197500 0.540000 0.090000 0.090000
0 0.328125 0.133125 0.041250 0.041250
0 0.888125 0.506875 0.106250 0.106250
0 0.583125 0.050625 0.061250 0.061250
0 0.088750 0.920000 0.107500 0.107500
0 0.593750 0.330000 0.040000 0.040000
0 0.665625 0.543125 0.103750 0.103750
0 0.781875 0.920625 0.076250 0.076250
0 0.436250 0.082500 0.085000 0.085000
0 0.575000 0.926250 0.085000 0.085000
0 0.673125 0.653125 0.086250 0.086250
0 0.225625 0.910625 0.071250 0.071250
0 0.383750 0.610000 0.065000 0.065000
0 0.278750 0.385625 0.025000 0.021250
0 0.682500 0.111875 0.095000 0.083750
0 0.896250 0.359375 0.072500 0.063750
0 0.680625 0.314375 0.056250 0.056250
0 0.225625 0.673125 0.096250 0.096250
0 0.054375 0.464375 0.053750 0.053750
0 0.066250 0.617500 0.030000 0.030000
0 0.458125 0.261875 0.083750 0.083750
0 0.715625 0.414375 0.078750 0.093750
0 0.125000 0.810625 0.035000 0.041250
0 0.161875 0.055625 0.071250 0.071250
0 0.165625 0.339375 0.081250 0.081250
0 0.097500 0.520000 0.027500 0.027500
0 0.488750 0.395000 0.075000 0.075000
0 0.948125 0.696250 0.071250 0.057500
0 0.810625 0.048125 0.076250 0.061250
0 0.678750 0.221250 0.062500 0.050000
0 0.568750 0.806875 0.067500 0.053750
0 0.348125 0.889375 0.091250 0.091250
0 0.216250 0.822500 0.055000 0.047500
0 0.757500 0.260000 0.072500 0.047500
0 0.563125 0.705625 0.036250 0.036250
0 0.221875 0.189375 0.096250 0.096250
0 0.761250 0.581250 0.035000 0.035000
0 0.598125 0.648125 0.041250 0.041250
0 0.085000 0.341250 0.057500 0.057500
0 0.089375 0.251875 0.051250 0.051250
0 0.438750 0.160000 0.040000 0.040000
0 0.462500 0.872500 0.075000 0.075000
0 0.205625 0.444375 0.076250 0.076250
0 0.915000 0.918750 0.090000 0.090000
0 0.825625 0.709375 0.111250 0.068750
0 0.903125 0.628125 0.038750 0.038750
0 0.133125 0.670625 0.038750 0.038750