0 0.890625 0.540000 0.033750 0.032500
0 0.447500 0.908125 0.102500 0.101250
0 0.151875 0.687500 0.098750 0.090000
0 0.623750 0.670000 0.087500 0.087500
0 0.570000 0.095000 0.087500 0.087500
0 0.784375 0.926250 0.071250 0.060000
0 0.310625 0.073750 0.028750 0.025000
0 0.572500 0.205625 0.090000 0.081250
0 0.183750 0.562500 0.095000 0.112500
0 0.321250 0.876250 0.032500 0.037500
0 0.335625 0.551875 0.101250 0.101250
0 0.144375 0.265625 0.098750 0.098750
0 0.853750 0.721250 0.050000 0.062500
0 0.841875 0.821875 0.026250 0.026250
0 0.662500 0.823750 0.042500 0.042500
0 0.698750 0.255000 0.060000 0.060000
0 0.924375 0.441875 0.028750 0.028750
0 0.370625 0.195625 0.063750 0.063750
0 0.523750 0.506250 0.035000 0.032500
0 0.430625 0.063750 0.043750 0.040000
0 0.131250 0.825000 0.102500 0.102500
0 0.818125 0.113125 0.096250 0.136250
0 0.255625 0.180625 0.096250 0.136250
0 0.622500 0.450625 0.067500 0.063750
0 0.138125 0.126250 0.083750 0.080000
0 0.878125 0.660625 0.028750 0.026250
0 0.766875 0.728125 0.106250 0.106250
0 0.761875 0.501875 0.103750 0.103750
0 0.687500 0.348750 0.060000 0.060000
0 0.956875 0.643125 0.046250 0.046250
0 0.301875 0.770000 0.096250 0.100000
0 0.082500 0.558750 0.077500 0.080000
0 0.565625 0.810000 0.111250 0.135000
0 0.310000 0.426250 0.112500 0.112500
0 0.728750 0.113125 0.035000 0.036250
0 0.760000 0.836250 0.075000 0.075000
0 0.828125 0.233125 0.108750 0.086250
0 0.836875 0.318125 0.068750 0.068750
0 0.501250 0.397500 0.110000 0.110000
0 0.325625 0.665625 0.088750 0.088750
0 0.301250 0.302500 0.075000 0.075000
0 0.477500 0.226250 0.085000 0.085000
0 0.431250 0.696250 0.077500 0.077500
0 0.167500 0.378750 0.100000 0.100000
0 0.960625 0.575625 0.028750 0.028750
0 0.218750 0.911250 0.045000 0.045000
0 0.928750 0.130000 0.105000 0.085000
0 0.710000 0.177500 0.092500 0.075000
0 0.331875 0.944375 0.051250 0.041250
0 0.067500 0.652500 0.042500 0.042500
0 0.915000 0.877500 0.072500 0.072500
0 0.927500 0.786250 0.075000 0.075000
0 0.438750 0.798750 0.107500 0.102500
0 0.845625 0.403125 0.068750 0.071250
0 0.126250 0.062500 0.030000 0.032500
0 0.445625 0.577500 0.078750 0.087500
0 0.948750 0.360000 0.057500 0.057500
0 0.716875 0.605625 0.053750 0.053750
0 0.865625 0.603125 0.028750 0.033750
0 0.054375 0.354375 0.063750 0.076250
0 0.048750 0.101250 0.050000 0.047500
0 0.682500 0.502500 0.037500 0.035000
0 0.601875 0.933125 0.068750 0.066250