0 0.756875 0.540625 0.106250 0.106250
0 0.801875 0.886875 0.101250 0.101250
0 0.150000 0.299375 0.082500 0.091250
0 0.796250 0.782500 0.065000 0.065000
0 0.108750 0.441250 0.040000 0.040000
0 0.403750 0.813125 0.067500 0.068750
0 0.911875 0.580000 0.083750 0.075000
0 0.859375 0.285625 0.053750 0.048750
0 0.223750 0.323750 0.047500 0.042500
0 0.868750 0.108750 0.045000 0.040000
0 0.759375 0.283125 0.071250 0.071250
0 0.490625 0.900625 0.078750 0.078750
0 0.776250 0.177500 0.025000 0.025000
0 0.521875 0.118750 0.098750 0.095000
0 0.238750 0.742500 0.087500 0.087500
0 0.085625 0.928125 0.031250 0.031250
0 0.171250 0.093750 0.035000 0.035000
0 0.053125 0.164375 0.028750 0.028750
0 0.150625 0.785625 0.073750 0.088750
0 0.705000 0.411875 0.052500 0.063750
0 0.243125 0.462500 0.093750 0.105000
0 0.490000 0.293750 0.110000 0.110000
0 0.610000 0.470000 0.102500 0.102500
0 0.430000 0.726250 0.032500 0.032500
0 0.636875 0.646875 0.083750 0.083750
0 0.798750 0.121250 0.055000 0.055000
0 0.453125 0.470000 0.073750 0.072500
0 0.366250 0.109375 0.057500 0.056250
0 0.918750 0.671875 0.060000 0.058750
0 0.359375 0.452500 0.038750 0.037500
0 0.641875 0.778750 0.076250 0.100000
0 0.060625 0.525000 0.076250 0.100000
0 0.235000 0.617500 0.102500 0.135000
0 0.828750 0.693750 0.055000 0.072500
0 0.145000 0.902500 0.062500 0.062500
0 0.794375 0.408125 0.101250 0.101250
0 0.340000 0.236250 0.050000 0.050000
0 0.472500 0.636875 0.092500 0.126250
0 0.262500 0.130000 0.035000 0.037500
0 0.279375 0.878125 0.026250 0.021250
0 0.940625 0.925625 0.088750 0.071250
0 0.091250 0.624375 0.055000 0.043750
0 0.953750 0.394375 0.045000 0.036250
0 0.595000 0.262500 0.025000 0.025000
0 0.335000 0.506250 0.042500 0.042500
0 0.216875 0.214375 0.033750 0.033750
0 0.396250 0.186875 0.030000 0.046250
0 0.947500 0.311250 0.040000 0.062500
0 0.310625 0.786875 0.026250 0.041250
0 0.351875 0.361875 0.098750 0.096250
0 0.721875 0.778125 0.043750 0.043750
0 0.919375 0.756875 0.071250 0.071250
0 0.948750 0.048125 0.065000 0.066250
0 0.596875 0.895000 0.076250 0.077500
0 0.372500 0.756250 0.025000 0.025000
0 0.265625 0.191875 0.028750 0.028750
0 0.598750 0.361250 0.037500 0.037500
0 0.661250 0.055000 0.067500 0.067500
0 0.684375 0.883125 0.073750 0.073750
0 0.668750 0.177500 0.110000 0.110000
0 0.895000 0.160000 0.027500 0.027500
0 0.353125 0.643125 0.091250 0.091250
0 0.106250 0.134375 0.057500 0.056250
0 0.683125 0.268125 0.026250 0.026250
0 0.825625 0.213125 0.036250 0.036250
0 0.734375 0.675625 0.093750 0.093750
0 0.059375 0.768125 0.076250 0.076250
0 0.341250 0.915000 0.082500 0.082500
0 0.172500 0.226250 0.032500 0.032500
0 0.219375 0.909375 0.071250 0.071250
0 0.931875 0.485625 0.083750 0.083750
0 0.045000 0.275000 0.060000 0.052500
0 0.084375 0.055625 0.026250 0.026250
0 0.239375 0.818125 0.043750 0.043750
0 0.505625 0.774375 0.061250 0.061250
0 0.215625 0.041875 0.043750 0.043750
0 0.145000 0.596250 0.035000 0.032500
0 0.143750 0.514375 0.062500 0.063750
0 0.759375 0.044375 0.061250 0.061250
0 0.433125 0.390625 0.043750 0.043750
0 0.160625 0.672500 0.028750 0.030000
0 0.896875 0.845625 0.041250 0.041250
0 0.422500 0.910000 0.040000 0.037500