0 0.167500 0.327500 0.082500 0.082500
0 0.494375 0.809375 0.078750 0.078750
0 0.688125 0.806875 0.108750 0.083750
0 0.063125 0.288125 0.091250 0.091250
0 0.876875 0.526875 0.061250 0.061250
0 0.616250 0.061250 0.097500 0.097500
0 0.240625 0.708125 0.083750 0.083750
0 0.093750 0.924375 0.072500 0.068750
0 0.914375 0.352500 0.046250 0.037500
0 0.215625 0.556875 0.048750 0.038750
0 0.733750 0.628125 0.072500 0.058750
0 0.102500 0.171250 0.090000 0.072500
0 0.291875 0.448125 0.031250 0.028750
0 0.596875 0.254375 0.026250 0.023750
0 0.848750 0.740625 0.055000 0.061250
0 0.726250 0.121250 0.105000 0.117500
0 0.331875 0.893750 0.061250 0.060000
0 0.060625 0.708750 0.081250 0.080000
0 0.458750 0.694375 0.037500 0.036250
0 0.371875 0.158750 0.031250 0.030000
0 0.845625 0.648125 0.033750 0.033750
0 0.571250 0.176250 0.072500 0.072500
0 0.129375 0.655625 0.038750 0.038750
0 0.695625 0.400625 0.101250 0.101250
0 0.806875 0.924375 0.101250 0.101250
0 0.228125 0.171875 0.081250 0.081250
0 0.473750 0.130000 0.095000 0.095000
0 0.860625 0.248125 0.101250 0.101250
0 0.434375 0.249375 0.078750 0.078750
0 0.504375 0.600625 0.091250 0.091250
0 0.538125 0.445625 0.088750 0.088750
0 0.952500 0.068750 0.052500 0.052500
0 0.239375 0.638125 0.031250 0.031250
0 0.230625 0.874375 0.096250 0.096250
0 0.701875 0.531875 0.068750 0.068750
0 0.287500 0.291250 0.065000 0.065000
0 0.201250 0.492500 0.075000 0.075000
0 0.645625 0.929375 0.071250 0.071250
0 0.296875 0.570625 0.051250 0.051250
0 0.740000 0.317500 0.047500 0.047500
0 0.085625 0.513750 0.108750 0.100000
0 0.265625 0.066250 0.088750 0.107500
0 0.510000 0.920000 0.040000 0.047500
0 0.383125 0.541250 0.091250 0.110000
0 0.161875 0.074375 0.066250 0.066250
0 0.378750 0.780000 0.112500 0.112500
0 0.492500 0.345000 0.087500 0.087500
0 0.932500 0.161250 0.042500 0.047500
0 0.946875 0.689375 0.043750 0.043750
0 0.635625 0.630625 0.108750 0.108750
0 0.075625 0.069375 0.091250 0.091250
0 0.126875 0.824375 0.088750 0.088750
0 0.368125 0.086875 0.056250 0.056250
0 0.844375 0.116875 0.106250 0.106250
0 0.399375 0.381875 0.048750 0.048750
0 0.940625 0.530625 0.048750 0.048750
0 0.564375 0.899375 0.026250 0.026250
0 0.585000 0.851250 0.070000 0.040000
0 0.367500 0.033125 0.027500 0.026250
0 0.965000 0.332500 0.030000 0.030000
0 0.941875 0.855625 0.088750 0.088750
0 0.368750 0.663750 0.070000 0.070000
0 0.851250 0.448750 0.025000 0.017500
0 0.148125 0.724375 0.053750 0.053750
0 0.476875 0.520625 0.041250 0.041250
0 0.081250 0.408750 0.062500 0.062500
0 0.943750 0.422500 0.082500 0.082500
0 0.535000 0.031875 0.045000 0.036250
0 0.292500 0.374375 0.082500 0.076250
0 0.533750 0.723750 0.067500 0.067500
0 0.821250 0.337500 0.055000 0.055000
0 0.626875 0.545000 0.038750 0.047500
0 0.756250 0.235625 0.065000 0.081250
0 0.427500 0.945000 0.042500 0.052500
0 0.954375 0.242500 0.063750 0.040000
0 0.109375 0.593750 0.051250 0.032500
0 0.188125 0.598125 0.046250 0.028750
0 0.768125 0.514375 0.041250 0.028750
0 0.808125 0.834375 0.048750 0.048750
0 0.610625 0.778125 0.031250 0.031250
0 0.660000 0.278750 0.085000 0.085000
0 0.898125 0.943125 0.061250 0.061250
0 0.393750 0.891250 0.042500 0.037500
0 0.811250 0.596875 0.032500 0.026250
0 0.649375 0.196250 0.033750 0.040000
0 0.873125 0.408125 0.043750 0.043750
0 0.049375 0.623125 0.048750 0.048750