0 0.288125 0.469375 0.103750 0.146250
0 0.685000 0.071875 0.055000 0.036250
0 0.236875 0.225000 0.071250 0.047500
0 0.170000 0.405000 0.077500 0.077500
0 0.350625 0.680000 0.108750 0.187500
0 0.826250 0.875625 0.057500 0.098750
0 0.375625 0.176250 0.053750 0.092500
0 0.102500 0.138750 0.080000 0.080000
0 0.209375 0.744375 0.061250 0.061250
0 0.367500 0.916875 0.032500 0.033750
0 0.229375 0.800625 0.026250 0.026250
0 0.253125 0.599375 0.043750 0.043750
0 0.675000 0.175000 0.067500 0.067500
0 0.098750 0.941250 0.067500 0.067500
0 0.122500 0.708750 0.042500 0.042500
0 0.925625 0.308125 0.078750 0.078750
0 0.745000 0.659375 0.040000 0.038750
0 0.049375 0.510000 0.033750 0.032500
0 0.621875 0.403125 0.093750 0.091250
0 0.187500 0.872500 0.072500 0.072500
0 0.461875 0.149375 0.098750 0.098750
0 0.516250 0.430000 0.035000 0.035000
0 0.321875 0.271875 0.061250 0.061250
0 0.488125 0.751875 0.081250 0.081250
0 0.037500 0.851250 0.042500 0.042500
0 0.817500 0.045000 0.062500 0.062500
0 0.736250 0.516250 0.077500 0.077500
0 0.883750 0.651875 0.112500 0.173750
0 0.750000 0.381250 0.082500 0.100000
0 0.607500 0.501250 0.040000 0.040000
0 0.437500 0.688125 0.027500 0.018750
0 0.594375 0.723750 0.086250 0.105000
0 0.076250 0.613750 0.107500 0.112500
0 0.281250 0.074375 0.100000 0.103750
0 0.776250 0.218750 0.072500 0.075000
0 0.147500 0.485000 0.045000 0.050000
0 0.517500 0.265625 0.075000 0.083750
0 0.565000 0.093125 0.030000 0.033750
0 0.186250 0.578125 0.050000 0.056250
0 0.551250 0.856250 0.100000 0.100000
0 0.906875 0.854375 0.086250 0.086250
0 0.656250 0.583750 0.060000 0.060000
0 0.423125 0.401875 0.088750 0.088750
0 0.687500 0.293750 0.050000 0.050000
0 0.918125 0.083125 0.093750 0.093750
0 0.457500 0.596250 0.077500 0.077500
0 0.677500 0.891250 0.085000 0.085000
0 0.102500 0.280000 0.105000 0.105000
0 0.290000 0.922500 0.080000 0.080000
0 0.843125 0.320625 0.071250 0.071250
0 0.606875 0.254375 0.076250 0.076250
0 0.240000 0.337500 0.035000 0.035000
0 0.447500 0.861250 0.062500 0.062500
0 0.570000 0.580000 0.087500 0.087500
0 0.752500 0.110625 0.030000 0.026250
0 0.738125 0.725625 0.031250 0.031250
0 0.913750 0.407500 0.082500 0.082500
0 0.471875 0.071875 0.036250 0.036250
0 0.901875 0.514375 0.036250 0.036250
0 0.747500 0.823750 0.032500 0.032500
0 0.046875 0.061250 0.058750 0.052500
0 0.270625 0.795000 0.031250 0.027500
0 0.566250 0.936875 0.045000 0.041250
0 0.515000 0.676250 0.047500 0.047500
0 0.110625 0.839375 0.051250 0.051250
0 0.241250 0.151250 0.027500 0.025000
0 0.905625 0.186875 0.058750 0.053750
0 0.815000 0.776250 0.060000 0.055000
0 0.422500 0.278750 0.097500 0.097500
0 0.073125 0.379375 0.043750 0.043750
0 0.420625 0.502500 0.048750 0.052500
0 0.254375 0.658125 0.028750 0.028750
0 0.030000 0.735000 0.032500 0.032500