0 0.748750 0.701250 0.050000 0.060000
0 0.363750 0.161875 0.087500 0.106250
0 0.803125 0.525000 0.086250 0.105000
0 0.587500 0.781875 0.087500 0.106250
0 0.930000 0.821250 0.080000 0.080000
0 0.158750 0.790000 0.035000 0.035000
0 0.440625 0.636875 0.081250 0.068750
0 0.513125 0.435625 0.026250 0.023750
0 0.593125 0.556875 0.083750 0.076250
0 0.417500 0.855000 0.112500 0.102500
0 0.201250 0.588750 0.087500 0.082500
0 0.180000 0.064375 0.035000 0.033750
0 0.133750 0.134375 0.067500 0.068750
0 0.853125 0.932500 0.076250 0.077500
0 0.645625 0.252500 0.061250 0.062500
0 0.155625 0.916875 0.028750 0.028750
0 0.255000 0.486250 0.027500 0.027500
0 0.355625 0.553125 0.073750 0.071250
0 0.336875 0.451250 0.108750 0.102500
0 0.132500 0.487500 0.082500 0.077500
0 0.790625 0.801250 0.098750 0.092500
0 0.220625 0.244375 0.111250 0.111250
0 0.103750 0.635000 0.025000 0.025000
0 0.107500 0.320000 0.082500 0.082500
0 0.645625 0.918125 0.051250 0.051250
0 0.617500 0.150000 0.107500 0.107500
0 0.850000 0.108750 0.105000 0.105000
0 0.926875 0.414375 0.088750 0.088750
0 0.514375 0.364375 0.093750 0.093750
0 0.531250 0.902500 0.095000 0.095000
0 0.050000 0.221250 0.070000 0.070000
0 0.312500 0.645000 0.100000 0.087500
0 0.757500 0.430625 0.065000 0.056250
0 0.764375 0.324375 0.101250 0.088750
0 0.178750 0.732500 0.030000 0.027500
0 0.489375 0.508125 0.086250 0.081250
0 0.136250 0.404375 0.055000 0.051250
0 0.694375 0.544375 0.101250 0.101250
0 0.392500 0.346250 0.072500 0.082500
0 0.775000 0.238750 0.032500 0.037500
0 0.297500 0.836250 0.047500 0.047500
0 0.068125 0.882500 0.096250 0.125000
0 0.933750 0.695000 0.097500 0.097500
0 0.826875 0.649375 0.091250 0.091250
0 0.363750 0.057500 0.057500 0.057500
0 0.886875 0.308125 0.096250 0.096250
0 0.928750 0.531875 0.112500 0.106250
0 0.676250 0.712500 0.037500 0.047500
0 0.643750 0.377500 0.097500 0.122500
0 0.715000 0.619375 0.025000 0.031250
0 0.480000 0.110000 0.085000 0.075000
0 0.384375 0.744375 0.106250 0.093750
0 0.248750 0.104375 0.050000 0.048750
0 0.956250 0.068750 0.047500 0.047500
0 0.483750 0.208750 0.102500 0.102500
0 0.740000 0.052500 0.050000 0.050000
0 0.065000 0.745000 0.090000 0.075000
0 0.250625 0.758125 0.071250 0.071250
0 0.615625 0.663125 0.033750 0.033750
0 0.748750 0.174375 0.027500 0.026250
0 0.283125 0.930625 0.071250 0.071250
0 0.894375 0.238125 0.026250 0.026250
0 0.048125 0.543125 0.038750 0.036250
0 0.545625 0.669375 0.073750 0.073750
0 0.257500 0.356875 0.085000 0.058750
0 0.828125 0.425000 0.061250 0.042500
0 0.209375 0.958125 0.026250 0.021250
0 0.735625 0.125625 0.066250 0.056250
0 0.333750 0.251250 0.045000 0.045000
0 0.205625 0.671250 0.071250 0.065000
0 0.728750 0.888750 0.045000 0.042500
0 0.928750 0.895625 0.055000 0.038750
0 0.391875 0.253125 0.051250 0.051250
0 0.838750 0.205625 0.027500 0.016250
0 0.030000 0.417500 0.025000 0.025000
0 0.039375 0.610625 0.043750 0.043750