0 0.415625 0.138125 0.028750 0.028750
0 0.331875 0.138750 0.053750 0.047500
0 0.686875 0.173750 0.036250 0.032500
0 0.361250 0.776875 0.055000 0.048750
0 0.235000 0.477500 0.067500 0.067500
0 0.742500 0.382500 0.090000 0.090000
0 0.297500 0.647500 0.110000 0.110000
0 0.811250 0.782500 0.075000 0.062500
0 0.278750 0.386250 0.107500 0.092500
0 0.595625 0.556875 0.108750 0.108750
0 0.162500 0.810000 0.080000 0.080000
0 0.428125 0.431875 0.108750 0.108750
0 0.946875 0.559375 0.078750 0.078750
0 0.845625 0.626875 0.093750 0.093750
0 0.830000 0.402500 0.050000 0.050000
0 0.594375 0.874375 0.081250 0.081250
0 0.826875 0.153125 0.048750 0.048750
0 0.108750 0.058750 0.045000 0.045000
0 0.769375 0.089375 0.043750 0.043750
0 0.036875 0.776875 0.031250 0.031250
0 0.403750 0.307500 0.092500 0.092500
0 0.721875 0.809375 0.053750 0.053750
0 0.426875 0.650625 0.063750 0.063750
0 0.192500 0.101250 0.072500 0.072500
0 0.845000 0.287500 0.082500 0.082500
0 0.953750 0.623750 0.025000 0.025000
0 0.149375 0.201875 0.101250 0.101250
0 0.594375 0.078125 0.101250 0.101250
0 0.674375 0.246875 0.026250 0.026250
0 0.756250 0.032500 0.027500 0.027500
0 0.046250 0.036250 0.030000 0.030000
0 0.418750 0.866250 0.102500 0.102500
0 0.931250 0.407500 0.110000 0.110000
0 0.918750 0.851250 0.097500 0.097500
0 0.708125 0.118750 0.038750 0.035000
0 0.125000 0.340000 0.090000 0.072500
0 0.522500 0.423750 0.035000 0.035000
0 0.850000 0.037500 0.087500 0.035000
0 0.105000 0.637500 0.097500 0.095000
0 0.460625 0.540000 0.063750 0.055000
0 0.731250 0.905000 0.107500 0.107500
0 0.504375 0.754375 0.106250 0.106250
0 0.535625 0.313125 0.048750 0.048750
0 0.137500 0.950000 0.047500 0.047500
0 0.415000 0.068750 0.042500 0.042500
0 0.113125 0.499375 0.111250 0.111250
0 0.731250 0.667500 0.080000 0.052500
0 0.503125 0.628125 0.053750 0.043750
0 0.292500 0.270625 0.080000 0.066250
0 0.484375 0.205625 0.081250 0.066250
0 0.631250 0.658125 0.025000 0.028750
0 0.736875 0.529375 0.083750 0.096250
0 0.632500 0.392500 0.097500 0.112500
0 0.285625 0.753750 0.073750 0.085000