0 0.726875 0.071250 0.083750 0.072500
0 0.698125 0.376250 0.028750 0.022500
0 0.176250 0.091875 0.097500 0.078750
0 0.578125 0.374375 0.108750 0.088750
0 0.911875 0.283750 0.073750 0.060000
0 0.274375 0.315000 0.083750 0.100000
0 0.177500 0.920000 0.065000 0.047500
0 0.853750 0.403750 0.030000 0.030000
0 0.721875 0.293125 0.086250 0.086250
0 0.351875 0.121875 0.093750 0.093750
0 0.916875 0.413125 0.031250 0.031250
0 0.590625 0.058750 0.083750 0.085000
0 0.824375 0.060625 0.088750 0.071250
0 0.750625 0.731250 0.066250 0.062500
0 0.264375 0.561875 0.101250 0.096250
0 0.613125 0.889375 0.096250 0.091250
0 0.401250 0.592500 0.050000 0.047500
0 0.611250 0.583750 0.052500 0.052500
0 0.705625 0.555625 0.066250 0.066250
0 0.483125 0.338125 0.046250 0.046250
0 0.710625 0.653750 0.086250 0.075000
0 0.087500 0.689375 0.072500 0.063750
0 0.210000 0.213125 0.087500 0.076250
0 0.746875 0.916875 0.111250 0.116250
0 0.041875 0.196250 0.033750 0.035000
0 0.062500 0.256250 0.060000 0.062500
0 0.088750 0.117500 0.060000 0.062500
0 0.506250 0.205000 0.095000 0.085000
0 0.166250 0.349375 0.080000 0.071250
0 0.381875 0.497500 0.096250 0.087500
0 0.781875 0.161875 0.093750 0.093750
0 0.602500 0.771250 0.035000 0.035000
0 0.342500 0.685000 0.102500 0.102500
0 0.920625 0.539375 0.046250 0.046250
0 0.202500 0.743750 0.060000 0.060000
0 0.736250 0.456250 0.067500 0.067500
0 0.299375 0.870625 0.108750 0.108750
0 0.440000 0.275000 0.032500 0.030000
0 0.473750 0.773750 0.077500 0.072500
0 0.074375 0.478750 0.111250 0.105000
0 0.041875 0.868125 0.026250 0.023750
0 0.370625 0.264375 0.083750 0.083750
0 0.949375 0.906875 0.068750 0.068750
0 0.932500 0.616250 0.072500 0.072500
0 0.928125 0.755625 0.078750 0.078750
0 0.488750 0.506250 0.057500 0.057500
0 0.575625 0.481250 0.086250 0.087500
0 0.831875 0.575000 0.098750 0.100000
0 0.423125 0.194375 0.031250 0.031250
0 0.485625 0.871250 0.078750 0.080000
0 0.397500 0.375000 0.070000 0.070000
0 0.250625 0.412500 0.046250 0.050000
0 0.535000 0.276250 0.040000 0.040000
0 0.130625 0.838750 0.103750 0.075000
0 0.941250 0.488125 0.047500 0.033750
0 0.453750 0.105625 0.077500 0.056250
0 0.457500 0.666250 0.092500 0.067500
0 0.170625 0.613125 0.071250 0.071250
0 0.194375 0.280625 0.033750 0.033750
0 0.775000 0.801250 0.047500 0.045000
0 0.663125 0.186250 0.096250 0.110000
0 0.931250 0.197500 0.072500 0.072500
0 0.921875 0.103125 0.073750 0.073750
0 0.543125 0.644375 0.061250 0.061250
0 0.880625 0.853125 0.036250 0.036250
0 0.056250 0.596250 0.082500 0.100000
0 0.503750 0.035000 0.025000 0.025000
0 0.798750 0.666250 0.045000 0.045000
0 0.822500 0.320000 0.052500 0.067500
0 0.135625 0.252500 0.031250 0.025000