0 0.641875 0.799375 0.068750 0.068750
0 0.914375 0.669375 0.063750 0.063750
0 0.175000 0.562500 0.065000 0.065000
0 0.606875 0.118125 0.106250 0.106250
0 0.845000 0.133125 0.050000 0.046250
0 0.495000 0.666875 0.047500 0.043750
0 0.448125 0.219375 0.033750 0.031250
0 0.396250 0.825000 0.095000 0.087500
0 0.326875 0.613125 0.111250 0.121250
0 0.234375 0.391250 0.098750 0.107500
0 0.182500 0.728750 0.107500 0.117500
0 0.105625 0.896875 0.036250 0.036250
0 0.184375 0.178125 0.106250 0.106250
0 0.201250 0.815000 0.040000 0.040000
0 0.406875 0.486875 0.098750 0.098750
0 0.425000 0.142500 0.035000 0.035000
0 0.712500 0.308750 0.045000 0.045000
0 0.110625 0.368125 0.063750 0.063750
0 0.550625 0.433750 0.073750 0.085000
0 0.321250 0.242500 0.107500 0.107500
0 0.827500 0.573750 0.035000 0.035000
0 0.671875 0.895625 0.058750 0.058750
0 0.066875 0.185000 0.086250 0.092500
0 0.526250 0.181875 0.030000 0.031250
0 0.538750 0.823750 0.055000 0.055000
0 0.875000 0.850000 0.097500 0.097500
0 0.054375 0.436875 0.053750 0.053750
0 0.718125 0.395625 0.108750 0.108750
0 0.259375 0.885625 0.036250 0.036250
0 0.441250 0.325000 0.085000 0.067500
0 0.757500 0.700000 0.112500 0.112500
0 0.564375 0.283125 0.111250 0.111250
0 0.818125 0.239375 0.091250 0.091250
0 0.719375 0.094375 0.066250 0.066250
0 0.115625 0.068750 0.026250 0.025000
0 0.312500 0.960000 0.030000 0.030000
0 0.871250 0.358750 0.110000 0.112500
0 0.316250 0.763750 0.025000 0.030000
0 0.758750 0.818750 0.075000 0.075000
0 0.075000 0.821250 0.035000 0.035000
0 0.924375 0.049375 0.071250 0.071250
0 0.567500 0.702500 0.080000 0.080000
0 0.933125 0.220625 0.088750 0.088750
0 0.061250 0.721250 0.080000 0.080000
0 0.342500 0.102500 0.100000 0.100000
0 0.594375 0.553750 0.068750 0.065000
0 0.211875 0.068125 0.093750 0.088750
0 0.436250 0.387500 0.042500 0.040000
0 0.086250 0.527500 0.035000 0.032500
0 0.064375 0.609375 0.093750 0.093750
0 0.755000 0.932500 0.082500 0.082500
0 0.117500 0.461250 0.035000 0.035000
0 0.380000 0.920000 0.062500 0.062500
0 0.492500 0.587500 0.025000 0.025000
0 0.893125 0.459375 0.051250 0.051250
0 0.439375 0.053125 0.078750 0.078750
0 0.972500 0.853125 0.030000 0.033750
0 0.741250 0.564375 0.092500 0.106250
0 0.929375 0.590000 0.043750 0.050000
0 0.555000 0.908750 0.032500 0.037500
0 0.407500 0.653750 0.032500 0.045000
0 0.956875 0.124375 0.058750 0.061250