0 0.411875 0.736875 0.073750 0.073750
0 0.877500 0.440000 0.107500 0.107500
0 0.188750 0.073750 0.082500 0.082500
0 0.181875 0.231875 0.091250 0.091250
0 0.192500 0.393750 0.062500 0.062500
0 0.783750 0.586250 0.035000 0.035000
0 0.655000 0.133750 0.042500 0.042500
0 0.456875 0.464375 0.051250 0.051250
0 0.910625 0.797500 0.081250 0.082500
0 0.971875 0.512500 0.031250 0.035000
0 0.734375 0.289375 0.091250 0.091250
0 0.580625 0.085625 0.026250 0.026250
0 0.590625 0.294375 0.096250 0.096250
0 0.384375 0.098125 0.098750 0.098750
0 0.247500 0.853750 0.047500 0.057500
0 0.115000 0.765000 0.082500 0.100000
0 0.099375 0.641875 0.051250 0.051250
0 0.503125 0.056875 0.066250 0.066250
0 0.623750 0.405000 0.067500 0.067500
0 0.808750 0.161250 0.077500 0.077500
0 0.330625 0.844375 0.078750 0.078750
0 0.400000 0.570000 0.085000 0.097500
0 0.747500 0.687500 0.105000 0.120000
0 0.276875 0.683125 0.033750 0.033750
0 0.219375 0.159375 0.038750 0.038750
0 0.371875 0.284375 0.106250 0.106250
0 0.891250 0.680000 0.047500 0.047500
0 0.278750 0.740000 0.065000 0.055000
0 0.327500 0.506875 0.037500 0.041250
0 0.700625 0.476250 0.053750 0.060000
0 0.223125 0.642500 0.053750 0.060000
0 0.424375 0.863125 0.091250 0.091250
0 0.069375 0.112500 0.068750 0.045000
0 0.859375 0.028125 0.043750 0.028750
0 0.703125 0.795000 0.073750 0.047500
0 0.337500 0.396250 0.057500 0.037500
0 0.747500 0.395000 0.057500 0.052500
0 0.830000 0.899375 0.050000 0.046250
0 0.551875 0.674375 0.093750 0.093750
0 0.952500 0.880000 0.060000 0.060000
0 0.468750 0.173750 0.035000 0.035000
0 0.606875 0.906875 0.098750 0.098750
0 0.878125 0.600625 0.028750 0.028750
0 0.623750 0.562500 0.095000 0.095000
0 0.943750 0.068750 0.057500 0.057500
0 0.076250 0.264375 0.092500 0.103750
0 0.149375 0.515625 0.036250 0.036250
0 0.484375 0.300000 0.098750 0.120000
0 0.188125 0.930000 0.031250 0.037500
0 0.921250 0.140625 0.055000 0.066250
0 0.914375 0.248125 0.036250 0.036250
0 0.077500 0.440000 0.092500 0.092500
0 0.724375 0.863125 0.058750 0.058750
0 0.043125 0.854375 0.053750 0.053750
0 0.411875 0.196875 0.051250 0.051250
0 0.812500 0.818750 0.092500 0.092500
0 0.855000 0.285000 0.055000 0.055000
0 0.301250 0.941250 0.042500 0.042500
0 0.241250 0.533750 0.107500 0.107500
0 0.446875 0.406875 0.046250 0.046250
0 0.541875 0.780625 0.091250 0.091250
0 0.773750 0.061250 0.087500 0.067500
0 0.695625 0.218125 0.028750 0.021250
0 0.179375 0.800625 0.028750 0.028750
0 0.958750 0.573750 0.040000 0.040000
0 0.545625 0.475000 0.076250 0.030000
0 0.106250 0.055000 0.050000 0.055000
0 0.521250 0.581250 0.092500 0.070000
0 0.075625 0.912500 0.081250 0.047500
0 0.695000 0.922500 0.042500 0.025000
0 0.105625 0.563750 0.028750 0.030000