0 0.873750 0.083750 0.112500 0.112500
0 0.697500 0.317500 0.062500 0.062500
0 0.659375 0.050625 0.061250 0.061250
0 0.653750 0.916250 0.047500 0.047500
0 0.653750 0.700000 0.067500 0.067500
0 0.772500 0.480000 0.072500 0.072500
0 0.687500 0.542500 0.062500 0.062500
0 0.038750 0.400000 0.047500 0.047500
0 0.403750 0.376250 0.090000 0.090000
0 0.770625 0.841875 0.033750 0.033750
0 0.919375 0.540625 0.076250 0.076250
0 0.830625 0.268750 0.068750 0.067500
0 0.214375 0.833750 0.033750 0.032500
0 0.801875 0.696250 0.076250 0.075000
0 0.502500 0.708125 0.102500 0.101250
0 0.226875 0.351875 0.083750 0.041250
0 0.501250 0.410000 0.080000 0.040000
0 0.146875 0.912500 0.106250 0.052500
0 0.159375 0.690625 0.041250 0.041250
0 0.902500 0.785000 0.107500 0.107500
0 0.285625 0.059375 0.043750 0.043750
0 0.589375 0.929375 0.058750 0.058750
0 0.063125 0.611875 0.063750 0.063750
0 0.091250 0.238750 0.110000 0.110000
0 0.300625 0.241875 0.083750 0.088750
0 0.965000 0.124375 0.027500 0.028750
0 0.603125 0.838750 0.028750 0.030000
0 0.537500 0.168125 0.095000 0.101250
0 0.676875 0.786250 0.073750 0.085000
0 0.924375 0.268125 0.068750 0.078750
0 0.554375 0.570625 0.108750 0.108750
0 0.588125 0.359375 0.078750 0.078750
0 0.776250 0.078750 0.067500 0.067500
0 0.101250 0.077500 0.070000 0.070000
0 0.936875 0.900625 0.061250 0.061250
0 0.350625 0.674375 0.108750 0.108750
0 0.908750 0.187500 0.032500 0.032500
0 0.390625 0.904375 0.111250 0.111250
0 0.321250 0.415000 0.032500 0.032500
0 0.247500 0.526250 0.110000 0.110000
0 0.266875 0.920625 0.101250 0.101250
0 0.899375 0.433125 0.071250 0.073750
0 0.416875 0.208125 0.091250 0.091250
0 0.137500 0.462500 0.047500 0.047500
0 0.390625 0.488125 0.088750 0.088750
0 0.062500 0.492500 0.060000 0.060000
0 0.515000 0.051875 0.042500 0.043750
0 0.198125 0.100000 0.078750 0.082500
0 0.921875 0.631250 0.078750 0.082500
0 0.575000 0.094375 0.027500 0.028750
0 0.199375 0.298125 0.041250 0.041250
0 0.402500 0.075000 0.107500 0.107500
0 0.697500 0.205000 0.080000 0.080000
0 0.217500 0.766250 0.087500 0.082500
0 0.116875 0.394375 0.051250 0.048750
0 0.788125 0.606250 0.083750 0.080000
0 0.215000 0.691250 0.045000 0.042500
0 0.063750 0.806250 0.085000 0.085000
0 0.829375 0.921875 0.091250 0.073750
0 0.493750 0.830625 0.052500 0.051250
0 0.705000 0.869375 0.032500 0.038750
0 0.044375 0.931875 0.028750 0.033750
0 0.583125 0.747500 0.036250 0.042500
0 0.796250 0.360625 0.075000 0.088750
0 0.295625 0.145625 0.053750 0.053750
0 0.146875 0.563125 0.063750 0.063750
0 0.271250 0.441250 0.040000 0.040000
0 0.270625 0.628125 0.026250 0.023750
0 0.190625 0.633125 0.058750 0.058750
0 0.666875 0.450000 0.076250 0.085000
0 0.634375 0.128750 0.038750 0.042500
0 0.393750 0.795000 0.047500 0.047500
0 0.561250 0.467500 0.030000 0.030000
0 0.784375 0.783125 0.088750 0.056250
0 0.465625 0.476875 0.043750 0.043750
0 0.089375 0.688125 0.061250 0.061250
0 0.495000 0.282500 0.045000 0.045000
0 0.123750 0.630625 0.040000 0.038750
0 0.511250 0.916875 0.045000 0.043750
0 0.448125 0.615625 0.051250 0.051250
0 0.778125 0.175625 0.051250 0.051250
0 0.626250 0.270000 0.030000 0.030000
0 0.128125 0.334375 0.066250 0.056250
0 0.882500 0.352500 0.082500 0.070000
0 0.585000 0.687500 0.030000 0.030000
0 0.061250 0.342500 0.040000 0.040000
0 0.310625 0.317500 0.036250 0.035000
0 0.644375 0.866250 0.033750 0.032500