0 0.571875 0.869375 0.101250 0.101250
0 0.503125 0.758125 0.066250 0.063750
0 0.066250 0.672500 0.067500 0.067500
0 0.430000 0.108750 0.087500 0.087500
0 0.701250 0.677500 0.027500 0.027500
0 0.351875 0.851875 0.103750 0.103750
0 0.160625 0.733125 0.073750 0.073750
0 0.479375 0.391875 0.043750 0.038750
0 0.465625 0.314375 0.071250 0.068750
0 0.590625 0.369375 0.091250 0.088750
0 0.473750 0.863125 0.042500 0.026250
0 0.328125 0.385625 0.038750 0.023750
0 0.250625 0.391250 0.046250 0.042500
0 0.120000 0.918750 0.045000 0.045000
0 0.901250 0.476250 0.067500 0.067500
0 0.216250 0.157500 0.072500 0.072500
0 0.286250 0.115000 0.032500 0.032500
0 0.078750 0.180625 0.047500 0.038750
0 0.918750 0.116875 0.070000 0.056250
0 0.913125 0.597500 0.083750 0.067500
0 0.073750 0.408125 0.065000 0.063750
0 0.471250 0.566250 0.107500 0.097500
0 0.269375 0.216875 0.026250 0.023750
0 0.191250 0.837500 0.030000 0.030000
0 0.385000 0.635000 0.042500 0.042500
0 0.595625 0.570000 0.101250 0.117500
0 0.815000 0.292500 0.057500 0.052500
0 0.778750 0.431250 0.065000 0.060000
0 0.094375 0.558750 0.036250 0.035000
0 0.679375 0.918125 0.088750 0.088750
0 0.718750 0.735000 0.027500 0.027500
0 0.598125 0.694375 0.086250 0.086250
0 0.162500 0.090000 0.027500 0.027500
0 0.085000 0.242500 0.065000 0.065000
0 0.189375 0.554375 0.061250 0.061250
0 0.921875 0.270625 0.081250 0.081250
0 0.376875 0.461875 0.041250 0.041250
0 0.901250 0.770000 0.067500 0.062500
0 0.308125 0.288750 0.076250 0.070000
0 0.448750 0.216250 0.102500 0.095000
0 0.420625 0.721250 0.036250 0.032500
0 0.792500 0.153125 0.105000 0.078750
0 0.609375 0.078125 0.078750 0.078750
0 0.683750 0.378750 0.050000 0.050000
0 0.806875 0.718750 0.098750 0.105000
0 0.524375 0.474375 0.043750 0.043750
0 0.599375 0.224375 0.051250 0.033750
0 0.102500 0.135000 0.027500 0.030000
0 0.175000 0.415625 0.055000 0.061250
0 0.790000 0.845625 0.107500 0.121250
0 0.808125 0.048750 0.083750 0.070000
0 0.261875 0.749375 0.083750 0.083750
0 0.178750 0.302500 0.100000 0.100000
0 0.669375 0.815625 0.066250 0.066250
0 0.713750 0.565000 0.087500 0.087500
0 0.287500 0.574375 0.065000 0.068750
0 0.250000 0.925000 0.077500 0.082500
0 0.724375 0.275625 0.086250 0.086250
0 0.839375 0.636875 0.026250 0.026250
0 0.853125 0.406875 0.031250 0.031250
0 0.383125 0.349375 0.036250 0.036250
0 0.706250 0.058750 0.090000 0.090000
0 0.104375 0.506875 0.033750 0.033750
0 0.614375 0.464375 0.078750 0.078750
0 0.113125 0.843125 0.083750 0.083750
0 0.564375 0.161875 0.063750 0.063750
0 0.780000 0.493750 0.035000 0.035000
0 0.246250 0.466250 0.035000 0.035000
0 0.379375 0.563125 0.028750 0.028750
0 0.889375 0.860625 0.061250 0.061250
0 0.103125 0.079375 0.041250 0.038750
0 0.178750 0.635625 0.065000 0.061250
0 0.505625 0.669375 0.048750 0.046250
0 0.942500 0.373125 0.085000 0.086250
0 0.030000 0.203750 0.027500 0.027500
0 0.313750 0.042500 0.035000 0.035000
0 0.055000 0.753750 0.077500 0.077500
0 0.887500 0.696250 0.030000 0.025000