0 0.922500 0.332500 0.110000 0.115000
0 0.856250 0.830000 0.065000 0.065000
0 0.708750 0.451875 0.085000 0.078750
0 0.900625 0.474375 0.026250 0.023750
0 0.686875 0.843125 0.078750 0.073750
0 0.381875 0.404375 0.036250 0.036250
0 0.262500 0.838750 0.082500 0.082500
0 0.713750 0.310625 0.045000 0.048750
0 0.826875 0.708125 0.046250 0.046250
0 0.473125 0.914375 0.106250 0.116250
0 0.102500 0.236250 0.050000 0.055000
0 0.550000 0.190625 0.092500 0.101250
0 0.097500 0.824375 0.042500 0.046250
0 0.787500 0.648750 0.055000 0.055000
0 0.170625 0.855625 0.068750 0.068750
0 0.101250 0.636250 0.032500 0.032500
0 0.148125 0.700625 0.038750 0.038750
0 0.542500 0.691250 0.087500 0.087500
0 0.853750 0.085000 0.102500 0.102500
0 0.376875 0.520625 0.086250 0.086250
0 0.081250 0.311250 0.060000 0.060000
0 0.780000 0.582500 0.030000 0.030000
0 0.613125 0.455625 0.088750 0.088750
0 0.646250 0.559375 0.045000 0.053750
0 0.137500 0.143750 0.085000 0.102500
0 0.445625 0.118750 0.056250 0.055000
0 0.216875 0.088750 0.053750 0.052500
0 0.666250 0.236875 0.042500 0.041250
0 0.695625 0.041250 0.053750 0.052500
0 0.475000 0.336250 0.075000 0.075000
0 0.356250 0.062500 0.067500 0.067500
0 0.294375 0.303125 0.076250 0.076250
0 0.325000 0.702500 0.085000 0.085000
0 0.560000 0.800000 0.095000 0.095000
0 0.353125 0.151875 0.083750 0.096250
0 0.155000 0.576250 0.032500 0.037500
0 0.268125 0.405000 0.028750 0.032500
0 0.941875 0.544375 0.086250 0.086250
0 0.530625 0.569375 0.103750 0.103750
0 0.190625 0.385625 0.086250 0.086250
0 0.847500 0.224375 0.062500 0.076250
0 0.183750 0.267500 0.092500 0.112500
0 0.657500 0.663125 0.100000 0.088750
0 0.720625 0.262500 0.031250 0.027500
0 0.565000 0.307500 0.067500 0.060000
0 0.743750 0.923750 0.065000 0.065000
0 0.106250 0.431250 0.040000 0.040000
0 0.252500 0.541250 0.085000 0.085000
0 0.218125 0.629375 0.066250 0.066250
0 0.755000 0.181250 0.080000 0.080000
0 0.931875 0.195625 0.058750 0.058750
0 0.482500 0.421250 0.062500 0.062500
0 0.600625 0.096875 0.068750 0.068750
0 0.447500 0.823750 0.045000 0.045000
0 0.112500 0.366250 0.027500 0.027500
0 0.156250 0.510000 0.037500 0.042500
0 0.044375 0.513125 0.056250 0.076250
0 0.805625 0.493750 0.086250 0.117500
0 0.403125 0.622500 0.046250 0.062500
0 0.280000 0.937500 0.050000 0.050000
0 0.916875 0.741875 0.086250 0.086250
0 0.790625 0.760625 0.038750 0.038750
0 0.055000 0.088750 0.037500 0.037500
0 0.395625 0.265625 0.063750 0.063750
0 0.318125 0.618125 0.031250 0.031250
0 0.413125 0.701875 0.061250 0.061250
0 0.926250 0.805000 0.025000 0.025000
0 0.236250 0.757500 0.062500 0.062500
0 0.883125 0.912500 0.058750 0.082500
0 0.064375 0.735625 0.048750 0.048750
0 0.363750 0.812500 0.070000 0.070000
0 0.053125 0.916875 0.066250 0.066250
0 0.206250 0.935625 0.070000 0.068750
0 0.517500 0.065625 0.065000 0.063750