0 0.469375 0.145625 0.061250 0.061250
0 0.377500 0.790000 0.065000 0.075000
0 0.193125 0.591875 0.033750 0.033750
0 0.121875 0.363125 0.053750 0.053750
0 0.271875 0.851875 0.051250 0.051250
0 0.053750 0.817500 0.070000 0.070000
0 0.362500 0.352500 0.030000 0.030000
0 0.793125 0.428125 0.098750 0.098750
0 0.925625 0.873125 0.091250 0.111250
0 0.488750 0.615625 0.045000 0.053750
0 0.230625 0.698750 0.051250 0.062500
0 0.043750 0.387500 0.025000 0.030000
0 0.623750 0.527500 0.092500 0.092500
0 0.267500 0.926250 0.055000 0.055000
0 0.649375 0.074375 0.088750 0.088750
0 0.553125 0.678125 0.028750 0.028750
0 0.931250 0.646250 0.072500 0.072500
0 0.414375 0.401875 0.063750 0.031250
0 0.537500 0.199375 0.057500 0.028750
0 0.659375 0.397500 0.061250 0.030000
0 0.586250 0.833750 0.047500 0.047500
0 0.728125 0.839375 0.073750 0.078750
0 0.381250 0.095000 0.057500 0.040000
0 0.303750 0.332500 0.030000 0.030000
0 0.311875 0.464375 0.058750 0.041250
0 0.063125 0.646875 0.063750 0.061250
0 0.330625 0.553125 0.076250 0.076250
0 0.768125 0.664375 0.048750 0.048750
0 0.863750 0.738750 0.055000 0.055000
0 0.277500 0.147500 0.070000 0.070000
0 0.889375 0.533125 0.066250 0.066250
0 0.720625 0.184375 0.058750 0.058750
0 0.875000 0.437500 0.025000 0.025000
0 0.370000 0.221250 0.037500 0.037500
0 0.204375 0.125000 0.033750 0.047500
0 0.651875 0.617500 0.056250 0.072500
0 0.936250 0.180000 0.092500 0.120000
0 0.740000 0.535000 0.095000 0.095000
0 0.130000 0.477500 0.067500 0.067500
0 0.478750 0.518750 0.087500 0.087500
0 0.556875 0.766875 0.033750 0.011250
0 0.883750 0.316875 0.047500 0.016250
0 0.231250 0.776250 0.047500 0.047500
0 0.763125 0.256875 0.066250 0.066250
0 0.098750 0.080000 0.092500 0.092500
0 0.538125 0.923125 0.093750 0.093750
0 0.325625 0.679375 0.038750 0.038750
0 0.503750 0.418750 0.067500 0.067500
0 0.375625 0.888125 0.103750 0.103750
0 0.453750 0.290000 0.097500 0.097500
0 0.816875 0.073125 0.111250 0.111250
0 0.060625 0.580625 0.036250 0.036250
0 0.653125 0.281875 0.101250 0.101250
0 0.268750 0.060000 0.052500 0.052500
0 0.253750 0.396250 0.060000 0.060000
0 0.731875 0.064375 0.041250 0.041250
0 0.185625 0.283125 0.086250 0.086250
0 0.819375 0.821875 0.086250 0.086250
0 0.544375 0.344375 0.033750 0.033750
0 0.147500 0.777500 0.087500 0.087500
0 0.058750 0.230000 0.092500 0.092500
0 0.654375 0.718125 0.096250 0.096250
0 0.560000 0.113750 0.030000 0.030000
0 0.820625 0.641875 0.038750 0.038750
0 0.140625 0.876875 0.063750 0.063750
0 0.470625 0.786250 0.086250 0.077500
0 0.806250 0.340000 0.055000 0.055000
0 0.196875 0.524375 0.038750 0.046250
0 0.741875 0.928125 0.086250 0.083750
0 0.950625 0.280000 0.041250 0.035000
0 0.883125 0.358125 0.058750 0.051250
0 0.738750 0.332500 0.055000 0.055000
0 0.825625 0.599375 0.031250 0.031250
0 0.347500 0.283750 0.042500 0.042500
0 0.618750 0.178750 0.085000 0.085000