0 0.416250 0.245625 0.095000 0.076250
0 0.745625 0.316250 0.028750 0.030000
0 0.904375 0.408125 0.033750 0.033750
0 0.445625 0.086875 0.041250 0.036250
0 0.656875 0.709375 0.046250 0.041250
0 0.675625 0.354375 0.046250 0.056250
0 0.845625 0.233750 0.076250 0.092500
0 0.297500 0.501250 0.105000 0.097500
0 0.753750 0.756875 0.080000 0.056250
0 0.061250 0.262500 0.092500 0.092500
0 0.695625 0.543125 0.058750 0.058750
0 0.138125 0.166875 0.081250 0.081250
0 0.507500 0.835000 0.102500 0.102500
0 0.891875 0.559375 0.048750 0.048750
0 0.750000 0.816250 0.037500 0.037500
0 0.442500 0.531250 0.067500 0.067500
0 0.211875 0.888125 0.061250 0.061250
0 0.740625 0.128750 0.098750 0.080000
0 0.288125 0.931875 0.058750 0.058750
0 0.036250 0.826250 0.027500 0.027500
0 0.523125 0.438125 0.096250 0.096250
0 0.093750 0.060000 0.085000 0.085000
0 0.930625 0.500625 0.043750 0.043750
0 0.213125 0.616875 0.058750 0.058750
0 0.684375 0.263125 0.056250 0.056250
0 0.731250 0.656250 0.025000 0.025000
0 0.835000 0.851875 0.032500 0.028750
0 0.123125 0.898750 0.091250 0.080000
0 0.657500 0.830000 0.087500 0.077500
0 0.313125 0.820625 0.103750 0.056250
0 0.955625 0.554375 0.026250 0.026250
0 0.071250 0.738750 0.092500 0.092500
0 0.276250 0.147500 0.112500 0.112500
0 0.879375 0.096875 0.106250 0.128750
0 0.423750 0.662500 0.112500 0.117500
0 0.193125 0.528125 0.038750 0.031250
0 0.265625 0.281875 0.098750 0.081250
0 0.924375 0.677500 0.101250 0.107500
0 0.164375 0.390625 0.063750 0.063750
0 0.638125 0.643125 0.071250 0.056250
0 0.398125 0.378125 0.098750 0.078750
0 0.751250 0.395625 0.077500 0.061250
0 0.912500 0.866250 0.070000 0.075000
0 0.628750 0.150625 0.102500 0.133750
0 0.199375 0.755625 0.091250 0.118750
0 0.057500 0.424375 0.077500 0.101250
0 0.821875 0.940625 0.073750 0.053750
0 0.051875 0.507500 0.061250 0.045000
0 0.535000 0.106250 0.040000 0.030000
0 0.785625 0.587500 0.068750 0.100000
0 0.626250 0.485625 0.052500 0.076250
0 0.136875 0.571250 0.046250 0.067500
0 0.635000 0.557500 0.027500 0.032500
0 0.296250 0.723750 0.082500 0.082500
0 0.790625 0.038125 0.048750 0.041250
0 0.522500 0.700000 0.057500 0.057500
0 0.459375 0.176250 0.043750 0.040000
0 0.531250 0.185000 0.060000 0.055000
0 0.582500 0.322500 0.100000 0.092500
0 0.321250 0.637500 0.047500 0.047500
0 0.570000 0.035000 0.032500 0.032500
0 0.546250 0.517500 0.035000 0.035000
0 0.262500 0.391250 0.087500 0.087500
0 0.767500 0.472500 0.035000 0.035000
0 0.930625 0.218750 0.031250 0.015000
0 0.634375 0.051250 0.066250 0.032500
0 0.141875 0.311875 0.043750 0.021250
0 0.958125 0.758125 0.028750 0.028750
0 0.493125 0.288125 0.038750 0.043750
0 0.768125 0.245625 0.056250 0.063750
0 0.616250 0.919375 0.057500 0.053750
0 0.399375 0.455625 0.046250 0.046250
0 0.171250 0.246250 0.032500 0.025000
0 0.400000 0.183750 0.032500 0.025000
0 0.850625 0.794375 0.048750 0.048750
0 0.826250 0.493750 0.062500 0.062500
0 0.419375 0.779375 0.036250 0.036250
0 0.716875 0.920625 0.066250 0.066250