0 0.595000 0.136250 0.082500 0.082500
0 0.550625 0.545625 0.026250 0.026250
0 0.720625 0.503125 0.103750 0.103750
0 0.437500 0.071875 0.095000 0.106250
0 0.449375 0.561875 0.048750 0.048750
0 0.677500 0.252500 0.110000 0.110000
0 0.820625 0.288125 0.038750 0.038750
0 0.376875 0.314375 0.086250 0.086250
0 0.066875 0.515625 0.101250 0.101250
0 0.066250 0.275000 0.100000 0.100000
0 0.120000 0.108750 0.032500 0.032500
0 0.901875 0.074375 0.083750 0.101250
0 0.708125 0.614375 0.091250 0.091250
0 0.303750 0.618750 0.037500 0.037500
0 0.616875 0.040625 0.041250 0.041250
0 0.775625 0.389375 0.066250 0.066250
0 0.861875 0.631875 0.048750 0.048750
0 0.233750 0.460000 0.047500 0.047500
0 0.966875 0.043125 0.026250 0.026250
0 0.492500 0.692500 0.105000 0.105000
0 0.546250 0.820000 0.110000 0.110000
0 0.843125 0.180625 0.076250 0.076250
0 0.300625 0.094375 0.076250 0.076250
0 0.853750 0.840625 0.085000 0.103750
0 0.906250 0.726875 0.072500 0.098750
0 0.210000 0.859375 0.085000 0.116250
0 0.946875 0.901875 0.078750 0.086250
0 0.853750 0.410000 0.062500 0.067500
0 0.182500 0.380000 0.060000 0.065000
0 0.243750 0.286250 0.075000 0.075000
0 0.926875 0.581875 0.056250 0.056250
0 0.745000 0.126250 0.085000 0.085000
0 0.332500 0.500000 0.107500 0.107500
0 0.467500 0.423750 0.112500 0.112500
0 0.099375 0.191250 0.076250 0.045000
0 0.281875 0.190000 0.081250 0.082500
0 0.051875 0.786875 0.026250 0.026250
0 0.358125 0.749375 0.111250 0.111250
0 0.851875 0.533125 0.048750 0.048750
0 0.410000 0.903750 0.052500 0.052500
0 0.140000 0.673750 0.042500 0.042500
0 0.642500 0.391875 0.087500 0.063750
0 0.099375 0.904375 0.056250 0.041250
0 0.199375 0.100000 0.076250 0.055000
0 0.751250 0.329375 0.032500 0.023750
0 0.188125 0.759375 0.058750 0.058750
0 0.177500 0.591250 0.042500 0.042500
0 0.058125 0.674375 0.056250 0.056250
0 0.590000 0.935000 0.057500 0.057500
0 0.745625 0.790625 0.103750 0.113750
0 0.760000 0.945000 0.032500 0.037500
0 0.935625 0.291875 0.073750 0.058750
0 0.497500 0.280000 0.112500 0.112500
0 0.430000 0.836250 0.042500 0.042500
0 0.369375 0.189375 0.078750 0.078750
0 0.945625 0.387500 0.073750 0.075000
0 0.602500 0.689375 0.095000 0.096250
0 0.521250 0.921250 0.050000 0.050000
0 0.249375 0.379375 0.048750 0.048750
0 0.750625 0.044375 0.046250 0.046250
0 0.671250 0.914375 0.077500 0.066250
0 0.306875 0.914375 0.048750 0.041250
0 0.481250 0.165625 0.077500 0.066250
0 0.951250 0.218125 0.055000 0.058750
0 0.151250 0.525625 0.027500 0.021250
0 0.388750 0.644375 0.060000 0.048750
0 0.586875 0.470625 0.068750 0.068750
0 0.083750 0.595625 0.025000 0.031250
0 0.052500 0.376250 0.037500 0.037500
0 0.833125 0.939375 0.031250 0.031250
0 0.199375 0.669375 0.046250 0.046250
0 0.113125 0.776875 0.073750 0.073750
0 0.812500 0.686250 0.040000 0.040000
0 0.195625 0.200625 0.048750 0.048750
0 0.613125 0.575625 0.046250 0.046250
0 0.311250 0.851250 0.067500 0.067500
0 0.258125 0.760625 0.056250 0.036250
0 0.945625 0.499375 0.053750 0.061250
0 0.658125 0.839375 0.041250 0.041250
0 0.360000 0.091875 0.027500 0.028750
0 0.043125 0.116875 0.056250 0.058750