0 0.370000 0.209375 0.037500 0.033750
0 0.794375 0.644375 0.106250 0.098750
0 0.488125 0.509375 0.103750 0.096250
0 0.681250 0.153750 0.065000 0.065000
0 0.655000 0.560000 0.047500 0.047500
0 0.652500 0.443750 0.097500 0.097500
0 0.859375 0.754375 0.106250 0.106250
0 0.040625 0.040625 0.048750 0.048750
0 0.859375 0.323125 0.091250 0.091250
0 0.493750 0.221250 0.097500 0.097500
0 0.357500 0.076250 0.057500 0.057500
0 0.961250 0.157500 0.052500 0.052500
0 0.173125 0.106875 0.041250 0.053750
0 0.761250 0.747500 0.037500 0.037500
0 0.216250 0.887500 0.075000 0.075000
0 0.414375 0.331875 0.091250 0.091250
0 0.262500 0.528750 0.062500 0.062500
0 0.458125 0.911875 0.076250 0.043750
0 0.756250 0.348125 0.075000 0.043750
0 0.510000 0.595000 0.057500 0.032500
0 0.527500 0.362500 0.077500 0.045000
0 0.292500 0.448125 0.027500 0.026250
0 0.480625 0.651875 0.056250 0.046250
0 0.927500 0.418125 0.027500 0.031250
0 0.374375 0.658750 0.071250 0.065000
0 0.264375 0.769375 0.098750 0.098750
0 0.905000 0.883750 0.050000 0.050000
0 0.388125 0.818125 0.096250 0.096250
0 0.762500 0.445000 0.105000 0.115000
0 0.256875 0.373125 0.103750 0.103750
0 0.101250 0.743125 0.035000 0.033750
0 0.721875 0.899375 0.086250 0.086250
0 0.265625 0.186875 0.081250 0.081250
0 0.926250 0.217500 0.037500 0.032500
0 0.073750 0.933750 0.060000 0.052500
0 0.469375 0.093750 0.098750 0.087500
0 0.104375 0.265000 0.053750 0.047500
0 0.747500 0.193750 0.025000 0.025000
0 0.099375 0.840625 0.056250 0.051250
0 0.543750 0.782500 0.105000 0.105000
0 0.170000 0.706250 0.057500 0.057500
0 0.630000 0.255000 0.042500 0.042500
0 0.665000 0.711250 0.095000 0.095000
0 0.697500 0.805625 0.047500 0.051250
0 0.198750 0.198750 0.035000 0.037500
0 0.073125 0.125625 0.083750 0.091250
0 0.174375 0.383125 0.046250 0.046250
0 0.079375 0.645625 0.083750 0.083750
0 0.756875 0.085625 0.061250 0.061250
0 0.328750 0.939375 0.030000 0.028750
0 0.638125 0.073125 0.081250 0.078750
0 0.900625 0.079375 0.091250 0.088750
0 0.095000 0.447500 0.075000 0.072500
0 0.555625 0.928125 0.051250 0.051250
0 0.186250 0.615000 0.070000 0.070000
0 0.307500 0.275000 0.077500 0.077500
0 0.256250 0.675000 0.050000 0.050000