0 0.931250 0.260000 0.047500 0.047500
0 0.254375 0.458125 0.061250 0.061250
0 0.791875 0.909375 0.076250 0.076250
0 0.225000 0.556250 0.025000 0.025000
0 0.273750 0.296250 0.067500 0.067500
0 0.297500 0.587500 0.090000 0.090000
0 0.758125 0.793125 0.093750 0.093750
0 0.868750 0.578750 0.112500 0.085000
0 0.528750 0.431875 0.102500 0.076250
0 0.706875 0.162500 0.043750 0.032500
0 0.661875 0.547500 0.058750 0.070000
0 0.336250 0.082500 0.040000 0.047500
0 0.432500 0.680000 0.110000 0.130000
0 0.225000 0.142500 0.095000 0.087500
0 0.320000 0.667500 0.055000 0.050000
0 0.095625 0.658125 0.033750 0.031250
0 0.701875 0.458750 0.076250 0.072500
0 0.931875 0.188125 0.053750 0.051250
0 0.148750 0.337500 0.095000 0.090000
0 0.641250 0.876875 0.032500 0.031250
0 0.548125 0.828125 0.076250 0.076250
0 0.381875 0.370000 0.031250 0.042500
0 0.542500 0.723125 0.045000 0.061250
0 0.918750 0.734375 0.070000 0.096250
0 0.587500 0.223750 0.060000 0.060000
0 0.777500 0.337500 0.067500 0.067500
0 0.112500 0.228125 0.090000 0.091250
0 0.396875 0.270625 0.038750 0.038750
0 0.811250 0.194375 0.097500 0.118750
0 0.823750 0.461250 0.102500 0.125000
0 0.546250 0.603750 0.080000 0.097500
0 0.300625 0.855625 0.081250 0.078750
0 0.046875 0.468750 0.053750 0.047500
0 0.518125 0.944375 0.033750 0.041250
0 0.930625 0.880625 0.083750 0.101250
0 0.625625 0.078750 0.098750 0.092500
0 0.170000 0.900000 0.095000 0.095000
0 0.065000 0.117500 0.060000 0.060000
0 0.236250 0.700625 0.075000 0.061250
0 0.387500 0.171875 0.110000 0.088750
0 0.613125 0.319375 0.101250 0.101250
0 0.666250 0.930000 0.025000 0.025000
0 0.758125 0.557500 0.061250 0.032500
0 0.436250 0.908125 0.092500 0.098750
0 0.159375 0.528125 0.081250 0.086250
0 0.436875 0.409375 0.051250 0.051250
0 0.083125 0.949375 0.043750 0.043750
0 0.178750 0.792500 0.102500 0.102500
0 0.063750 0.577500 0.087500 0.087500
0 0.641250 0.762500 0.055000 0.055000
0 0.525625 0.338125 0.048750 0.048750
0 0.701250 0.868750 0.035000 0.035000
0 0.948125 0.466875 0.036250 0.036250
0 0.825625 0.074375 0.098750 0.098750
0 0.420625 0.526875 0.098750 0.098750
0 0.296250 0.931250 0.057500 0.057500
0 0.510000 0.131250 0.085000 0.085000
0 0.799375 0.713125 0.103750 0.046250
0 0.668750 0.658750 0.075000 0.075000
0 0.938125 0.385625 0.073750 0.073750
0 0.060625 0.800625 0.091250 0.091250
0 0.115000 0.046875 0.065000 0.053750
0 0.910000 0.119375 0.052500 0.043750
0 0.456250 0.321875 0.065000 0.063750
0 0.493750 0.237500 0.085000 0.085000
0 0.366875 0.444375 0.028750 0.028750
0 0.055625 0.391875 0.073750 0.073750
0 0.325625 0.422500 0.028750 0.025000
0 0.658125 0.183125 0.038750 0.038750
0 0.185000 0.616250 0.040000 0.040000
0 0.211875 0.055625 0.031250 0.036250
0 0.560000 0.958750 0.032500 0.025000
0 0.970000 0.065000 0.030000 0.030000
0 0.848125 0.803125 0.028750 0.028750