0 0.144375 0.933750 0.031250 0.027500
0 0.365000 0.881250 0.042500 0.042500
0 0.593750 0.113750 0.060000 0.060000
0 0.873125 0.559375 0.028750 0.028750
0 0.201250 0.282500 0.067500 0.067500
0 0.691875 0.764375 0.026250 0.026250
0 0.105625 0.176875 0.026250 0.023750
0 0.776250 0.769375 0.050000 0.046250
0 0.538750 0.408125 0.045000 0.041250
0 0.918125 0.810625 0.051250 0.051250
0 0.055000 0.206250 0.047500 0.047500
0 0.416875 0.124375 0.036250 0.036250
0 0.953750 0.573750 0.047500 0.047500
0 0.771250 0.079375 0.025000 0.016250
0 0.763125 0.451875 0.061250 0.061250
0 0.548125 0.596875 0.073750 0.073750
0 0.828750 0.293750 0.107500 0.107500
0 0.913750 0.136250 0.057500 0.057500
0 0.130000 0.728125 0.030000 0.023750
0 0.798125 0.564375 0.071250 0.053750
0 0.176875 0.664375 0.051250 0.038750
0 0.531875 0.265000 0.076250 0.057500
0 0.449375 0.320000 0.033750 0.025000
0 0.731875 0.595625 0.028750 0.026250
0 0.223750 0.843125 0.027500 0.031250
0 0.678125 0.441250 0.061250 0.070000
0 0.679375 0.580000 0.058750 0.060000
0 0.134375 0.862500 0.063750 0.065000
0 0.496250 0.139375 0.057500 0.056250
0 0.745625 0.911250 0.056250 0.055000
0 0.335625 0.418125 0.108750 0.108750
0 0.961250 0.406250 0.042500 0.042500
0 0.324375 0.591250 0.026250 0.025000
0 0.392500 0.598125 0.032500 0.038750
0 0.508750 0.848125 0.097500 0.116250
0 0.400000 0.216250 0.040000 0.047500
0 0.152500 0.494375 0.095000 0.111250
0 0.266250 0.121250 0.097500 0.097500
0 0.487500 0.735000 0.080000 0.080000
0 0.231875 0.768125 0.078750 0.078750
0 0.338125 0.715625 0.076250 0.076250
0 0.853750 0.715000 0.080000 0.110000
0 0.067500 0.064375 0.052500 0.056250
0 0.394375 0.521875 0.073750 0.078750
0 0.125625 0.385000 0.083750 0.090000
0 0.636250 0.870000 0.112500 0.112500
0 0.469375 0.055000 0.076250 0.065000
0 0.680625 0.323125 0.098750 0.093750
0 0.638125 0.239375 0.031250 0.028750
0 0.296875 0.240625 0.053750 0.053750
0 0.247500 0.368750 0.035000 0.035000
0 0.320000 0.501250 0.032500 0.032500
0 0.771250 0.172500 0.100000 0.100000
0 0.514375 0.945000 0.083750 0.055000
0 0.175625 0.111875 0.038750 0.031250
0 0.070625 0.670625 0.073750 0.073750
0 0.497500 0.662500 0.027500 0.027500
0 0.598125 0.720625 0.076250 0.076250
0 0.513750 0.213750 0.030000 0.030000
0 0.133750 0.270625 0.050000 0.056250
0 0.254375 0.918125 0.071250 0.081250
0 0.833125 0.451875 0.041250 0.046250
0 0.683750 0.123750 0.060000 0.047500
0 0.956250 0.467500 0.050000 0.050000
0 0.453750 0.393750 0.080000 0.080000
0 0.950625 0.890625 0.043750 0.043750
0 0.773125 0.651875 0.066250 0.066250
0 0.645625 0.196875 0.028750 0.028750
0 0.393125 0.810625 0.058750 0.058750
0 0.836875 0.923125 0.093750 0.093750
0 0.108125 0.591875 0.058750 0.058750
0 0.870625 0.046250 0.068750 0.067500
0 0.893125 0.211875 0.036250 0.036250
0 0.509375 0.511875 0.053750 0.053750
0 0.438125 0.658125 0.051250 0.051250
0 0.616250 0.045000 0.025000 0.025000
0 0.315625 0.636250 0.031250 0.037500