0 0.373750 0.112500 0.085000 0.097500
0 0.775000 0.653750 0.077500 0.067500
0 0.816250 0.920000 0.055000 0.055000
0 0.341250 0.421875 0.067500 0.081250
0 0.112500 0.487500 0.040000 0.047500
0 0.701250 0.518750 0.082500 0.100000
0 0.233125 0.576875 0.093750 0.113750
0 0.525625 0.831250 0.098750 0.095000
0 0.691875 0.885625 0.106250 0.106250
0 0.513125 0.079375 0.056250 0.056250
0 0.653125 0.261875 0.106250 0.106250
0 0.505000 0.517500 0.097500 0.097500
0 0.253750 0.710000 0.072500 0.072500
0 0.896250 0.746250 0.105000 0.105000
0 0.213125 0.943125 0.043750 0.031250
0 0.618750 0.075000 0.090000 0.090000
0 0.251250 0.135000 0.112500 0.117500
0 0.379375 0.881250 0.101250 0.105000
0 0.905000 0.193125 0.090000 0.093750
0 0.043750 0.797500 0.062500 0.065000
0 0.083125 0.327500 0.111250 0.105000
0 0.932500 0.431250 0.110000 0.105000
0 0.042500 0.607500 0.032500 0.030000
0 0.776875 0.133125 0.031250 0.028750
0 0.702500 0.598750 0.025000 0.025000
0 0.783125 0.515625 0.053750 0.053750
0 0.106250 0.237500 0.025000 0.025000
0 0.157500 0.827500 0.037500 0.037500
0 0.121250 0.600000 0.085000 0.085000
0 0.606875 0.526875 0.051250 0.051250
0 0.368750 0.310000 0.110000 0.110000
0 0.712500 0.773750 0.085000 0.100000
0 0.510625 0.388750 0.076250 0.090000
0 0.338125 0.589375 0.096250 0.096250
0 0.640000 0.378750 0.030000 0.030000
0 0.137500 0.076250 0.100000 0.100000
0 0.916875 0.614375 0.093750 0.093750
0 0.805625 0.236875 0.086250 0.098750
0 0.226875 0.255625 0.093750 0.093750
0 0.450625 0.631875 0.071250 0.068750
0 0.583750 0.900000 0.025000 0.025000
0 0.841250 0.846250 0.070000 0.070000
0 0.151250 0.888750 0.035000 0.035000
0 0.598125 0.163125 0.031250 0.031250
0 0.406250 0.500000 0.027500 0.027500
0 0.085625 0.905625 0.076250 0.076250
0 0.658750 0.166250 0.042500 0.042500
0 0.256250 0.410000 0.025000 0.027500
0 0.501875 0.223750 0.068750 0.077500
0 0.736875 0.408125 0.091250 0.091250
0 0.248750 0.875000 0.082500 0.082500
0 0.551250 0.635000 0.107500 0.107500
0 0.950625 0.055625 0.041250 0.041250
0 0.777500 0.060000 0.110000 0.080000
0 0.150625 0.733125 0.068750 0.068750
0 0.748125 0.333125 0.041250 0.041250
0 0.453750 0.093750 0.042500 0.040000
0 0.600000 0.350625 0.032500 0.036250
0 0.405625 0.423125 0.026250 0.026250
0 0.401250 0.202500 0.040000 0.040000
0 0.261875 0.361875 0.046250 0.046250
0 0.376875 0.768125 0.088750 0.083750
0 0.130000 0.181875 0.062500 0.058750
0 0.938125 0.931250 0.056250 0.052500
0 0.522500 0.729375 0.055000 0.046250
0 0.188125 0.410625 0.076250 0.076250
0 0.239375 0.785625 0.058750 0.058750
0 0.943750 0.106875 0.052500 0.043750
0 0.120625 0.433125 0.041250 0.033750
0 0.900000 0.331875 0.092500 0.076250
0 0.690000 0.102500 0.030000 0.025000
0 0.815625 0.358750 0.043750 0.042500
0 0.263125 0.468750 0.051250 0.050000
0 0.349375 0.668125 0.046250 0.046250
0 0.058750 0.436875 0.037500 0.036250
0 0.626875 0.735000 0.038750 0.037500