0 0.560000 0.416875 0.087500 0.093750
0 0.057500 0.276875 0.060000 0.043750
0 0.191250 0.818750 0.042500 0.030000
0 0.841250 0.453750 0.055000 0.040000
0 0.406250 0.545625 0.047500 0.058750
0 0.918750 0.538125 0.067500 0.083750
0 0.084375 0.827500 0.098750 0.122500
0 0.621250 0.708125 0.077500 0.096250
0 0.766250 0.606250 0.045000 0.070000
0 0.123125 0.151875 0.068750 0.068750
0 0.448125 0.730625 0.048750 0.048750
0 0.258125 0.821875 0.048750 0.048750
0 0.235625 0.289375 0.091250 0.091250
0 0.290000 0.727500 0.067500 0.060000
0 0.465625 0.191875 0.056250 0.056250
0 0.068125 0.428125 0.106250 0.106250
0 0.701250 0.851250 0.070000 0.070000
0 0.313750 0.501875 0.055000 0.051250
0 0.366250 0.712500 0.070000 0.065000
0 0.758125 0.334375 0.088750 0.088750
0 0.864375 0.123125 0.106250 0.106250
0 0.737500 0.207500 0.097500 0.097500
0 0.610625 0.152500 0.111250 0.135000
0 0.771250 0.718125 0.100000 0.121250
0 0.464375 0.931875 0.068750 0.068750
0 0.566875 0.515625 0.088750 0.088750
0 0.842500 0.930000 0.065000 0.065000
0 0.876250 0.261250 0.100000 0.100000
0 0.440625 0.350000 0.096250 0.110000
0 0.130000 0.650625 0.095000 0.108750
0 0.340625 0.213750 0.051250 0.087500
0 0.324375 0.415000 0.053750 0.092500
0 0.191875 0.451250 0.108750 0.187500
0 0.369375 0.886875 0.068750 0.118750
0 0.476875 0.525625 0.048750 0.048750
0 0.310625 0.109375 0.026250 0.026250
0 0.410625 0.085625 0.086250 0.086250
0 0.213750 0.916250 0.077500 0.077500
0 0.216875 0.752500 0.051250 0.060000
0 0.776875 0.518750 0.056250 0.065000
0 0.295000 0.646875 0.057500 0.066250
0 0.528750 0.686875 0.057500 0.066250
0 0.890000 0.840625 0.080000 0.076250
0 0.563750 0.823125 0.092500 0.088750
0 0.923125 0.739375 0.088750 0.076250
0 0.852500 0.357500 0.047500 0.040000
0 0.662500 0.558750 0.030000 0.030000
0 0.043750 0.195625 0.055000 0.056250
0 0.140000 0.046250 0.035000 0.035000
0 0.686875 0.439375 0.071250 0.086250
0 0.231250 0.110625 0.052500 0.063750
0 0.074375 0.060625 0.076250 0.076250
0 0.557500 0.288750 0.105000 0.105000
0 0.588750 0.913750 0.055000 0.055000
0 0.057500 0.565000 0.035000 0.060000
0 0.943750 0.658125 0.055000 0.053750
0 0.669375 0.345625 0.056250 0.056250
0 0.091875 0.945625 0.058750 0.058750
0 0.373125 0.629375 0.063750 0.056250
0 0.721250 0.060000 0.095000 0.095000
0 0.463125 0.847500 0.081250 0.065000
0 0.754375 0.916875 0.043750 0.043750
0 0.323750 0.315000 0.060000 0.060000
0 0.942500 0.445625 0.065000 0.066250
0 0.691250 0.937500 0.057500 0.057500
0 0.443750 0.453750 0.060000 0.065000
0 0.151250 0.915000 0.025000 0.027500
0 0.531875 0.588125 0.036250 0.033750
0 0.807500 0.810625 0.032500 0.028750
0 0.453750 0.648125 0.042500 0.051250
0 0.152500 0.274375 0.030000 0.026250
0 0.502500 0.063125 0.080000 0.071250