0 0.596875 0.808125 0.068750 0.068750
0 0.723125 0.671875 0.056250 0.056250
0 0.639375 0.461875 0.053750 0.053750
0 0.133125 0.879375 0.086250 0.086250
0 0.771875 0.834375 0.046250 0.046250
0 0.194375 0.190625 0.046250 0.046250
0 0.733125 0.059375 0.051250 0.051250
0 0.406875 0.623125 0.071250 0.071250
0 0.880000 0.411250 0.055000 0.055000
0 0.886875 0.571875 0.096250 0.096250
0 0.600000 0.675000 0.042500 0.042500
0 0.499375 0.236875 0.066250 0.066250
0 0.265625 0.420625 0.088750 0.088750
0 0.482500 0.772500 0.102500 0.102500
0 0.560625 0.069375 0.038750 0.033750
0 0.323750 0.850625 0.075000 0.066250
0 0.821875 0.283125 0.111250 0.111250
0 0.387500 0.110625 0.047500 0.078750
0 0.253750 0.128750 0.040000 0.040000
0 0.198750 0.771250 0.112500 0.112500
0 0.064375 0.512500 0.058750 0.067500
0 0.110625 0.056250 0.078750 0.080000
0 0.501875 0.631875 0.033750 0.033750
0 0.479375 0.386875 0.051250 0.051250
0 0.163125 0.437500 0.088750 0.090000
0 0.841875 0.869375 0.026250 0.026250
0 0.827500 0.726250 0.107500 0.107500
0 0.535000 0.530000 0.102500 0.102500
0 0.127500 0.608750 0.070000 0.070000
0 0.446875 0.880625 0.093750 0.093750
0 0.908750 0.103750 0.105000 0.105000
0 0.291250 0.543750 0.100000 0.117500
0 0.153750 0.690625 0.030000 0.031250
0 0.405000 0.418750 0.067500 0.067500
0 0.773750 0.469375 0.092500 0.133750
0 0.924375 0.900625 0.078750 0.066250
0 0.655000 0.040625 0.050000 0.041250
0 0.347500 0.240000 0.040000 0.040000
0 0.495625 0.053125 0.058750 0.058750
0 0.609375 0.191250 0.098750 0.130000
0 0.090000 0.231250 0.102500 0.135000
0 0.642500 0.877500 0.035000 0.035000
0 0.710625 0.740000 0.058750 0.060000
0 0.058750 0.719375 0.077500 0.078750
0 0.957500 0.781875 0.057500 0.058750
0 0.336875 0.746875 0.066250 0.066250
0 0.585625 0.361875 0.101250 0.101250
0 0.219375 0.274375 0.101250 0.101250
0 0.365000 0.180000 0.032500 0.032500
0 0.057500 0.616250 0.055000 0.055000
0 0.721250 0.155000 0.110000 0.110000
0 0.200625 0.584375 0.053750 0.053750
0 0.880625 0.479375 0.038750 0.038750
0 0.936875 0.285000 0.073750 0.097500