0 0.429375 0.516875 0.081250 0.081250
0 0.785000 0.755000 0.082500 0.082500
0 0.290625 0.450625 0.098750 0.098750
0 0.101250 0.605000 0.110000 0.110000
0 0.455625 0.413125 0.098750 0.098750
0 0.865000 0.133125 0.107500 0.128750
0 0.631875 0.195625 0.026250 0.031250
0 0.209375 0.681875 0.078750 0.093750
0 0.317500 0.642500 0.102500 0.122500
0 0.689375 0.804375 0.033750 0.033750
0 0.920000 0.622500 0.102500 0.102500
0 0.742500 0.027500 0.027500 0.027500
0 0.498125 0.610625 0.066250 0.063750
0 0.101250 0.103125 0.090000 0.073750
0 0.286250 0.836250 0.035000 0.035000
0 0.381250 0.280625 0.107500 0.128750
0 0.805625 0.343125 0.041250 0.048750
0 0.132500 0.345625 0.070000 0.096250
0 0.619375 0.119375 0.053750 0.073750
0 0.901250 0.281250 0.070000 0.070000
0 0.658125 0.340625 0.096250 0.096250
0 0.086875 0.743125 0.083750 0.083750
0 0.773750 0.228750 0.055000 0.055000
0 0.690000 0.213750 0.062500 0.095000
0 0.750000 0.621875 0.065000 0.098750
0 0.247500 0.309375 0.050000 0.076250
0 0.193125 0.911875 0.081250 0.123750
0 0.402500 0.120000 0.037500 0.037500
0 0.503750 0.246250 0.075000 0.075000
0 0.746250 0.453125 0.112500 0.106250
0 0.482500 0.098750 0.027500 0.020000
0 0.391875 0.955625 0.038750 0.028750
0 0.168125 0.219375 0.068750 0.051250
0 0.511875 0.941875 0.066250 0.048750
0 0.613750 0.640000 0.035000 0.035000
0 0.272500 0.921250 0.042500 0.052500
0 0.732500 0.105625 0.045000 0.056250
0 0.750000 0.948750 0.040000 0.050000
0 0.433750 0.778125 0.097500 0.101250
0 0.290625 0.111875 0.101250 0.106250
0 0.771875 0.886250 0.031250 0.032500
0 0.573750 0.790000 0.102500 0.107500
0 0.591875 0.453125 0.106250 0.106250
0 0.886875 0.884375 0.026250 0.026250
0 0.100000 0.840625 0.062500 0.063750
0 0.924375 0.463750 0.091250 0.092500
0 0.111250 0.446875 0.077500 0.078750
0 0.679375 0.065625 0.031250 0.031250
0 0.653750 0.908750 0.087500 0.082500
0 0.688750 0.702500 0.027500 0.027500
0 0.067500 0.166875 0.045000 0.031250
0 0.871875 0.349375 0.073750 0.051250
0 0.586250 0.567500 0.095000 0.095000
0 0.915625 0.539375 0.033750 0.033750
0 0.213125 0.774375 0.048750 0.048750
0 0.442500 0.181250 0.037500 0.037500
0 0.093750 0.235000 0.037500 0.037500
0 0.532500 0.321250 0.050000 0.050000
0 0.414375 0.898125 0.063750 0.063750
0 0.826875 0.551875 0.063750 0.063750
0 0.498125 0.156875 0.058750 0.053750
0 0.331875 0.742500 0.061250 0.055000
0 0.936875 0.714375 0.043750 0.038750
0 0.484375 0.048125 0.098750 0.048750
0 0.197500 0.536250 0.057500 0.057500
0 0.100000 0.939375 0.082500 0.063750
0 0.752500 0.823750 0.027500 0.027500
0 0.675000 0.571250 0.065000 0.065000
0 0.763750 0.281250 0.035000 0.035000