0 0.334375 0.056250 0.083750 0.085000
0 0.264375 0.471875 0.053750 0.053750
0 0.538750 0.472500 0.075000 0.060000
0 0.401875 0.230000 0.068750 0.055000
0 0.919375 0.221875 0.071250 0.056250
0 0.121875 0.650625 0.103750 0.103750
0 0.436875 0.054375 0.063750 0.063750
0 0.456875 0.336875 0.053750 0.053750
0 0.081250 0.321250 0.035000 0.035000
0 0.250625 0.904375 0.033750 0.033750
0 0.456875 0.698750 0.063750 0.077500
0 0.477500 0.578750 0.112500 0.112500
0 0.144375 0.340625 0.048750 0.048750
0 0.146875 0.133125 0.043750 0.043750
0 0.653750 0.188750 0.055000 0.055000
0 0.246250 0.696250 0.032500 0.027500
0 0.122500 0.074375 0.037500 0.031250
0 0.600625 0.793750 0.088750 0.100000
0 0.614375 0.268750 0.028750 0.032500
0 0.517500 0.718750 0.035000 0.035000
0 0.781875 0.923125 0.081250 0.078750
0 0.072500 0.181250 0.070000 0.072500
0 0.319375 0.561875 0.098750 0.098750
0 0.843125 0.366875 0.041250 0.036250
0 0.444375 0.906250 0.068750 0.060000
0 0.521250 0.257500 0.062500 0.055000
0 0.921875 0.793125 0.061250 0.053750
0 0.187500 0.235000 0.082500 0.100000
0 0.787500 0.717500 0.047500 0.057500
0 0.191875 0.466875 0.073750 0.088750
0 0.665000 0.500625 0.052500 0.063750
0 0.044375 0.915625 0.038750 0.038750
0 0.867500 0.590000 0.070000 0.070000
0 0.796875 0.073125 0.048750 0.048750
0 0.109375 0.935625 0.076250 0.076250
0 0.621250 0.641250 0.060000 0.060000
0 0.758125 0.596875 0.071250 0.071250
0 0.137500 0.796250 0.110000 0.110000
0 0.329375 0.360625 0.063750 0.063750
0 0.941875 0.085625 0.043750 0.043750
0 0.215000 0.110000 0.077500 0.077500
0 0.588125 0.346250 0.071250 0.097500
0 0.723125 0.691875 0.056250 0.076250
0 0.718125 0.315000 0.063750 0.087500
0 0.326875 0.861875 0.088750 0.121250
0 0.527500 0.188750 0.067500 0.067500
0 0.296875 0.218125 0.066250 0.066250
0 0.374375 0.679375 0.076250 0.076250
0 0.763750 0.777500 0.035000 0.035000
0 0.589375 0.113125 0.058750 0.058750
0 0.945000 0.901250 0.045000 0.045000
0 0.920000 0.500000 0.055000 0.055000
0 0.055625 0.075625 0.033750 0.033750
0 0.466250 0.447500 0.052500 0.052500
0 0.763750 0.495000 0.072500 0.072500
0 0.401250 0.305000 0.040000 0.040000
0 0.931875 0.346875 0.098750 0.098750
0 0.595000 0.918750 0.097500 0.095000
0 0.816875 0.153125 0.088750 0.086250
0 0.068750 0.502500 0.110000 0.107500
0 0.676875 0.073750 0.063750 0.045000
0 0.875000 0.859375 0.080000 0.056250
0 0.901875 0.713125 0.086250 0.061250
0 0.250625 0.337500 0.073750 0.085000