0 0.298750 0.796250 0.107500 0.107500
0 0.551875 0.719375 0.068750 0.068750
0 0.196250 0.218750 0.085000 0.085000
0 0.471875 0.205625 0.098750 0.098750
0 0.291250 0.612500 0.055000 0.055000
0 0.359375 0.078125 0.068750 0.068750
0 0.737500 0.346250 0.057500 0.057500
0 0.055625 0.749375 0.038750 0.031250
0 0.384375 0.926875 0.093750 0.093750
0 0.748750 0.202500 0.040000 0.040000
0 0.321250 0.280000 0.037500 0.037500
0 0.878750 0.798750 0.067500 0.077500
0 0.665625 0.488125 0.083750 0.083750
0 0.082500 0.416250 0.047500 0.047500
0 0.661875 0.165625 0.028750 0.028750
0 0.703750 0.618750 0.057500 0.057500
0 0.861875 0.685625 0.083750 0.083750
0 0.465000 0.088750 0.027500 0.027500
0 0.583750 0.841250 0.072500 0.072500
0 0.571250 0.068750 0.057500 0.057500
0 0.061250 0.157500 0.042500 0.047500
0 0.801250 0.081250 0.057500 0.065000
0 0.203125 0.410625 0.096250 0.108750
0 0.866250 0.218125 0.042500 0.033750
0 0.433750 0.390000 0.102500 0.102500
0 0.853125 0.291875 0.083750 0.083750
0 0.115625 0.839375 0.108750 0.108750
0 0.458125 0.648125 0.043750 0.043750
0 0.051250 0.560000 0.062500 0.062500
0 0.224375 0.518125 0.083750 0.083750
0 0.226250 0.903750 0.062500 0.062500
0 0.211875 0.786875 0.041250 0.041250
0 0.770625 0.641875 0.038750 0.038750
0 0.470625 0.549375 0.083750 0.083750
0 0.561250 0.643750 0.032500 0.032500
0 0.171875 0.640625 0.098750 0.098750
0 0.212500 0.072500 0.052500 0.052500
0 0.926250 0.877500 0.040000 0.040000
0 0.740000 0.908750 0.057500 0.057500
0 0.913750 0.406250 0.052500 0.047500
0 0.613750 0.356250 0.075000 0.075000
0 0.663125 0.688125 0.066250 0.066250
0 0.034375 0.875625 0.038750 0.031250
0 0.360625 0.165625 0.103750 0.083750
0 0.570625 0.469375 0.061250 0.048750
0 0.591875 0.240625 0.106250 0.106250
0 0.746875 0.745625 0.036250 0.036250
0 0.508125 0.033125 0.031250 0.028750
0 0.069375 0.675000 0.058750 0.055000
0 0.666875 0.872500 0.071250 0.067500
0 0.696250 0.287500 0.032500 0.027500
0 0.323750 0.366875 0.082500 0.071250
0 0.857500 0.531250 0.110000 0.095000
0 0.319375 0.691250 0.098750 0.085000
0 0.096875 0.325625 0.026250 0.026250
0 0.594375 0.133125 0.051250 0.051250
0 0.092500 0.258750 0.090000 0.090000
0 0.779375 0.841250 0.068750 0.045000
0 0.927500 0.128125 0.092500 0.096250
0 0.331250 0.451250 0.060000 0.060000
0 0.770000 0.278750 0.062500 0.062500
0 0.751875 0.499375 0.066250 0.066250
0 0.306875 0.541875 0.058750 0.058750
0 0.952500 0.783750 0.052500 0.052500
0 0.395625 0.819375 0.051250 0.051250
0 0.956250 0.472500 0.055000 0.057500
0 0.421875 0.727500 0.091250 0.095000
0 0.481875 0.883750 0.076250 0.082500
0 0.081250 0.066250 0.100000 0.100000
0 0.048125 0.493125 0.056250 0.056250
0 0.571250 0.563750 0.062500 0.062500
0 0.191875 0.298125 0.043750 0.043750
0 0.742500 0.415000 0.050000 0.050000
0 0.826875 0.909375 0.026250 0.026250
0 0.725625 0.094375 0.076250 0.076250