0 0.708750 0.708750 0.097500 0.097500
0 0.518750 0.671250 0.025000 0.025000
0 0.695625 0.514375 0.068750 0.068750
0 0.488125 0.088125 0.036250 0.036250
0 0.215625 0.350625 0.078750 0.108750
0 0.928750 0.913125 0.077500 0.106250
0 0.083750 0.251250 0.085000 0.117500
0 0.420625 0.870000 0.071250 0.097500
0 0.053125 0.820625 0.063750 0.056250
0 0.501250 0.328750 0.055000 0.055000
0 0.136250 0.557500 0.050000 0.040000
0 0.238750 0.512500 0.042500 0.042500
0 0.414375 0.479375 0.103750 0.123750
0 0.866875 0.172500 0.068750 0.045000
0 0.346250 0.223750 0.027500 0.027500
0 0.226250 0.585000 0.080000 0.080000
0 0.885000 0.748125 0.085000 0.088750
0 0.806875 0.766250 0.041250 0.042500
0 0.718750 0.350625 0.035000 0.031250
0 0.858125 0.395625 0.081250 0.081250
0 0.648125 0.258125 0.061250 0.058750
0 0.525625 0.828125 0.098750 0.096250
0 0.488750 0.203750 0.110000 0.107500
0 0.745625 0.931875 0.083750 0.083750
0 0.085000 0.451250 0.085000 0.085000
0 0.173750 0.766250 0.070000 0.060000
0 0.691250 0.844375 0.025000 0.023750
0 0.607500 0.103750 0.095000 0.100000
0 0.605625 0.624375 0.093750 0.093750
0 0.617500 0.345625 0.025000 0.031250
0 0.148750 0.896875 0.055000 0.068750
0 0.300625 0.376250 0.026250 0.032500
0 0.445625 0.705625 0.098750 0.123750
0 0.264375 0.181875 0.096250 0.096250
0 0.621250 0.405000 0.060000 0.060000
0 0.315000 0.628750 0.045000 0.045000
0 0.083750 0.705000 0.077500 0.077500
0 0.402500 0.177500 0.042500 0.042500
0 0.454375 0.609375 0.038750 0.038750
0 0.736875 0.106875 0.031250 0.031250
0 0.846875 0.594375 0.101250 0.101250
0 0.723125 0.596875 0.036250 0.036250
0 0.882500 0.053750 0.037500 0.040000
0 0.255000 0.743125 0.050000 0.046250
0 0.870000 0.672500 0.027500 0.025000
0 0.553125 0.506250 0.103750 0.097500
0 0.196875 0.082500 0.093750 0.087500
0 0.781875 0.461250 0.036250 0.027500
0 0.290000 0.857500 0.105000 0.127500
0 0.371250 0.359375 0.077500 0.093750
0 0.841875 0.844375 0.071250 0.071250
0 0.816250 0.110000 0.060000 0.060000
0 0.742500 0.820000 0.045000 0.042500
0 0.398125 0.090625 0.081250 0.076250
0 0.810000 0.255000 0.085000 0.080000
0 0.078750 0.072500 0.092500 0.092500
0 0.145000 0.613750 0.050000 0.050000