0 0.482500 0.471250 0.035000 0.035000
0 0.407500 0.537500 0.065000 0.065000
0 0.250000 0.256250 0.077500 0.077500
0 0.681875 0.464375 0.083750 0.078750
0 0.599375 0.691250 0.106250 0.105000
0 0.063750 0.686875 0.085000 0.123750
0 0.181250 0.778125 0.100000 0.146250
0 0.629375 0.358750 0.068750 0.100000
0 0.349375 0.770000 0.026250 0.037500
0 0.936875 0.663125 0.061250 0.061250
0 0.447500 0.396250 0.105000 0.097500
0 0.161875 0.938125 0.028750 0.026250
0 0.879375 0.355000 0.106250 0.097500
0 0.903125 0.233125 0.091250 0.086250
0 0.336250 0.866250 0.050000 0.047500
0 0.472500 0.592500 0.045000 0.042500
0 0.560000 0.252500 0.102500 0.097500
0 0.730625 0.295625 0.103750 0.103750
0 0.712500 0.661250 0.087500 0.115000
0 0.276875 0.639375 0.056250 0.073750
0 0.306875 0.146250 0.053750 0.060000
0 0.573125 0.502500 0.086250 0.085000
0 0.617500 0.106875 0.042500 0.041250
0 0.919375 0.506250 0.103750 0.102500
0 0.713750 0.834375 0.062500 0.061250
0 0.445625 0.246875 0.101250 0.101250
0 0.088750 0.201250 0.035000 0.035000
0 0.224375 0.159375 0.031250 0.031250
0 0.232500 0.538125 0.052500 0.048750
0 0.102500 0.068750 0.102500 0.095000
0 0.300625 0.436250 0.091250 0.085000
0 0.048125 0.471875 0.071250 0.066250
0 0.276875 0.915625 0.046250 0.033750
0 0.526875 0.916875 0.081250 0.058750
0 0.067500 0.790000 0.090000 0.065000
0 0.959375 0.786875 0.046250 0.033750
0 0.446875 0.141250 0.076250 0.092500
0 0.848750 0.736250 0.057500 0.055000
0 0.247500 0.060000 0.090000 0.087500
0 0.204375 0.436875 0.078750 0.076250
0 0.135000 0.535000 0.067500 0.067500
0 0.536250 0.070000 0.032500 0.032500
0 0.820625 0.681875 0.036250 0.021250
0 0.905625 0.905625 0.096250 0.096250
0 0.423125 0.655000 0.073750 0.045000
0 0.595625 0.838125 0.066250 0.066250
0 0.839375 0.125625 0.111250 0.111250
0 0.308125 0.775625 0.026250 0.041250
0 0.168125 0.241875 0.038750 0.038750
0 0.815000 0.523750 0.087500 0.087500
0 0.035000 0.381250 0.032500 0.032500
0 0.791875 0.845625 0.073750 0.071250
0 0.760000 0.412500 0.055000 0.052500
0 0.410625 0.901875 0.063750 0.061250
0 0.475625 0.798125 0.061250 0.058750
0 0.044375 0.201875 0.038750 0.033750
0 0.333125 0.058125 0.043750 0.038750
0 0.304375 0.326875 0.048750 0.046250
0 0.615625 0.932500 0.081250 0.077500
0 0.706875 0.038125 0.053750 0.051250
0 0.143125 0.338125 0.063750 0.063750
0 0.177500 0.675000 0.025000 0.025000
0 0.832500 0.625000 0.077500 0.077500
0 0.038125 0.928125 0.051250 0.051250
0 0.727500 0.542500 0.045000 0.045000
0 0.963750 0.746875 0.035000 0.021250
0 0.768750 0.949375 0.080000 0.048750
0 0.329375 0.708125 0.078750 0.048750
0 0.488750 0.526250 0.065000 0.055000
0 0.604375 0.038750 0.036250 0.030000
0 0.663750 0.201875 0.052500 0.043750
0 0.070625 0.325000 0.041250 0.035000
0 0.068125 0.567500 0.051250 0.045000
0 0.496250 0.692500 0.037500 0.037500
0 0.343125 0.522500 0.036250 0.035000
0 0.703125 0.770000 0.043750 0.042500
0 0.111250 0.276875 0.037500 0.036250
0 0.187500 0.626875 0.050000 0.048750
0 0.958125 0.062500 0.056250 0.097500
0 0.855000 0.817500 0.027500 0.047500
0 0.684375 0.128750 0.053750 0.065000
0 0.085000 0.863750 0.032500 0.032500
0 0.345625 0.611250 0.056250 0.050000
0 0.365625 0.149375 0.046250 0.046250