0 0.796875 0.492500 0.033750 0.025000
0 0.558750 0.897500 0.067500 0.057500
0 0.388750 0.610000 0.040000 0.040000
0 0.187500 0.183125 0.095000 0.106250
0 0.053125 0.554375 0.051250 0.051250
0 0.553750 0.191250 0.035000 0.035000
0 0.761250 0.737500 0.092500 0.092500
0 0.331250 0.173750 0.052500 0.052500
0 0.510625 0.275625 0.083750 0.083750
0 0.876875 0.106875 0.038750 0.038750
0 0.389375 0.383125 0.046250 0.046250
0 0.821875 0.910625 0.041250 0.053750
0 0.610625 0.571250 0.103750 0.137500
0 0.724375 0.085000 0.081250 0.107500
0 0.632500 0.806250 0.032500 0.042500
0 0.777500 0.375625 0.047500 0.048750
0 0.115625 0.922500 0.076250 0.077500
0 0.396875 0.181875 0.043750 0.043750
0 0.516250 0.763125 0.077500 0.078750
0 0.256250 0.395625 0.095000 0.096250
0 0.890625 0.599375 0.088750 0.088750
0 0.615000 0.082500 0.087500 0.087500
0 0.427500 0.065000 0.105000 0.105000
0 0.373750 0.720625 0.112500 0.136250
0 0.638125 0.475625 0.028750 0.028750
0 0.639375 0.210625 0.106250 0.106250
0 0.191875 0.641875 0.061250 0.061250
0 0.067500 0.351250 0.060000 0.060000
0 0.616875 0.403125 0.091250 0.091250
0 0.344375 0.265625 0.108750 0.108750
0 0.923750 0.819375 0.087500 0.106250
0 0.672500 0.698750 0.062500 0.060000
0 0.235000 0.500000 0.047500 0.047500
0 0.155000 0.297500 0.087500 0.087500
0 0.882500 0.253750 0.040000 0.040000
0 0.329375 0.578125 0.053750 0.053750
0 0.938750 0.107500 0.070000 0.070000
0 0.255625 0.091875 0.026250 0.023750
0 0.137500 0.078750 0.027500 0.025000
0 0.833750 0.076250 0.027500 0.025000
0 0.438750 0.153750 0.025000 0.020000
0 0.962500 0.332500 0.047500 0.047500
0 0.071875 0.060625 0.076250 0.076250
0 0.117500 0.463750 0.067500 0.067500
0 0.409375 0.889375 0.076250 0.076250
0 0.195625 0.746875 0.081250 0.081250
0 0.480625 0.354375 0.053750 0.053750
0 0.780000 0.221875 0.082500 0.086250
0 0.080000 0.704375 0.105000 0.108750
0 0.815000 0.856250 0.037500 0.037500
0 0.400625 0.503750 0.031250 0.022500
0 0.849375 0.352500 0.031250 0.022500
0 0.911250 0.435625 0.107500 0.078750
0 0.483750 0.585000 0.087500 0.087500
0 0.512500 0.473750 0.060000 0.060000
0 0.233750 0.827500 0.032500 0.032500
0 0.300000 0.911250 0.112500 0.112500
0 0.953125 0.213125 0.061250 0.061250
0 0.131875 0.848125 0.041250 0.041250
0 0.075625 0.168125 0.111250 0.098750
0 0.060000 0.248750 0.042500 0.042500
0 0.737500 0.515000 0.062500 0.062500
0 0.757500 0.620000 0.087500 0.087500
0 0.678750 0.903750 0.112500 0.112500
0 0.878125 0.684375 0.041250 0.041250
0 0.816250 0.543750 0.037500 0.037500
0 0.054375 0.416875 0.038750 0.038750
0 0.921875 0.931875 0.056250 0.056250
0 0.067500 0.798750 0.057500 0.057500