0 0.061250 0.670000 0.035000 0.035000
0 0.648750 0.715625 0.027500 0.026250
0 0.407500 0.150000 0.025000 0.017500
0 0.418125 0.753125 0.096250 0.123750
0 0.258125 0.768750 0.078750 0.082500
0 0.593750 0.395625 0.112500 0.118750
0 0.836250 0.838750 0.092500 0.097500
0 0.582500 0.941875 0.032500 0.033750
0 0.142500 0.477500 0.105000 0.105000
0 0.419375 0.623125 0.041250 0.041250
0 0.664375 0.266875 0.056250 0.056250
0 0.441250 0.207500 0.047500 0.047500
0 0.503125 0.228125 0.043750 0.043750
0 0.739375 0.658125 0.101250 0.101250
0 0.076875 0.089375 0.106250 0.103750
0 0.216875 0.143125 0.056250 0.056250
0 0.101250 0.172500 0.037500 0.037500
0 0.455000 0.921250 0.072500 0.072500
0 0.748750 0.836250 0.042500 0.042500
0 0.152500 0.690000 0.040000 0.040000
0 0.935625 0.699375 0.068750 0.068750
0 0.906250 0.576250 0.107500 0.107500
0 0.455000 0.067500 0.050000 0.050000
0 0.833750 0.053750 0.047500 0.047500
0 0.258750 0.420000 0.080000 0.080000
0 0.318750 0.181250 0.092500 0.105000
0 0.861250 0.349375 0.052500 0.058750
0 0.467500 0.371875 0.045000 0.041250
0 0.495625 0.608125 0.086250 0.086250
0 0.567500 0.798750 0.080000 0.080000
0 0.801250 0.143125 0.075000 0.098750
0 0.761250 0.495625 0.087500 0.088750
0 0.460000 0.507500 0.062500 0.062500
0 0.641875 0.889375 0.071250 0.071250
0 0.603750 0.625000 0.085000 0.085000
0 0.071875 0.951875 0.038750 0.038750
0 0.101875 0.331875 0.051250 0.051250
0 0.731250 0.386250 0.065000 0.065000
0 0.720000 0.182500 0.067500 0.067500
0 0.173750 0.343750 0.042500 0.042500
0 0.755625 0.270625 0.061250 0.061250
0 0.380625 0.291250 0.111250 0.072500
0 0.909375 0.267500 0.061250 0.060000
0 0.925625 0.401875 0.053750 0.053750
0 0.257500 0.076250 0.037500 0.037500
0 0.547500 0.070000 0.050000 0.050000
0 0.261875 0.665625 0.041250 0.041250
0 0.973125 0.953125 0.028750 0.028750
0 0.082500 0.805000 0.085000 0.085000
0 0.338125 0.843125 0.026250 0.026250
0 0.931250 0.814375 0.082500 0.078750
0 0.401875 0.365625 0.043750 0.041250
0 0.353125 0.421875 0.041250 0.038750
0 0.926875 0.159375 0.101250 0.101250
0 0.268125 0.906875 0.091250 0.091250
0 0.684375 0.074375 0.078750 0.078750
0 0.348125 0.483125 0.056250 0.063750
0 0.645000 0.770000 0.032500 0.037500
0 0.753125 0.329375 0.026250 0.026250
0 0.370000 0.917500 0.077500 0.077500
0 0.163125 0.598125 0.098750 0.098750
0 0.185625 0.866250 0.056250 0.057500
0 0.286875 0.581875 0.086250 0.086250
0 0.493125 0.819375 0.033750 0.033750
0 0.058750 0.526250 0.030000 0.030000