0 0.252500 0.311250 0.067500 0.092500
0 0.855625 0.551875 0.053750 0.053750
0 0.537500 0.712500 0.072500 0.072500
0 0.935000 0.791250 0.070000 0.070000
0 0.259375 0.729375 0.078750 0.093750
0 0.481250 0.568125 0.105000 0.126250
0 0.548750 0.295000 0.075000 0.090000
0 0.755000 0.831250 0.052500 0.062500
0 0.918750 0.410000 0.065000 0.065000
0 0.769375 0.685000 0.111250 0.112500
0 0.693125 0.270625 0.051250 0.051250
0 0.081250 0.081250 0.040000 0.040000
0 0.368750 0.228750 0.077500 0.112500
0 0.131250 0.497500 0.100000 0.145000
0 0.146875 0.153125 0.061250 0.088750
0 0.075000 0.256875 0.055000 0.078750
0 0.241875 0.172500 0.066250 0.072500
0 0.888125 0.269375 0.056250 0.056250
0 0.809375 0.186875 0.041250 0.041250
0 0.419375 0.949375 0.056250 0.051250
0 0.370625 0.490625 0.033750 0.033750
0 0.238125 0.951250 0.031250 0.030000
0 0.057500 0.622500 0.035000 0.030000
0 0.822500 0.448125 0.072500 0.063750
0 0.575625 0.881250 0.106250 0.075000
0 0.082500 0.816875 0.047500 0.033750
0 0.562500 0.172500 0.060000 0.042500
0 0.929375 0.201875 0.086250 0.061250
0 0.480625 0.833125 0.046250 0.046250
0 0.431250 0.373750 0.107500 0.107500
0 0.480625 0.176875 0.026250 0.026250
0 0.591875 0.083125 0.081250 0.068750
0 0.743125 0.935625 0.071250 0.071250
0 0.542500 0.407500 0.057500 0.057500
0 0.709375 0.554375 0.073750 0.073750
0 0.176875 0.294375 0.066250 0.066250
0 0.838750 0.923750 0.070000 0.067500
0 0.375625 0.651875 0.061250 0.063750
0 0.706250 0.436250 0.112500 0.117500
0 0.671250 0.091875 0.045000 0.046250
0 0.832500 0.848125 0.027500 0.028750
0 0.890000 0.098750 0.090000 0.090000
0 0.069375 0.689375 0.076250 0.076250
0 0.924375 0.545625 0.068750 0.068750
0 0.400000 0.771250 0.052500 0.052500
0 0.172500 0.933750 0.027500 0.027500
0 0.254375 0.591875 0.091250 0.091250
0 0.969375 0.921875 0.028750 0.028750
0 0.393125 0.130625 0.056250 0.056250
0 0.039375 0.918125 0.031250 0.031250
0 0.767500 0.301875 0.077500 0.081250
0 0.268750 0.486250 0.050000 0.052500
0 0.935625 0.871875 0.041250 0.043750
0 0.630625 0.781250 0.063750 0.072500
0 0.208750 0.837500 0.070000 0.070000
0 0.879375 0.778125 0.026250 0.026250
0 0.744375 0.122500 0.053750 0.102500
0 0.061250 0.346250 0.077500 0.080000
0 0.921250 0.678750 0.097500 0.100000
0 0.298750 0.819375 0.067500 0.068750
0 0.170625 0.683125 0.063750 0.063750
0 0.327500 0.343750 0.057500 0.047500
0 0.315625 0.906875 0.103750 0.086250
0 0.402500 0.061875 0.035000 0.028750
0 0.460000 0.277500 0.050000 0.042500