0 0.108125 0.424375 0.101250 0.101250
0 0.874375 0.550625 0.066250 0.073750
0 0.167500 0.529375 0.095000 0.081250
0 0.661250 0.238125 0.087500 0.073750
0 0.267500 0.914375 0.107500 0.091250
0 0.367500 0.925000 0.030000 0.027500
0 0.476875 0.808125 0.076250 0.076250
0 0.150000 0.708750 0.085000 0.085000
0 0.102500 0.266250 0.090000 0.095000
0 0.856250 0.126875 0.077500 0.081250
0 0.723750 0.635000 0.057500 0.060000
0 0.541875 0.206875 0.056250 0.056250
0 0.086875 0.844375 0.068750 0.068750
0 0.270000 0.766250 0.105000 0.105000
0 0.333750 0.175000 0.110000 0.110000
0 0.818750 0.835000 0.090000 0.090000
0 0.313125 0.589375 0.031250 0.031250
0 0.810625 0.431875 0.091250 0.091250
0 0.404375 0.503750 0.028750 0.030000
0 0.449375 0.903125 0.061250 0.063750
0 0.377500 0.411250 0.100000 0.105000
0 0.756250 0.226875 0.075000 0.078750
0 0.270625 0.298125 0.098750 0.098750
0 0.578750 0.073750 0.082500 0.082500
0 0.498125 0.638125 0.101250 0.101250
0 0.660625 0.059375 0.061250 0.061250
0 0.748750 0.805000 0.030000 0.030000
0 0.958750 0.306250 0.037500 0.037500
0 0.333125 0.062500 0.106250 0.100000
0 0.901875 0.791250 0.051250 0.022500
0 0.618125 0.654375 0.026250 0.011250
0 0.240625 0.420000 0.066250 0.057500
0 0.061250 0.180625 0.030000 0.026250
0 0.600625 0.883125 0.078750 0.078750
0 0.864375 0.323125 0.106250 0.106250
0 0.760000 0.345000 0.062500 0.062500
0 0.444375 0.249375 0.086250 0.111250
0 0.581875 0.504375 0.043750 0.056250
0 0.669375 0.370625 0.103750 0.133750
0 0.561875 0.308125 0.088750 0.113750
0 0.893750 0.676875 0.060000 0.056250
0 0.758750 0.140000 0.080000 0.080000
0 0.521250 0.943750 0.047500 0.047500
0 0.911875 0.219375 0.081250 0.081250
0 0.209375 0.080625 0.108750 0.108750
0 0.784375 0.568125 0.058750 0.058750
0 0.356250 0.828750 0.047500 0.047500
0 0.808125 0.931875 0.073750 0.071250
0 0.466250 0.093750 0.085000 0.110000
0 0.805000 0.732500 0.087500 0.072500
0 0.612500 0.598125 0.065000 0.053750
0 0.665625 0.733750 0.096250 0.080000
0 0.571250 0.728750 0.040000 0.040000
0 0.577500 0.148750 0.032500 0.037500
0 0.068750 0.590000 0.070000 0.070000
0 0.393125 0.618125 0.081250 0.081250
0 0.095625 0.108125 0.078750 0.078750
0 0.803750 0.068125 0.027500 0.016250
0 0.685000 0.550625 0.047500 0.028750
0 0.389375 0.713750 0.101250 0.062500
0 0.959375 0.409375 0.046250 0.028750
0 0.938125 0.750625 0.053750 0.043750
0 0.923750 0.878750 0.090000 0.090000
0 0.668750 0.153750 0.047500 0.047500
0 0.533125 0.418125 0.066250 0.066250
0 0.235000 0.183750 0.065000 0.065000
0 0.202500 0.621250 0.055000 0.055000
0 0.728750 0.050000 0.037500 0.037500
0 0.708750 0.925000 0.062500 0.062500
0 0.099375 0.931875 0.058750 0.058750
0 0.176875 0.799375 0.066250 0.066250
0 0.363125 0.314375 0.043750 0.043750
0 0.092500 0.511250 0.037500 0.037500
0 0.475625 0.512500 0.066250 0.085000
0 0.265000 0.845000 0.030000 0.030000
0 0.270625 0.655625 0.036250 0.036250
0 0.926250 0.060625 0.032500 0.038750