0 0.550000 0.034375 0.035000 0.033750
0 0.570000 0.635625 0.027500 0.026250
0 0.506250 0.501250 0.047500 0.045000
0 0.584375 0.535000 0.028750 0.027500
0 0.286250 0.198750 0.072500 0.087500
0 0.479375 0.219375 0.056250 0.056250
0 0.948125 0.202500 0.048750 0.050000
0 0.823750 0.243125 0.032500 0.033750
0 0.140625 0.354375 0.043750 0.043750
0 0.405000 0.444375 0.110000 0.111250
0 0.056875 0.715625 0.068750 0.068750
0 0.410000 0.085000 0.040000 0.040000
0 0.840625 0.116875 0.093750 0.093750
0 0.826875 0.801875 0.103750 0.096250
0 0.083750 0.323750 0.030000 0.030000
0 0.399375 0.818125 0.053750 0.053750
0 0.969375 0.559375 0.031250 0.031250
0 0.185000 0.576875 0.035000 0.036250
0 0.775000 0.321250 0.087500 0.087500
0 0.171875 0.744375 0.053750 0.053750
0 0.896875 0.941875 0.038750 0.038750
0 0.860625 0.443125 0.086250 0.086250
0 0.645000 0.168750 0.070000 0.070000
0 0.074375 0.848750 0.051250 0.062500
0 0.570625 0.423125 0.078750 0.096250
0 0.181875 0.228750 0.083750 0.102500
0 0.844375 0.586250 0.108750 0.132500
0 0.502500 0.863750 0.095000 0.095000
0 0.390000 0.587500 0.092500 0.092500
0 0.097500 0.926250 0.067500 0.067500
0 0.070000 0.646250 0.035000 0.035000
0 0.860000 0.326250 0.052500 0.052500
0 0.444375 0.323125 0.108750 0.108750
0 0.251875 0.414375 0.091250 0.091250
0 0.289375 0.853125 0.093750 0.093750
0 0.664375 0.869375 0.088750 0.088750
0 0.238750 0.501250 0.045000 0.045000
0 0.498125 0.053125 0.036250 0.036250
0 0.538125 0.729375 0.108750 0.108750
0 0.780625 0.428750 0.036250 0.035000
0 0.075000 0.122500 0.067500 0.065000
0 0.672500 0.583750 0.102500 0.100000
0 0.275000 0.625000 0.100000 0.097500
0 0.756875 0.077500 0.046250 0.027500
0 0.097500 0.515000 0.090000 0.072500
0 0.720000 0.465625 0.040000 0.031250
0 0.493125 0.609375 0.098750 0.098750
0 0.372500 0.731250 0.030000 0.022500
0 0.218125 0.096875 0.098750 0.098750
0 0.596250 0.297500 0.110000 0.110000
0 0.943750 0.046250 0.075000 0.055000
0 0.491875 0.108125 0.071250 0.051250
0 0.622500 0.102500 0.065000 0.047500
0 0.928125 0.682500 0.041250 0.030000
0 0.828750 0.713750 0.025000 0.017500
0 0.411875 0.666875 0.028750 0.028750
0 0.097500 0.243750 0.032500 0.032500
0 0.655625 0.680625 0.058750 0.058750
0 0.123125 0.591875 0.033750 0.046250
0 0.407500 0.164375 0.072500 0.078750
0 0.371875 0.766875 0.031250 0.031250
0 0.135625 0.133125 0.028750 0.028750
0 0.933750 0.481250 0.030000 0.030000
0 0.191250 0.915000 0.085000 0.085000
0 0.689375 0.260625 0.041250 0.041250
0 0.771250 0.921250 0.052500 0.052500
0 0.326250 0.315000 0.085000 0.085000
0 0.329375 0.093125 0.053750 0.053750
0 0.533125 0.941875 0.031250 0.031250
0 0.321875 0.950625 0.041250 0.041250
0 0.951250 0.398750 0.065000 0.065000
0 0.936250 0.626250 0.052500 0.052500
0 0.748750 0.680000 0.042500 0.047500
0 0.664375 0.400625 0.078750 0.078750
0 0.949375 0.810000 0.033750 0.032500
0 0.427500 0.243750 0.025000 0.025000
0 0.245000 0.736250 0.077500 0.077500
0 0.839375 0.678125 0.028750 0.028750
0 0.393125 0.886875 0.073750 0.066250
0 0.935625 0.275625 0.051250 0.046250
0 0.723125 0.777500 0.076250 0.075000
0 0.253125 0.541250 0.028750 0.017500
0 0.783125 0.496250 0.033750 0.020000
0 0.921250 0.110000 0.052500 0.052500