0 0.771875 0.486875 0.061250 0.063750
0 0.410000 0.397500 0.102500 0.082500
0 0.652500 0.471875 0.087500 0.063750
0 0.330625 0.791250 0.048750 0.035000
0 0.636250 0.206250 0.050000 0.050000
0 0.209375 0.107500 0.093750 0.090000
0 0.179375 0.343750 0.088750 0.065000
0 0.915000 0.136250 0.035000 0.035000
0 0.238750 0.665000 0.032500 0.032500
0 0.498125 0.350625 0.036250 0.036250
0 0.103125 0.730625 0.068750 0.068750
0 0.205625 0.741875 0.086250 0.086250
0 0.865000 0.321250 0.055000 0.055000
0 0.768125 0.125625 0.048750 0.048750
0 0.779375 0.218125 0.108750 0.108750
0 0.280000 0.281250 0.072500 0.072500
0 0.665625 0.664375 0.051250 0.051250
0 0.715000 0.341250 0.072500 0.072500
0 0.701250 0.107500 0.050000 0.050000
0 0.550000 0.882500 0.090000 0.090000
0 0.826875 0.756875 0.066250 0.046250
0 0.321250 0.137500 0.067500 0.047500
0 0.906250 0.511250 0.072500 0.072500
0 0.640000 0.793750 0.057500 0.057500
0 0.118125 0.618125 0.098750 0.098750
0 0.364375 0.513125 0.033750 0.033750
0 0.583125 0.296250 0.056250 0.050000
0 0.817500 0.911875 0.097500 0.086250
0 0.223750 0.608125 0.032500 0.028750
0 0.574375 0.625000 0.078750 0.070000
0 0.523750 0.216875 0.032500 0.023750
0 0.037500 0.674375 0.035000 0.026250
0 0.858125 0.048750 0.061250 0.045000
0 0.905000 0.421250 0.090000 0.090000
0 0.957500 0.833750 0.040000 0.040000
0 0.675000 0.891250 0.042500 0.042500
0 0.363125 0.712500 0.053750 0.035000
0 0.548750 0.435000 0.065000 0.042500
0 0.066875 0.821875 0.073750 0.048750
0 0.905000 0.736250 0.055000 0.055000
0 0.081250 0.170000 0.090000 0.090000
0 0.234375 0.510000 0.106250 0.042500
0 0.470000 0.765000 0.100000 0.040000
0 0.104375 0.342500 0.026250 0.025000
0 0.453125 0.851875 0.068750 0.066250
0 0.214375 0.435625 0.071250 0.068750
0 0.880000 0.608750 0.072500 0.070000
0 0.791250 0.680000 0.080000 0.080000
0 0.405000 0.133750 0.080000 0.080000
0 0.428750 0.287500 0.085000 0.085000
0 0.536875 0.141875 0.073750 0.073750
0 0.194375 0.903750 0.071250 0.097500
0 0.823125 0.831875 0.028750 0.038750
0 0.803750 0.573125 0.037500 0.051250
0 0.963125 0.650625 0.048750 0.066250
0 0.549375 0.515000 0.041250 0.042500
0 0.847500 0.520625 0.025000 0.018750
0 0.588750 0.710000 0.085000 0.070000
0 0.368125 0.050625 0.051250 0.031250
0 0.612500 0.130000 0.030000 0.017500
0 0.215000 0.200000 0.112500 0.070000
0 0.065000 0.901875 0.060000 0.036250
0 0.088750 0.479375 0.075000 0.071250
0 0.367500 0.586875 0.080000 0.076250
0 0.355000 0.920000 0.085000 0.080000
0 0.516250 0.045000 0.042500 0.042500
0 0.958750 0.188750 0.032500 0.032500
0 0.465625 0.615625 0.081250 0.098750
0 0.923125 0.930000 0.041250 0.050000
0 0.906250 0.227500 0.025000 0.030000
0 0.352500 0.322500 0.040000 0.040000
0 0.445000 0.060000 0.052500 0.052500
0 0.686250 0.583750 0.092500 0.092500
0 0.063125 0.348125 0.041250 0.038750
0 0.766875 0.785625 0.033750 0.023750
0 0.675625 0.404375 0.056250 0.038750
0 0.581250 0.378750 0.060000 0.055000
0 0.901250 0.821250 0.037500 0.035000
0 0.726875 0.928125 0.033750 0.033750
0 0.567500 0.810000 0.032500 0.032500
0 0.936250 0.342500 0.040000 0.040000
0 0.082500 0.050625 0.052500 0.048750
0 0.038750 0.951875 0.030000 0.046250
0 0.325625 0.841875 0.033750 0.051250
0 0.469375 0.496875 0.041250 0.063750
0 0.302500 0.393750 0.070000 0.070000
0 0.457500 0.205000 0.037500 0.037500
0 0.929375 0.876875 0.028750 0.028750