0 0.528750 0.722500 0.030000 0.022500
0 0.726875 0.848750 0.081250 0.062500
0 0.340000 0.802500 0.055000 0.057500
0 0.373750 0.468125 0.032500 0.033750
0 0.847500 0.736250 0.107500 0.100000
0 0.071875 0.509375 0.068750 0.063750
0 0.888125 0.905000 0.091250 0.085000
0 0.671875 0.163750 0.083750 0.110000
0 0.731250 0.261875 0.045000 0.058750
0 0.343750 0.076875 0.102500 0.101250
0 0.838750 0.113125 0.070000 0.068750
0 0.650625 0.422500 0.081250 0.080000
0 0.136875 0.861875 0.073750 0.073750
0 0.370625 0.328125 0.073750 0.073750
0 0.722500 0.457500 0.037500 0.037500
0 0.823125 0.575000 0.078750 0.077500
0 0.683750 0.610000 0.105000 0.105000
0 0.346250 0.208750 0.062500 0.062500
0 0.625625 0.853125 0.048750 0.048750
0 0.557500 0.943750 0.045000 0.045000
0 0.381875 0.716875 0.048750 0.048750
0 0.120000 0.726250 0.062500 0.062500
0 0.490000 0.357500 0.102500 0.102500
0 0.465625 0.740000 0.058750 0.060000
0 0.117500 0.231875 0.037500 0.071250
0 0.481875 0.185625 0.063750 0.121250
0 0.070000 0.232500 0.042500 0.042500
0 0.798750 0.397500 0.072500 0.087500
0 0.570000 0.585000 0.082500 0.100000
0 0.394375 0.924375 0.076250 0.076250
0 0.837500 0.235000 0.060000 0.060000
0 0.286250 0.877500 0.047500 0.047500
0 0.523750 0.477500 0.100000 0.100000
0 0.486875 0.568125 0.046250 0.046250
0 0.916250 0.435000 0.082500 0.082500
0 0.320625 0.633125 0.058750 0.058750
0 0.078750 0.108125 0.090000 0.108750
0 0.505000 0.833750 0.072500 0.087500
0 0.202500 0.265625 0.062500 0.076250
0 0.083125 0.376875 0.051250 0.058750
0 0.201250 0.492500 0.080000 0.072500
0 0.235000 0.390000 0.080000 0.080000
0 0.164375 0.048125 0.056250 0.056250
0 0.483125 0.939375 0.066250 0.066250
0 0.719375 0.937500 0.073750 0.062500
0 0.299375 0.467500 0.063750 0.060000
0 0.661875 0.769375 0.083750 0.076250
0 0.968750 0.758750 0.037500 0.037500
0 0.760625 0.749375 0.031250 0.031250
0 0.330000 0.928750 0.037500 0.037500
0 0.066875 0.618125 0.071250 0.071250
0 0.376875 0.549375 0.051250 0.051250
0 0.945625 0.796250 0.028750 0.022500
0 0.238125 0.165625 0.078750 0.061250
0 0.215625 0.640000 0.041250 0.032500
0 0.956250 0.653750 0.055000 0.055000
0 0.925625 0.096875 0.051250 0.051250
0 0.586250 0.030625 0.047500 0.033750
0 0.705625 0.355625 0.036250 0.036250
0 0.824375 0.492500 0.053750 0.047500
0 0.748125 0.110625 0.051250 0.041250