0 0.432500 0.838750 0.062500 0.062500
0 0.250625 0.420625 0.111250 0.111250
0 0.361250 0.506250 0.062500 0.062500
0 0.078750 0.522500 0.087500 0.087500
0 0.386875 0.253125 0.096250 0.096250
0 0.610625 0.704375 0.028750 0.028750
0 0.825000 0.881875 0.040000 0.041250
0 0.892500 0.625625 0.070000 0.066250
0 0.720625 0.248750 0.056250 0.052500
0 0.132500 0.776250 0.052500 0.050000
0 0.425625 0.448125 0.036250 0.033750
0 0.371875 0.424375 0.056250 0.056250
0 0.435000 0.676250 0.062500 0.062500
0 0.062500 0.087500 0.065000 0.042500
0 0.643125 0.223125 0.056250 0.043750
0 0.137500 0.634375 0.057500 0.043750
0 0.535625 0.548125 0.051250 0.038750
0 0.060625 0.612500 0.036250 0.027500
0 0.799375 0.370625 0.083750 0.083750
0 0.916875 0.211875 0.108750 0.108750
0 0.728125 0.865625 0.108750 0.108750
0 0.548125 0.175625 0.061250 0.061250
0 0.206250 0.147500 0.112500 0.102500
0 0.608125 0.033125 0.041250 0.041250
0 0.210625 0.763125 0.078750 0.078750
0 0.752500 0.504375 0.090000 0.073750
0 0.341250 0.925625 0.030000 0.023750
0 0.926250 0.401250 0.107500 0.087500
0 0.628750 0.649375 0.027500 0.026250
0 0.271875 0.571250 0.051250 0.050000
0 0.207500 0.921250 0.065000 0.065000
0 0.686250 0.616250 0.035000 0.035000
0 0.741250 0.718750 0.097500 0.097500
0 0.211250 0.057500 0.040000 0.040000
0 0.241875 0.259375 0.098750 0.098750
0 0.585625 0.394375 0.111250 0.111250
0 0.310625 0.828125 0.101250 0.101250
0 0.065000 0.283750 0.097500 0.097500
0 0.683125 0.420625 0.026250 0.021250
0 0.395625 0.911875 0.053750 0.043750
0 0.551250 0.813750 0.090000 0.090000
0 0.615000 0.100000 0.075000 0.075000
0 0.823125 0.816250 0.066250 0.062500
0 0.713750 0.107500 0.050000 0.047500
0 0.841875 0.057500 0.063750 0.052500
0 0.085000 0.422500 0.092500 0.092500
0 0.411875 0.066875 0.098750 0.098750
0 0.050625 0.890000 0.066250 0.065000
0 0.934375 0.751875 0.083750 0.083750
0 0.850625 0.748125 0.046250 0.046250
0 0.840625 0.475625 0.046250 0.046250
0 0.649375 0.856875 0.033750 0.033750
0 0.561250 0.947500 0.027500 0.027500
0 0.300625 0.049375 0.026250 0.026250
0 0.458750 0.582500 0.047500 0.025000
0 0.470000 0.501250 0.075000 0.040000
0 0.840000 0.307500 0.042500 0.022500
0 0.085625 0.180625 0.048750 0.048750
0 0.650000 0.496250 0.037500 0.037500
0 0.393750 0.165000 0.037500 0.037500
0 0.422500 0.755625 0.075000 0.073750
0 0.474375 0.348750 0.081250 0.080000
0 0.519375 0.062500 0.096250 0.095000
0 0.936875 0.510625 0.031250 0.031250
0 0.912500 0.921250 0.067500 0.067500
0 0.826875 0.933125 0.038750 0.038750
0 0.585000 0.567500 0.030000 0.027500
0 0.528750 0.261250 0.085000 0.080000