0 0.533125 0.554375 0.043750 0.043750
0 0.438750 0.475625 0.055000 0.056250
0 0.433750 0.248750 0.047500 0.047500
0 0.878125 0.565625 0.108750 0.108750
0 0.351875 0.091875 0.031250 0.031250
0 0.642500 0.770000 0.072500 0.082500
0 0.919375 0.666250 0.046250 0.042500
0 0.203125 0.430625 0.088750 0.088750
0 0.756250 0.565000 0.080000 0.080000
0 0.797500 0.367500 0.107500 0.100000
0 0.491875 0.947500 0.051250 0.045000
0 0.611875 0.084375 0.053750 0.076250
0 0.082500 0.517500 0.097500 0.137500
0 0.886875 0.161250 0.111250 0.157500
0 0.205625 0.063125 0.071250 0.066250
0 0.139375 0.640000 0.081250 0.057500
0 0.214375 0.134375 0.051250 0.048750
0 0.598750 0.613125 0.070000 0.066250
0 0.906250 0.435625 0.072500 0.068750
0 0.160625 0.913125 0.101250 0.096250
0 0.325000 0.605000 0.110000 0.097500
0 0.448125 0.592500 0.078750 0.070000
0 0.336875 0.780625 0.106250 0.093750
0 0.625000 0.384375 0.092500 0.081250
0 0.565000 0.185000 0.097500 0.097500
0 0.109375 0.138125 0.073750 0.073750
0 0.837500 0.752500 0.090000 0.120000
0 0.326250 0.911875 0.092500 0.123750
0 0.512500 0.392500 0.030000 0.030000
0 0.062500 0.837500 0.055000 0.055000
0 0.216875 0.264375 0.046250 0.046250
0 0.063125 0.320625 0.066250 0.066250
0 0.282500 0.316250 0.065000 0.060000
0 0.651250 0.903750 0.100000 0.092500
0 0.433125 0.778750 0.051250 0.050000
0 0.359375 0.273125 0.046250 0.046250
0 0.448750 0.073750 0.112500 0.112500
0 0.124375 0.195625 0.026250 0.026250
0 0.753750 0.081875 0.082500 0.086250
0 0.886875 0.032500 0.033750 0.035000
0 0.772500 0.644375 0.040000 0.041250
0 0.948750 0.837500 0.077500 0.080000
0 0.355000 0.391875 0.082500 0.058750
0 0.615000 0.490000 0.100000 0.100000
0 0.221250 0.796250 0.095000 0.095000
0 0.056250 0.626250 0.045000 0.045000
0 0.512500 0.450000 0.050000 0.050000
0 0.403750 0.528750 0.032500 0.032500
0 0.737500 0.711250 0.060000 0.060000