0 0.369375 0.913125 0.043750 0.041250
0 0.548125 0.652500 0.111250 0.102500
0 0.475625 0.273125 0.081250 0.081250
0 0.885625 0.599375 0.058750 0.058750
0 0.233750 0.148125 0.100000 0.131250
0 0.189375 0.821250 0.073750 0.097500
0 0.255625 0.538750 0.073750 0.072500
0 0.576875 0.536250 0.038750 0.037500
0 0.346250 0.370625 0.110000 0.131250
0 0.324375 0.084375 0.066250 0.056250
0 0.957500 0.499375 0.052500 0.043750
0 0.930000 0.179375 0.052500 0.068750
0 0.451250 0.810625 0.050000 0.066250
0 0.146250 0.106250 0.057500 0.050000
0 0.056250 0.736250 0.040000 0.040000
0 0.365000 0.725000 0.037500 0.037500
0 0.859375 0.759375 0.061250 0.061250
0 0.438750 0.038750 0.052500 0.052500
0 0.051875 0.516875 0.056250 0.056250
0 0.590000 0.865625 0.030000 0.028750
0 0.713750 0.265000 0.092500 0.090000
0 0.602500 0.765000 0.100000 0.097500
0 0.787500 0.125000 0.095000 0.095000
0 0.899375 0.278125 0.098750 0.098750
0 0.335625 0.202500 0.073750 0.050000
0 0.083125 0.325625 0.063750 0.063750
0 0.226250 0.423750 0.107500 0.107500
0 0.419375 0.645625 0.108750 0.096250
0 0.736250 0.889375 0.110000 0.133750
0 0.593750 0.380000 0.037500 0.037500
0 0.883750 0.470000 0.077500 0.077500
0 0.431875 0.130625 0.103750 0.103750
0 0.056875 0.648125 0.061250 0.061250
0 0.549375 0.193125 0.036250 0.036250
0 0.875625 0.826250 0.076250 0.055000
0 0.718750 0.708125 0.087500 0.091250
0 0.570625 0.238125 0.026250 0.021250
0 0.082500 0.255000 0.030000 0.030000
0 0.662500 0.568750 0.090000 0.092500
0 0.918750 0.083125 0.045000 0.046250
0 0.603750 0.474375 0.052500 0.053750
0 0.478750 0.379375 0.070000 0.063750
0 0.454375 0.914375 0.083750 0.083750
0 0.843125 0.901875 0.081250 0.081250
0 0.813750 0.385000 0.065000 0.065000
0 0.821250 0.553750 0.032500 0.032500
0 0.587500 0.110000 0.082500 0.082500
0 0.107500 0.401250 0.047500 0.047500
0 0.220000 0.935625 0.082500 0.073750
0 0.168125 0.671875 0.106250 0.098750
0 0.261250 0.771875 0.047500 0.043750
0 0.127500 0.192500 0.070000 0.070000
0 0.435000 0.531250 0.090000 0.090000
0 0.744375 0.625625 0.046250 0.046250
0 0.911875 0.944375 0.041250 0.041250
0 0.368125 0.818125 0.093750 0.093750
0 0.715000 0.395000 0.070000 0.070000
0 0.292500 0.655000 0.090000 0.090000
0 0.822500 0.680000 0.070000 0.067500
0 0.772500 0.030625 0.035000 0.033750
0 0.676250 0.121875 0.067500 0.063750