0 0.186875 0.550625 0.041250 0.041250
0 0.789375 0.879375 0.026250 0.026250
0 0.340625 0.825625 0.066250 0.066250
0 0.373750 0.057500 0.070000 0.080000
0 0.616875 0.607500 0.046250 0.047500
0 0.453750 0.251250 0.065000 0.065000
0 0.915625 0.769375 0.098750 0.098750
0 0.287500 0.450000 0.075000 0.097500
0 0.123125 0.258125 0.036250 0.026250
0 0.216250 0.231875 0.095000 0.091250
0 0.531250 0.473750 0.042500 0.042500
0 0.366875 0.581250 0.063750 0.065000
0 0.746875 0.582500 0.048750 0.050000
0 0.742500 0.783750 0.110000 0.110000
0 0.903750 0.896250 0.025000 0.025000
0 0.580000 0.127500 0.105000 0.100000
0 0.582500 0.715000 0.052500 0.052500
0 0.161875 0.423125 0.081250 0.081250
0 0.781875 0.346875 0.046250 0.046250
0 0.941875 0.229375 0.056250 0.056250
0 0.084375 0.111875 0.066250 0.066250
0 0.496250 0.582500 0.100000 0.120000
0 0.533750 0.350000 0.095000 0.095000
0 0.815625 0.214375 0.051250 0.051250
0 0.702500 0.448750 0.067500 0.067500
0 0.225625 0.079375 0.101250 0.101250
0 0.898125 0.056875 0.076250 0.076250
0 0.086250 0.707500 0.110000 0.110000
0 0.627500 0.767500 0.030000 0.022500
0 0.934375 0.478750 0.083750 0.065000
0 0.867500 0.946250 0.030000 0.022500
0 0.382500 0.676875 0.027500 0.021250
0 0.240625 0.651250 0.081250 0.072500
0 0.253125 0.152500 0.028750 0.025000
0 0.539375 0.928750 0.101250 0.090000
0 0.430000 0.731250 0.065000 0.065000
0 0.954375 0.665625 0.053750 0.053750
0 0.040000 0.337500 0.052500 0.052500
0 0.367500 0.913750 0.030000 0.030000
0 0.671875 0.323125 0.111250 0.111250
0 0.084375 0.829375 0.091250 0.091250
0 0.546250 0.227500 0.032500 0.032500
0 0.876250 0.395000 0.032500 0.032500
0 0.353750 0.238125 0.082500 0.096250
0 0.917500 0.592500 0.032500 0.032500
0 0.710000 0.666250 0.052500 0.052500
0 0.400000 0.421250 0.112500 0.112500
0 0.747500 0.093750 0.075000 0.075000
0 0.606250 0.478750 0.067500 0.067500
0 0.056875 0.419375 0.048750 0.048750
0 0.704375 0.896875 0.101250 0.101250
0 0.066875 0.514375 0.071250 0.071250
0 0.419375 0.823125 0.076250 0.076250
0 0.118125 0.945625 0.056250 0.056250
0 0.257500 0.730000 0.035000 0.035000
0 0.045625 0.950625 0.041250 0.041250
0 0.203125 0.158125 0.036250 0.036250
0 0.898125 0.311875 0.058750 0.058750
0 0.957500 0.383125 0.032500 0.033750
0 0.465000 0.913125 0.025000 0.026250
0 0.843125 0.474375 0.041250 0.041250
0 0.823750 0.580000 0.047500 0.047500
0 0.113750 0.600000 0.067500 0.067500
0 0.777500 0.671250 0.062500 0.062500
0 0.323125 0.671875 0.063750 0.066250
0 0.247500 0.542500 0.055000 0.057500
0 0.660625 0.065625 0.033750 0.033750
0 0.636875 0.233125 0.053750 0.053750
0 0.466250 0.066250 0.090000 0.090000
0 0.219375 0.881250 0.091250 0.102500
0 0.674375 0.516250 0.043750 0.042500
0 0.046250 0.223750 0.050000 0.050000
0 0.486875 0.711875 0.031250 0.031250
0 0.828750 0.045000 0.030000 0.030000
0 0.250625 0.329375 0.088750 0.088750
0 0.394375 0.153125 0.056250 0.056250
0 0.840000 0.716250 0.037500 0.037500