0 0.444375 0.536875 0.076250 0.076250
0 0.709375 0.153125 0.081250 0.078750
0 0.290000 0.165000 0.092500 0.087500
0 0.771875 0.075000 0.058750 0.055000
0 0.752500 0.272500 0.075000 0.070000
0 0.341875 0.473125 0.056250 0.051250
0 0.458125 0.451250 0.076250 0.077500
0 0.148125 0.855625 0.041250 0.041250
0 0.515000 0.932500 0.037500 0.037500
0 0.091250 0.570625 0.085000 0.141250
0 0.400000 0.839375 0.070000 0.116250
0 0.919375 0.280625 0.108750 0.181250
0 0.498750 0.741250 0.035000 0.035000
0 0.180000 0.432500 0.112500 0.112500
0 0.620000 0.610000 0.067500 0.067500
0 0.206875 0.795625 0.043750 0.043750
0 0.316875 0.596875 0.101250 0.101250
0 0.603125 0.858125 0.081250 0.081250
0 0.698125 0.382500 0.091250 0.087500
0 0.818750 0.657500 0.077500 0.077500
0 0.073125 0.291875 0.031250 0.031250
0 0.721250 0.816250 0.057500 0.030000
0 0.821250 0.965625 0.060000 0.018750
0 0.147500 0.666875 0.100000 0.031250
0 0.606250 0.554375 0.045000 0.013750
0 0.284375 0.743750 0.111250 0.035000
0 0.180625 0.555625 0.051250 0.051250
0 0.078750 0.136250 0.025000 0.025000
0 0.573750 0.170000 0.052500 0.052500
0 0.090625 0.076875 0.068750 0.068750
0 0.333750 0.282500 0.112500 0.092500
0 0.913750 0.786250 0.085000 0.080000
0 0.110000 0.746250 0.105000 0.100000
0 0.306250 0.895000 0.100000 0.095000
0 0.568750 0.286250 0.102500 0.097500
0 0.750625 0.733125 0.038750 0.043750
0 0.933125 0.490000 0.103750 0.120000
0 0.786875 0.404375 0.056250 0.056250
0 0.596875 0.445625 0.086250 0.086250
0 0.160625 0.206875 0.106250 0.106250
0 0.966875 0.720000 0.028750 0.032500
0 0.918750 0.065000 0.087500 0.082500
0 0.478750 0.823125 0.055000 0.051250
0 0.488125 0.168125 0.093750 0.093750
0 0.755000 0.532500 0.052500 0.052500
0 0.535625 0.645000 0.073750 0.075000
0 0.951875 0.901875 0.033750 0.033750
0 0.318125 0.044375 0.061250 0.061250
0 0.571875 0.086875 0.053750 0.048750
0 0.657500 0.682500 0.035000 0.032500
0 0.513750 0.368750 0.030000 0.027500
0 0.802500 0.823750 0.082500 0.082500
0 0.139375 0.309375 0.053750 0.053750
0 0.684375 0.763125 0.058750 0.058750
0 0.835000 0.505625 0.062500 0.063750
0 0.416250 0.716250 0.055000 0.055000
0 0.081250 0.445000 0.067500 0.067500
0 0.376250 0.412500 0.042500 0.042500
0 0.815000 0.174375 0.080000 0.091250
0 0.063125 0.365625 0.073750 0.073750
0 0.724375 0.670625 0.076250 0.053750
0 0.471250 0.080000 0.092500 0.065000
0 0.301250 0.687500 0.067500 0.047500
0 0.550000 0.573125 0.030000 0.021250
0 0.716875 0.065625 0.036250 0.036250
0 0.592500 0.763750 0.092500 0.092500
0 0.040625 0.191875 0.051250 0.036250
0 0.870625 0.903125 0.083750 0.061250
0 0.067500 0.897500 0.037500 0.037500
0 0.141250 0.920000 0.052500 0.052500
0 0.280625 0.419375 0.041250 0.041250
0 0.451875 0.291875 0.093750 0.093750
0 0.092500 0.845625 0.050000 0.038750