0 0.570000 0.791250 0.045000 0.045000
0 0.780625 0.675625 0.076250 0.076250
0 0.471250 0.950000 0.032500 0.032500
0 0.140625 0.778125 0.088750 0.088750
0 0.883750 0.771250 0.040000 0.040000
0 0.300625 0.704375 0.101250 0.101250
0 0.130000 0.177500 0.052500 0.052500
0 0.487500 0.210000 0.030000 0.030000
0 0.143750 0.262500 0.097500 0.097500
0 0.106875 0.069375 0.106250 0.106250
0 0.901250 0.060000 0.075000 0.075000
0 0.350625 0.625625 0.028750 0.023750
0 0.247500 0.843750 0.092500 0.077500
0 0.768750 0.786250 0.070000 0.070000
0 0.465625 0.499375 0.068750 0.068750
0 0.468750 0.407500 0.100000 0.100000
0 0.110625 0.905000 0.103750 0.125000
0 0.666875 0.096250 0.096250 0.092500
0 0.768750 0.146250 0.082500 0.082500
0 0.461250 0.615000 0.075000 0.060000
0 0.626875 0.316875 0.111250 0.111250
0 0.403750 0.260000 0.072500 0.072500
0 0.497500 0.261250 0.032500 0.032500
0 0.424375 0.800625 0.111250 0.063750
0 0.677500 0.600000 0.027500 0.027500
0 0.958125 0.135625 0.051250 0.053750
0 0.839375 0.364375 0.076250 0.076250
0 0.644375 0.877500 0.061250 0.055000
0 0.636250 0.702500 0.092500 0.082500
0 0.265625 0.263750 0.068750 0.085000
0 0.396250 0.916250 0.097500 0.097500
0 0.936250 0.578750 0.097500 0.097500
0 0.719375 0.474375 0.096250 0.096250
0 0.671250 0.240625 0.030000 0.026250
0 0.236250 0.528750 0.102500 0.090000
0 0.931250 0.266875 0.052500 0.046250
0 0.453750 0.721875 0.050000 0.043750
0 0.265625 0.158750 0.068750 0.070000
0 0.044375 0.235000 0.043750 0.045000
0 0.080625 0.367500 0.081250 0.082500
0 0.596250 0.183750 0.035000 0.035000
0 0.518750 0.050000 0.052500 0.052500
0 0.603125 0.553125 0.043750 0.043750
0 0.941875 0.469375 0.068750 0.068750
0 0.591875 0.459375 0.033750 0.033750
0 0.310000 0.606250 0.027500 0.027500
0 0.458125 0.086875 0.033750 0.033750
0 0.143125 0.643125 0.053750 0.053750
0 0.360625 0.425625 0.076250 0.076250
0 0.370000 0.555000 0.047500 0.047500
0 0.066875 0.516875 0.103750 0.103750
0 0.781875 0.921875 0.038750 0.046250
0 0.943125 0.851875 0.083750 0.083750
0 0.236875 0.930625 0.076250 0.076250
0 0.225625 0.419375 0.051250 0.051250
0 0.243125 0.040625 0.043750 0.043750
0 0.372500 0.163125 0.082500 0.066250
0 0.935625 0.333125 0.068750 0.068750
0 0.303750 0.057500 0.045000 0.045000
0 0.785000 0.575000 0.075000 0.075000
0 0.553750 0.916250 0.025000 0.025000
0 0.716875 0.922500 0.051250 0.060000
0 0.844375 0.253125 0.096250 0.113750
0 0.906875 0.708125 0.071250 0.071250
0 0.055625 0.628125 0.083750 0.083750
0 0.736875 0.334375 0.081250 0.081250
0 0.053750 0.740000 0.065000 0.065000
0 0.585625 0.116875 0.038750 0.043750