0 0.390625 0.274375 0.083750 0.071250
0 0.839375 0.305625 0.038750 0.038750
0 0.666250 0.282500 0.045000 0.045000
0 0.398125 0.458125 0.088750 0.088750
0 0.051875 0.153125 0.063750 0.073750
0 0.620625 0.764375 0.068750 0.078750
0 0.213125 0.893125 0.053750 0.061250
0 0.225000 0.093750 0.097500 0.112500
0 0.689375 0.162500 0.038750 0.040000
0 0.803125 0.910000 0.063750 0.062500
0 0.188750 0.508125 0.055000 0.053750
0 0.208125 0.258750 0.066250 0.065000
0 0.529375 0.731250 0.083750 0.075000
0 0.440000 0.810000 0.047500 0.042500
0 0.327500 0.645000 0.100000 0.090000
0 0.948750 0.161875 0.040000 0.036250
0 0.803125 0.085000 0.086250 0.080000
0 0.124375 0.231250 0.053750 0.052500
0 0.402500 0.896250 0.097500 0.095000
0 0.263125 0.440000 0.071250 0.070000
0 0.798750 0.599375 0.070000 0.068750
0 0.538125 0.793750 0.033750 0.032500
0 0.739375 0.750000 0.091250 0.090000
0 0.506250 0.471250 0.052500 0.052500
0 0.886250 0.612500 0.070000 0.070000
0 0.670625 0.369375 0.106250 0.106250
0 0.904375 0.383125 0.041250 0.041250
0 0.788125 0.369375 0.056250 0.043750
0 0.490625 0.595625 0.101250 0.101250
0 0.927500 0.080000 0.107500 0.107500
0 0.635000 0.872500 0.072500 0.072500
0 0.463750 0.171250 0.090000 0.090000
0 0.136875 0.766875 0.111250 0.111250
0 0.903750 0.750625 0.102500 0.063750
0 0.073125 0.068125 0.103750 0.063750
0 0.435625 0.045625 0.078750 0.048750
0 0.183750 0.398125 0.067500 0.041250
0 0.363750 0.746875 0.065000 0.061250
0 0.325625 0.080625 0.076250 0.073750
0 0.228750 0.613750 0.062500 0.062500
0 0.589375 0.093125 0.086250 0.086250
0 0.839375 0.201875 0.098750 0.098750
0 0.914375 0.887500 0.108750 0.127500
0 0.791250 0.495000 0.087500 0.102500
0 0.153125 0.906250 0.048750 0.057500
0 0.694375 0.068750 0.091250 0.107500
0 0.465625 0.377500 0.033750 0.030000
0 0.387500 0.536250 0.042500 0.037500
0 0.317500 0.190000 0.040000 0.035000
0 0.885625 0.473125 0.041250 0.036250
0 0.285000 0.838750 0.067500 0.060000
0 0.052500 0.513750 0.060000 0.060000
0 0.729375 0.909375 0.068750 0.068750
0 0.052500 0.655000 0.040000 0.057500
0 0.543750 0.945625 0.042500 0.036250
0 0.745000 0.294375 0.027500 0.023750
0 0.592500 0.577500 0.087500 0.075000
0 0.588750 0.253125 0.045000 0.038750
0 0.112500 0.320625 0.095000 0.093750
0 0.475625 0.315000 0.071250 0.070000
0 0.568125 0.385000 0.076250 0.075000
0 0.150625 0.644375 0.073750 0.073750
0 0.078750 0.913125 0.055000 0.048750
0 0.298125 0.926875 0.086250 0.093750
0 0.970625 0.215625 0.026250 0.026250
0 0.290000 0.757500 0.052500 0.052500
0 0.678125 0.486875 0.058750 0.058750
0 0.699375 0.650625 0.063750 0.061250