0 0.322500 0.945000 0.067500 0.060000
0 0.579375 0.233125 0.086250 0.086250
0 0.248125 0.715000 0.101250 0.130000
0 0.120000 0.495000 0.045000 0.057500
0 0.733750 0.773750 0.062500 0.080000
0 0.050000 0.731875 0.055000 0.086250
0 0.809375 0.442500 0.028750 0.045000
0 0.881250 0.150000 0.087500 0.087500
0 0.117500 0.067500 0.037500 0.037500
0 0.208125 0.363125 0.103750 0.103750
0 0.756875 0.514375 0.048750 0.048750
0 0.057500 0.367500 0.077500 0.077500
0 0.291875 0.161875 0.063750 0.063750
0 0.475625 0.585625 0.068750 0.068750
0 0.640000 0.716250 0.092500 0.080000
0 0.178125 0.849375 0.103750 0.103750
0 0.399375 0.343125 0.106250 0.106250
0 0.847500 0.724375 0.112500 0.133750
0 0.888125 0.571875 0.058750 0.068750
0 0.568750 0.633750 0.052500 0.052500
0 0.785000 0.883750 0.100000 0.100000
0 0.388125 0.553750 0.081250 0.082500
0 0.581250 0.361875 0.052500 0.036250
0 0.311250 0.328750 0.030000 0.020000
0 0.065000 0.231250 0.047500 0.057500
0 0.363125 0.683125 0.073750 0.088750
0 0.463750 0.736875 0.045000 0.038750
0 0.151250 0.193750 0.082500 0.060000
0 0.947500 0.365000 0.065000 0.065000
0 0.611250 0.458750 0.110000 0.110000
0 0.442500 0.085000 0.085000 0.085000
0 0.680625 0.580625 0.053750 0.053750
0 0.063125 0.616875 0.081250 0.081250
0 0.241875 0.578125 0.063750 0.063750
0 0.851250 0.370000 0.082500 0.082500
0 0.370625 0.815625 0.078750 0.101250
0 0.660000 0.118750 0.050000 0.050000
0 0.729375 0.314375 0.083750 0.083750
0 0.585000 0.943125 0.055000 0.058750
0 0.453750 0.206250 0.110000 0.117500
0 0.213125 0.472500 0.056250 0.060000
0 0.117500 0.751250 0.055000 0.050000
0 0.073125 0.875625 0.083750 0.091250
0 0.623750 0.827500 0.030000 0.032500
0 0.489375 0.862500 0.071250 0.077500
0 0.045625 0.530000 0.048750 0.052500
0 0.408750 0.926250 0.037500 0.012500
0 0.747500 0.080000 0.045000 0.042500
0 0.801250 0.600000 0.075000 0.082500
0 0.766250 0.205625 0.097500 0.106250
0 0.538125 0.725625 0.081250 0.088750
0 0.907500 0.876250 0.105000 0.115000
0 0.584375 0.086875 0.071250 0.066250