0 0.188750 0.298125 0.102500 0.128750
0 0.746875 0.182500 0.053750 0.035000
0 0.546250 0.737500 0.062500 0.040000
0 0.729375 0.659375 0.048750 0.031250
0 0.691875 0.276875 0.106250 0.106250
0 0.755000 0.423750 0.057500 0.050000
0 0.403125 0.598125 0.111250 0.098750
0 0.931250 0.637500 0.057500 0.050000
0 0.359375 0.434375 0.098750 0.098750
0 0.360000 0.052500 0.027500 0.027500
0 0.431250 0.250000 0.105000 0.127500
0 0.267500 0.788750 0.062500 0.075000
0 0.548125 0.816875 0.076250 0.073750
0 0.751875 0.508125 0.066250 0.066250
0 0.614375 0.589375 0.078750 0.078750
0 0.120625 0.791875 0.093750 0.071250
0 0.863750 0.527500 0.112500 0.112500
0 0.072500 0.177500 0.112500 0.112500
0 0.766250 0.878750 0.052500 0.052500
0 0.590000 0.158750 0.085000 0.112500
0 0.882500 0.386250 0.030000 0.030000
0 0.716250 0.071250 0.090000 0.090000
0 0.161250 0.649375 0.107500 0.106250
0 0.852500 0.745000 0.062500 0.062500
0 0.954375 0.131875 0.036250 0.036250
0 0.362500 0.828125 0.070000 0.071250
0 0.561875 0.390625 0.083750 0.083750
0 0.799375 0.938125 0.031250 0.031250
0 0.460000 0.828750 0.070000 0.070000
0 0.727500 0.821250 0.027500 0.027500
0 0.226875 0.444375 0.046250 0.046250
0 0.935000 0.880000 0.077500 0.077500
0 0.642500 0.933750 0.042500 0.072500
0 0.091250 0.563125 0.060000 0.051250
0 0.465000 0.068125 0.107500 0.093750
0 0.091250 0.891250 0.095000 0.082500
0 0.056875 0.071250 0.063750 0.055000
0 0.200000 0.160000 0.085000 0.085000
0 0.286875 0.571875 0.106250 0.106250
0 0.887500 0.238750 0.102500 0.102500
0 0.298750 0.173750 0.070000 0.070000
0 0.076875 0.349375 0.101250 0.081250
0 0.490625 0.513125 0.041250 0.041250
0 0.541250 0.296250 0.077500 0.077500
0 0.656250 0.789375 0.085000 0.083750
0 0.241875 0.935000 0.066250 0.065000
0 0.311250 0.325625 0.085000 0.083750