0 0.856875 0.284375 0.111250 0.111250
0 0.423125 0.465625 0.111250 0.111250
0 0.758125 0.731875 0.068750 0.068750
0 0.331250 0.683750 0.057500 0.057500
0 0.100625 0.110625 0.058750 0.058750
0 0.316250 0.331250 0.110000 0.115000
0 0.570000 0.673125 0.105000 0.126250
0 0.090625 0.899375 0.111250 0.111250
0 0.254375 0.076875 0.041250 0.041250
0 0.627500 0.126250 0.042500 0.042500
0 0.685000 0.207500 0.057500 0.057500
0 0.171250 0.388750 0.092500 0.092500
0 0.644375 0.495625 0.043750 0.043750
0 0.163750 0.647500 0.070000 0.070000
0 0.417500 0.632500 0.100000 0.120000
0 0.362500 0.908125 0.042500 0.051250
0 0.556875 0.469375 0.051250 0.061250
0 0.901250 0.536250 0.107500 0.107500
0 0.374375 0.830625 0.081250 0.071250
0 0.900625 0.443750 0.033750 0.030000
0 0.648750 0.292500 0.097500 0.097500
0 0.650625 0.813125 0.051250 0.051250
0 0.245000 0.838750 0.062500 0.062500
0 0.482500 0.190000 0.075000 0.075000
0 0.459375 0.103750 0.061250 0.050000
0 0.700000 0.548750 0.025000 0.025000
0 0.730625 0.914375 0.063750 0.063750
0 0.398750 0.137500 0.032500 0.032500
0 0.760625 0.534375 0.046250 0.041250
0 0.436875 0.915000 0.086250 0.077500
0 0.251875 0.761875 0.078750 0.071250
0 0.772500 0.060000 0.065000 0.065000
0 0.145000 0.215625 0.037500 0.036250
0 0.694375 0.121875 0.061250 0.061250
0 0.912500 0.683125 0.112500 0.111250
0 0.303125 0.503750 0.111250 0.110000
0 0.726875 0.631875 0.071250 0.073750
0 0.546875 0.809375 0.066250 0.071250
0 0.322500 0.116875 0.065000 0.068750
0 0.089375 0.743750 0.091250 0.077500
0 0.462500 0.338750 0.082500 0.102500
0 0.253750 0.673750 0.072500 0.072500
0 0.427500 0.048750 0.032500 0.032500
0 0.951250 0.243125 0.047500 0.048750
0 0.890625 0.058750 0.051250 0.052500
0 0.571875 0.930625 0.068750 0.071250
0 0.279375 0.228125 0.053750 0.053750
0 0.090000 0.492500 0.052500 0.042500
0 0.847500 0.406875 0.032500 0.026250
0 0.370000 0.761875 0.072500 0.051250
0 0.200625 0.541250 0.073750 0.052500
0 0.539375 0.383125 0.048750 0.033750
0 0.200625 0.055625 0.036250 0.036250
0 0.736875 0.849375 0.033750 0.033750
0 0.816250 0.445000 0.032500 0.032500
0 0.066250 0.275000 0.097500 0.097500
0 0.797500 0.156250 0.105000 0.105000
0 0.555625 0.075625 0.081250 0.081250
0 0.836250 0.885000 0.055000 0.055000
0 0.913750 0.138750 0.047500 0.065000
0 0.920625 0.910625 0.061250 0.083750
0 0.061250 0.610625 0.090000 0.123750
0 0.910000 0.835000 0.045000 0.045000
0 0.656875 0.718125 0.051250 0.051250
0 0.550000 0.266250 0.050000 0.050000
0 0.216875 0.930625 0.033750 0.033750