0 0.861250 0.532500 0.082500 0.082500
0 0.111250 0.393750 0.080000 0.077500
0 0.623125 0.896250 0.038750 0.037500
0 0.255625 0.455625 0.103750 0.103750
0 0.726875 0.243125 0.043750 0.043750
0 0.510000 0.340625 0.085000 0.088750
0 0.779375 0.520000 0.026250 0.027500
0 0.200000 0.361250 0.040000 0.040000
0 0.840625 0.079375 0.081250 0.071250
0 0.713125 0.889375 0.036250 0.031250
0 0.398125 0.950625 0.038750 0.038750
0 0.380000 0.152500 0.110000 0.110000
0 0.858125 0.874375 0.083750 0.083750
0 0.225000 0.246250 0.085000 0.085000
0 0.425000 0.633750 0.040000 0.040000
0 0.667500 0.057500 0.087500 0.087500
0 0.512500 0.853750 0.075000 0.075000
0 0.295625 0.628750 0.083750 0.075000
0 0.669375 0.474375 0.031250 0.031250
0 0.777500 0.061250 0.030000 0.030000
0 0.750625 0.451875 0.048750 0.048750
0 0.066250 0.675000 0.060000 0.060000
0 0.516875 0.481875 0.103750 0.103750
0 0.616250 0.336250 0.052500 0.067500
0 0.300000 0.846875 0.032500 0.041250
0 0.616250 0.820000 0.042500 0.055000
0 0.131250 0.600000 0.052500 0.067500
0 0.460625 0.746250 0.061250 0.080000
0 0.564375 0.117500 0.046250 0.060000
0 0.670000 0.617500 0.035000 0.045000
0 0.719375 0.717500 0.033750 0.035000
0 0.796875 0.747500 0.068750 0.072500
0 0.106875 0.510000 0.091250 0.097500
0 0.716875 0.146875 0.058750 0.058750
0 0.895000 0.700625 0.077500 0.068750
0 0.942500 0.808750 0.057500 0.050000
0 0.138750 0.730625 0.047500 0.041250
0 0.918750 0.187500 0.085000 0.085000
0 0.103750 0.912500 0.040000 0.040000
0 0.086875 0.804375 0.058750 0.058750
0 0.206875 0.106875 0.068750 0.068750
0 0.604375 0.610625 0.076250 0.076250
0 0.070625 0.195000 0.086250 0.105000
0 0.168125 0.816875 0.083750 0.101250
0 0.376250 0.316250 0.107500 0.095000
0 0.515625 0.601875 0.058750 0.051250
0 0.796250 0.621250 0.065000 0.057500
0 0.295000 0.271875 0.027500 0.026250
0 0.346250 0.799375 0.035000 0.033750
0 0.510625 0.196875 0.073750 0.071250
0 0.393125 0.449375 0.066250 0.063750
0 0.708125 0.356250 0.101250 0.090000
0 0.255000 0.739375 0.072500 0.063750
0 0.605000 0.195000 0.087500 0.077500
0 0.916875 0.433750 0.068750 0.060000
0 0.563125 0.731875 0.083750 0.083750
0 0.270625 0.926875 0.066250 0.078750
0 0.945000 0.089375 0.077500 0.091250
0 0.870625 0.348125 0.066250 0.066250
0 0.809375 0.268125 0.073750 0.073750
0 0.406250 0.535000 0.087500 0.087500
0 0.603125 0.945625 0.028750 0.026250
0 0.050000 0.917500 0.027500 0.022500
0 0.043750 0.288750 0.047500 0.047500
0 0.501250 0.102500 0.057500 0.055000
0 0.330000 0.045000 0.065000 0.065000
0 0.121875 0.076875 0.038750 0.038750
0 0.914375 0.630625 0.046250 0.046250
0 0.437500 0.872500 0.060000 0.060000
0 0.576250 0.031250 0.035000 0.035000
0 0.651250 0.532500 0.077500 0.055000
0 0.474375 0.042500 0.036250 0.025000
0 0.463125 0.933750 0.048750 0.035000
0 0.910625 0.276250 0.081250 0.057500
0 0.960000 0.698750 0.025000 0.020000
0 0.820000 0.188125 0.067500 0.056250
0 0.724375 0.623125 0.058750 0.048750
0 0.708125 0.799375 0.091250 0.091250
0 0.383125 0.896250 0.031250 0.037500
0 0.206250 0.551250 0.070000 0.070000
0 0.286250 0.151875 0.047500 0.058750
0 0.162500 0.952500 0.045000 0.045000
0 0.546250 0.953125 0.050000 0.043750