0 0.306250 0.805000 0.070000 0.065000
0 0.148750 0.398750 0.025000 0.022500
0 0.435000 0.805000 0.100000 0.092500
0 0.547500 0.576250 0.095000 0.087500
0 0.635000 0.333750 0.065000 0.065000
0 0.861250 0.276250 0.077500 0.077500
0 0.783750 0.485000 0.070000 0.070000
0 0.058125 0.828125 0.068750 0.068750
0 0.143125 0.789375 0.033750 0.033750
0 0.797500 0.823750 0.037500 0.037500
0 0.606250 0.713750 0.107500 0.107500
0 0.716875 0.119375 0.078750 0.078750
0 0.283750 0.705000 0.037500 0.037500
0 0.881250 0.152500 0.050000 0.050000
0 0.196875 0.190000 0.068750 0.067500
0 0.725625 0.688125 0.108750 0.106250
0 0.183125 0.043750 0.058750 0.057500
0 0.511875 0.390625 0.031250 0.031250
0 0.166250 0.472500 0.075000 0.060000
0 0.945000 0.436250 0.047500 0.037500
0 0.545000 0.175000 0.112500 0.090000
0 0.327500 0.228125 0.095000 0.068750
0 0.845000 0.705625 0.097500 0.071250
0 0.461875 0.589375 0.053750 0.053750
0 0.293750 0.378750 0.112500 0.112500
0 0.790625 0.951875 0.041250 0.041250
0 0.360000 0.961250 0.027500 0.027500
0 0.343750 0.538750 0.110000 0.110000
0 0.620625 0.084375 0.051250 0.051250
0 0.699375 0.468125 0.081250 0.081250
0 0.418750 0.336250 0.095000 0.095000
0 0.168125 0.669375 0.106250 0.093750
0 0.633125 0.810000 0.076250 0.067500
0 0.449375 0.207500 0.028750 0.025000
0 0.182500 0.881250 0.102500 0.090000
0 0.404375 0.059375 0.068750 0.068750
0 0.068125 0.599375 0.071250 0.071250
0 0.853750 0.901250 0.047500 0.047500
0 0.865000 0.583750 0.112500 0.112500
0 0.451250 0.420625 0.047500 0.038750
0 0.060625 0.366875 0.076250 0.126250
0 0.726250 0.317500 0.060000 0.100000
0 0.068750 0.481875 0.070000 0.068750
0 0.729375 0.951875 0.036250 0.046250
0 0.656250 0.237500 0.060000 0.077500
0 0.435000 0.672500 0.090000 0.090000
0 0.151250 0.265000 0.065000 0.065000
0 0.954375 0.510625 0.031250 0.031250
0 0.717500 0.798750 0.075000 0.075000
0 0.534375 0.865625 0.073750 0.073750
0 0.285000 0.095000 0.087500 0.087500
0 0.726875 0.588125 0.068750 0.068750
0 0.408750 0.137500 0.067500 0.067500
0 0.951875 0.201875 0.066250 0.066250
0 0.445625 0.909375 0.076250 0.076250
0 0.539375 0.453125 0.073750 0.058750
0 0.181875 0.567500 0.083750 0.067500
0 0.946875 0.313125 0.078750 0.101250
0 0.515000 0.065625 0.082500 0.106250
0 0.060000 0.241250 0.055000 0.050000
0 0.926875 0.866250 0.043750 0.040000
0 0.669375 0.931250 0.048750 0.045000
0 0.876250 0.465000 0.072500 0.072500
0 0.068125 0.928750 0.101250 0.090000
0 0.920625 0.070625 0.078750 0.078750
0 0.113125 0.045625 0.043750 0.043750
0 0.808750 0.382500 0.050000 0.050000
0 0.229375 0.281875 0.066250 0.066250
0 0.060000 0.141250 0.052500 0.040000
0 0.271875 0.939375 0.061250 0.046250
0 0.155625 0.112500 0.071250 0.055000
0 0.042500 0.759375 0.060000 0.046250
0 0.283125 0.625625 0.048750 0.048750
0 0.921250 0.806250 0.065000 0.065000
0 0.842500 0.781250 0.035000 0.035000
0 0.517500 0.267500 0.060000 0.060000
0 0.628125 0.555625 0.041250 0.076250
0 0.361875 0.705625 0.031250 0.031250
0 0.742500 0.395000 0.052500 0.037500
0 0.616250 0.944375 0.032500 0.023750
0 0.591250 0.276250 0.025000 0.032500
0 0.630625 0.634375 0.031250 0.018750
0 0.225625 0.801875 0.031250 0.018750
0 0.687500 0.048750 0.052500 0.032500
0 0.630625 0.404375 0.038750 0.038750
0 0.561250 0.341250 0.045000 0.045000
0 0.773125 0.884375 0.068750 0.068750
0 0.448125 0.479375 0.051250 0.051250
0 0.803750 0.070625 0.065000 0.088750