0 0.875000 0.708750 0.072500 0.087500
0 0.248125 0.236875 0.081250 0.061250
0 0.474375 0.755625 0.098750 0.073750
0 0.229375 0.156875 0.071250 0.053750
0 0.445625 0.903125 0.036250 0.036250
0 0.108750 0.486250 0.025000 0.025000
0 0.791250 0.907500 0.062500 0.062500
0 0.390000 0.371250 0.067500 0.067500
0 0.776875 0.106250 0.091250 0.107500
0 0.310625 0.153750 0.046250 0.055000
0 0.835000 0.448750 0.055000 0.055000
0 0.209375 0.383750 0.043750 0.030000
0 0.316875 0.533125 0.111250 0.111250
0 0.577500 0.525000 0.072500 0.072500
0 0.520625 0.366875 0.106250 0.106250
0 0.726250 0.491250 0.097500 0.097500
0 0.251875 0.911875 0.051250 0.051250
0 0.728125 0.798125 0.028750 0.028750
0 0.127500 0.857500 0.057500 0.057500
0 0.625625 0.461875 0.038750 0.038750
0 0.131875 0.599375 0.056250 0.058750
0 0.723125 0.352500 0.106250 0.110000
0 0.166250 0.739375 0.095000 0.098750
0 0.098125 0.367500 0.091250 0.095000
0 0.935625 0.468125 0.036250 0.036250
0 0.285000 0.806250 0.100000 0.100000
0 0.439375 0.069375 0.086250 0.086250
0 0.191250 0.071250 0.057500 0.057500
0 0.951875 0.813125 0.043750 0.043750
0 0.505000 0.250000 0.070000 0.070000
0 0.373750 0.845000 0.062500 0.062500
0 0.873125 0.098750 0.063750 0.065000
0 0.505625 0.831875 0.041250 0.041250
0 0.943125 0.373750 0.088750 0.097500
0 0.090000 0.266250 0.105000 0.092500
0 0.641875 0.930625 0.061250 0.058750
0 0.638750 0.783750 0.095000 0.095000
0 0.755000 0.607500 0.055000 0.055000
0 0.593125 0.243125 0.086250 0.086250
0 0.599375 0.582500 0.031250 0.025000
0 0.807500 0.776250 0.042500 0.037500
0 0.683125 0.123125 0.046250 0.046250
0 0.081250 0.127500 0.105000 0.162500
0 0.731250 0.712500 0.032500 0.050000
0 0.212500 0.597500 0.070000 0.107500
0 0.425625 0.509375 0.078750 0.121250
0 0.394375 0.280625 0.091250 0.091250
0 0.883125 0.793125 0.048750 0.048750
0 0.579375 0.677500 0.091250 0.092500
0 0.890000 0.543750 0.100000 0.100000
0 0.280000 0.626250 0.025000 0.025000
0 0.914375 0.255625 0.091250 0.088750
0 0.960000 0.888750 0.035000 0.032500
0 0.548750 0.906875 0.042500 0.056250
0 0.416250 0.162500 0.025000 0.032500
0 0.785625 0.220625 0.103750 0.091250
0 0.400000 0.685000 0.050000 0.042500
0 0.683125 0.698125 0.028750 0.028750
0 0.586250 0.086250 0.045000 0.045000
0 0.941875 0.172500 0.043750 0.042500
0 0.612500 0.355625 0.055000 0.058750
0 0.450000 0.849375 0.045000 0.048750
0 0.867500 0.884375 0.070000 0.076250
0 0.076875 0.655000 0.028750 0.032500
0 0.276250 0.704375 0.067500 0.051250
0 0.370625 0.625625 0.031250 0.031250
0 0.263750 0.071250 0.055000 0.055000
0 0.183125 0.483125 0.081250 0.081250
0 0.050625 0.530625 0.073750 0.036250
0 0.279375 0.318125 0.088750 0.043750
0 0.681875 0.610000 0.048750 0.047500
0 0.824375 0.393125 0.038750 0.031250
0 0.397500 0.590000 0.025000 0.025000
0 0.296250 0.410000 0.087500 0.087500