0 0.796875 0.523125 0.081250 0.081250
0 0.841250 0.643125 0.110000 0.101250
0 0.452500 0.245625 0.030000 0.028750
0 0.514375 0.145000 0.046250 0.042500
0 0.754375 0.338125 0.111250 0.111250
0 0.580625 0.055000 0.031250 0.037500
0 0.690000 0.831875 0.087500 0.106250
0 0.518750 0.758750 0.025000 0.025000
0 0.311250 0.091250 0.060000 0.060000
0 0.341250 0.361250 0.112500 0.112500
0 0.121250 0.828750 0.095000 0.095000
0 0.166250 0.635000 0.057500 0.057500
0 0.695000 0.215000 0.052500 0.052500
0 0.853750 0.360625 0.032500 0.038750
0 0.600625 0.910625 0.026250 0.016250
0 0.085625 0.532500 0.051250 0.032500
0 0.796250 0.133750 0.100000 0.062500
0 0.771250 0.733125 0.037500 0.023750
0 0.373750 0.255000 0.072500 0.072500
0 0.290625 0.483125 0.083750 0.083750
0 0.635000 0.546250 0.042500 0.042500
0 0.551875 0.289375 0.081250 0.081250
0 0.384375 0.753125 0.041250 0.051250
0 0.537500 0.665000 0.032500 0.040000
0 0.879375 0.459375 0.068750 0.068750
0 0.223750 0.156250 0.085000 0.085000
0 0.701250 0.654375 0.032500 0.038750
0 0.571250 0.773750 0.055000 0.062500
0 0.127500 0.200625 0.090000 0.103750
0 0.420000 0.163750 0.082500 0.095000
0 0.082500 0.680000 0.085000 0.092500
0 0.193750 0.537500 0.075000 0.052500
0 0.490000 0.206875 0.042500 0.028750
0 0.525625 0.579375 0.031250 0.021250
0 0.282500 0.832500 0.082500 0.057500
0 0.059375 0.056875 0.038750 0.031250
0 0.413750 0.866250 0.107500 0.107500
0 0.138750 0.361250 0.102500 0.102500
0 0.238750 0.747500 0.032500 0.032500
0 0.965000 0.058750 0.040000 0.040000
0 0.607500 0.475000 0.067500 0.067500
0 0.829375 0.833125 0.081250 0.081250
0 0.899375 0.288125 0.083750 0.083750
0 0.934375 0.140625 0.081250 0.081250
0 0.323750 0.688750 0.030000 0.027500
0 0.455000 0.385000 0.095000 0.095000
0 0.689375 0.098125 0.093750 0.093750
0 0.158750 0.705000 0.032500 0.032500
0 0.509375 0.853125 0.046250 0.046250
0 0.444375 0.681875 0.068750 0.066250
0 0.429375 0.576250 0.093750 0.080000
0 0.095000 0.453750 0.067500 0.067500
0 0.638750 0.393750 0.057500 0.057500
0 0.676875 0.472500 0.036250 0.035000
0 0.315625 0.603125 0.081250 0.078750
0 0.456250 0.485000 0.087500 0.085000
0 0.481875 0.061875 0.093750 0.091250
0 0.885625 0.738125 0.093750 0.068750
0 0.225000 0.061875 0.085000 0.061250
0 0.530000 0.926250 0.067500 0.067500
0 0.245000 0.332500 0.062500 0.062500
0 0.274375 0.916875 0.078750 0.078750
0 0.290000 0.236875 0.052500 0.046250
0 0.120000 0.039375 0.042500 0.046250
0 0.166250 0.450000 0.052500 0.052500
0 0.305000 0.761250 0.055000 0.055000
0 0.938125 0.881875 0.076250 0.076250
0 0.532500 0.467500 0.032500 0.032500
0 0.651875 0.605000 0.048750 0.052500
0 0.712500 0.720000 0.052500 0.057500
0 0.734375 0.940000 0.041250 0.037500
0 0.811250 0.925625 0.092500 0.083750
0 0.382500 0.068125 0.045000 0.041250
0 0.646875 0.744375 0.053750 0.051250
0 0.208125 0.864375 0.036250 0.036250
0 0.077500 0.928750 0.057500 0.057500
0 0.461250 0.752500 0.055000 0.055000
0 0.558125 0.835625 0.031250 0.031250
0 0.631250 0.674375 0.072500 0.066250
0 0.030000 0.777500 0.027500 0.027500
0 0.046250 0.873750 0.037500 0.037500
0 0.953125 0.651875 0.066250 0.066250
0 0.044375 0.161875 0.056250 0.056250
0 0.900000 0.554375 0.042500 0.038750
0 0.388125 0.483125 0.033750 0.033750
0 0.200625 0.926875 0.046250 0.041250