0 0.130000 0.886875 0.045000 0.048750
0 0.371875 0.100625 0.091250 0.108750
0 0.340625 0.689375 0.066250 0.078750
0 0.430625 0.196875 0.026250 0.026250
0 0.537500 0.275000 0.077500 0.077500
0 0.204375 0.499375 0.101250 0.101250
0 0.075000 0.744375 0.100000 0.101250
0 0.358125 0.498750 0.068750 0.070000
0 0.493750 0.866875 0.080000 0.081250
0 0.932500 0.232500 0.092500 0.122500
0 0.838125 0.671875 0.081250 0.081250
0 0.483125 0.564375 0.108750 0.108750
0 0.300000 0.887500 0.060000 0.067500
0 0.156250 0.212500 0.055000 0.055000
0 0.800625 0.779375 0.053750 0.053750
0 0.929375 0.811875 0.058750 0.058750
0 0.792500 0.476875 0.050000 0.058750
0 0.290625 0.291250 0.093750 0.110000
0 0.740000 0.648125 0.080000 0.093750
0 0.686250 0.445000 0.087500 0.087500
0 0.841250 0.088750 0.027500 0.027500
0 0.701250 0.338750 0.080000 0.080000
0 0.418750 0.295000 0.105000 0.105000
0 0.553125 0.368750 0.106250 0.090000
0 0.063750 0.208125 0.037500 0.031250
0 0.764375 0.863125 0.051250 0.051250
0 0.109375 0.508125 0.031250 0.031250
0 0.731875 0.070625 0.073750 0.073750
0 0.948125 0.641875 0.068750 0.068750
0 0.068125 0.631875 0.103750 0.103750
0 0.880000 0.437500 0.062500 0.062500
0 0.543125 0.451875 0.048750 0.048750
0 0.639375 0.648125 0.093750 0.093750
0 0.102500 0.082500 0.027500 0.027500
0 0.654375 0.785625 0.038750 0.038750
0 0.591250 0.051250 0.047500 0.047500
0 0.661250 0.138750 0.052500 0.052500
0 0.223125 0.098125 0.091250 0.091250
0 0.229375 0.636875 0.106250 0.106250
0 0.657500 0.073750 0.035000 0.035000
0 0.681250 0.946250 0.045000 0.045000
0 0.138750 0.362500 0.105000 0.127500
0 0.531250 0.707500 0.097500 0.117500
0 0.239375 0.409375 0.048750 0.058750
0 0.053750 0.910000 0.037500 0.045000
0 0.487500 0.103750 0.110000 0.110000
0 0.781875 0.174375 0.068750 0.068750
0 0.444375 0.704375 0.061250 0.061250
0 0.204375 0.758125 0.068750 0.061250
0 0.798750 0.553750 0.070000 0.070000
0 0.667500 0.881250 0.062500 0.062500
0 0.374375 0.620625 0.038750 0.038750
0 0.741250 0.768125 0.035000 0.048750
0 0.038750 0.447500 0.030000 0.042500