0 0.136250 0.655000 0.110000 0.110000
0 0.902500 0.456250 0.030000 0.030000
0 0.428750 0.681250 0.040000 0.040000
0 0.581250 0.876875 0.032500 0.031250
0 0.850625 0.030625 0.031250 0.031250
0 0.097500 0.253125 0.060000 0.068750
0 0.841250 0.738750 0.107500 0.085000
0 0.745625 0.085625 0.058750 0.058750
0 0.791875 0.274375 0.088750 0.088750
0 0.665625 0.855625 0.056250 0.056250
0 0.705000 0.678750 0.102500 0.090000
0 0.667500 0.505000 0.107500 0.147500
0 0.311250 0.160625 0.085000 0.116250
0 0.768750 0.385625 0.060000 0.058750
0 0.568750 0.094375 0.032500 0.031250
0 0.683750 0.353125 0.095000 0.093750
0 0.410000 0.781875 0.067500 0.066250
0 0.592500 0.360000 0.027500 0.027500
0 0.485000 0.145000 0.030000 0.030000
0 0.290000 0.610000 0.057500 0.057500
0 0.341250 0.255000 0.032500 0.032500
0 0.461875 0.578125 0.086250 0.086250
0 0.611875 0.226875 0.091250 0.091250
0 0.231250 0.446250 0.097500 0.097500
0 0.462500 0.876250 0.032500 0.032500
0 0.867500 0.843750 0.062500 0.062500
0 0.703750 0.243750 0.070000 0.070000
0 0.880000 0.336250 0.057500 0.057500
0 0.221875 0.300625 0.096250 0.096250
0 0.375625 0.454375 0.088750 0.088750
0 0.121250 0.146250 0.090000 0.092500
0 0.835625 0.645000 0.041250 0.040000
0 0.465625 0.942500 0.036250 0.035000
0 0.498125 0.455000 0.041250 0.040000
0 0.400000 0.216875 0.025000 0.023750
0 0.299375 0.751875 0.096250 0.096250
0 0.510625 0.695625 0.093750 0.106250
0 0.901250 0.563750 0.090000 0.102500
0 0.538750 0.523125 0.052500 0.058750
0 0.095000 0.498750 0.050000 0.077500
0 0.380625 0.908125 0.093750 0.093750
0 0.185000 0.768750 0.045000 0.040000
0 0.461250 0.075000 0.082500 0.082500
0 0.155625 0.400625 0.033750 0.033750