0 0.730625 0.651250 0.043750 0.050000
0 0.450000 0.807500 0.100000 0.100000
0 0.208125 0.580625 0.103750 0.113750
0 0.127500 0.871250 0.085000 0.092500
0 0.667500 0.866875 0.055000 0.033750
0 0.085625 0.379375 0.111250 0.068750
0 0.564375 0.568125 0.098750 0.061250
0 0.926250 0.778750 0.080000 0.080000
0 0.951250 0.713750 0.027500 0.027500
0 0.065625 0.948125 0.028750 0.028750
0 0.703750 0.225000 0.042500 0.042500
0 0.186250 0.163750 0.102500 0.102500
0 0.831250 0.246250 0.092500 0.092500
0 0.926875 0.405625 0.088750 0.088750
0 0.926250 0.103125 0.082500 0.076250
0 0.707500 0.076250 0.105000 0.097500
0 0.525000 0.141250 0.100000 0.100000
0 0.075625 0.715000 0.101250 0.115000
0 0.820625 0.357500 0.028750 0.032500
0 0.327500 0.270000 0.095000 0.157500
0 0.394375 0.470000 0.096250 0.095000
0 0.510000 0.366875 0.110000 0.108750
0 0.765000 0.838750 0.112500 0.135000
0 0.809375 0.441875 0.038750 0.038750
0 0.184375 0.089375 0.026250 0.026250
0 0.228125 0.418125 0.091250 0.091250
0 0.800625 0.140625 0.053750 0.053750
0 0.968750 0.878750 0.027500 0.027500
0 0.701250 0.560000 0.082500 0.082500
0 0.295625 0.746875 0.088750 0.088750
0 0.824375 0.733125 0.046250 0.046250
0 0.713750 0.430000 0.092500 0.160000
0 0.286875 0.891250 0.036250 0.035000
0 0.411250 0.260000 0.037500 0.032500
0 0.971250 0.495000 0.032500 0.032500
0 0.742500 0.718750 0.035000 0.035000
0 0.610625 0.280625 0.031250 0.031250
0 0.896250 0.661250 0.057500 0.057500
0 0.580625 0.926875 0.043750 0.043750
0 0.498125 0.910625 0.066250 0.066250
0 0.859375 0.526875 0.101250 0.101250
0 0.090625 0.185625 0.068750 0.068750
0 0.108750 0.472500 0.080000 0.080000
0 0.407500 0.709375 0.077500 0.071250
0 0.606250 0.767500 0.112500 0.112500
0 0.515625 0.653125 0.093750 0.093750
0 0.353125 0.928125 0.071250 0.071250
0 0.103750 0.256875 0.042500 0.046250
0 0.901250 0.889375 0.042500 0.046250
0 0.320625 0.073750 0.091250 0.100000
0 0.327500 0.566250 0.080000 0.080000
0 0.398125 0.161875 0.043750 0.043750
0 0.492500 0.238125 0.085000 0.078750
0 0.245000 0.940000 0.037500 0.037500
0 0.229375 0.285625 0.048750 0.038750
0 0.844375 0.076875 0.053750 0.048750
0 0.620000 0.030625 0.037500 0.033750
0 0.178750 0.726875 0.035000 0.056250
0 0.623750 0.123125 0.045000 0.071250
0 0.940625 0.238125 0.091250 0.146250
0 0.613750 0.424375 0.040000 0.063750
0 0.428750 0.570000 0.057500 0.057500
0 0.070625 0.096875 0.088750 0.088750
0 0.075000 0.583750 0.110000 0.102500
0 0.434375 0.956250 0.038750 0.035000
0 0.300625 0.648750 0.048750 0.045000
0 0.607500 0.220000 0.032500 0.037500
0 0.675625 0.646875 0.038750 0.063750
0 0.523125 0.044375 0.053750 0.053750
0 0.205625 0.341875 0.056250 0.043750
0 0.446250 0.031250 0.030000 0.030000
0 0.622500 0.332500 0.055000 0.055000
0 0.243125 0.838125 0.058750 0.053750
0 0.415625 0.310625 0.041250 0.041250
0 0.780000 0.613750 0.030000 0.030000
0 0.298750 0.152500 0.025000 0.025000