0 0.492500 0.128750 0.047500 0.047500
0 0.346875 0.383125 0.056250 0.053750
0 0.572500 0.937500 0.052500 0.055000
0 0.663750 0.377500 0.092500 0.090000
0 0.372500 0.671875 0.035000 0.033750
0 0.081250 0.689375 0.112500 0.108750
0 0.586875 0.250000 0.111250 0.107500
0 0.117500 0.090000 0.075000 0.075000
0 0.860625 0.751250 0.103750 0.107500
0 0.657500 0.472500 0.055000 0.055000
0 0.937500 0.382500 0.060000 0.060000
0 0.925000 0.177500 0.082500 0.082500
0 0.613750 0.640000 0.025000 0.025000
0 0.682500 0.835000 0.085000 0.085000
0 0.805625 0.547500 0.076250 0.070000
0 0.703125 0.263125 0.056250 0.051250
0 0.440000 0.772500 0.100000 0.097500
0 0.683125 0.908750 0.036250 0.035000
0 0.466250 0.311250 0.090000 0.087500
0 0.764375 0.083125 0.091250 0.088750
0 0.861250 0.443125 0.067500 0.061250
0 0.941875 0.061875 0.081250 0.073750
0 0.349375 0.857500 0.056250 0.050000
0 0.312500 0.252500 0.097500 0.087500
0 0.068125 0.224375 0.043750 0.038750
0 0.966250 0.663125 0.035000 0.031250
0 0.121875 0.484375 0.083750 0.073750
0 0.343750 0.458750 0.077500 0.077500
0 0.217500 0.942500 0.072500 0.055000
0 0.890625 0.555000 0.036250 0.027500
0 0.791250 0.858750 0.075000 0.057500
0 0.495000 0.650625 0.080000 0.061250
0 0.198750 0.121250 0.042500 0.042500
0 0.208750 0.291250 0.057500 0.057500
0 0.243750 0.696250 0.075000 0.075000
0 0.243125 0.555625 0.098750 0.098750
0 0.093750 0.873750 0.045000 0.045000
0 0.859375 0.649375 0.078750 0.078750
0 0.370000 0.138750 0.027500 0.027500
0 0.929375 0.290625 0.103750 0.103750
0 0.548750 0.065000 0.030000 0.030000
0 0.245625 0.795625 0.098750 0.098750
0 0.678750 0.553750 0.025000 0.030000
0 0.133125 0.288125 0.061250 0.056250
0 0.049375 0.548750 0.038750 0.035000
0 0.575000 0.543750 0.045000 0.045000
0 0.452500 0.541875 0.112500 0.103750
0 0.475000 0.876250 0.087500 0.080000
0 0.691250 0.755625 0.055000 0.043750