0 0.210000 0.870000 0.072500 0.072500
0 0.486250 0.856250 0.052500 0.075000
0 0.766250 0.393125 0.097500 0.141250
0 0.325000 0.136250 0.057500 0.082500
0 0.849375 0.146875 0.058750 0.041250
0 0.654375 0.143750 0.031250 0.032500
0 0.721250 0.935000 0.035000 0.037500
0 0.125000 0.140625 0.067500 0.071250
0 0.338125 0.437500 0.103750 0.110000
0 0.509375 0.659375 0.048750 0.036250
0 0.601250 0.248750 0.067500 0.067500
0 0.672500 0.661875 0.085000 0.096250
0 0.581250 0.397500 0.050000 0.050000
0 0.099375 0.475625 0.056250 0.056250
0 0.882500 0.597500 0.080000 0.080000
0 0.423750 0.935000 0.050000 0.050000
0 0.931875 0.906250 0.096250 0.127500
0 0.681250 0.853125 0.072500 0.096250
0 0.935625 0.348125 0.031250 0.041250
0 0.736250 0.106250 0.107500 0.142500
0 0.125625 0.246250 0.041250 0.030000
0 0.044375 0.895625 0.046250 0.033750
0 0.345000 0.347500 0.075000 0.055000
0 0.635625 0.541875 0.103750 0.076250
0 0.188125 0.740625 0.071250 0.071250
0 0.350625 0.906875 0.041250 0.041250
0 0.775625 0.796875 0.056250 0.056250
0 0.556250 0.786250 0.052500 0.052500
0 0.214375 0.294375 0.088750 0.113750
0 0.401875 0.594375 0.086250 0.101250
0 0.562500 0.882500 0.077500 0.055000
0 0.200625 0.494375 0.111250 0.078750
0 0.253750 0.107500 0.027500 0.027500
0 0.110625 0.408125 0.051250 0.051250
0 0.446875 0.235625 0.106250 0.106250
0 0.337500 0.758750 0.045000 0.045000
0 0.843125 0.721250 0.103750 0.060000
0 0.056875 0.311250 0.063750 0.037500
0 0.941875 0.186875 0.076250 0.043750
0 0.468125 0.135625 0.088750 0.051250
0 0.115625 0.633125 0.061250 0.061250
0 0.058125 0.738125 0.036250 0.036250
0 0.796875 0.264375 0.053750 0.053750
0 0.909375 0.458125 0.108750 0.101250
0 0.455000 0.461250 0.072500 0.067500
0 0.111250 0.905000 0.032500 0.030000
0 0.765000 0.523750 0.105000 0.105000
0 0.073750 0.935000 0.027500 0.027500
0 0.931250 0.066250 0.090000 0.090000
0 0.410000 0.776250 0.055000 0.055000
0 0.233125 0.624375 0.098750 0.076250
0 0.504375 0.331250 0.081250 0.062500
0 0.807500 0.206875 0.035000 0.026250
0 0.237500 0.403125 0.075000 0.066250
0 0.584375 0.626250 0.076250 0.067500
0 0.704375 0.274375 0.056250 0.048750
0 0.944375 0.751250 0.066250 0.080000
0 0.660000 0.390000 0.050000 0.060000
0 0.820625 0.898125 0.061250 0.061250
0 0.040625 0.393750 0.048750 0.042500