0 0.510625 0.480625 0.101250 0.101250
0 0.183750 0.178750 0.107500 0.107500
0 0.237500 0.602500 0.067500 0.067500
0 0.652500 0.808750 0.042500 0.042500
0 0.596250 0.721250 0.112500 0.112500
0 0.140625 0.653125 0.083750 0.083750
0 0.308125 0.396875 0.083750 0.083750
0 0.387500 0.927500 0.035000 0.035000
0 0.063125 0.831250 0.048750 0.052500
0 0.908750 0.665000 0.075000 0.065000
0 0.208750 0.465000 0.100000 0.087500
0 0.266250 0.809375 0.045000 0.038750
0 0.866250 0.238750 0.092500 0.092500
0 0.175625 0.856875 0.101250 0.101250
0 0.886250 0.473125 0.105000 0.103750
0 0.066250 0.226875 0.052500 0.051250
0 0.647500 0.314375 0.095000 0.093750
0 0.462500 0.608750 0.112500 0.095000
0 0.644375 0.444375 0.038750 0.038750
0 0.678750 0.083750 0.100000 0.100000
0 0.539375 0.308750 0.043750 0.042500
0 0.150000 0.349375 0.087500 0.086250
0 0.507500 0.161250 0.077500 0.067500
0 0.685000 0.931250 0.045000 0.045000
0 0.234375 0.286875 0.056250 0.056250
0 0.766250 0.648750 0.107500 0.107500
0 0.874375 0.084375 0.088750 0.086250
0 0.413750 0.823750 0.080000 0.080000
0 0.750000 0.495000 0.105000 0.100000
0 0.418750 0.705000 0.075000 0.070000
0 0.170000 0.057500 0.027500 0.025000
0 0.872500 0.354375 0.067500 0.063750
0 0.723750 0.268125 0.042500 0.041250
0 0.900625 0.764375 0.063750 0.046250
0 0.255000 0.095000 0.037500 0.027500
0 0.558750 0.581875 0.032500 0.023750
0 0.391250 0.297500 0.092500 0.067500
0 0.796250 0.807500 0.082500 0.082500
0 0.764375 0.203125 0.048750 0.048750
0 0.332500 0.112500 0.085000 0.085000
0 0.050000 0.110000 0.072500 0.087500
0 0.605000 0.901250 0.060000 0.072500
0 0.430000 0.102500 0.055000 0.055000
0 0.480625 0.271875 0.036250 0.036250
0 0.045000 0.425000 0.052500 0.052500
0 0.494375 0.788125 0.058750 0.058750
0 0.355000 0.558750 0.082500 0.067500
0 0.135625 0.731875 0.056250 0.056250
0 0.318750 0.700000 0.077500 0.077500
0 0.058750 0.706250 0.057500 0.057500
0 0.539375 0.065625 0.103750 0.103750
0 0.110625 0.546875 0.056250 0.056250
0 0.910625 0.870625 0.111250 0.111250
0 0.324375 0.831875 0.056250 0.056250
0 0.681875 0.170625 0.051250 0.051250
0 0.628125 0.622500 0.056250 0.057500
0 0.530000 0.947500 0.040000 0.040000
0 0.404375 0.469375 0.051250 0.051250
0 0.799375 0.900625 0.078750 0.078750
0 0.907500 0.155000 0.025000 0.025000
0 0.802500 0.338750 0.032500 0.032500
0 0.275000 0.193750 0.060000 0.052500
0 0.431250 0.205000 0.060000 0.052500
0 0.303125 0.893125 0.031250 0.028750
0 0.628125 0.503125 0.103750 0.063750
0 0.903125 0.567500 0.068750 0.042500
0 0.351250 0.198125 0.055000 0.066250
0 0.227500 0.697500 0.025000 0.025000
0 0.055000 0.907500 0.080000 0.082500
0 0.703750 0.763125 0.035000 0.036250
0 0.778125 0.071875 0.078750 0.078750
0 0.500625 0.371875 0.086250 0.061250
0 0.607500 0.812500 0.030000 0.030000
0 0.049375 0.304375 0.071250 0.071250
0 0.268750 0.542500 0.037500 0.037500
0 0.558125 0.245625 0.036250 0.033750
0 0.306250 0.471250 0.032500 0.025000
0 0.846875 0.639375 0.033750 0.026250