0 0.544375 0.376875 0.026250 0.026250
0 0.458125 0.868125 0.086250 0.086250
0 0.560625 0.444375 0.053750 0.053750
0 0.869375 0.570625 0.088750 0.088750
0 0.201250 0.273750 0.070000 0.070000
0 0.118750 0.157500 0.080000 0.080000
0 0.523750 0.861250 0.027500 0.027500
0 0.860000 0.821250 0.112500 0.112500
0 0.737500 0.396250 0.097500 0.097500
0 0.641875 0.226875 0.108750 0.108750
0 0.146250 0.586250 0.077500 0.077500
0 0.263750 0.681250 0.100000 0.100000
0 0.926250 0.376250 0.077500 0.147500
0 0.520000 0.273750 0.045000 0.045000
0 0.312500 0.848750 0.067500 0.067500
0 0.688750 0.693750 0.112500 0.112500
0 0.790625 0.726875 0.031250 0.031250
0 0.671250 0.846250 0.110000 0.115000
0 0.411250 0.312500 0.110000 0.115000
0 0.621875 0.358125 0.083750 0.091250
0 0.307500 0.586875 0.050000 0.058750
0 0.908125 0.063125 0.078750 0.093750
0 0.193125 0.865625 0.106250 0.126250
0 0.925625 0.180000 0.088750 0.105000
0 0.393125 0.074375 0.091250 0.111250
0 0.361250 0.485000 0.095000 0.115000
0 0.914375 0.932500 0.053750 0.065000
0 0.576250 0.072500 0.047500 0.057500
0 0.862500 0.689375 0.087500 0.071250
0 0.286250 0.208125 0.077500 0.063750
0 0.561250 0.508125 0.035000 0.051250
0 0.706875 0.560625 0.091250 0.133750
0 0.956250 0.750000 0.040000 0.057500
0 0.549375 0.726875 0.108750 0.108750
0 0.786250 0.270625 0.110000 0.103750
0 0.292500 0.129375 0.065000 0.061250
0 0.162500 0.040625 0.025000 0.023750
0 0.964375 0.895000 0.031250 0.030000
0 0.163750 0.461875 0.105000 0.101250
0 0.488750 0.554375 0.065000 0.078750
0 0.144375 0.711875 0.091250 0.091250
0 0.943750 0.656250 0.040000 0.040000
0 0.874375 0.484375 0.036250 0.036250
0 0.469375 0.088125 0.036250 0.036250
0 0.416250 0.629375 0.032500 0.031250
0 0.053750 0.566250 0.080000 0.080000
0 0.525000 0.188750 0.105000 0.105000
0 0.198125 0.188125 0.063750 0.063750
0 0.436875 0.760625 0.081250 0.081250
0 0.775625 0.665625 0.046250 0.058750
0 0.648125 0.103750 0.063750 0.082500
0 0.726250 0.098750 0.042500 0.042500
0 0.303125 0.351875 0.091250 0.086250
0 0.721875 0.471250 0.046250 0.030000
0 0.057500 0.802500 0.087500 0.057500
0 0.557500 0.922500 0.085000 0.055000
0 0.090625 0.345625 0.096250 0.096250
0 0.053125 0.921875 0.068750 0.068750
0 0.126250 0.053750 0.032500 0.032500
0 0.040000 0.501250 0.037500 0.032500
0 0.303125 0.059375 0.073750 0.063750
0 0.806250 0.144375 0.100000 0.086250
0 0.050000 0.037500 0.047500 0.047500
0 0.561250 0.622500 0.065000 0.062500
0 0.278750 0.274375 0.030000 0.028750
0 0.115625 0.239375 0.056250 0.056250
0 0.479375 0.413125 0.066250 0.066250
0 0.556250 0.332500 0.032500 0.032500
0 0.779375 0.935625 0.076250 0.076250
0 0.075625 0.636875 0.043750 0.043750
0 0.388750 0.182500 0.055000 0.055000
0 0.808125 0.491875 0.028750 0.028750
0 0.265000 0.435625 0.060000 0.058750