0 0.127500 0.400000 0.025000 0.020000
0 0.248750 0.376875 0.090000 0.071250
0 0.679375 0.898750 0.108750 0.102500
0 0.573750 0.780000 0.100000 0.100000
0 0.899375 0.728125 0.088750 0.088750
0 0.365000 0.410000 0.027500 0.052500
0 0.466875 0.650000 0.071250 0.055000
0 0.062500 0.931250 0.067500 0.052500
0 0.929375 0.496250 0.103750 0.080000
0 0.773125 0.130625 0.096250 0.073750
0 0.663125 0.158125 0.093750 0.093750
0 0.248125 0.844375 0.048750 0.048750
0 0.384375 0.289375 0.083750 0.083750
0 0.259375 0.038750 0.028750 0.032500
0 0.575000 0.928125 0.030000 0.033750
0 0.080000 0.820625 0.110000 0.126250
0 0.774375 0.669375 0.038750 0.043750
0 0.543125 0.546875 0.083750 0.101250
0 0.839375 0.051875 0.063750 0.063750
0 0.244375 0.254375 0.078750 0.078750
0 0.432500 0.881250 0.107500 0.152500
0 0.646250 0.586875 0.057500 0.081250
0 0.759375 0.340000 0.108750 0.155000
0 0.147500 0.230000 0.052500 0.050000
0 0.503750 0.296875 0.082500 0.078750
0 0.427500 0.556250 0.095000 0.090000
0 0.925625 0.351875 0.058750 0.056250
0 0.626250 0.036875 0.057500 0.043750
0 0.302500 0.527500 0.105000 0.080000
0 0.046875 0.075625 0.038750 0.028750
0 0.478125 0.425625 0.041250 0.033750
0 0.586250 0.283750 0.037500 0.030000
0 0.192500 0.948125 0.065000 0.053750
0 0.558125 0.397500 0.033750 0.037500
0 0.402500 0.072500 0.067500 0.067500
0 0.110625 0.678750 0.026250 0.025000
0 0.360625 0.172500 0.071250 0.070000
0 0.805625 0.586250 0.038750 0.037500
0 0.530625 0.111250 0.101250 0.100000
0 0.683125 0.743125 0.093750 0.083750
0 0.826875 0.670000 0.031250 0.027500
0 0.273125 0.920625 0.038750 0.038750
0 0.618750 0.365625 0.030000 0.036250
0 0.802500 0.856250 0.110000 0.132500
0 0.290625 0.695000 0.098750 0.100000
0 0.895000 0.201875 0.075000 0.076250
0 0.105625 0.462500 0.106250 0.087500
0 0.470000 0.753125 0.030000 0.023750
0 0.090625 0.555625 0.073750 0.073750
0 0.210000 0.781250 0.032500 0.032500
0 0.401875 0.726875 0.078750 0.078750
0 0.295000 0.162500 0.037500 0.037500
0 0.151250 0.311875 0.085000 0.081250
0 0.741875 0.508125 0.066250 0.076250
0 0.821875 0.210625 0.048750 0.048750
0 0.168750 0.154375 0.072500 0.068750
0 0.177500 0.629375 0.042500 0.036250
0 0.906250 0.890000 0.082500 0.082500
0 0.912500 0.065000 0.067500 0.067500
0 0.551875 0.645625 0.031250 0.031250
0 0.191875 0.061875 0.063750 0.063750
0 0.590625 0.885625 0.031250 0.031250