0 0.639375 0.256875 0.071250 0.083750
0 0.405625 0.667500 0.086250 0.102500
0 0.813750 0.145000 0.032500 0.037500
0 0.800625 0.246250 0.063750 0.075000
0 0.760625 0.356875 0.093750 0.093750
0 0.396250 0.197500 0.050000 0.050000
0 0.101250 0.838750 0.040000 0.040000
0 0.361875 0.411875 0.066250 0.066250
0 0.866875 0.746875 0.026250 0.023750
0 0.277500 0.353125 0.027500 0.023750
0 0.894375 0.063750 0.031250 0.027500
0 0.805625 0.928125 0.071250 0.071250
0 0.626875 0.858125 0.053750 0.046250
0 0.820000 0.843750 0.067500 0.067500
0 0.935625 0.340000 0.096250 0.100000
0 0.102500 0.083125 0.090000 0.093750
0 0.948125 0.659375 0.061250 0.048750
0 0.261875 0.459375 0.031250 0.031250
0 0.743750 0.527500 0.097500 0.095000
0 0.638750 0.100625 0.037500 0.036250
0 0.524375 0.165625 0.093750 0.091250
0 0.402500 0.900000 0.057500 0.055000
0 0.553750 0.543750 0.087500 0.087500
0 0.576875 0.793125 0.026250 0.026250
0 0.209375 0.055625 0.036250 0.036250
0 0.078125 0.301875 0.058750 0.063750
0 0.622500 0.362500 0.100000 0.100000
0 0.921250 0.533750 0.092500 0.092500
0 0.185000 0.313750 0.102500 0.102500
0 0.529375 0.879375 0.108750 0.108750
0 0.472500 0.567500 0.027500 0.032500
0 0.174375 0.712500 0.066250 0.080000
0 0.143125 0.501250 0.081250 0.097500
0 0.755625 0.686250 0.068750 0.082500
0 0.411875 0.111875 0.073750 0.073750
0 0.492500 0.403750 0.107500 0.107500
0 0.707500 0.106250 0.065000 0.065000
0 0.221250 0.143125 0.082500 0.078750
0 0.601250 0.653750 0.052500 0.052500
0 0.598750 0.752500 0.030000 0.025000
0 0.076250 0.745000 0.075000 0.075000
0 0.716875 0.909375 0.073750 0.073750
0 0.524375 0.696875 0.031250 0.031250
0 0.335625 0.093750 0.058750 0.082500
0 0.048750 0.908125 0.055000 0.066250
0 0.239375 0.915625 0.081250 0.098750
0 0.945000 0.748125 0.080000 0.096250
0 0.785000 0.076250 0.060000 0.072500
0 0.675000 0.742500 0.027500 0.027500
0 0.051250 0.419375 0.072500 0.071250
0 0.224375 0.586250 0.056250 0.052500
0 0.746875 0.841250 0.043750 0.040000
0 0.111250 0.231250 0.037500 0.035000
0 0.151875 0.931875 0.073750 0.068750
0 0.285000 0.783750 0.067500 0.067500
0 0.207500 0.831250 0.027500 0.027500
0 0.373750 0.313750 0.102500 0.102500
0 0.920000 0.144375 0.112500 0.083750
0 0.305000 0.707500 0.040000 0.030000
0 0.341250 0.533125 0.092500 0.068750
0 0.679375 0.666875 0.056250 0.056250
0 0.465625 0.295625 0.036250 0.036250
0 0.406250 0.820000 0.087500 0.087500