0 0.209375 0.490000 0.053750 0.052500
0 0.350625 0.450625 0.053750 0.053750
0 0.354375 0.706875 0.096250 0.096250
0 0.142500 0.610000 0.035000 0.037500
0 0.332500 0.245625 0.052500 0.056250
0 0.116875 0.077500 0.103750 0.112500
0 0.728750 0.399375 0.082500 0.088750
0 0.371875 0.078125 0.031250 0.031250
0 0.518750 0.451250 0.107500 0.107500
0 0.716875 0.493125 0.063750 0.063750
0 0.088125 0.236875 0.088750 0.088750
0 0.538750 0.760000 0.030000 0.020000
0 0.850000 0.699375 0.090000 0.118750
0 0.915625 0.314375 0.108750 0.143750
0 0.563125 0.190625 0.098750 0.098750
0 0.210000 0.366250 0.032500 0.032500
0 0.043750 0.572500 0.060000 0.057500
0 0.558750 0.341250 0.062500 0.060000
0 0.700000 0.763750 0.072500 0.070000
0 0.265000 0.108750 0.100000 0.090000
0 0.770625 0.305000 0.086250 0.077500
0 0.080000 0.788125 0.082500 0.073750
0 0.905000 0.128125 0.100000 0.098750
0 0.643125 0.672500 0.048750 0.047500
0 0.198750 0.214375 0.092500 0.091250
0 0.103750 0.500625 0.065000 0.063750
0 0.308750 0.841250 0.030000 0.030000
0 0.918125 0.894375 0.083750 0.076250
0 0.820000 0.567500 0.107500 0.107500
0 0.107500 0.401875 0.067500 0.068750
0 0.385625 0.353125 0.096250 0.093750
0 0.950625 0.635625 0.026250 0.026250
0 0.475000 0.884375 0.085000 0.161250
0 0.651250 0.903750 0.100000 0.100000
0 0.818750 0.471250 0.055000 0.055000
0 0.266875 0.899375 0.063750 0.066250
0 0.348125 0.916250 0.068750 0.075000
0 0.094375 0.700625 0.028750 0.031250
0 0.784375 0.201250 0.071250 0.077500
0 0.698750 0.088125 0.067500 0.073750
0 0.618750 0.463750 0.065000 0.072500
0 0.445000 0.100000 0.092500 0.090000
0 0.191250 0.420625 0.025000 0.023750
0 0.203125 0.736875 0.038750 0.046250
0 0.630000 0.053750 0.027500 0.032500