0 0.603125 0.652500 0.031250 0.030000
0 0.310625 0.858750 0.028750 0.027500
0 0.605625 0.854375 0.088750 0.086250
0 0.853125 0.129375 0.076250 0.073750
0 0.056250 0.133125 0.060000 0.051250
0 0.690000 0.136250 0.092500 0.105000
0 0.801875 0.224375 0.061250 0.068750
0 0.572500 0.377500 0.057500 0.065000
0 0.230625 0.232500 0.081250 0.072500
0 0.696875 0.574375 0.036250 0.031250
0 0.375000 0.239375 0.072500 0.066250
0 0.485625 0.375625 0.063750 0.063750
0 0.756250 0.500000 0.030000 0.030000
0 0.950000 0.875000 0.070000 0.075000
0 0.183125 0.878125 0.101250 0.153750
0 0.512500 0.915000 0.037500 0.037500
0 0.418750 0.625000 0.095000 0.095000
0 0.370000 0.861250 0.050000 0.050000
0 0.396875 0.064375 0.068750 0.068750
0 0.273125 0.541875 0.088750 0.088750
0 0.249375 0.081875 0.046250 0.046250
0 0.166250 0.396250 0.032500 0.045000
0 0.360000 0.511250 0.037500 0.052500
0 0.541875 0.200625 0.066250 0.063750
0 0.780625 0.923125 0.063750 0.061250
0 0.780625 0.384375 0.088750 0.088750
0 0.853125 0.509375 0.036250 0.043750
0 0.938750 0.537500 0.095000 0.115000
0 0.653125 0.771875 0.058750 0.058750
0 0.105625 0.193125 0.033750 0.033750
0 0.667500 0.513750 0.047500 0.047500
0 0.338750 0.742500 0.110000 0.110000
0 0.761875 0.811875 0.091250 0.091250
0 0.327500 0.428750 0.050000 0.050000
0 0.485000 0.521250 0.095000 0.095000
0 0.946875 0.765625 0.046250 0.046250
0 0.068125 0.398125 0.108750 0.108750
0 0.946875 0.091875 0.063750 0.063750
0 0.042500 0.742500 0.040000 0.040000
0 0.911250 0.381250 0.077500 0.077500
0 0.833125 0.594375 0.096250 0.098750
0 0.131875 0.640625 0.093750 0.093750
0 0.663750 0.291250 0.090000 0.090000
0 0.443125 0.881875 0.056250 0.051250
0 0.538750 0.290625 0.085000 0.078750
0 0.185625 0.308125 0.068750 0.063750
0 0.456250 0.778125 0.100000 0.086250
0 0.382500 0.352500 0.087500 0.087500
0 0.094375 0.030625 0.036250 0.036250
0 0.043750 0.230000 0.062500 0.062500
0 0.691875 0.661875 0.093750 0.093750
0 0.144375 0.525625 0.093750 0.093750
0 0.053125 0.819375 0.063750 0.063750
0 0.873750 0.850000 0.050000 0.050000
0 0.560625 0.730625 0.081250 0.081250
0 0.314375 0.621875 0.036250 0.036250
0 0.444375 0.161875 0.031250 0.033750
0 0.577500 0.507500 0.070000 0.092500
0 0.694375 0.384375 0.041250 0.053750
0 0.938750 0.663750 0.097500 0.097500
0 0.065000 0.935625 0.070000 0.076250
0 0.550000 0.083750 0.047500 0.047500
0 0.248125 0.635625 0.071250 0.071250
0 0.233125 0.430000 0.078750 0.052500
0 0.216875 0.025000 0.038750 0.025000
0 0.265000 0.910625 0.030000 0.041250
0 0.855625 0.770625 0.066250 0.091250
0 0.785625 0.682500 0.038750 0.052500
0 0.955625 0.193750 0.046250 0.045000
0 0.791875 0.055000 0.053750 0.052500
0 0.132500 0.744375 0.080000 0.078750
0 0.890000 0.252500 0.067500 0.067500
0 0.268750 0.321250 0.082500 0.082500
0 0.110000 0.272500 0.047500 0.047500
0 0.179375 0.110625 0.058750 0.058750
0 0.230000 0.732500 0.067500 0.067500
0 0.306250 0.155000 0.047500 0.047500
0 0.527500 0.631250 0.030000 0.030000
0 0.866250 0.948750 0.052500 0.052500
0 0.747500 0.298125 0.062500 0.061250
0 0.401250 0.159375 0.037500 0.031250
0 0.493125 0.091250 0.051250 0.042500
0 0.326875 0.059375 0.041250 0.041250
0 0.673125 0.938125 0.041250 0.041250