0 0.432500 0.523750 0.060000 0.060000
0 0.726875 0.795625 0.078750 0.078750
0 0.795625 0.700625 0.078750 0.078750
0 0.195000 0.136250 0.042500 0.042500
0 0.546250 0.421250 0.027500 0.027500
0 0.390000 0.803750 0.025000 0.025000
0 0.843750 0.560000 0.025000 0.025000
0 0.110625 0.924375 0.076250 0.076250
0 0.182500 0.420000 0.035000 0.035000
0 0.261250 0.067500 0.077500 0.077500
0 0.250625 0.860625 0.041250 0.041250
0 0.590625 0.215625 0.061250 0.066250
0 0.581875 0.592500 0.043750 0.047500
0 0.410000 0.745000 0.040000 0.040000
0 0.190625 0.588125 0.058750 0.073750
0 0.851250 0.330625 0.085000 0.106250
0 0.438750 0.193750 0.107500 0.135000
0 0.814375 0.450625 0.031250 0.038750
0 0.135000 0.508750 0.050000 0.040000
0 0.427500 0.440000 0.062500 0.062500
0 0.912500 0.795000 0.112500 0.112500
0 0.373750 0.916250 0.102500 0.097500
0 0.260625 0.410625 0.098750 0.081250
0 0.116250 0.086250 0.040000 0.032500
0 0.805000 0.548125 0.035000 0.028750
0 0.547500 0.500625 0.107500 0.088750
0 0.421250 0.340000 0.087500 0.087500
0 0.855625 0.194375 0.053750 0.053750
0 0.936875 0.478125 0.071250 0.071250
0 0.348750 0.680625 0.052500 0.063750
0 0.506875 0.895625 0.093750 0.113750
0 0.305625 0.190000 0.086250 0.105000
0 0.493125 0.679375 0.098750 0.098750
0 0.110625 0.155625 0.028750 0.028750
0 0.704375 0.060625 0.043750 0.043750
0 0.528125 0.118125 0.051250 0.051250
0 0.093750 0.755000 0.075000 0.072500
0 0.714375 0.270625 0.048750 0.051250
0 0.925000 0.608750 0.112500 0.120000
0 0.938750 0.102500 0.085000 0.090000
0 0.177500 0.038750 0.035000 0.037500
0 0.068125 0.680000 0.051250 0.042500
0 0.938125 0.908125 0.043750 0.036250
0 0.203750 0.295000 0.102500 0.085000
0 0.945625 0.398125 0.043750 0.043750
0 0.726875 0.450625 0.101250 0.101250
0 0.064375 0.336875 0.058750 0.058750
0 0.055625 0.490625 0.076250 0.076250
0 0.282500 0.582500 0.110000 0.110000
0 0.624375 0.116875 0.091250 0.091250
0 0.923750 0.230000 0.067500 0.067500
0 0.580000 0.351250 0.097500 0.097500
0 0.226250 0.719375 0.112500 0.108750
0 0.331250 0.419375 0.025000 0.023750
0 0.753125 0.906875 0.071250 0.068750
0 0.703125 0.583125 0.088750 0.086250
0 0.749375 0.145625 0.111250 0.111250
0 0.261250 0.927500 0.057500 0.065000
0 0.651250 0.703125 0.077500 0.078750
0 0.641875 0.891875 0.088750 0.091250
0 0.142500 0.858750 0.035000 0.035000
0 0.051875 0.150625 0.073750 0.073750
0 0.251250 0.497500 0.032500 0.032500
0 0.807500 0.042500 0.047500 0.057500
0 0.845625 0.115625 0.038750 0.046250
0 0.800625 0.773125 0.046250 0.046250
0 0.414375 0.065625 0.061250 0.061250
0 0.425625 0.591250 0.031250 0.035000
0 0.472500 0.775000 0.067500 0.075000
0 0.493125 0.331875 0.028750 0.031250
0 0.106875 0.240000 0.058750 0.065000
0 0.801250 0.506250 0.032500 0.032500
0 0.673125 0.349375 0.058750 0.058750
0 0.958750 0.288750 0.035000 0.035000
0 0.650000 0.811250 0.055000 0.055000
0 0.857500 0.897500 0.097500 0.072500
0 0.785625 0.616250 0.053750 0.062500
0 0.314375 0.794375 0.041250 0.041250
0 0.186250 0.203750 0.077500 0.077500
0 0.076250 0.842500 0.047500 0.047500
0 0.343750 0.078750 0.055000 0.055000
0 0.864375 0.511875 0.046250 0.046250
0 0.084375 0.615625 0.043750 0.043750
0 0.753125 0.360625 0.056250 0.056250
0 0.413125 0.665625 0.033750 0.033750
0 0.662500 0.273750 0.027500 0.027500
0 0.042500 0.570000 0.025000 0.025000
0 0.326875 0.491875 0.033750 0.041250
0 0.828750 0.830625 0.030000 0.038750
0 0.626875 0.457500 0.031250 0.040000
0 0.071250 0.413750 0.030000 0.030000
0 0.118125 0.403750 0.041250 0.060000
0 0.281875 0.288125 0.033750 0.048750