0 0.417500 0.295000 0.065000 0.065000
0 0.765000 0.125000 0.025000 0.025000
0 0.908750 0.678750 0.092500 0.092500
0 0.687500 0.736250 0.077500 0.077500
0 0.559375 0.703125 0.081250 0.081250
0 0.183750 0.487500 0.087500 0.087500
0 0.314375 0.120625 0.076250 0.076250
0 0.532500 0.495000 0.042500 0.042500
0 0.912500 0.571875 0.072500 0.076250
0 0.605000 0.108750 0.077500 0.077500
0 0.810625 0.494375 0.041250 0.041250
0 0.501250 0.618750 0.060000 0.060000
0 0.206875 0.698125 0.063750 0.063750
0 0.527500 0.878750 0.057500 0.057500
0 0.103125 0.946875 0.046250 0.046250
0 0.640000 0.607500 0.025000 0.025000
0 0.938750 0.415625 0.072500 0.068750
0 0.378125 0.606875 0.046250 0.043750
0 0.858750 0.933750 0.040000 0.037500
0 0.713125 0.900625 0.078750 0.078750
0 0.064375 0.215625 0.096250 0.096250
0 0.910000 0.174375 0.050000 0.056250
0 0.696250 0.175625 0.090000 0.101250
0 0.862500 0.302500 0.065000 0.072500
0 0.151250 0.104375 0.085000 0.078750
0 0.083125 0.473125 0.046250 0.046250
0 0.338125 0.050625 0.033750 0.033750
0 0.519375 0.804375 0.068750 0.068750
0 0.091250 0.377500 0.065000 0.072500
0 0.334375 0.911875 0.041250 0.041250
0 0.037500 0.715625 0.027500 0.026250
0 0.060625 0.111875 0.061250 0.061250
0 0.588125 0.346875 0.061250 0.116250
0 0.796875 0.216250 0.046250 0.087500
0 0.270000 0.802500 0.050000 0.095000
0 0.126875 0.666875 0.061250 0.116250
0 0.927500 0.087500 0.047500 0.037500
0 0.743125 0.459375 0.038750 0.031250
0 0.757500 0.570000 0.065000 0.052500
0 0.845000 0.070000 0.102500 0.082500
0 0.500625 0.256875 0.086250 0.088750
0 0.469375 0.128750 0.111250 0.115000
0 0.415000 0.870000 0.082500 0.085000
0 0.708125 0.289375 0.058750 0.058750
0 0.859375 0.860625 0.061250 0.056250
0 0.713750 0.808125 0.052500 0.051250
0 0.383750 0.503125 0.112500 0.111250
0 0.206250 0.890625 0.045000 0.043750
0 0.661250 0.473125 0.070000 0.068750
0 0.573750 0.592500 0.045000 0.045000
0 0.243750 0.154375 0.047500 0.041250
0 0.223750 0.249375 0.097500 0.086250
0 0.507500 0.349375 0.075000 0.066250
0 0.407500 0.766250 0.062500 0.062500
0 0.243125 0.593125 0.106250 0.106250
0 0.833750 0.573750 0.045000 0.045000
0 0.768750 0.742500 0.050000 0.050000
0 0.698125 0.101875 0.026250 0.026250