0 0.260625 0.206250 0.043750 0.042500
0 0.785000 0.235000 0.042500 0.042500
0 0.233750 0.650000 0.110000 0.110000
0 0.633750 0.191250 0.085000 0.085000
0 0.488125 0.208125 0.098750 0.098750
0 0.529375 0.305000 0.048750 0.057500
0 0.384375 0.547500 0.091250 0.107500
0 0.828125 0.590625 0.056250 0.066250
0 0.532500 0.600000 0.057500 0.067500
0 0.126875 0.640000 0.073750 0.067500
0 0.747500 0.353125 0.112500 0.103750
0 0.224375 0.760000 0.068750 0.062500
0 0.806875 0.854375 0.088750 0.086250
0 0.089375 0.830625 0.071250 0.068750
0 0.689375 0.778750 0.043750 0.042500
0 0.574375 0.660000 0.028750 0.027500
0 0.090000 0.386250 0.105000 0.122500
0 0.866250 0.723125 0.070000 0.081250
0 0.492500 0.801875 0.100000 0.116250
0 0.168750 0.205000 0.110000 0.127500
0 0.905625 0.883125 0.093750 0.093750
0 0.284375 0.100625 0.083750 0.083750
0 0.633750 0.333750 0.027500 0.027500
0 0.848125 0.070625 0.088750 0.088750
0 0.179375 0.499375 0.033750 0.033750
0 0.291875 0.357500 0.043750 0.047500
0 0.438750 0.924375 0.072500 0.078750
0 0.876875 0.194375 0.053750 0.058750
0 0.164375 0.893750 0.046250 0.047500
0 0.538125 0.102500 0.081250 0.085000
0 0.410000 0.296875 0.032500 0.033750
0 0.367500 0.761250 0.112500 0.112500
0 0.720000 0.527500 0.107500 0.152500
0 0.892500 0.471250 0.042500 0.060000
0 0.601875 0.468750 0.098750 0.107500
0 0.885625 0.601250 0.031250 0.027500
0 0.267500 0.266250 0.042500 0.042500
0 0.953125 0.475625 0.043750 0.043750
0 0.449375 0.376250 0.088750 0.062500
0 0.165000 0.795000 0.032500 0.022500
0 0.324375 0.680000 0.028750 0.020000
0 0.420000 0.103125 0.107500 0.076250
0 0.795000 0.736875 0.040000 0.041250
0 0.264375 0.508125 0.051250 0.053750
0 0.763750 0.065000 0.042500 0.045000
0 0.750625 0.646250 0.063750 0.067500
0 0.861875 0.335625 0.071250 0.068750
0 0.631250 0.711250 0.070000 0.067500
0 0.316250 0.421250 0.050000 0.050000
0 0.203750 0.347500 0.102500 0.102500
0 0.671250 0.908750 0.047500 0.047500
0 0.351250 0.196250 0.092500 0.092500
0 0.065625 0.066875 0.068750 0.068750
0 0.967500 0.182500 0.040000 0.040000
0 0.804375 0.781875 0.031250 0.031250
0 0.405625 0.464375 0.031250 0.031250
0 0.153750 0.111250 0.032500 0.032500
0 0.893750 0.648125 0.055000 0.051250
0 0.074375 0.503125 0.106250 0.081250
0 0.605625 0.270625 0.063750 0.048750
0 0.647500 0.046250 0.052500 0.052500
0 0.036875 0.605625 0.036250 0.036250
0 0.287500 0.923750 0.102500 0.102500
0 0.482500 0.501250 0.052500 0.052500