0 0.603125 0.051875 0.063750 0.063750
0 0.190000 0.876250 0.047500 0.047500
0 0.231875 0.283125 0.081250 0.081250
0 0.655000 0.247500 0.110000 0.110000
0 0.070625 0.383125 0.066250 0.066250
0 0.828125 0.844375 0.046250 0.046250
0 0.678750 0.424375 0.037500 0.026250
0 0.203750 0.160000 0.097500 0.070000
0 0.186250 0.050000 0.062500 0.062500
0 0.600000 0.557500 0.077500 0.077500
0 0.781250 0.676250 0.077500 0.077500
0 0.317500 0.838750 0.112500 0.112500
0 0.448750 0.382500 0.082500 0.082500
0 0.934375 0.612500 0.048750 0.042500
0 0.155000 0.555625 0.027500 0.023750
0 0.463750 0.857500 0.097500 0.097500
0 0.934375 0.180625 0.088750 0.088750
0 0.930000 0.762500 0.052500 0.052500
0 0.120625 0.493125 0.083750 0.083750
0 0.150625 0.737500 0.078750 0.075000
0 0.384375 0.235000 0.078750 0.075000
0 0.711875 0.889375 0.071250 0.068750
0 0.241250 0.497500 0.070000 0.070000
0 0.946250 0.937500 0.060000 0.060000
0 0.218750 0.402500 0.042500 0.042500
0 0.578125 0.735625 0.046250 0.041250
0 0.871250 0.296250 0.100000 0.090000
0 0.523125 0.036875 0.043750 0.038750
0 0.539375 0.209375 0.071250 0.071250
0 0.298750 0.058750 0.085000 0.085000
0 0.682500 0.062500 0.077500 0.077500
0 0.130625 0.635625 0.083750 0.083750
0 0.904375 0.513125 0.106250 0.106250
0 0.860000 0.408750 0.087500 0.087500
0 0.332500 0.523750 0.045000 0.045000
0 0.475000 0.643750 0.052500 0.052500
0 0.448125 0.733125 0.098750 0.088750
0 0.426875 0.148750 0.081250 0.080000
0 0.573750 0.840625 0.057500 0.056250
0 0.108750 0.101250 0.045000 0.045000
0 0.332500 0.346250 0.085000 0.085000
0 0.768125 0.463750 0.068750 0.065000
0 0.566250 0.372500 0.105000 0.105000
0 0.429375 0.474375 0.083750 0.083750
0 0.346250 0.625625 0.080000 0.073750
0 0.789375 0.071875 0.058750 0.053750
0 0.095000 0.925000 0.075000 0.075000
0 0.824375 0.546250 0.033750 0.047500
0 0.443125 0.055625 0.053750 0.053750
0 0.586250 0.125000 0.055000 0.055000
0 0.709375 0.770625 0.036250 0.036250
0 0.042500 0.621250 0.027500 0.027500