0 0.214375 0.893125 0.043750 0.061250
0 0.852500 0.636250 0.100000 0.100000
0 0.156250 0.557500 0.105000 0.105000
0 0.863125 0.059375 0.083750 0.083750
0 0.499375 0.548125 0.031250 0.031250
0 0.694375 0.383125 0.041250 0.041250
0 0.307500 0.060000 0.027500 0.027500
0 0.405625 0.584375 0.063750 0.063750
0 0.696250 0.476250 0.025000 0.025000
0 0.205625 0.270625 0.053750 0.053750
0 0.270000 0.782500 0.095000 0.095000
0 0.669375 0.563125 0.098750 0.098750
0 0.111250 0.681875 0.047500 0.043750
0 0.573125 0.226875 0.068750 0.118750
0 0.866875 0.221250 0.098750 0.170000
0 0.541875 0.077500 0.046250 0.080000
0 0.848125 0.808750 0.111250 0.192500
0 0.085000 0.240625 0.090000 0.106250
0 0.707500 0.751250 0.065000 0.065000
0 0.561250 0.387500 0.050000 0.050000
0 0.288125 0.358125 0.078750 0.078750
0 0.184375 0.430625 0.098750 0.098750
0 0.103750 0.933750 0.047500 0.047500
0 0.421250 0.768750 0.082500 0.082500
0 0.582500 0.725000 0.110000 0.110000
0 0.649375 0.831875 0.073750 0.073750
0 0.945000 0.457500 0.050000 0.050000
0 0.380625 0.300000 0.088750 0.082500
0 0.291875 0.893750 0.043750 0.040000
0 0.750000 0.142500 0.110000 0.102500
0 0.478125 0.891875 0.098750 0.091250
0 0.298750 0.476250 0.057500 0.057500
0 0.232500 0.681250 0.052500 0.052500
0 0.434375 0.389375 0.036250 0.036250
0 0.760625 0.043750 0.036250 0.060000
0 0.815625 0.497500 0.058750 0.097500
0 0.085625 0.086875 0.083750 0.138750
0 0.050000 0.371250 0.042500 0.070000
0 0.312500 0.123750 0.060000 0.060000
0 0.440000 0.041250 0.055000 0.055000
0 0.763750 0.236250 0.035000 0.035000
0 0.711250 0.665000 0.082500 0.082500
0 0.730000 0.308750 0.060000 0.060000
0 0.074375 0.855000 0.063750 0.055000
0 0.393750 0.434375 0.027500 0.023750
0 0.709375 0.934375 0.091250 0.078750
0 0.415000 0.176250 0.095000 0.085000
0 0.499375 0.213125 0.048750 0.066250
0 0.373125 0.909375 0.093750 0.128750
0 0.950000 0.754375 0.065000 0.088750
0 0.171875 0.118125 0.063750 0.063750
0 0.948750 0.875625 0.072500 0.071250