0 0.785000 0.767500 0.065000 0.065000
0 0.663125 0.443750 0.111250 0.120000
0 0.266875 0.866250 0.093750 0.072500
0 0.385000 0.422500 0.040000 0.030000
0 0.842500 0.400625 0.090000 0.068750
0 0.796875 0.050625 0.033750 0.033750
0 0.921875 0.143125 0.081250 0.081250
0 0.702500 0.246250 0.092500 0.092500
0 0.935000 0.581250 0.055000 0.055000
0 0.252500 0.655000 0.072500 0.072500
0 0.117500 0.673750 0.072500 0.072500
0 0.207500 0.297500 0.110000 0.097500
0 0.481875 0.431250 0.101250 0.100000
0 0.158125 0.530000 0.043750 0.042500
0 0.565625 0.111875 0.108750 0.108750
0 0.056875 0.319375 0.066250 0.066250
0 0.898125 0.676875 0.091250 0.091250
0 0.349375 0.829375 0.046250 0.046250
0 0.481875 0.795000 0.076250 0.080000
0 0.607500 0.782500 0.047500 0.050000
0 0.694375 0.914375 0.046250 0.046250
0 0.477500 0.856250 0.027500 0.027500
0 0.448750 0.292500 0.085000 0.085000
0 0.651250 0.612500 0.037500 0.037500
0 0.331250 0.081250 0.077500 0.077500
0 0.235000 0.496250 0.042500 0.042500
0 0.078750 0.447500 0.077500 0.077500
0 0.393750 0.531250 0.057500 0.057500
0 0.182500 0.378125 0.027500 0.023750
0 0.925625 0.240000 0.101250 0.090000
0 0.081250 0.870625 0.110000 0.113750
0 0.061875 0.193125 0.041250 0.041250
0 0.550625 0.314375 0.086250 0.086250
0 0.458750 0.182500 0.072500 0.072500
0 0.515000 0.587500 0.062500 0.062500
0 0.199375 0.116875 0.038750 0.038750
0 0.764375 0.653125 0.061250 0.061250
0 0.329375 0.743125 0.078750 0.078750
0 0.806875 0.861875 0.103750 0.103750
0 0.794375 0.141250 0.076250 0.077500
0 0.573750 0.690625 0.062500 0.063750
0 0.085625 0.248750 0.053750 0.055000
0 0.349375 0.358750 0.073750 0.075000
0 0.948750 0.488750 0.055000 0.055000
0 0.800625 0.560625 0.091250 0.091250
0 0.205625 0.944375 0.026250 0.026250
0 0.212500 0.192500 0.077500 0.077500
0 0.596250 0.232500 0.057500 0.057500
0 0.569375 0.849375 0.061250 0.061250
0 0.958125 0.885625 0.026250 0.026250
0 0.221250 0.565625 0.055000 0.053750
0 0.892500 0.838750 0.027500 0.027500
0 0.434375 0.096875 0.058750 0.058750
0 0.586250 0.626250 0.035000 0.035000
0 0.685000 0.816250 0.027500 0.020000
0 0.309375 0.573750 0.096250 0.070000
0 0.231250 0.800000 0.045000 0.032500