0 0.305000 0.683125 0.080000 0.093750
0 0.154375 0.445625 0.101250 0.101250
0 0.459375 0.548125 0.098750 0.098750
0 0.957500 0.933750 0.040000 0.040000
0 0.466875 0.655000 0.041250 0.040000
0 0.062500 0.900000 0.060000 0.060000
0 0.593125 0.310625 0.108750 0.108750
0 0.319375 0.483125 0.063750 0.063750
0 0.382500 0.307500 0.030000 0.030000
0 0.193750 0.637500 0.030000 0.030000
0 0.129375 0.575625 0.056250 0.056250
0 0.259375 0.043125 0.031250 0.031250
0 0.541875 0.813125 0.058750 0.043750
0 0.711875 0.833125 0.091250 0.091250
0 0.517500 0.463750 0.032500 0.032500
0 0.905000 0.200000 0.077500 0.077500
0 0.342500 0.765000 0.040000 0.040000
0 0.214375 0.799375 0.026250 0.026250
0 0.458750 0.136250 0.027500 0.027500
0 0.233750 0.233750 0.085000 0.085000
0 0.473125 0.886875 0.051250 0.061250
0 0.753750 0.701250 0.047500 0.057500
0 0.545000 0.156875 0.112500 0.131250
0 0.860625 0.361250 0.101250 0.117500
0 0.707500 0.479375 0.082500 0.096250
0 0.376875 0.077500 0.083750 0.097500
0 0.631875 0.889375 0.028750 0.033750
0 0.658125 0.944375 0.056250 0.053750
0 0.650000 0.678750 0.107500 0.107500
0 0.111875 0.299375 0.101250 0.083750
0 0.574375 0.523750 0.063750 0.052500
0 0.765625 0.603125 0.081250 0.091250
0 0.098125 0.062500 0.076250 0.085000
0 0.957500 0.496250 0.057500 0.065000
0 0.396875 0.223125 0.078750 0.081250
0 0.925000 0.826250 0.110000 0.105000
0 0.674375 0.406875 0.028750 0.028750
0 0.746875 0.198125 0.103750 0.103750
0 0.918125 0.120625 0.031250 0.031250
0 0.197500 0.888750 0.102500 0.102500
0 0.316250 0.831875 0.052500 0.053750
0 0.389375 0.451250 0.061250 0.062500
0 0.575625 0.426250 0.038750 0.037500
0 0.286875 0.386875 0.101250 0.098750
0 0.951875 0.699375 0.066250 0.063750
0 0.831250 0.488750 0.107500 0.080000
0 0.845000 0.712500 0.080000 0.067500
0 0.772500 0.331250 0.027500 0.022500
0 0.856250 0.056250 0.032500 0.032500
0 0.440625 0.358125 0.051250 0.051250
0 0.563125 0.923125 0.091250 0.091250
0 0.905000 0.596875 0.072500 0.073750
0 0.326875 0.175625 0.046250 0.046250
0 0.151875 0.710625 0.081250 0.098750
0 0.280625 0.563750 0.063750 0.077500
0 0.447500 0.752500 0.070000 0.085000