0 0.930625 0.346875 0.028750 0.028750
0 0.577500 0.872500 0.080000 0.080000
0 0.309375 0.173125 0.083750 0.083750
0 0.478750 0.206875 0.040000 0.036250
0 0.588750 0.105625 0.057500 0.068750
0 0.530000 0.535000 0.102500 0.122500
0 0.356875 0.569375 0.026250 0.031250
0 0.178125 0.061875 0.068750 0.068750
0 0.570000 0.281250 0.082500 0.082500
0 0.103125 0.351250 0.056250 0.052500
0 0.610625 0.358750 0.026250 0.027500
0 0.713125 0.241250 0.043750 0.057500
0 0.841875 0.819375 0.033750 0.026250
0 0.328750 0.785625 0.100000 0.101250
0 0.055000 0.136250 0.085000 0.085000
0 0.419375 0.149375 0.031250 0.031250
0 0.215000 0.173750 0.040000 0.040000
0 0.060625 0.663125 0.073750 0.073750
0 0.699375 0.621875 0.041250 0.041250
0 0.853750 0.085625 0.032500 0.033750
0 0.196875 0.714375 0.106250 0.113750
0 0.850000 0.415000 0.090000 0.090000
0 0.271250 0.361875 0.030000 0.028750
0 0.502500 0.396875 0.055000 0.053750
0 0.355625 0.445625 0.108750 0.106250
0 0.348125 0.918125 0.106250 0.103750
0 0.960625 0.485625 0.041250 0.041250
0 0.357500 0.660000 0.065000 0.065000
0 0.676250 0.887500 0.037500 0.037500
0 0.485625 0.705625 0.103750 0.103750
0 0.912500 0.837500 0.040000 0.040000
0 0.761250 0.640000 0.055000 0.050000
0 0.578125 0.192500 0.041250 0.037500
0 0.935625 0.566875 0.091250 0.083750
0 0.261250 0.071875 0.080000 0.073750
0 0.084375 0.843750 0.061250 0.055000
0 0.251875 0.273750 0.098750 0.090000
0 0.810000 0.282500 0.082500 0.087500
0 0.123750 0.228125 0.065000 0.076250
0 0.113750 0.058750 0.035000 0.035000
0 0.674375 0.111875 0.086250 0.086250
0 0.826250 0.936250 0.062500 0.062500
0 0.583125 0.628125 0.046250 0.046250
0 0.823125 0.754375 0.038750 0.038750
0 0.886250 0.707500 0.057500 0.057500
0 0.721875 0.750625 0.073750 0.088750
0 0.821250 0.609375 0.032500 0.038750
0 0.150000 0.555000 0.095000 0.115000
0 0.673750 0.484375 0.077500 0.108750
0 0.225000 0.843750 0.087500 0.087500
0 0.384375 0.328125 0.111250 0.111250
0 0.948750 0.927500 0.072500 0.072500
0 0.197500 0.395000 0.052500 0.052500
0 0.617500 0.723750 0.102500 0.102500
0 0.954375 0.396250 0.046250 0.030000
0 0.895000 0.168125 0.107500 0.071250
0 0.925000 0.258750 0.065000 0.042500
0 0.047500 0.231250 0.067500 0.067500
0 0.798125 0.525625 0.111250 0.111250
0 0.460625 0.834375 0.086250 0.086250
0 0.823125 0.681875 0.033750 0.033750
0 0.760000 0.850000 0.090000 0.090000
0 0.278125 0.612500 0.066250 0.075000
0 0.503750 0.148125 0.050000 0.056250
0 0.805625 0.187500 0.031250 0.035000
0 0.928125 0.071875 0.081250 0.081250
0 0.768125 0.061875 0.078750 0.078750
0 0.730625 0.366875 0.046250 0.046250
0 0.087500 0.928750 0.085000 0.085000
0 0.685000 0.305000 0.047500 0.047500
0 0.415000 0.054375 0.067500 0.063750
0 0.665625 0.378750 0.058750 0.055000
0 0.055000 0.427500 0.075000 0.070000
0 0.724375 0.950625 0.036250 0.036250
0 0.448125 0.531875 0.046250 0.046250
0 0.771875 0.141875 0.036250 0.036250
0 0.533750 0.093750 0.030000 0.030000
0 0.216875 0.936250 0.086250 0.065000
0 0.057500 0.604375 0.037500 0.026250
0 0.647500 0.216875 0.055000 0.038750
0 0.575000 0.413125 0.067500 0.063750
0 0.091875 0.753125 0.066250 0.066250
0 0.408750 0.200000 0.047500 0.047500
0 0.237500 0.484375 0.042500 0.043750
0 0.933125 0.771875 0.043750 0.043750