0 0.800000 0.082500 0.095000 0.122500
0 0.893750 0.218750 0.110000 0.107500
0 0.340000 0.911250 0.060000 0.057500
0 0.816875 0.475625 0.083750 0.081250
0 0.604375 0.168125 0.096250 0.076250
0 0.204375 0.109375 0.028750 0.028750
0 0.046250 0.860000 0.030000 0.030000
0 0.777500 0.930000 0.080000 0.080000
0 0.901875 0.375625 0.046250 0.046250
0 0.363125 0.378750 0.056250 0.055000
0 0.911250 0.855625 0.052500 0.051250
0 0.661250 0.380000 0.077500 0.077500
0 0.252500 0.787500 0.102500 0.102500
0 0.445625 0.130625 0.086250 0.086250
0 0.136250 0.557500 0.097500 0.097500
0 0.206250 0.327500 0.100000 0.100000
0 0.501875 0.886875 0.096250 0.096250
0 0.226875 0.948125 0.043750 0.043750
0 0.373750 0.265000 0.062500 0.052500
0 0.278750 0.672500 0.102500 0.102500
0 0.922500 0.738750 0.087500 0.087500
0 0.110000 0.208750 0.110000 0.110000
0 0.756875 0.663125 0.106250 0.106250
0 0.396875 0.560625 0.028750 0.028750
0 0.078750 0.778750 0.102500 0.102500
0 0.642500 0.473750 0.085000 0.085000
0 0.643750 0.603750 0.102500 0.135000
0 0.500625 0.716875 0.046250 0.046250
0 0.778750 0.333125 0.105000 0.126250
0 0.360625 0.820625 0.031250 0.026250
0 0.323125 0.571875 0.033750 0.028750
0 0.637500 0.285625 0.077500 0.066250
0 0.891875 0.562500 0.036250 0.030000
0 0.480000 0.545000 0.052500 0.052500
0 0.689375 0.064375 0.083750 0.083750
0 0.523125 0.341875 0.108750 0.108750
0 0.085625 0.460000 0.053750 0.047500
0 0.471250 0.451250 0.105000 0.092500
0 0.786875 0.204375 0.061250 0.053750
0 0.648125 0.928750 0.096250 0.085000
0 0.732500 0.815000 0.105000 0.105000
0 0.068750 0.688750 0.050000 0.050000
0 0.405625 0.703125 0.073750 0.073750
0 0.957500 0.656250 0.045000 0.045000
0 0.297500 0.371250 0.050000 0.050000
0 0.283750 0.147500 0.102500 0.102500
0 0.136250 0.048750 0.037500 0.037500
0 0.458750 0.637500 0.042500 0.042500
0 0.206875 0.520625 0.026250 0.026250
0 0.934375 0.081875 0.096250 0.096250
0 0.340000 0.487500 0.092500 0.092500
0 0.571250 0.815000 0.030000 0.030000
0 0.207500 0.445000 0.050000 0.050000
0 0.073125 0.361875 0.103750 0.103750
0 0.558125 0.525000 0.043750 0.040000
0 0.548125 0.233125 0.078750 0.038750
0 0.203750 0.881875 0.092500 0.046250
0 0.553125 0.956875 0.028750 0.028750
0 0.792500 0.555000 0.057500 0.057500
0 0.061250 0.062500 0.080000 0.080000
0 0.519375 0.640625 0.061250 0.068750
0 0.936875 0.496875 0.026250 0.028750
0 0.155625 0.659375 0.078750 0.088750
0 0.445625 0.789375 0.061250 0.061250
0 0.830000 0.825625 0.060000 0.061250
0 0.069375 0.926875 0.048750 0.048750
0 0.707500 0.183750 0.030000 0.030000
0 0.905625 0.925625 0.071250 0.071250