0 0.699375 0.316875 0.083750 0.083750
0 0.276875 0.168125 0.051250 0.051250
0 0.719375 0.836875 0.028750 0.028750
0 0.583750 0.385625 0.035000 0.028750
0 0.141875 0.118125 0.066250 0.066250
0 0.060000 0.767500 0.092500 0.092500
0 0.907500 0.541250 0.047500 0.047500
0 0.210625 0.851250 0.026250 0.020000
0 0.310000 0.766250 0.102500 0.102500
0 0.749375 0.249375 0.036250 0.036250
0 0.220000 0.530000 0.062500 0.062500
0 0.112500 0.403750 0.025000 0.025000
0 0.578125 0.149375 0.111250 0.111250
0 0.826250 0.245000 0.102500 0.102500
0 0.612500 0.738750 0.100000 0.100000
0 0.356875 0.199375 0.068750 0.068750
0 0.425625 0.824375 0.096250 0.091250
0 0.883125 0.673750 0.076250 0.072500
0 0.119375 0.493750 0.061250 0.057500
0 0.318750 0.425000 0.072500 0.072500
0 0.435000 0.533750 0.037500 0.040000
0 0.360625 0.924375 0.081250 0.081250
0 0.309375 0.650000 0.036250 0.035000
0 0.843750 0.082500 0.075000 0.072500
0 0.606875 0.818750 0.033750 0.032500
0 0.165625 0.254375 0.096250 0.096250
0 0.908750 0.817500 0.102500 0.102500
0 0.767500 0.447500 0.042500 0.042500
0 0.106875 0.643125 0.106250 0.106250
0 0.117500 0.883750 0.052500 0.052500
0 0.525625 0.295625 0.038750 0.038750
0 0.570625 0.548125 0.096250 0.096250
0 0.354375 0.529375 0.101250 0.101250
0 0.850000 0.452500 0.082500 0.065000
0 0.652500 0.921250 0.105000 0.105000
0 0.552500 0.897500 0.070000 0.070000
0 0.306250 0.318750 0.107500 0.107500
0 0.423125 0.328125 0.098750 0.098750
0 0.575000 0.278750 0.040000 0.040000
0 0.259375 0.920625 0.086250 0.086250
0 0.728750 0.711250 0.040000 0.040000
0 0.241250 0.657500 0.080000 0.080000
0 0.692500 0.591250 0.045000 0.045000
0 0.388125 0.081875 0.098750 0.098750
0 0.889375 0.923125 0.071250 0.071250
0 0.690000 0.433125 0.090000 0.101250
0 0.921250 0.275000 0.072500 0.072500
0 0.931250 0.367500 0.032500 0.022500
0 0.710625 0.098750 0.096250 0.067500
0 0.424375 0.440625 0.058750 0.041250
0 0.812500 0.350000 0.092500 0.092500
0 0.498750 0.641250 0.055000 0.055000
0 0.915625 0.043125 0.051250 0.051250
0 0.780625 0.601875 0.111250 0.111250
0 0.393750 0.732500 0.045000 0.045000
0 0.493750 0.426875 0.060000 0.056250
0 0.067500 0.260000 0.082500 0.082500