0 0.903125 0.354375 0.076250 0.068750
0 0.570000 0.686875 0.065000 0.058750
0 0.083750 0.540625 0.075000 0.068750
0 0.278750 0.146250 0.107500 0.107500
0 0.165625 0.497500 0.066250 0.077500
0 0.741875 0.203750 0.063750 0.075000
0 0.747500 0.693125 0.067500 0.078750
0 0.257500 0.316250 0.070000 0.082500
0 0.910000 0.195000 0.085000 0.085000
0 0.222500 0.596250 0.070000 0.070000
0 0.406875 0.336875 0.083750 0.083750
0 0.925000 0.098750 0.077500 0.077500
0 0.569375 0.323125 0.088750 0.088750
0 0.723125 0.838750 0.068750 0.050000
0 0.498750 0.602500 0.045000 0.045000
0 0.381250 0.852500 0.085000 0.085000
0 0.150000 0.127500 0.092500 0.092500
0 0.627500 0.140000 0.075000 0.075000
0 0.683125 0.916875 0.028750 0.028750
0 0.833750 0.452500 0.100000 0.100000
0 0.276250 0.775000 0.052500 0.052500
0 0.428125 0.721875 0.041250 0.041250
0 0.481250 0.505625 0.047500 0.048750
0 0.499375 0.136875 0.098750 0.101250
0 0.566875 0.551250 0.043750 0.045000
0 0.137500 0.711250 0.102500 0.105000
0 0.568125 0.424375 0.051250 0.046250
0 0.143750 0.924375 0.090000 0.083750
0 0.145000 0.793750 0.030000 0.027500
0 0.780625 0.313125 0.091250 0.091250
0 0.318750 0.483750 0.090000 0.090000
0 0.099375 0.231875 0.086250 0.086250
0 0.660625 0.488125 0.078750 0.078750
0 0.308750 0.713750 0.045000 0.045000
0 0.665000 0.226250 0.065000 0.065000
0 0.451875 0.929375 0.026250 0.026250
0 0.487500 0.763750 0.045000 0.045000
0 0.744375 0.113750 0.096250 0.085000
0 0.884375 0.857500 0.093750 0.082500
0 0.669375 0.325625 0.096250 0.096250
0 0.088125 0.403125 0.096250 0.096250
0 0.754375 0.585000 0.108750 0.097500
0 0.040625 0.630000 0.051250 0.045000
0 0.482500 0.849375 0.087500 0.078750
0 0.377500 0.560000 0.047500 0.037500
0 0.395000 0.158125 0.085000 0.068750
0 0.428750 0.418750 0.080000 0.065000
0 0.883125 0.933125 0.063750 0.051250
0 0.935000 0.668750 0.067500 0.055000
0 0.656250 0.667500 0.067500 0.112500
0 0.815625 0.929375 0.036250 0.031250
0 0.596250 0.815000 0.092500 0.092500
0 0.166250 0.051250 0.030000 0.030000
0 0.893125 0.754375 0.033750 0.033750
0 0.887500 0.588750 0.067500 0.067500
0 0.358125 0.715625 0.031250 0.031250
0 0.939375 0.438125 0.081250 0.081250
0 0.653125 0.049375 0.056250 0.061250
0 0.721875 0.766875 0.028750 0.031250
0 0.421250 0.260000 0.047500 0.047500
0 0.414375 0.059375 0.048750 0.048750
0 0.187500 0.256250 0.045000 0.045000
0 0.382500 0.937500 0.067500 0.067500
0 0.349375 0.659375 0.056250 0.036250
0 0.569375 0.916875 0.043750 0.028750
0 0.748125 0.037500 0.076250 0.050000
0 0.267500 0.897500 0.100000 0.065000
0 0.966875 0.285625 0.036250 0.048750
0 0.218125 0.410625 0.028750 0.028750
0 0.127500 0.623125 0.060000 0.056250
0 0.255625 0.245625 0.043750 0.041250
0 0.308125 0.596250 0.073750 0.072500
0 0.489375 0.041875 0.056250 0.056250
0 0.410000 0.657500 0.035000 0.035000
0 0.592500 0.616250 0.042500 0.042500
0 0.795625 0.801250 0.061250 0.062500
0 0.886875 0.277500 0.056250 0.057500
0 0.639375 0.930625 0.033750 0.033750
0 0.055625 0.810625 0.068750 0.066250