0 0.199375 0.601875 0.096250 0.096250
0 0.805625 0.106875 0.091250 0.091250
0 0.076875 0.569375 0.101250 0.101250
0 0.686875 0.500625 0.086250 0.086250
0 0.483125 0.720625 0.063750 0.063750
0 0.913750 0.488750 0.070000 0.070000
0 0.424375 0.860625 0.083750 0.083750
0 0.348750 0.581250 0.107500 0.107500
0 0.097500 0.938750 0.062500 0.062500
0 0.676250 0.387500 0.045000 0.045000
0 0.268125 0.183125 0.051250 0.041250
0 0.419375 0.278750 0.091250 0.080000
0 0.753125 0.287500 0.106250 0.095000
0 0.571250 0.753750 0.035000 0.027500
0 0.109375 0.203125 0.063750 0.063750
0 0.846875 0.733125 0.078750 0.078750
0 0.178125 0.693125 0.043750 0.043750
0 0.795625 0.833125 0.106250 0.106250
0 0.718125 0.643125 0.101250 0.101250
0 0.220000 0.832500 0.027500 0.027500
0 0.622500 0.266250 0.097500 0.097500
0 0.534375 0.118125 0.091250 0.091250
0 0.338125 0.881875 0.038750 0.036250
0 0.203750 0.367500 0.107500 0.107500
0 0.483125 0.564375 0.026250 0.026250
0 0.607500 0.862500 0.042500 0.030000
0 0.883750 0.418750 0.037500 0.027500
0 0.323750 0.380625 0.077500 0.091250
0 0.051250 0.411250 0.032500 0.032500
0 0.175000 0.913750 0.072500 0.072500
0 0.811250 0.461250 0.090000 0.090000
0 0.581250 0.575000 0.062500 0.062500
0 0.078750 0.332500 0.102500 0.102500
0 0.491875 0.474375 0.098750 0.098750
0 0.904375 0.094375 0.088750 0.086250
0 0.291875 0.746875 0.098750 0.096250
0 0.956875 0.279375 0.031250 0.031250
0 0.665000 0.107500 0.107500 0.115000
0 0.221875 0.089375 0.051250 0.053750
0 0.102500 0.033750 0.025000 0.025000
0 0.318750 0.265000 0.082500 0.082500
0 0.404375 0.045625 0.106250 0.061250
0 0.084375 0.103125 0.098750 0.098750
0 0.855625 0.260625 0.061250 0.061250
0 0.927500 0.590000 0.082500 0.112500
0 0.385000 0.173750 0.070000 0.070000
0 0.295000 0.926250 0.030000 0.030000
0 0.536875 0.909375 0.076250 0.076250
0 0.680625 0.754375 0.103750 0.103750
0 0.826875 0.626875 0.068750 0.068750
0 0.045625 0.841875 0.058750 0.073750
0 0.535625 0.242500 0.056250 0.070000
0 0.061250 0.733750 0.092500 0.092500
0 0.238750 0.475000 0.080000 0.080000
0 0.510625 0.840000 0.036250 0.035000
0 0.450625 0.134375 0.031250 0.031250
0 0.119375 0.414375 0.046250 0.046250
0 0.918125 0.928125 0.083750 0.083750
0 0.598750 0.415625 0.055000 0.043750
0 0.468750 0.612500 0.065000 0.052500
0 0.578125 0.661250 0.096250 0.067500
0 0.828750 0.920625 0.035000 0.023750
0 0.680625 0.868125 0.078750 0.078750
0 0.119375 0.816875 0.043750 0.043750
0 0.211250 0.252500 0.080000 0.080000
0 0.307500 0.093750 0.067500 0.067500
0 0.769375 0.190625 0.033750 0.038750
0 0.863125 0.351875 0.066250 0.066250
0 0.396250 0.751250 0.090000 0.090000
0 0.426875 0.386250 0.056250 0.055000
0 0.968750 0.405000 0.032500 0.032500
0 0.923750 0.785000 0.032500 0.032500
0 0.388750 0.943750 0.062500 0.062500