0 0.120000 0.350000 0.112500 0.105000
0 0.605625 0.576875 0.111250 0.103750
0 0.224375 0.219375 0.061250 0.056250
0 0.814375 0.077500 0.101250 0.082500
0 0.326250 0.780000 0.080000 0.077500
0 0.083750 0.800000 0.057500 0.057500
0 0.823125 0.510625 0.051250 0.061250
0 0.549375 0.880000 0.053750 0.065000
0 0.863125 0.242500 0.081250 0.107500
0 0.648750 0.155000 0.060000 0.060000
0 0.900000 0.861250 0.097500 0.097500
0 0.061250 0.883125 0.092500 0.091250
0 0.961250 0.415625 0.045000 0.043750
0 0.468750 0.878125 0.032500 0.031250
0 0.691875 0.421250 0.061250 0.060000
0 0.384375 0.118125 0.071250 0.071250
0 0.200625 0.643125 0.056250 0.061250
0 0.590000 0.386875 0.045000 0.048750
0 0.467500 0.341250 0.097500 0.067500
0 0.401250 0.915625 0.085000 0.058750
0 0.425625 0.783750 0.101250 0.070000
0 0.850625 0.726875 0.083750 0.083750
0 0.086875 0.671875 0.111250 0.111250
0 0.489375 0.106875 0.063750 0.063750
0 0.145000 0.537500 0.037500 0.037500
0 0.788750 0.416250 0.082500 0.080000
0 0.174375 0.871875 0.063750 0.061250
0 0.495625 0.425000 0.051250 0.050000
0 0.230625 0.738125 0.091250 0.088750
0 0.250625 0.553125 0.063750 0.063750
0 0.901250 0.351250 0.025000 0.025000
0 0.626875 0.270625 0.093750 0.093750
0 0.632500 0.852500 0.047500 0.047500
0 0.373750 0.471875 0.100000 0.118750
0 0.372500 0.220000 0.072500 0.072500
0 0.320625 0.685625 0.058750 0.058750
0 0.101250 0.541875 0.032500 0.031250
0 0.531250 0.779375 0.092500 0.091250
0 0.790625 0.276250 0.033750 0.032500
0 0.586875 0.066250 0.026250 0.025000
0 0.891250 0.100625 0.027500 0.026250
0 0.268750 0.366250 0.077500 0.075000
0 0.739375 0.882500 0.103750 0.097500
0 0.956250 0.341250 0.042500 0.040000
0 0.858125 0.616875 0.026250 0.023750
0 0.528125 0.245625 0.081250 0.081250
0 0.072500 0.120000 0.110000 0.105000
0 0.558125 0.470000 0.056250 0.050000
0 0.266875 0.278750 0.026250 0.022500
0 0.772500 0.646875 0.047500 0.041250
0 0.928125 0.688125 0.036250 0.031250
0 0.781250 0.337500 0.027500 0.027500
0 0.432500 0.623750 0.025000 0.025000
0 0.953750 0.538750 0.027500 0.027500
0 0.715000 0.523750 0.092500 0.092500
0 0.642500 0.741875 0.112500 0.096250
0 0.261875 0.874375 0.066250 0.066250
0 0.300625 0.138125 0.073750 0.073750
0 0.736250 0.732500 0.060000 0.057500
0 0.477500 0.558125 0.075000 0.076250
0 0.203125 0.116250 0.106250 0.107500
0 0.803750 0.590000 0.055000 0.055000
0 0.407500 0.689375 0.085000 0.081250
0 0.375000 0.305000 0.070000 0.070000
0 0.281875 0.460000 0.033750 0.032500