0 0.390000 0.266250 0.102500 0.102500
0 0.356875 0.070625 0.088750 0.088750
0 0.786250 0.680000 0.080000 0.080000
0 0.690000 0.211250 0.107500 0.107500
0 0.430000 0.593750 0.085000 0.085000
0 0.296875 0.521875 0.056250 0.056250
0 0.318125 0.634375 0.076250 0.076250
0 0.230000 0.371875 0.040000 0.038750
0 0.065625 0.803125 0.043750 0.031250
0 0.941875 0.470625 0.088750 0.088750
0 0.591250 0.531875 0.052500 0.046250
0 0.196875 0.246250 0.096250 0.085000
0 0.881250 0.921875 0.065000 0.056250
0 0.643750 0.120625 0.052500 0.046250
0 0.211875 0.944375 0.041250 0.041250
0 0.875000 0.341250 0.100000 0.100000
0 0.630625 0.830625 0.068750 0.068750
0 0.348125 0.909375 0.111250 0.111250
0 0.543750 0.883750 0.090000 0.090000
0 0.553750 0.172500 0.107500 0.107500
0 0.036250 0.293750 0.025000 0.025000
0 0.586875 0.728125 0.101250 0.101250
0 0.675625 0.383125 0.103750 0.103750
0 0.079375 0.193125 0.076250 0.076250
0 0.901875 0.156875 0.098750 0.098750
0 0.858750 0.748750 0.032500 0.032500
0 0.100625 0.548125 0.061250 0.058750
0 0.078750 0.376875 0.077500 0.073750
0 0.881875 0.625625 0.078750 0.078750
0 0.465000 0.757500 0.090000 0.087500
0 0.468750 0.447500 0.102500 0.095000
0 0.555625 0.420625 0.026250 0.023750
0 0.115000 0.706875 0.100000 0.093750
0 0.363750 0.781875 0.090000 0.088750
0 0.095625 0.072500 0.101250 0.062500
0 0.270000 0.124375 0.042500 0.046250
0 0.489375 0.270000 0.046250 0.050000
0 0.761250 0.505000 0.110000 0.120000
0 0.770000 0.854375 0.110000 0.141250
0 0.321875 0.440000 0.111250 0.082500
0 0.236250 0.806875 0.042500 0.031250
0 0.801875 0.605000 0.031250 0.022500
0 0.569375 0.311875 0.083750 0.061250
0 0.104375 0.918750 0.096250 0.087500
0 0.862500 0.055000 0.077500 0.070000
0 0.278125 0.048125 0.048750 0.048750
0 0.195625 0.583125 0.106250 0.106250
0 0.654375 0.591875 0.048750 0.048750
0 0.071250 0.458750 0.027500 0.027500
0 0.885000 0.835000 0.102500 0.102500
0 0.935625 0.054375 0.043750 0.043750
0 0.572500 0.055625 0.055000 0.056250
0 0.538125 0.616250 0.093750 0.095000
0 0.470000 0.133125 0.042500 0.046250
0 0.654375 0.916875 0.076250 0.083750
0 0.731250 0.068750 0.082500 0.082500
0 0.156875 0.424375 0.036250 0.036250
0 0.690000 0.721250 0.077500 0.077500
0 0.151250 0.838750 0.047500 0.047500
0 0.773750 0.366250 0.050000 0.050000
0 0.973750 0.578750 0.027500 0.027500
0 0.450625 0.915625 0.063750 0.063750
0 0.190000 0.145000 0.037500 0.037500
0 0.186875 0.045625 0.066250 0.066250
0 0.288750 0.247500 0.072500 0.072500
0 0.925000 0.546250 0.037500 0.037500
0 0.258125 0.710625 0.053750 0.053750
0 0.573750 0.376250 0.045000 0.037500
0 0.447500 0.047500 0.067500 0.057500
0 0.634375 0.309375 0.028750 0.028750
0 0.966875 0.813125 0.036250 0.036250
0 0.238750 0.455000 0.035000 0.035000
0 0.888750 0.261250 0.025000 0.025000
0 0.800000 0.179375 0.067500 0.086250
0 0.675000 0.481875 0.032500 0.041250
0 0.670000 0.650625 0.037500 0.038750
0 0.418125 0.677500 0.041250 0.042500