0 0.170625 0.586250 0.076250 0.107500
0 0.739375 0.765625 0.083750 0.118750
0 0.254375 0.193125 0.083750 0.118750
0 0.288125 0.466250 0.111250 0.157500
0 0.073125 0.259375 0.051250 0.051250
0 0.186875 0.911875 0.083750 0.083750
0 0.642500 0.903750 0.065000 0.065000
0 0.483125 0.433750 0.088750 0.107500
0 0.726250 0.479375 0.102500 0.121250
0 0.608125 0.068750 0.101250 0.107500
0 0.395000 0.481250 0.065000 0.092500
0 0.120000 0.156250 0.085000 0.117500
0 0.376250 0.604375 0.025000 0.033750
0 0.427500 0.707500 0.055000 0.075000
0 0.733125 0.625625 0.058750 0.058750
0 0.351250 0.102500 0.095000 0.095000
0 0.515000 0.292500 0.107500 0.107500
0 0.635000 0.810000 0.105000 0.105000
0 0.861875 0.730625 0.078750 0.078750
0 0.839375 0.883750 0.093750 0.082500
0 0.831250 0.430000 0.030000 0.030000
0 0.836250 0.158750 0.047500 0.047500
0 0.505000 0.582500 0.085000 0.085000
0 0.906875 0.381875 0.078750 0.078750
0 0.483750 0.880000 0.067500 0.067500
0 0.731875 0.213125 0.033750 0.033750
0 0.094375 0.906875 0.066250 0.078750
0 0.754375 0.306875 0.093750 0.093750
0 0.085625 0.755625 0.101250 0.101250
0 0.650000 0.212500 0.077500 0.077500
0 0.852500 0.605000 0.077500 0.077500
0 0.646875 0.643750 0.086250 0.085000
0 0.276875 0.671875 0.111250 0.108750
0 0.866250 0.296875 0.065000 0.063750
0 0.315000 0.823750 0.087500 0.087500
0 0.593125 0.434375 0.056250 0.056250
0 0.175000 0.033750 0.040000 0.040000
0 0.530625 0.198125 0.041250 0.041250
0 0.196250 0.805000 0.060000 0.060000
0 0.255625 0.086875 0.038750 0.038750
0 0.931250 0.633750 0.042500 0.042500
0 0.361250 0.223750 0.112500 0.112500
0 0.946250 0.848750 0.072500 0.072500
0 0.143750 0.291250 0.065000 0.065000
0 0.694375 0.043125 0.053750 0.053750
0 0.156250 0.420000 0.110000 0.110000
0 0.243125 0.308750 0.036250 0.030000
0 0.549375 0.941875 0.028750 0.023750
0 0.540625 0.702500 0.078750 0.095000
0 0.664375 0.313750 0.071250 0.080000
0 0.110625 0.052500 0.028750 0.032500
0 0.066875 0.615625 0.053750 0.048750
0 0.475625 0.079375 0.101250 0.093750
0 0.538750 0.793750 0.057500 0.057500
0 0.315625 0.331875 0.076250 0.076250
0 0.731250 0.918750 0.052500 0.047500
0 0.930000 0.280000 0.030000 0.030000
0 0.946875 0.044375 0.056250 0.056250
0 0.925625 0.146250 0.071250 0.070000
0 0.732500 0.138750 0.050000 0.060000
0 0.965000 0.520000 0.040000 0.040000
0 0.821875 0.803125 0.033750 0.033750
0 0.404375 0.896875 0.068750 0.068750
0 0.953750 0.760000 0.065000 0.065000
0 0.846250 0.501875 0.070000 0.051250
0 0.099375 0.495000 0.028750 0.020000
0 0.049375 0.324375 0.071250 0.048750
0 0.043750 0.111250 0.040000 0.027500