0 0.309375 0.499375 0.103750 0.121250
0 0.366250 0.861875 0.110000 0.128750
0 0.133750 0.928750 0.027500 0.027500
0 0.672500 0.856250 0.105000 0.105000
0 0.861875 0.350625 0.066250 0.066250
0 0.503750 0.231250 0.025000 0.025000
0 0.423750 0.668750 0.075000 0.075000
0 0.070625 0.654375 0.101250 0.101250
0 0.620625 0.075625 0.103750 0.103750
0 0.666250 0.317500 0.080000 0.080000
0 0.679375 0.660625 0.066250 0.066250
0 0.958125 0.704375 0.036250 0.036250
0 0.939375 0.573125 0.081250 0.081250
0 0.300625 0.373125 0.106250 0.106250
0 0.844375 0.168125 0.076250 0.076250
0 0.505625 0.085625 0.048750 0.048750
0 0.753125 0.751875 0.081250 0.081250
0 0.275625 0.667500 0.078750 0.077500
0 0.150000 0.121250 0.110000 0.107500
0 0.483125 0.853750 0.053750 0.052500
0 0.876250 0.726250 0.105000 0.102500
0 0.374375 0.073125 0.098750 0.096250
0 0.678125 0.546250 0.111250 0.107500
0 0.096250 0.292500 0.062500 0.060000
0 0.859375 0.825625 0.073750 0.073750
0 0.726250 0.393750 0.035000 0.035000
0 0.166250 0.805000 0.075000 0.075000
0 0.510625 0.509375 0.106250 0.106250
0 0.163750 0.287500 0.040000 0.040000
0 0.850625 0.933125 0.056250 0.056250
0 0.041250 0.205000 0.047500 0.047500
0 0.160000 0.416250 0.055000 0.055000
0 0.263125 0.871875 0.033750 0.033750
0 0.055625 0.930625 0.043750 0.038750
0 0.281875 0.273125 0.046250 0.028750
0 0.413125 0.295000 0.083750 0.052500
0 0.267500 0.774375 0.072500 0.051250
0 0.625000 0.746250 0.025000 0.017500
0 0.265000 0.072500 0.080000 0.077500
0 0.511875 0.768125 0.088750 0.088750
0 0.287500 0.200000 0.102500 0.102500
0 0.743125 0.320625 0.058750 0.058750
0 0.158125 0.614375 0.033750 0.033750
0 0.938750 0.319375 0.062500 0.068750
0 0.475625 0.385000 0.091250 0.100000
0 0.888750 0.448750 0.072500 0.080000
0 0.065000 0.061875 0.040000 0.051250
0 0.601875 0.215625 0.028750 0.036250
0 0.793750 0.506250 0.070000 0.090000
0 0.786250 0.405625 0.065000 0.083750
0 0.120625 0.520625 0.068750 0.066250
0 0.939375 0.200625 0.068750 0.078750
0 0.561875 0.634375 0.086250 0.098750
0 0.760625 0.067500 0.073750 0.095000
0 0.566875 0.353750 0.056250 0.072500
0 0.202500 0.538750 0.062500 0.080000
0 0.384375 0.169375 0.026250 0.033750
0 0.559375 0.943125 0.063750 0.063750
0 0.678125 0.211250 0.063750 0.067500
0 0.445000 0.236250 0.027500 0.025000
0 0.161875 0.233750 0.038750 0.035000
0 0.052500 0.756250 0.065000 0.060000