0 0.845000 0.738750 0.032500 0.032500
0 0.115000 0.526875 0.027500 0.028750
0 0.560000 0.175625 0.047500 0.048750
0 0.770000 0.343125 0.092500 0.096250
0 0.109375 0.675625 0.026250 0.026250
0 0.877500 0.451250 0.105000 0.105000
0 0.692500 0.091250 0.035000 0.035000
0 0.071875 0.459375 0.036250 0.036250
0 0.577500 0.405000 0.065000 0.065000
0 0.838125 0.919375 0.088750 0.088750
0 0.260000 0.870000 0.112500 0.187500
0 0.693125 0.485000 0.036250 0.060000
0 0.695625 0.773125 0.098750 0.163750
0 0.670000 0.316875 0.055000 0.051250
0 0.240000 0.213750 0.070000 0.070000
0 0.219375 0.551250 0.098750 0.070000
0 0.144375 0.110625 0.043750 0.043750
0 0.611875 0.710625 0.038750 0.038750
0 0.194375 0.726875 0.051250 0.046250
0 0.564375 0.841875 0.076250 0.076250
0 0.167500 0.836250 0.057500 0.057500
0 0.363750 0.541875 0.105000 0.143750
0 0.463750 0.836250 0.087500 0.087500
0 0.890000 0.074375 0.052500 0.053750
0 0.907500 0.601875 0.107500 0.108750
0 0.779375 0.622500 0.088750 0.090000
0 0.418125 0.227500 0.093750 0.095000
0 0.556875 0.630625 0.096250 0.096250
0 0.055625 0.399375 0.033750 0.033750
0 0.242500 0.356250 0.095000 0.095000
0 0.279375 0.111875 0.093750 0.093750
0 0.478750 0.378750 0.067500 0.062500
0 0.348750 0.326875 0.057500 0.053750
0 0.904375 0.816250 0.081250 0.085000
0 0.935625 0.207500 0.078750 0.062500
0 0.601250 0.081250 0.060000 0.047500
0 0.488750 0.743750 0.100000 0.080000
0 0.300000 0.183750 0.032500 0.032500
0 0.783125 0.158125 0.038750 0.038750
0 0.115000 0.172500 0.065000 0.065000
0 0.676875 0.896875 0.061250 0.061250
0 0.435625 0.099375 0.111250 0.111250
0 0.668750 0.187500 0.110000 0.110000
0 0.118750 0.273750 0.030000 0.030000
0 0.536875 0.255625 0.026250 0.023750
0 0.743125 0.505000 0.043750 0.040000
0 0.456250 0.580000 0.060000 0.060000
0 0.760625 0.423125 0.046250 0.046250
0 0.387500 0.386250 0.030000 0.030000
0 0.279375 0.635625 0.048750 0.066250
0 0.850000 0.686875 0.037500 0.036250
0 0.456875 0.653125 0.066250 0.066250
0 0.363750 0.712500 0.095000 0.095000
0 0.034375 0.716875 0.033750 0.033750
0 0.890000 0.280000 0.057500 0.055000
0 0.556250 0.492500 0.092500 0.092500
0 0.093125 0.050625 0.048750 0.048750
0 0.110000 0.746250 0.070000 0.070000
0 0.490000 0.931250 0.065000 0.065000
0 0.580000 0.932500 0.065000 0.065000