0 0.950000 0.330625 0.035000 0.036250
0 0.169375 0.913750 0.038750 0.037500
0 0.426875 0.796875 0.078750 0.076250
0 0.601250 0.258750 0.027500 0.030000
0 0.120000 0.375625 0.087500 0.096250
0 0.690000 0.747500 0.080000 0.087500
0 0.602500 0.592500 0.107500 0.117500
0 0.786250 0.865000 0.097500 0.097500
0 0.188125 0.658125 0.088750 0.096250
0 0.089375 0.501875 0.046250 0.041250
0 0.523750 0.195000 0.055000 0.055000
0 0.782500 0.252500 0.102500 0.102500
0 0.513125 0.888750 0.066250 0.087500
0 0.962500 0.627500 0.032500 0.042500
0 0.289375 0.540625 0.088750 0.116250
0 0.950625 0.959375 0.053750 0.031250
0 0.154375 0.811250 0.108750 0.065000
0 0.246250 0.042500 0.067500 0.040000
0 0.043125 0.962500 0.033750 0.020000
0 0.039375 0.410000 0.038750 0.060000
0 0.240000 0.398750 0.035000 0.035000
0 0.248125 0.239375 0.053750 0.053750
0 0.569375 0.748125 0.041250 0.041250
0 0.085000 0.221250 0.082500 0.082500
0 0.385000 0.693750 0.105000 0.105000
0 0.518750 0.286250 0.107500 0.100000
0 0.744375 0.526875 0.031250 0.031250
0 0.596250 0.930625 0.037500 0.036250
0 0.203750 0.515000 0.055000 0.050000
0 0.890000 0.888750 0.057500 0.057500
0 0.398750 0.140000 0.060000 0.060000
0 0.956875 0.544375 0.051250 0.046250
0 0.935625 0.051875 0.083750 0.076250
0 0.522500 0.428750 0.092500 0.145000
0 0.580000 0.087500 0.042500 0.042500
0 0.882500 0.951250 0.047500 0.047500
0 0.705625 0.244375 0.028750 0.028750
0 0.649375 0.088125 0.058750 0.058750
0 0.851875 0.684375 0.088750 0.088750
0 0.409375 0.426875 0.041250 0.041250
0 0.343125 0.371250 0.063750 0.070000
0 0.396250 0.330000 0.025000 0.027500
0 0.245000 0.132500 0.055000 0.055000
0 0.836875 0.514375 0.098750 0.098750
0 0.761875 0.381875 0.111250 0.111250
0 0.409375 0.585000 0.051250 0.052500
0 0.928125 0.473750 0.041250 0.047500
0 0.379375 0.928750 0.091250 0.075000
0 0.706875 0.862500 0.036250 0.030000
0 0.403125 0.253750 0.108750 0.090000
0 0.923750 0.162500 0.112500 0.110000
0 0.874375 0.763750 0.043750 0.042500
0 0.355000 0.062500 0.075000 0.072500
0 0.318750 0.812500 0.097500 0.095000
0 0.724375 0.041250 0.048750 0.055000
0 0.066875 0.689375 0.106250 0.106250
0 0.675000 0.407500 0.045000 0.045000
0 0.505000 0.585000 0.067500 0.067500
0 0.714375 0.645625 0.096250 0.096250
0 0.694375 0.505625 0.053750 0.053750
0 0.853750 0.600000 0.100000 0.045000
0 0.871250 0.310625 0.032500 0.013750
0 0.630000 0.862500 0.077500 0.077500
0 0.288125 0.648125 0.056250 0.056250
0 0.130625 0.101875 0.081250 0.106250
0 0.517500 0.068750 0.055000 0.055000
0 0.630625 0.330625 0.071250 0.071250
0 0.552500 0.692500 0.032500 0.042500