0 0.758125 0.675000 0.088750 0.090000
0 0.267500 0.226875 0.087500 0.088750
0 0.371250 0.763750 0.025000 0.025000
0 0.865000 0.318125 0.085000 0.128750
0 0.175000 0.910000 0.040000 0.060000
0 0.536875 0.386250 0.108750 0.165000
0 0.393125 0.278125 0.058750 0.088750
0 0.676875 0.375000 0.031250 0.032500
0 0.310625 0.349375 0.051250 0.053750
0 0.195625 0.795625 0.056250 0.058750
0 0.369375 0.547500 0.048750 0.050000
0 0.236875 0.598125 0.066250 0.068750
0 0.636875 0.855625 0.026250 0.026250
0 0.268750 0.100000 0.082500 0.082500
0 0.206250 0.482500 0.095000 0.125000
0 0.651875 0.071875 0.103750 0.103750
0 0.432500 0.138750 0.045000 0.045000
0 0.634375 0.940625 0.061250 0.061250
0 0.055625 0.859375 0.071250 0.071250
0 0.555000 0.616250 0.110000 0.110000
0 0.835625 0.831250 0.033750 0.027500
0 0.185625 0.322500 0.103750 0.087500
0 0.788125 0.570000 0.106250 0.105000
0 0.129375 0.600000 0.088750 0.087500
0 0.947500 0.600000 0.052500 0.052500
0 0.823750 0.450000 0.095000 0.095000
0 0.765000 0.155000 0.067500 0.067500
0 0.508125 0.189375 0.036250 0.066250
0 0.151875 0.126250 0.098750 0.180000
0 0.350625 0.486250 0.026250 0.047500
0 0.240625 0.696875 0.083750 0.083750
0 0.371875 0.655625 0.098750 0.098750
0 0.159375 0.676875 0.036250 0.036250
0 0.446875 0.819375 0.056250 0.056250
0 0.886250 0.187500 0.110000 0.110000
0 0.678750 0.195000 0.072500 0.072500
0 0.437500 0.895000 0.037500 0.022500
0 0.392500 0.411875 0.035000 0.033750
0 0.668125 0.634375 0.048750 0.048750
0 0.935625 0.855625 0.081250 0.081250
0 0.145000 0.728125 0.057500 0.046250
0 0.730625 0.847500 0.081250 0.065000
0 0.499375 0.718125 0.056250 0.056250
0 0.057500 0.376875 0.075000 0.081250
0 0.853125 0.070000 0.066250 0.067500
0 0.437500 0.351250 0.032500 0.032500
0 0.750000 0.353750 0.057500 0.057500
0 0.683125 0.730625 0.033750 0.033750
0 0.381250 0.041250 0.050000 0.050000
0 0.709375 0.455625 0.093750 0.086250
0 0.525625 0.857500 0.033750 0.020000
0 0.970000 0.754375 0.035000 0.033750
0 0.918125 0.455625 0.078750 0.076250
0 0.062500 0.500000 0.092500 0.090000
0 0.351250 0.933750 0.077500 0.080000
0 0.528750 0.928750 0.072500 0.075000
0 0.896875 0.691250 0.096250 0.100000
0 0.470625 0.060625 0.083750 0.083750
0 0.750000 0.090625 0.025000 0.023750
0 0.661875 0.285625 0.083750 0.078750
0 0.833750 0.921875 0.070000 0.066250
0 0.055625 0.196250 0.056250 0.052500
0 0.349375 0.108750 0.053750 0.060000
0 0.577500 0.266250 0.050000 0.050000
0 0.355000 0.845625 0.085000 0.068750
0 0.885000 0.606250 0.055000 0.055000
0 0.589375 0.537500 0.103750 0.032500
0 0.598750 0.800000 0.097500 0.067500
0 0.861250 0.785625 0.057500 0.038750
0 0.948750 0.110000 0.030000 0.030000
0 0.044375 0.694375 0.043750 0.043750
0 0.298750 0.503750 0.037500 0.037500
0 0.767500 0.251250 0.080000 0.080000
0 0.040625 0.265625 0.038750 0.038750
0 0.945000 0.917500 0.025000 0.025000
0 0.048750 0.046250 0.052500 0.052500
0 0.446875 0.533750 0.063750 0.077500
0 0.048750 0.778750 0.047500 0.057500
0 0.276875 0.853125 0.056250 0.068750
0 0.595625 0.189375 0.071250 0.086250
0 0.937500 0.531875 0.072500 0.058750
0 0.964375 0.043125 0.033750 0.033750
0 0.056875 0.922500 0.046250 0.040000
0 0.243125 0.388125 0.028750 0.028750
0 0.687500 0.787500 0.025000 0.025000
0 0.755625 0.753125 0.038750 0.038750
0 0.722500 0.921875 0.080000 0.053750
0 0.483125 0.264375 0.076250 0.051250