0 0.115000 0.315000 0.100000 0.100000
0 0.663750 0.397500 0.057500 0.057500
0 0.819375 0.396875 0.038750 0.038750
0 0.915625 0.852500 0.078750 0.115000
0 0.663125 0.238125 0.071250 0.103750
0 0.829375 0.477500 0.036250 0.052500
0 0.080000 0.130625 0.095000 0.138750
0 0.268750 0.469375 0.097500 0.138750
0 0.756250 0.912500 0.085000 0.085000
0 0.742500 0.152500 0.067500 0.067500
0 0.690000 0.607500 0.060000 0.060000
0 0.321250 0.808750 0.072500 0.072500
0 0.844375 0.136250 0.051250 0.057500
0 0.140000 0.830000 0.097500 0.097500
0 0.953125 0.171875 0.046250 0.046250
0 0.191250 0.353750 0.025000 0.025000
0 0.831875 0.566875 0.061250 0.061250
0 0.574375 0.666875 0.056250 0.066250
0 0.881875 0.399375 0.071250 0.083750
0 0.968750 0.499375 0.032500 0.038750
0 0.374375 0.109375 0.026250 0.018750
0 0.880000 0.249375 0.042500 0.051250
0 0.591875 0.520000 0.093750 0.082500
0 0.307500 0.682500 0.042500 0.037500
0 0.444375 0.209375 0.081250 0.071250
0 0.453125 0.815000 0.083750 0.060000
0 0.555625 0.071250 0.056250 0.040000
0 0.399375 0.617500 0.056250 0.040000
0 0.451250 0.380625 0.055000 0.038750
0 0.170000 0.140000 0.035000 0.035000
0 0.643125 0.783750 0.076250 0.095000
0 0.435625 0.500000 0.106250 0.132500
0 0.748125 0.057500 0.028750 0.030000
0 0.621875 0.031250 0.028750 0.030000
0 0.314375 0.347500 0.046250 0.045000
0 0.286875 0.268750 0.048750 0.047500
0 0.305000 0.915000 0.085000 0.082500
0 0.545625 0.250625 0.103750 0.103750
0 0.278125 0.064375 0.098750 0.098750
0 0.761250 0.247500 0.052500 0.052500
0 0.078750 0.425000 0.075000 0.075000
0 0.160625 0.488750 0.073750 0.135000
0 0.370000 0.693125 0.032500 0.023750
0 0.861875 0.068750 0.078750 0.057500
0 0.762500 0.570000 0.055000 0.055000
0 0.155000 0.638750 0.100000 0.100000
0 0.560000 0.370000 0.105000 0.105000
0 0.847500 0.743750 0.032500 0.032500
0 0.525625 0.917500 0.086250 0.075000
0 0.414375 0.930625 0.078750 0.078750
0 0.288750 0.623750 0.042500 0.042500
0 0.834375 0.633125 0.046250 0.046250
0 0.714375 0.439375 0.028750 0.026250
0 0.768750 0.688750 0.057500 0.057500
0 0.781250 0.331250 0.077500 0.077500
0 0.031250 0.612500 0.032500 0.032500
0 0.212500 0.218750 0.072500 0.072500
0 0.348125 0.528125 0.043750 0.043750
0 0.467500 0.688750 0.072500 0.072500
0 0.647500 0.915000 0.062500 0.062500
0 0.151250 0.733750 0.062500 0.035000
0 0.488125 0.131250 0.078750 0.045000
0 0.061875 0.719375 0.061250 0.061250
0 0.932500 0.690000 0.105000 0.105000
0 0.920000 0.583750 0.067500 0.067500
0 0.051250 0.938750 0.065000 0.065000