0 0.084375 0.124375 0.061250 0.061250
0 0.482500 0.618750 0.047500 0.047500
0 0.273750 0.127500 0.037500 0.037500
0 0.347500 0.061875 0.045000 0.043750
0 0.839375 0.598125 0.078750 0.048750
0 0.865625 0.388125 0.108750 0.108750
0 0.441875 0.819375 0.048750 0.048750
0 0.482500 0.171250 0.085000 0.085000
0 0.681250 0.226250 0.040000 0.040000
0 0.454375 0.726875 0.063750 0.063750
0 0.159375 0.510625 0.076250 0.073750
0 0.862500 0.037500 0.045000 0.045000
0 0.250000 0.361250 0.112500 0.112500
0 0.163125 0.800625 0.038750 0.038750
0 0.532500 0.826250 0.047500 0.047500
0 0.650000 0.675000 0.105000 0.110000
0 0.477500 0.469375 0.045000 0.046250
0 0.123125 0.342500 0.048750 0.050000
0 0.229375 0.658125 0.103750 0.103750
0 0.373750 0.760000 0.072500 0.072500
0 0.374375 0.188125 0.041250 0.028750
0 0.600625 0.131250 0.088750 0.062500
0 0.051875 0.564375 0.078750 0.078750
0 0.178750 0.925000 0.057500 0.057500
0 0.238750 0.257500 0.067500 0.067500
0 0.083125 0.431250 0.081250 0.067500
0 0.566250 0.361250 0.082500 0.082500
0 0.043750 0.252500 0.055000 0.055000
0 0.672500 0.855000 0.095000 0.122500
0 0.815625 0.254375 0.068750 0.088750
0 0.551250 0.468750 0.087500 0.112500
0 0.838750 0.166250 0.052500 0.067500
0 0.858750 0.748750 0.107500 0.107500
0 0.716250 0.502500 0.075000 0.075000
0 0.301250 0.946250 0.042500 0.042500
0 0.295000 0.508750 0.072500 0.072500
0 0.925000 0.877500 0.070000 0.070000
0 0.714375 0.390625 0.103750 0.103750
0 0.712500 0.115000 0.097500 0.097500
0 0.410000 0.419375 0.075000 0.033750
0 0.086875 0.906250 0.046250 0.020000
0 0.053125 0.636875 0.043750 0.043750
0 0.761875 0.764375 0.041250 0.041250
0 0.279375 0.865625 0.088750 0.088750
0 0.840625 0.920000 0.071250 0.077500
0 0.049375 0.726875 0.063750 0.068750
0 0.178750 0.111250 0.105000 0.115000
0 0.769375 0.843125 0.043750 0.043750
0 0.451875 0.290625 0.098750 0.098750
0 0.913125 0.525625 0.081250 0.081250
0 0.397500 0.897500 0.087500 0.087500
0 0.590625 0.246875 0.086250 0.093750
0 0.460000 0.066250 0.052500 0.057500
0 0.928125 0.248125 0.071250 0.071250
0 0.103125 0.825625 0.041250 0.041250
0 0.048750 0.071875 0.030000 0.018750
0 0.916250 0.134375 0.067500 0.043750
0 0.272500 0.027500 0.027500 0.017500
0 0.376875 0.544375 0.073750 0.073750
0 0.745625 0.204375 0.051250 0.051250
0 0.148750 0.221875 0.092500 0.073750
0 0.787500 0.477500 0.052500 0.035000
0 0.635000 0.370625 0.035000 0.011250
0 0.271250 0.777500 0.055000 0.055000
0 0.058750 0.321250 0.055000 0.055000
0 0.658125 0.526875 0.026250 0.026250
0 0.470000 0.876250 0.027500 0.027500
0 0.909375 0.631250 0.036250 0.040000
0 0.816875 0.531250 0.033750 0.037500
0 0.131875 0.731250 0.053750 0.060000
0 0.763750 0.930000 0.057500 0.070000
0 0.795000 0.085000 0.052500 0.052500
0 0.750000 0.271250 0.045000 0.045000
0 0.748750 0.597500 0.072500 0.072500
0 0.340625 0.130000 0.073750 0.072500
0 0.494375 0.944375 0.033750 0.033750
0 0.543750 0.745000 0.075000 0.075000
0 0.119375 0.648750 0.048750 0.035000
0 0.946250 0.071250 0.055000 0.057500
0 0.956875 0.440000 0.026250 0.027500
0 0.551250 0.673125 0.032500 0.033750
0 0.430625 0.472500 0.026250 0.022500
0 0.300625 0.246875 0.028750 0.031250