0 0.880625 0.284375 0.068750 0.068750
0 0.413750 0.874375 0.102500 0.103750
0 0.450000 0.458750 0.075000 0.075000
0 0.143125 0.915625 0.083750 0.083750
0 0.898125 0.553125 0.103750 0.103750
0 0.697500 0.671250 0.107500 0.107500
0 0.511250 0.147500 0.072500 0.072500
0 0.735000 0.218750 0.107500 0.107500
0 0.603125 0.558125 0.066250 0.066250
0 0.081250 0.343125 0.102500 0.158750
0 0.580000 0.762500 0.077500 0.077500
0 0.478125 0.554375 0.048750 0.048750
0 0.320000 0.947500 0.025000 0.025000
0 0.174375 0.718125 0.071250 0.071250
0 0.821875 0.107500 0.081250 0.082500
0 0.796875 0.778125 0.091250 0.091250
0 0.650625 0.063125 0.093750 0.093750
0 0.081875 0.519375 0.076250 0.076250
0 0.713125 0.869375 0.063750 0.063750
0 0.080000 0.728750 0.070000 0.070000
0 0.316875 0.377500 0.106250 0.097500
0 0.232500 0.782500 0.040000 0.040000
0 0.728750 0.367500 0.047500 0.047500
0 0.028750 0.862500 0.027500 0.027500
0 0.313125 0.180625 0.083750 0.103750
0 0.920000 0.745000 0.110000 0.115000
0 0.586875 0.316250 0.083750 0.087500
0 0.785000 0.310625 0.042500 0.043750
0 0.913125 0.404375 0.106250 0.106250
0 0.300625 0.858750 0.073750 0.090000
0 0.086875 0.090000 0.076250 0.092500