0 0.412500 0.183750 0.062500 0.040000
0 0.500000 0.770000 0.070000 0.070000
0 0.403750 0.608750 0.085000 0.085000
0 0.842500 0.898750 0.030000 0.030000
0 0.606875 0.580625 0.028750 0.028750
0 0.607500 0.428750 0.087500 0.070000
0 0.355000 0.070000 0.050000 0.040000
0 0.516250 0.174375 0.030000 0.023750
0 0.720000 0.615000 0.042500 0.047500
0 0.255000 0.726250 0.042500 0.047500
0 0.319375 0.581250 0.051250 0.057500
0 0.122500 0.261250 0.095000 0.122500
0 0.848125 0.245625 0.073750 0.071250
0 0.160000 0.598125 0.055000 0.053750
0 0.641250 0.318750 0.110000 0.110000
0 0.120000 0.063750 0.035000 0.035000
0 0.729375 0.888125 0.096250 0.096250
0 0.785000 0.471250 0.057500 0.042500
0 0.793750 0.405000 0.037500 0.027500
0 0.144375 0.875625 0.111250 0.083750
0 0.340000 0.492500 0.060000 0.047500
0 0.637500 0.496250 0.035000 0.035000
0 0.865000 0.090000 0.102500 0.102500
0 0.295000 0.195000 0.050000 0.050000
0 0.450000 0.356250 0.070000 0.070000
0 0.867500 0.832500 0.072500 0.072500
0 0.818750 0.743125 0.062500 0.061250
0 0.929375 0.601875 0.058750 0.058750
0 0.563125 0.263125 0.031250 0.031250
0 0.898750 0.438750 0.042500 0.042500
0 0.679375 0.791875 0.081250 0.081250
0 0.858750 0.956250 0.037500 0.037500
0 0.267500 0.900000 0.090000 0.090000
0 0.689375 0.160625 0.096250 0.146250
0 0.296250 0.275000 0.025000 0.037500
0 0.532500 0.076875 0.032500 0.048750
0 0.781875 0.346250 0.031250 0.047500
0 0.316250 0.401250 0.100000 0.100000
0 0.415625 0.933125 0.081250 0.078750
0 0.367500 0.700625 0.027500 0.026250
0 0.100000 0.372500 0.062500 0.062500
0 0.256250 0.800000 0.057500 0.057500
0 0.161250 0.471250 0.080000 0.080000
0 0.818125 0.548750 0.033750 0.037500
0 0.141250 0.708750 0.102500 0.115000
0 0.833750 0.620000 0.065000 0.072500
0 0.047500 0.942500 0.042500 0.042500
0 0.206250 0.065000 0.092500 0.092500
0 0.514375 0.586875 0.091250 0.088750
0 0.483750 0.281875 0.042500 0.041250
0 0.404375 0.800000 0.031250 0.030000
0 0.562500 0.301875 0.030000 0.028750
0 0.333125 0.309375 0.033750 0.028750
0 0.860625 0.331250 0.043750 0.037500
0 0.210625 0.220000 0.066250 0.057500
0 0.621250 0.914375 0.090000 0.078750
0 0.688125 0.444375 0.051250 0.058750
0 0.951250 0.207500 0.040000 0.030000
0 0.463125 0.476875 0.093750 0.093750
0 0.069375 0.515625 0.058750 0.058750
0 0.586875 0.800625 0.086250 0.086250
0 0.598750 0.166250 0.050000 0.060000
0 0.100625 0.583125 0.026250 0.026250
0 0.683125 0.689375 0.086250 0.086250