0 0.499375 0.705625 0.081250 0.081250
0 0.912500 0.157500 0.110000 0.110000
0 0.541250 0.370000 0.047500 0.047500
0 0.163125 0.298125 0.111250 0.111250
0 0.498750 0.617500 0.080000 0.080000
0 0.473125 0.248125 0.036250 0.036250
0 0.844375 0.799375 0.111250 0.118750
0 0.239375 0.547500 0.053750 0.057500
0 0.333750 0.892500 0.085000 0.090000
0 0.150000 0.880625 0.102500 0.116250
0 0.676250 0.321250 0.037500 0.047500
0 0.913125 0.596875 0.068750 0.068750
0 0.387500 0.296250 0.037500 0.037500
0 0.693125 0.389375 0.038750 0.031250
0 0.635000 0.071875 0.087500 0.071250
0 0.038125 0.455625 0.043750 0.041250
0 0.179375 0.147500 0.066250 0.110000
0 0.823125 0.521875 0.096250 0.096250
0 0.274375 0.696875 0.086250 0.086250
0 0.895625 0.318125 0.096250 0.096250
0 0.416875 0.775625 0.038750 0.038750
0 0.280625 0.431250 0.103750 0.105000
0 0.663750 0.549375 0.075000 0.076250
0 0.686875 0.910000 0.061250 0.062500
0 0.370000 0.200625 0.082500 0.083750
0 0.560625 0.886875 0.041250 0.041250
0 0.466250 0.457500 0.062500 0.062500
0 0.231250 0.043750 0.040000 0.040000
0 0.706250 0.235000 0.055000 0.055000
0 0.270625 0.295625 0.046250 0.046250
0 0.678125 0.776875 0.078750 0.078750
0 0.594375 0.793125 0.048750 0.048750
0 0.127500 0.568750 0.062500 0.062500
0 0.555625 0.426250 0.051250 0.045000
0 0.780000 0.213125 0.035000 0.031250
0 0.043125 0.741250 0.038750 0.037500
0 0.268125 0.185625 0.066250 0.063750
0 0.947500 0.770000 0.077500 0.075000
0 0.933750 0.943125 0.052500 0.051250
0 0.371250 0.115000 0.057500 0.057500
0 0.380000 0.681250 0.107500 0.107500
0 0.761875 0.308125 0.061250 0.061250
0 0.860000 0.922500 0.067500 0.067500
0 0.721250 0.651875 0.107500 0.108750
0 0.090000 0.088750 0.040000 0.040000
0 0.137500 0.693750 0.097500 0.095000
0 0.586875 0.592500 0.038750 0.040000
0 0.040000 0.381875 0.042500 0.043750
0 0.731250 0.146875 0.035000 0.036250
0 0.493125 0.913125 0.058750 0.061250
0 0.501875 0.789375 0.056250 0.056250
0 0.038125 0.100625 0.048750 0.048750
0 0.604375 0.209375 0.093750 0.093750
0 0.430000 0.843125 0.067500 0.053750
0 0.177500 0.479375 0.080000 0.063750
0 0.279375 0.777500 0.056250 0.045000
0 0.347500 0.540000 0.112500 0.090000
0 0.475000 0.091250 0.110000 0.110000
0 0.718750 0.067500 0.060000 0.060000
0 0.564375 0.516875 0.078750 0.078750
0 0.774375 0.413125 0.103750 0.096250
0 0.800000 0.057500 0.065000 0.060000
0 0.607500 0.685000 0.080000 0.080000
0 0.363750 0.450000 0.037500 0.037500
0 0.053125 0.886875 0.063750 0.063750
0 0.951250 0.432500 0.067500 0.067500
0 0.121875 0.171875 0.031250 0.036250
0 0.070000 0.223750 0.047500 0.047500
0 0.159375 0.770625 0.026250 0.026250