0 0.400625 0.504375 0.066250 0.066250
0 0.215000 0.741875 0.047500 0.033750
0 0.575000 0.245000 0.080000 0.080000
0 0.123125 0.918125 0.086250 0.086250
0 0.114375 0.344375 0.028750 0.028750
0 0.940625 0.505625 0.093750 0.093750
0 0.776250 0.540000 0.085000 0.085000
0 0.675625 0.756875 0.081250 0.081250
0 0.779375 0.783750 0.061250 0.052500
0 0.099375 0.749375 0.043750 0.043750
0 0.260625 0.685000 0.091250 0.055000
0 0.394375 0.816875 0.043750 0.026250
0 0.578125 0.083750 0.033750 0.020000
0 0.340000 0.829375 0.027500 0.016250
0 0.710625 0.945625 0.043750 0.043750
0 0.088125 0.139375 0.106250 0.106250
0 0.768750 0.232500 0.065000 0.065000
0 0.117500 0.458750 0.097500 0.097500
0 0.576250 0.635625 0.067500 0.061250
0 0.390625 0.361875 0.076250 0.068750
0 0.392500 0.196250 0.050000 0.045000
0 0.396875 0.268125 0.083750 0.076250
0 0.545000 0.441250 0.102500 0.090000
0 0.171250 0.590000 0.112500 0.100000
0 0.931875 0.389375 0.093750 0.106250
0 0.478125 0.133125 0.081250 0.093750
0 0.934375 0.682500 0.091250 0.105000
0 0.651250 0.406875 0.075000 0.086250
0 0.787500 0.070000 0.097500 0.097500
0 0.220625 0.110625 0.076250 0.076250
0 0.674375 0.130625 0.101250 0.101250
0 0.912500 0.792500 0.082500 0.082500
0 0.541875 0.874375 0.096250 0.096250
0 0.540625 0.758125 0.101250 0.101250
0 0.114375 0.244375 0.053750 0.053750
0 0.218125 0.856875 0.076250 0.076250
0 0.676875 0.576875 0.083750 0.083750
0 0.318125 0.461875 0.038750 0.043750
0 0.703750 0.317500 0.085000 0.065000
0 0.433750 0.887500 0.080000 0.077500
0 0.850000 0.319375 0.037500 0.038750
0 0.396875 0.671250 0.103750 0.107500
0 0.792500 0.686250 0.110000 0.115000
0 0.266875 0.613750 0.033750 0.035000
0 0.236250 0.225625 0.072500 0.071250
0 0.408125 0.095000 0.033750 0.040000
0 0.941250 0.236875 0.090000 0.108750
0 0.466250 0.226250 0.040000 0.047500
0 0.271250 0.373125 0.077500 0.093750
0 0.671875 0.647500 0.043750 0.042500
0 0.897500 0.920000 0.077500 0.070000
0 0.322500 0.079375 0.035000 0.028750
0 0.763125 0.418750 0.031250 0.025000
0 0.496875 0.555625 0.028750 0.023750
0 0.290000 0.935000 0.075000 0.052500
0 0.798750 0.869375 0.100000 0.071250
0 0.311875 0.564375 0.043750 0.038750
0 0.895625 0.123125 0.086250 0.076250
0 0.645000 0.946875 0.025000 0.021250
0 0.130625 0.040625 0.063750 0.056250
0 0.565000 0.145000 0.077500 0.067500
0 0.056875 0.570625 0.088750 0.088750