0 0.113125 0.525000 0.051250 0.030000
0 0.906250 0.271250 0.037500 0.022500
0 0.536875 0.879375 0.088750 0.088750
0 0.123125 0.170625 0.056250 0.053750
0 0.085000 0.453750 0.060000 0.057500
0 0.796250 0.770000 0.065000 0.062500
0 0.223750 0.189375 0.027500 0.026250
0 0.353750 0.665625 0.042500 0.041250
0 0.678125 0.620000 0.053750 0.052500
0 0.600625 0.345625 0.108750 0.108750
0 0.574375 0.674375 0.083750 0.083750
0 0.643750 0.165000 0.080000 0.080000
0 0.410000 0.381250 0.102500 0.102500
0 0.376250 0.180000 0.092500 0.092500
0 0.419375 0.679375 0.068750 0.068750
0 0.892500 0.127500 0.087500 0.087500
0 0.905000 0.915625 0.072500 0.063750
0 0.280625 0.073125 0.078750 0.078750
0 0.551250 0.135000 0.052500 0.052500
0 0.536875 0.550000 0.028750 0.032500
0 0.270000 0.843750 0.052500 0.060000
0 0.775625 0.064375 0.051250 0.058750
0 0.910625 0.767500 0.096250 0.110000
0 0.766875 0.909375 0.111250 0.111250
0 0.855625 0.581875 0.038750 0.038750
0 0.274375 0.583125 0.088750 0.088750
0 0.716250 0.488750 0.092500 0.092500
0 0.210625 0.695000 0.078750 0.092500
0 0.531875 0.755625 0.053750 0.063750
0 0.911250 0.381250 0.110000 0.130000
0 0.535000 0.491250 0.052500 0.052500
0 0.108125 0.303125 0.046250 0.046250
0 0.672500 0.782500 0.092500 0.092500
0 0.778125 0.391875 0.071250 0.071250
0 0.173125 0.771875 0.046250 0.046250
0 0.071875 0.885625 0.103750 0.103750
0 0.391250 0.842500 0.097500 0.097500
0 0.356250 0.923750 0.042500 0.042500
0 0.787500 0.243750 0.100000 0.100000
0 0.153750 0.073750 0.067500 0.067500
0 0.101875 0.723125 0.073750 0.073750
0 0.653125 0.943125 0.058750 0.036250
0 0.692500 0.412500 0.025000 0.025000
0 0.958750 0.608750 0.032500 0.032500
0 0.385000 0.047500 0.045000 0.047500
0 0.865625 0.506250 0.061250 0.065000
0 0.401875 0.585000 0.038750 0.040000
0 0.700625 0.697500 0.046250 0.045000
0 0.294375 0.308125 0.096250 0.096250
0 0.174375 0.345625 0.026250 0.026250
0 0.268125 0.485625 0.093750 0.068750
0 0.051250 0.270000 0.050000 0.050000
0 0.083750 0.603750 0.112500 0.112500
0 0.063750 0.070000 0.040000 0.040000
0 0.493125 0.643125 0.036250 0.036250
0 0.405000 0.477500 0.102500 0.072500
0 0.949375 0.540000 0.048750 0.047500
0 0.309375 0.427500 0.028750 0.025000
0 0.275625 0.926250 0.091250 0.080000
0 0.597500 0.488125 0.047500 0.041250
0 0.323750 0.731875 0.050000 0.048750