0 0.047500 0.213125 0.030000 0.026250
0 0.238125 0.084375 0.038750 0.036250
0 0.322500 0.895000 0.052500 0.050000
0 0.503750 0.289375 0.092500 0.088750
0 0.848125 0.795625 0.073750 0.071250
0 0.558750 0.101875 0.042500 0.041250
0 0.771875 0.573125 0.081250 0.078750
0 0.077500 0.805000 0.095000 0.092500
0 0.133750 0.341250 0.095000 0.092500
0 0.529375 0.644375 0.106250 0.103750
0 0.947500 0.471250 0.072500 0.070000
0 0.538125 0.809375 0.098750 0.096250
0 0.415625 0.050625 0.028750 0.028750
0 0.129375 0.614375 0.101250 0.101250
0 0.915000 0.282500 0.095000 0.095000
0 0.517500 0.515625 0.095000 0.123750
0 0.676250 0.400000 0.082500 0.107500
0 0.305000 0.746875 0.095000 0.123750
0 0.255000 0.449375 0.035000 0.028750
0 0.151875 0.485000 0.071250 0.035000
0 0.921250 0.643125 0.027500 0.013750
0 0.923750 0.125625 0.072500 0.036250
0 0.570000 0.936250 0.025000 0.025000
0 0.709375 0.126875 0.101250 0.101250
0 0.045000 0.460000 0.032500 0.032500
0 0.917500 0.543750 0.037500 0.037500
0 0.237500 0.862500 0.070000 0.070000
0 0.676875 0.700625 0.053750 0.053750
0 0.428750 0.267500 0.042500 0.042500
0 0.112500 0.141250 0.072500 0.072500
0 0.859375 0.946875 0.053750 0.053750
0 0.621875 0.576875 0.063750 0.063750
0 0.308750 0.500625 0.067500 0.048750
0 0.345000 0.251875 0.077500 0.056250
0 0.718125 0.276250 0.106250 0.077500
0 0.419375 0.390000 0.041250 0.030000
0 0.874375 0.378125 0.031250 0.031250
0 0.303125 0.611875 0.111250 0.111250
0 0.165625 0.921875 0.056250 0.056250
0 0.866250 0.881250 0.032500 0.032500
0 0.400625 0.874375 0.053750 0.053750
0 0.527500 0.167500 0.072500 0.072500
0 0.223125 0.221875 0.108750 0.108750
0 0.615000 0.070000 0.025000 0.025000
0 0.692500 0.843125 0.082500 0.053750
0 0.863125 0.540625 0.041250 0.026250
0 0.813750 0.457500 0.105000 0.105000
0 0.483750 0.056250 0.060000 0.060000
0 0.478125 0.929375 0.073750 0.073750
0 0.804375 0.689375 0.096250 0.093750
0 0.935625 0.704375 0.061250 0.061250
0 0.206875 0.425625 0.043750 0.043750
0 0.405625 0.779375 0.071250 0.071250
0 0.278125 0.943125 0.031250 0.031250
0 0.579375 0.401250 0.056250 0.067500
0 0.102500 0.033125 0.035000 0.041250
0 0.791250 0.912500 0.065000 0.077500
0 0.513125 0.417500 0.031250 0.037500
0 0.305625 0.114375 0.081250 0.073750
0 0.226875 0.711250 0.036250 0.032500
0 0.598125 0.261250 0.028750 0.025000
0 0.956875 0.178125 0.053750 0.043750
0 0.945000 0.375625 0.057500 0.046250
0 0.159375 0.705625 0.026250 0.026250
0 0.287500 0.363750 0.080000 0.105000
0 0.408125 0.563125 0.071250 0.093750
0 0.433125 0.703750 0.053750 0.065000
0 0.616875 0.205625 0.043750 0.021250
0 0.149375 0.846250 0.026250 0.012500
0 0.628750 0.925000 0.070000 0.070000
0 0.216250 0.660000 0.047500 0.047500
0 0.936250 0.811250 0.045000 0.045000
0 0.390625 0.325625 0.048750 0.046250
0 0.041875 0.881875 0.048750 0.046250
0 0.712500 0.925625 0.062500 0.058750
0 0.916250 0.055000 0.082500 0.065000
0 0.641250 0.758750 0.027500 0.027500
0 0.398750 0.121250 0.060000 0.075000