0 0.344375 0.174375 0.088750 0.088750
0 0.150625 0.226875 0.096250 0.096250
0 0.467500 0.370000 0.055000 0.055000
0 0.651875 0.138125 0.076250 0.076250
0 0.115000 0.077500 0.055000 0.055000
0 0.576250 0.367500 0.057500 0.057500
0 0.664375 0.466875 0.033750 0.033750
0 0.271875 0.875625 0.108750 0.108750
0 0.319375 0.343125 0.048750 0.048750
0 0.087500 0.483125 0.062500 0.061250
0 0.409375 0.278125 0.098750 0.098750
0 0.622500 0.647500 0.035000 0.032500
0 0.194375 0.676875 0.073750 0.068750
0 0.840625 0.783125 0.061250 0.056250
0 0.952500 0.835000 0.067500 0.067500
0 0.688750 0.308750 0.105000 0.105000
0 0.694375 0.390625 0.033750 0.033750
0 0.628750 0.551875 0.025000 0.031250
0 0.659375 0.918125 0.081250 0.081250
0 0.514375 0.548125 0.093750 0.093750
0 0.081875 0.599375 0.088750 0.088750
0 0.562500 0.146250 0.040000 0.040000
0 0.545625 0.766875 0.028750 0.028750
0 0.907500 0.379375 0.080000 0.076250
0 0.200625 0.386875 0.106250 0.106250
0 0.856250 0.466250 0.080000 0.080000
0 0.785000 0.848750 0.092500 0.055000
0 0.876875 0.265625 0.111250 0.111250
0 0.603750 0.063125 0.057500 0.046250
0 0.801875 0.607500 0.041250 0.032500
0 0.215625 0.789375 0.036250 0.036250
0 0.502500 0.652500 0.097500 0.097500
0 0.210625 0.513125 0.091250 0.091250
0 0.961250 0.499375 0.052500 0.046250
0 0.223750 0.091250 0.065000 0.057500
0 0.488750 0.853750 0.037500 0.032500
0 0.576250 0.295625 0.027500 0.026250
0 0.309375 0.455625 0.091250 0.088750
0 0.403125 0.545000 0.053750 0.052500
0 0.765625 0.493750 0.053750 0.052500
0 0.461250 0.137500 0.102500 0.102500
0 0.118125 0.929375 0.076250 0.076250
0 0.133125 0.133125 0.061250 0.031250
0 0.414375 0.619375 0.051250 0.026250
0 0.439375 0.910000 0.043750 0.022500
0 0.918750 0.945625 0.105000 0.053750
0 0.446250 0.428750 0.027500 0.027500
0 0.871875 0.601250 0.073750 0.075000
0 0.092500 0.826875 0.055000 0.056250
0 0.801875 0.129375 0.031250 0.031250
0 0.711875 0.535625 0.036250 0.036250
0 0.385000 0.908750 0.047500 0.047500
0 0.394375 0.713125 0.051250 0.051250
0 0.324375 0.088750 0.086250 0.067500
0 0.036875 0.940625 0.033750 0.023750
0 0.300000 0.267500 0.075000 0.075000
0 0.838125 0.710625 0.056250 0.056250
0 0.295000 0.693750 0.060000 0.060000
0 0.313750 0.587500 0.095000 0.095000
0 0.498750 0.795000 0.040000 0.040000
0 0.922500 0.077500 0.112500 0.112500
0 0.741875 0.748125 0.073750 0.073750
0 0.562500 0.217500 0.075000 0.075000
0 0.752500 0.646250 0.030000 0.030000
0 0.388125 0.805625 0.083750 0.083750
0 0.741875 0.185625 0.063750 0.063750
0 0.588125 0.793125 0.026250 0.026250