0 0.088125 0.436875 0.058750 0.041250
0 0.885625 0.767500 0.028750 0.020000
0 0.634375 0.474375 0.106250 0.106250
0 0.351875 0.623125 0.056250 0.056250
0 0.449375 0.646875 0.078750 0.078750
0 0.624375 0.573750 0.043750 0.045000
0 0.719375 0.716250 0.108750 0.132500
0 0.273750 0.215000 0.057500 0.070000
0 0.349375 0.539375 0.048750 0.058750
0 0.655625 0.280625 0.073750 0.073750
0 0.523125 0.525625 0.096250 0.096250
0 0.271875 0.298125 0.068750 0.068750
0 0.804375 0.407500 0.091250 0.092500
0 0.328750 0.365625 0.025000 0.038750
0 0.671875 0.183125 0.033750 0.033750
0 0.509375 0.750625 0.103750 0.103750
0 0.699375 0.103125 0.031250 0.031250
0 0.570000 0.868750 0.092500 0.092500
0 0.327500 0.317500 0.027500 0.027500
0 0.201250 0.401250 0.080000 0.080000
0 0.838750 0.932500 0.080000 0.080000
0 0.410625 0.299375 0.096250 0.093750
0 0.286875 0.540000 0.058750 0.057500
0 0.106250 0.588125 0.042500 0.041250
0 0.621875 0.077500 0.038750 0.037500
0 0.442500 0.886875 0.112500 0.101250
0 0.073125 0.663750 0.063750 0.057500
0 0.236875 0.660625 0.068750 0.061250
0 0.856875 0.185625 0.108750 0.108750
0 0.765625 0.514375 0.043750 0.058750
0 0.761875 0.580625 0.046250 0.056250
0 0.734375 0.279375 0.048750 0.048750
0 0.436250 0.416250 0.057500 0.057500
0 0.249375 0.879375 0.041250 0.041250
0 0.504375 0.139375 0.051250 0.051250
0 0.121250 0.781250 0.052500 0.052500
0 0.882500 0.061875 0.047500 0.046250
0 0.678750 0.882500 0.097500 0.095000
0 0.090625 0.861250 0.033750 0.032500
0 0.283125 0.763125 0.078750 0.076250
0 0.561250 0.336250 0.087500 0.087500
0 0.099375 0.519375 0.033750 0.033750
0 0.158125 0.110625 0.091250 0.091250
0 0.095000 0.275000 0.097500 0.097500
0 0.161875 0.860625 0.071250 0.071250
0 0.200625 0.773125 0.068750 0.068750
0 0.793750 0.842500 0.085000 0.085000
0 0.401875 0.111875 0.101250 0.101250