0 0.645625 0.039375 0.048750 0.048750
0 0.914375 0.478125 0.051250 0.051250
0 0.798750 0.585000 0.087500 0.087500
0 0.805625 0.804375 0.031250 0.031250
0 0.927500 0.327500 0.105000 0.105000
0 0.178750 0.340000 0.062500 0.062500
0 0.749375 0.459375 0.093750 0.093750
0 0.110625 0.549375 0.028750 0.028750
0 0.073750 0.828750 0.080000 0.080000
0 0.149375 0.656250 0.101250 0.095000
0 0.487500 0.341875 0.110000 0.143750
0 0.734375 0.100625 0.041250 0.053750
0 0.219375 0.511875 0.108750 0.141250
0 0.761250 0.189375 0.062500 0.081250
0 0.400000 0.238750 0.035000 0.035000
0 0.554375 0.623125 0.028750 0.033750
0 0.166250 0.245000 0.080000 0.095000
0 0.680625 0.878125 0.026250 0.026250
0 0.816875 0.254375 0.031250 0.031250
0 0.345000 0.858750 0.092500 0.092500
0 0.579375 0.798125 0.098750 0.098750
0 0.840625 0.496250 0.066250 0.045000
0 0.814375 0.095625 0.086250 0.058750
0 0.464375 0.236875 0.068750 0.046250
0 0.350625 0.429375 0.058750 0.053750
0 0.943750 0.777500 0.062500 0.062500
0 0.238750 0.772500 0.070000 0.070000
0 0.855000 0.687500 0.097500 0.097500
0 0.743750 0.923125 0.062500 0.058750
0 0.082500 0.941250 0.060000 0.060000
0 0.648125 0.628125 0.038750 0.038750
0 0.760625 0.656875 0.033750 0.033750
0 0.065000 0.390000 0.057500 0.057500
0 0.273750 0.686250 0.032500 0.032500
0 0.455625 0.074375 0.036250 0.036250
0 0.569375 0.495625 0.096250 0.096250
0 0.057500 0.686875 0.032500 0.026250
0 0.670000 0.691250 0.062500 0.062500
0 0.115625 0.078125 0.106250 0.106250
0 0.663750 0.475000 0.047500 0.047500
0 0.273750 0.636250 0.025000 0.025000
0 0.281875 0.301875 0.108750 0.108750
0 0.404375 0.601875 0.038750 0.038750
0 0.704375 0.351875 0.086250 0.086250
0 0.923125 0.083750 0.046250 0.040000
0 0.891875 0.878125 0.066250 0.063750
0 0.225000 0.149375 0.057500 0.058750
0 0.607500 0.933750 0.037500 0.032500
0 0.192500 0.866250 0.100000 0.087500
0 0.655000 0.166875 0.092500 0.081250
0 0.373750 0.744375 0.065000 0.058750
0 0.332500 0.111250 0.100000 0.090000
0 0.715000 0.796250 0.107500 0.097500
0 0.131250 0.483750 0.035000 0.035000
0 0.470625 0.484375 0.086250 0.086250
0 0.487500 0.818750 0.050000 0.050000
0 0.534375 0.081250 0.041250 0.052500
0 0.391875 0.531875 0.046250 0.058750
0 0.064375 0.639375 0.041250 0.046250
0 0.479375 0.661875 0.091250 0.103750
0 0.700000 0.241250 0.040000 0.045000
0 0.481250 0.938750 0.062500 0.070000
0 0.818125 0.386875 0.043750 0.036250
0 0.928750 0.037500 0.060000 0.037500
0 0.831250 0.336250 0.050000 0.050000
0 0.321875 0.563125 0.058750 0.058750
0 0.942500 0.562500 0.090000 0.090000
0 0.604375 0.285000 0.078750 0.085000
0 0.068750 0.760000 0.035000 0.037500
0 0.227500 0.045000 0.030000 0.032500
0 0.905000 0.200625 0.077500 0.083750
0 0.460000 0.146250 0.092500 0.092500