0 0.450000 0.885000 0.040000 0.040000
0 0.291250 0.592500 0.092500 0.092500
0 0.502500 0.380000 0.032500 0.032500
0 0.222500 0.298750 0.045000 0.045000
0 0.691250 0.583750 0.065000 0.065000
0 0.695000 0.825000 0.107500 0.107500
0 0.663125 0.206250 0.063750 0.062500
0 0.290625 0.084375 0.086250 0.056250
0 0.695000 0.356250 0.102500 0.067500
0 0.108750 0.115000 0.092500 0.060000
0 0.931250 0.065000 0.095000 0.062500
0 0.283125 0.486875 0.093750 0.093750
0 0.870625 0.223125 0.093750 0.093750
0 0.483750 0.727500 0.097500 0.097500
0 0.572500 0.173750 0.082500 0.082500
0 0.319375 0.916875 0.063750 0.063750
0 0.930000 0.730000 0.055000 0.045000
0 0.465000 0.478125 0.072500 0.058750
0 0.531250 0.086250 0.035000 0.042500
0 0.113750 0.419375 0.042500 0.051250
0 0.783750 0.465625 0.112500 0.136250
0 0.221250 0.880625 0.080000 0.076250
0 0.555000 0.619375 0.105000 0.101250
0 0.938750 0.561875 0.092500 0.088750
0 0.107500 0.729375 0.030000 0.028750
0 0.447500 0.315625 0.075000 0.073750
0 0.816875 0.656250 0.081250 0.080000
0 0.414375 0.070000 0.068750 0.067500
0 0.082500 0.216250 0.085000 0.085000
0 0.843750 0.806250 0.090000 0.090000
0 0.664375 0.438125 0.073750 0.073750
0 0.236875 0.226875 0.081250 0.081250
0 0.350000 0.196875 0.030000 0.046250
0 0.500000 0.190000 0.047500 0.072500
0 0.180000 0.549375 0.095000 0.146250
0 0.777500 0.161875 0.072500 0.066250
0 0.071250 0.820000 0.025000 0.022500
0 0.523750 0.827500 0.062500 0.057500
0 0.946875 0.408750 0.056250 0.055000
0 0.815000 0.915625 0.030000 0.028750
0 0.945000 0.825000 0.065000 0.062500
0 0.353125 0.365625 0.088750 0.088750
0 0.111875 0.916875 0.111250 0.111250
0 0.198125 0.059375 0.053750 0.053750
0 0.898750 0.122500 0.035000 0.035000
0 0.508750 0.930000 0.027500 0.027500
0 0.208750 0.732500 0.035000 0.035000
0 0.885625 0.929375 0.076250 0.076250
0 0.041250 0.515000 0.042500 0.042500
0 0.740000 0.041250 0.072500 0.052500
0 0.584375 0.307500 0.076250 0.055000
0 0.396875 0.705000 0.041250 0.037500
0 0.850625 0.120000 0.043750 0.040000
0 0.465625 0.546250 0.046250 0.042500
0 0.356875 0.266875 0.051250 0.051250
0 0.303125 0.736250 0.111250 0.107500
0 0.062500 0.627500 0.092500 0.092500
0 0.725000 0.937500 0.050000 0.047500
0 0.048125 0.471875 0.028750 0.026250
0 0.967500 0.660000 0.040000 0.040000
0 0.440000 0.640000 0.055000 0.057500
0 0.566250 0.460000 0.097500 0.097500
0 0.610625 0.083125 0.043750 0.043750
0 0.689375 0.694375 0.086250 0.086250
0 0.121250 0.806250 0.055000 0.055000
0 0.162500 0.360000 0.047500 0.047500
0 0.080000 0.345000 0.047500 0.057500
0 0.424375 0.158125 0.086250 0.086250
0 0.337500 0.837500 0.070000 0.070000
0 0.835625 0.341875 0.061250 0.061250
0 0.706250 0.106250 0.052500 0.052500
0 0.131875 0.031875 0.038750 0.033750
0 0.162500 0.299375 0.047500 0.048750
0 0.953750 0.326250 0.062500 0.062500
0 0.366250 0.546250 0.042500 0.042500
0 0.355625 0.116875 0.026250 0.026250
0 0.415625 0.933125 0.041250 0.041250
0 0.456250 0.811250 0.025000 0.025000