0 0.122500 0.195625 0.047500 0.018750
0 0.259375 0.047500 0.048750 0.057500
0 0.615625 0.504375 0.071250 0.071250
0 0.798750 0.077500 0.085000 0.085000
0 0.308125 0.340625 0.108750 0.108750
0 0.652500 0.101250 0.025000 0.025000
0 0.193750 0.444375 0.100000 0.103750
0 0.371875 0.726875 0.098750 0.098750
0 0.952500 0.390000 0.035000 0.032500
0 0.123750 0.673750 0.037500 0.045000
0 0.706250 0.840000 0.097500 0.082500
0 0.042500 0.543125 0.055000 0.046250
0 0.871875 0.763125 0.101250 0.086250
0 0.573125 0.812500 0.063750 0.072500
0 0.874375 0.623750 0.061250 0.070000
0 0.646875 0.305625 0.033750 0.033750
0 0.652500 0.201875 0.107500 0.106250
0 0.853125 0.246250 0.078750 0.077500
0 0.756250 0.261875 0.075000 0.073750
0 0.238750 0.581875 0.057500 0.063750
0 0.568125 0.620625 0.106250 0.118750
0 0.838125 0.511875 0.108750 0.121250
0 0.360000 0.525000 0.067500 0.075000
0 0.945000 0.865625 0.070000 0.083750
0 0.537500 0.095625 0.045000 0.043750
0 0.500000 0.789375 0.050000 0.048750
0 0.051250 0.316250 0.062500 0.062500
0 0.125000 0.922500 0.067500 0.067500
0 0.770625 0.940625 0.026250 0.026250
0 0.181875 0.095625 0.031250 0.031250
0 0.524375 0.493125 0.053750 0.056250
0 0.421875 0.343125 0.071250 0.071250
0 0.603750 0.421250 0.072500 0.072500
0 0.938750 0.077500 0.057500 0.057500
0 0.896875 0.324375 0.028750 0.028750
0 0.732500 0.377500 0.085000 0.102500
0 0.255000 0.206250 0.110000 0.107500
0 0.528750 0.187500 0.105000 0.102500
0 0.195625 0.786875 0.041250 0.041250
0 0.261250 0.918750 0.105000 0.105000
0 0.383125 0.208125 0.108750 0.108750
0 0.744375 0.590000 0.063750 0.067500
0 0.055625 0.095625 0.066250 0.058750
0 0.826875 0.860000 0.073750 0.050000
0 0.450000 0.047500 0.045000 0.045000
0 0.373750 0.612500 0.027500 0.027500
0 0.189375 0.329375 0.103750 0.103750
0 0.700000 0.683750 0.080000 0.080000
0 0.717500 0.498750 0.072500 0.072500
0 0.091875 0.814375 0.068750 0.113750
0 0.835000 0.357500 0.052500 0.087500
0 0.451250 0.446250 0.075000 0.075000
0 0.380625 0.835625 0.083750 0.061250
0 0.448125 0.581250 0.088750 0.090000
0 0.596250 0.915000 0.077500 0.077500
0 0.086250 0.410000 0.067500 0.067500
0 0.521875 0.291875 0.068750 0.068750
0 0.952500 0.628125 0.057500 0.046250
0 0.146875 0.551875 0.076250 0.076250
0 0.727500 0.077500 0.030000 0.030000
0 0.358750 0.933750 0.060000 0.060000
0 0.238125 0.701875 0.086250 0.086250
0 0.051875 0.629375 0.078750 0.078750
0 0.839375 0.934375 0.076250 0.076250
0 0.300625 0.839375 0.036250 0.036250
0 0.073125 0.153125 0.041250 0.041250
0 0.431250 0.951875 0.032500 0.031250
0 0.126875 0.089375 0.058750 0.058750
0 0.538750 0.395000 0.042500 0.042500
0 0.380000 0.070000 0.070000 0.070000
0 0.353125 0.430625 0.071250 0.051250
0 0.645000 0.053750 0.027500 0.027500
0 0.563750 0.726875 0.062500 0.063750
0 0.480000 0.866250 0.025000 0.025000
0 0.941875 0.199375 0.083750 0.073750
0 0.463750 0.720000 0.062500 0.055000
0 0.307500 0.072500 0.025000 0.025000