0 0.202500 0.213750 0.035000 0.050000
0 0.829375 0.746250 0.108750 0.155000
0 0.735000 0.071250 0.065000 0.092500
0 0.390000 0.218750 0.040000 0.040000
0 0.294375 0.475625 0.043750 0.043750
0 0.195000 0.058750 0.077500 0.077500
0 0.612500 0.123750 0.097500 0.097500
0 0.098125 0.601875 0.038750 0.038750
0 0.131250 0.894375 0.070000 0.076250
0 0.721875 0.576875 0.076250 0.076250
0 0.649375 0.915625 0.026250 0.028750
0 0.240000 0.285625 0.035000 0.038750
0 0.823750 0.608750 0.085000 0.095000
0 0.921875 0.330625 0.033750 0.033750
0 0.047500 0.258750 0.030000 0.030000
0 0.511250 0.036875 0.035000 0.033750
0 0.693125 0.733125 0.058750 0.056250
0 0.531875 0.425000 0.088750 0.062500
0 0.458125 0.639375 0.073750 0.076250
0 0.500000 0.340625 0.060000 0.063750
0 0.211250 0.824375 0.032500 0.033750
0 0.376875 0.585625 0.046250 0.048750
0 0.312500 0.850000 0.045000 0.047500
0 0.286250 0.346250 0.042500 0.042500
0 0.419375 0.068125 0.078750 0.078750
0 0.928750 0.687500 0.055000 0.055000
0 0.455000 0.828750 0.092500 0.092500
0 0.868750 0.482500 0.105000 0.105000
0 0.652500 0.276250 0.045000 0.045000
0 0.404375 0.290625 0.028750 0.028750
0 0.605000 0.636875 0.070000 0.071250
0 0.885000 0.196250 0.105000 0.105000
0 0.541875 0.241875 0.056250 0.056250
0 0.281250 0.631250 0.065000 0.065000
0 0.055000 0.147500 0.067500 0.067500
0 0.931250 0.787500 0.055000 0.105000
0 0.558125 0.824375 0.056250 0.056250
0 0.731875 0.363125 0.083750 0.068750
0 0.038750 0.856250 0.050000 0.040000
0 0.073125 0.681875 0.056250 0.046250
0 0.053750 0.451250 0.077500 0.062500
0 0.371250 0.736875 0.060000 0.048750
0 0.212500 0.501250 0.100000 0.100000
0 0.486250 0.922500 0.070000 0.070000
0 0.209375 0.745625 0.096250 0.096250
0 0.334375 0.229375 0.053750 0.053750
0 0.125000 0.246250 0.105000 0.105000
0 0.064375 0.046875 0.063750 0.063750
0 0.612500 0.518750 0.105000 0.105000
0 0.902500 0.899375 0.030000 0.038750
0 0.402500 0.928750 0.035000 0.045000
0 0.356250 0.406875 0.030000 0.038750
0 0.181250 0.621875 0.060000 0.086250
0 0.787500 0.168750 0.075000 0.075000
0 0.813125 0.881875 0.051250 0.051250
0 0.647500 0.851250 0.062500 0.062500
0 0.603750 0.948125 0.037500 0.041250
0 0.839375 0.342500 0.091250 0.102500
0 0.536250 0.086250 0.030000 0.030000
0 0.063125 0.799375 0.031250 0.031250