0 0.310625 0.493125 0.101250 0.093750
0 0.933125 0.618125 0.108750 0.108750
0 0.715000 0.271250 0.070000 0.070000
0 0.440625 0.687500 0.033750 0.035000
0 0.333750 0.767500 0.045000 0.047500
0 0.457500 0.094375 0.085000 0.088750
0 0.203125 0.278125 0.031250 0.031250
0 0.610000 0.760000 0.105000 0.105000
0 0.681250 0.371875 0.107500 0.091250
0 0.740000 0.070000 0.082500 0.095000
0 0.387500 0.086875 0.027500 0.023750
0 0.727500 0.582500 0.042500 0.037500
0 0.160000 0.497500 0.110000 0.110000
0 0.628750 0.616250 0.055000 0.055000
0 0.888125 0.088125 0.103750 0.103750
0 0.640000 0.871250 0.075000 0.075000
0 0.801875 0.608125 0.033750 0.033750
0 0.712500 0.498750 0.100000 0.100000
0 0.273750 0.630000 0.105000 0.112500
0 0.273750 0.391875 0.027500 0.028750
0 0.532500 0.865000 0.072500 0.072500
0 0.313750 0.203750 0.095000 0.095000
0 0.832500 0.396250 0.092500 0.092500
0 0.708750 0.720625 0.042500 0.018750
0 0.600000 0.146250 0.107500 0.107500
0 0.946875 0.489375 0.068750 0.068750
0 0.270000 0.063750 0.070000 0.070000
0 0.478125 0.743125 0.056250 0.056250
0 0.938125 0.730625 0.076250 0.061250
0 0.723125 0.866250 0.043750 0.035000
0 0.563750 0.566875 0.045000 0.036250
0 0.830625 0.816875 0.106250 0.106250
0 0.081250 0.718750 0.045000 0.045000
0 0.096875 0.288125 0.101250 0.101250
0 0.263125 0.834375 0.036250 0.036250
0 0.561875 0.279375 0.103750 0.103750
0 0.607500 0.503750 0.055000 0.055000
0 0.157500 0.691250 0.042500 0.042500
0 0.566250 0.402500 0.085000 0.085000
0 0.094375 0.098125 0.101250 0.101250
0 0.181250 0.598750 0.042500 0.042500
0 0.855625 0.929375 0.086250 0.086250
0 0.091875 0.940000 0.086250 0.070000
0 0.836250 0.308750 0.060000 0.047500
0 0.567500 0.656875 0.050000 0.048750
0 0.363750 0.371875 0.092500 0.091250
0 0.385000 0.841875 0.025000 0.023750
0 0.827500 0.707500 0.062500 0.062500
0 0.268125 0.747500 0.041250 0.040000
0 0.843750 0.225000 0.097500 0.090000
0 0.455625 0.609375 0.111250 0.101250
0 0.100000 0.795625 0.095000 0.086250
0 0.373750 0.896250 0.045000 0.040000
0 0.421250 0.286875 0.032500 0.028750
0 0.341250 0.845000 0.027500 0.027500
0 0.180000 0.076250 0.052500 0.052500
0 0.046250 0.488750 0.067500 0.067500
0 0.285000 0.931250 0.037500 0.037500
0 0.529375 0.493125 0.078750 0.078750
0 0.757500 0.187500 0.055000 0.055000
0 0.205625 0.348125 0.083750 0.083750
0 0.569375 0.048125 0.056250 0.056250
0 0.062500 0.603750 0.085000 0.085000
0 0.437500 0.476250 0.077500 0.072500
0 0.845625 0.501250 0.093750 0.087500
0 0.749375 0.933750 0.088750 0.082500
0 0.227500 0.176250 0.027500 0.027500
0 0.933125 0.398125 0.091250 0.091250