0 0.848125 0.673125 0.063750 0.063750
0 0.464375 0.553125 0.081250 0.081250
0 0.597500 0.286250 0.110000 0.110000
0 0.508750 0.415000 0.100000 0.100000
0 0.748750 0.807500 0.040000 0.040000
0 0.643750 0.604375 0.045000 0.043750
0 0.448750 0.763125 0.045000 0.043750
0 0.735000 0.690625 0.040000 0.038750
0 0.170000 0.231875 0.092500 0.168750
0 0.355625 0.603125 0.098750 0.098750
0 0.047500 0.247500 0.052500 0.052500
0 0.219375 0.121875 0.028750 0.028750
0 0.817500 0.915000 0.045000 0.045000
0 0.635625 0.757500 0.106250 0.105000
0 0.713125 0.872500 0.046250 0.045000
0 0.361250 0.156875 0.095000 0.103750
0 0.880000 0.502500 0.060000 0.065000
0 0.919375 0.846875 0.101250 0.111250
0 0.846250 0.151875 0.080000 0.091250
0 0.798750 0.546250 0.080000 0.057500
0 0.090625 0.849375 0.053750 0.053750
0 0.908125 0.224375 0.031250 0.028750
0 0.727500 0.358750 0.110000 0.110000
0 0.224375 0.802500 0.048750 0.052500
0 0.281250 0.423750 0.055000 0.055000
0 0.359375 0.798750 0.083750 0.080000
0 0.542500 0.115000 0.070000 0.067500
0 0.720000 0.621250 0.037500 0.037500
0 0.563125 0.921875 0.106250 0.106250
0 0.101250 0.472500 0.095000 0.095000
0 0.060625 0.106875 0.058750 0.058750
0 0.184375 0.595625 0.031250 0.031250
0 0.325625 0.273125 0.051250 0.051250
0 0.641875 0.494375 0.078750 0.078750
0 0.230000 0.512500 0.085000 0.085000
0 0.639375 0.130625 0.043750 0.043750
0 0.753125 0.213125 0.066250 0.066250
0 0.445625 0.283125 0.098750 0.098750
0 0.525625 0.723125 0.066250 0.066250
0 0.100625 0.746875 0.096250 0.096250
0 0.193750 0.062500 0.072500 0.072500
0 0.385625 0.419375 0.086250 0.086250
0 0.876250 0.414375 0.107500 0.086250
0 0.312500 0.345000 0.035000 0.027500
0 0.951250 0.142500 0.067500 0.067500
0 0.830000 0.726250 0.025000 0.025000
0 0.245000 0.621250 0.075000 0.075000
0 0.442500 0.065000 0.030000 0.030000
0 0.051250 0.032500 0.037500 0.037500
0 0.795000 0.858750 0.050000 0.047500
0 0.806250 0.059375 0.047500 0.046250
0 0.419375 0.934375 0.068750 0.068750
0 0.115625 0.913125 0.058750 0.058750
0 0.883750 0.302500 0.112500 0.112500
0 0.238750 0.878750 0.052500 0.052500