0 0.553125 0.311250 0.046250 0.072500
0 0.042500 0.793750 0.050000 0.062500
0 0.130625 0.455625 0.091250 0.113750
0 0.320625 0.639375 0.033750 0.041250
0 0.758125 0.106250 0.088750 0.110000
0 0.758125 0.514375 0.031250 0.031250
0 0.150000 0.800000 0.075000 0.075000
0 0.741250 0.716250 0.105000 0.105000
0 0.913125 0.515625 0.093750 0.093750
0 0.119375 0.088125 0.088750 0.088750
0 0.300000 0.837500 0.100000 0.100000
0 0.950000 0.163750 0.035000 0.035000
0 0.224375 0.596875 0.086250 0.086250
0 0.623750 0.697500 0.112500 0.112500
0 0.351250 0.472500 0.105000 0.105000
0 0.504375 0.594375 0.111250 0.113750
0 0.409375 0.846875 0.043750 0.043750
0 0.558125 0.101250 0.076250 0.062500
0 0.087500 0.640000 0.032500 0.032500
0 0.046875 0.864375 0.038750 0.036250
0 0.538125 0.436250 0.026250 0.025000
0 0.560625 0.196250 0.078750 0.075000
0 0.663125 0.389375 0.111250 0.111250
0 0.285625 0.748125 0.033750 0.033750
0 0.531875 0.710625 0.051250 0.051250
0 0.408125 0.191250 0.083750 0.085000
0 0.586875 0.886250 0.106250 0.127500
0 0.237500 0.416250 0.100000 0.120000
0 0.776875 0.236250 0.101250 0.090000
0 0.078750 0.313750 0.112500 0.112500
0 0.616250 0.552500 0.092500 0.092500
0 0.835000 0.318750 0.052500 0.052500
0 0.908125 0.705625 0.088750 0.088750
0 0.905000 0.817500 0.082500 0.082500
0 0.673750 0.093750 0.065000 0.065000
0 0.285625 0.135625 0.068750 0.068750
0 0.073125 0.931875 0.078750 0.078750
0 0.231250 0.253125 0.050000 0.051250
0 0.301250 0.260625 0.075000 0.096250
0 0.359375 0.385625 0.043750 0.043750
0 0.460000 0.713750 0.042500 0.042500
0 0.776250 0.441250 0.100000 0.097500
0 0.756250 0.896250 0.065000 0.065000
0 0.188125 0.706875 0.096250 0.096250
0 0.209375 0.113125 0.061250 0.061250
0 0.931875 0.331875 0.081250 0.081250
0 0.920625 0.922500 0.091250 0.080000
0 0.892500 0.063125 0.095000 0.096250
0 0.764375 0.563125 0.031250 0.023750
0 0.379375 0.938750 0.043750 0.045000
0 0.701875 0.583125 0.053750 0.058750
0 0.664375 0.224375 0.088750 0.096250
0 0.393750 0.108125 0.047500 0.051250
0 0.853750 0.226250 0.027500 0.030000
0 0.478125 0.929375 0.086250 0.086250
0 0.406250 0.613125 0.032500 0.028750
0 0.296250 0.046875 0.035000 0.028750
0 0.538750 0.370000 0.030000 0.025000
0 0.400625 0.276250 0.081250 0.067500
0 0.731875 0.838750 0.033750 0.027500
0 0.169375 0.240625 0.036250 0.028750
0 0.956250 0.240000 0.060000 0.047500
0 0.265625 0.516875 0.038750 0.038750
0 0.333750 0.546250 0.025000 0.025000
0 0.114375 0.735625 0.028750 0.028750
0 0.161875 0.954375 0.038750 0.038750
0 0.110000 0.550000 0.050000 0.050000
0 0.221250 0.037500 0.052500 0.047500
0 0.345000 0.740000 0.055000 0.052500
0 0.800625 0.614375 0.056250 0.053750
0 0.315625 0.939375 0.058750 0.058750
0 0.484375 0.381875 0.043750 0.043750
0 0.852500 0.370000 0.035000 0.032500
0 0.792500 0.814375 0.055000 0.061250