0 0.363125 0.433125 0.063750 0.063750
0 0.268750 0.228750 0.037500 0.037500
0 0.126250 0.168750 0.072500 0.070000
0 0.656875 0.447500 0.031250 0.030000
0 0.548125 0.704375 0.066250 0.063750
0 0.833750 0.054375 0.032500 0.031250
0 0.354375 0.887500 0.101250 0.115000
0 0.097500 0.411250 0.057500 0.057500
0 0.665625 0.294375 0.083750 0.083750
0 0.510625 0.802500 0.036250 0.035000
0 0.506875 0.471250 0.051250 0.050000
0 0.280000 0.133125 0.097500 0.096250
0 0.950625 0.868750 0.038750 0.037500
0 0.412500 0.710000 0.100000 0.100000
0 0.145625 0.628125 0.078750 0.078750
0 0.465000 0.267500 0.112500 0.112500
0 0.870625 0.364375 0.091250 0.091250
0 0.189375 0.778125 0.078750 0.068750
0 0.750625 0.825000 0.033750 0.047500
0 0.238750 0.916250 0.042500 0.042500
0 0.608125 0.151875 0.041250 0.041250
0 0.895000 0.176250 0.077500 0.077500
0 0.863125 0.884375 0.038750 0.038750
0 0.675625 0.105625 0.028750 0.028750
0 0.847500 0.622500 0.100000 0.100000
0 0.695000 0.531875 0.105000 0.093750
0 0.531250 0.929375 0.050000 0.043750
0 0.260000 0.520625 0.107500 0.123750
0 0.546250 0.053750 0.027500 0.027500
0 0.459375 0.059375 0.078750 0.078750
0 0.610625 0.815000 0.081250 0.075000
0 0.909375 0.910625 0.031250 0.028750
0 0.083125 0.504375 0.106250 0.098750
0 0.760625 0.928125 0.048750 0.048750
0 0.742500 0.442500 0.050000 0.050000
0 0.417500 0.623750 0.050000 0.040000
0 0.218125 0.394375 0.078750 0.063750
0 0.579375 0.490000 0.043750 0.040000
0 0.970625 0.050625 0.026250 0.023750
0 0.290000 0.675000 0.107500 0.097500
0 0.963125 0.409375 0.031250 0.031250
0 0.556250 0.382500 0.062500 0.062500
0 0.122500 0.891250 0.100000 0.100000
0 0.740000 0.077500 0.085000 0.085000
0 0.738750 0.742500 0.087500 0.087500
0 0.818125 0.537500 0.033750 0.040000
0 0.666250 0.610625 0.030000 0.036250
0 0.961250 0.750000 0.037500 0.045000
0 0.906250 0.745000 0.052500 0.070000
0 0.956250 0.500625 0.062500 0.073750
0 0.380000 0.283750 0.032500 0.027500
0 0.145000 0.298750 0.075000 0.075000
0 0.555625 0.568750 0.093750 0.095000
0 0.030625 0.303125 0.036250 0.036250
0 0.650625 0.911250 0.073750 0.090000
0 0.940000 0.656250 0.037500 0.030000
0 0.404375 0.169375 0.051250 0.056250