0 0.447500 0.775000 0.092500 0.092500
0 0.382500 0.398750 0.052500 0.052500
0 0.752500 0.220000 0.095000 0.095000
0 0.226250 0.774375 0.035000 0.031250
0 0.825625 0.527500 0.038750 0.035000
0 0.225625 0.551250 0.101250 0.095000
0 0.527500 0.447500 0.087500 0.087500
0 0.917500 0.341250 0.102500 0.102500
0 0.221250 0.193750 0.100000 0.100000
0 0.087500 0.158750 0.092500 0.092500
0 0.688750 0.512500 0.100000 0.102500
0 0.841875 0.048125 0.056250 0.058750
0 0.290000 0.673750 0.047500 0.047500
0 0.473125 0.191875 0.096250 0.088750
0 0.364375 0.315625 0.103750 0.096250
0 0.542500 0.626250 0.067500 0.062500
0 0.147500 0.327500 0.090000 0.090000
0 0.092500 0.887500 0.030000 0.037500
0 0.730625 0.345625 0.098750 0.098750
0 0.139375 0.703125 0.046250 0.046250
0 0.848750 0.741250 0.085000 0.085000
0 0.882500 0.447500 0.092500 0.092500
0 0.756875 0.674375 0.053750 0.053750
0 0.647500 0.238750 0.100000 0.100000
0 0.315625 0.146875 0.063750 0.063750
0 0.475000 0.544375 0.082500 0.078750
0 0.675000 0.766250 0.100000 0.097500
0 0.299375 0.865625 0.106250 0.103750
0 0.291250 0.431250 0.112500 0.110000
0 0.173750 0.425000 0.082500 0.080000
0 0.893750 0.611250 0.065000 0.065000
0 0.788750 0.885000 0.107500 0.107500
0 0.116250 0.548750 0.070000 0.070000
0 0.458125 0.883125 0.051250 0.051250
0 0.379375 0.678125 0.071250 0.086250
0 0.680000 0.911875 0.070000 0.083750
0 0.933125 0.113125 0.073750 0.073750
0 0.916875 0.891875 0.111250 0.111250
0 0.065625 0.439375 0.088750 0.088750
0 0.550000 0.713750 0.047500 0.047500
0 0.598750 0.083750 0.025000 0.030000
0 0.054375 0.061875 0.053750 0.053750
0 0.180000 0.871875 0.102500 0.101250
0 0.497500 0.318750 0.107500 0.107500
0 0.197500 0.086250 0.027500 0.027500
0 0.063750 0.735000 0.060000 0.060000
0 0.121250 0.626250 0.040000 0.040000
0 0.673125 0.123125 0.076250 0.076250
0 0.456875 0.683125 0.051250 0.051250
0 0.824375 0.334375 0.046250 0.048750
0 0.395625 0.585000 0.036250 0.037500
0 0.064375 0.300000 0.036250 0.037500
0 0.876875 0.204375 0.073750 0.073750
0 0.595000 0.362500 0.062500 0.062500
0 0.697500 0.664375 0.042500 0.061250
0 0.423750 0.065625 0.097500 0.101250
0 0.892500 0.537500 0.062500 0.062500
0 0.560625 0.215625 0.026250 0.026250
0 0.543750 0.878750 0.067500 0.067500
0 0.773750 0.121250 0.070000 0.070000
0 0.942500 0.758750 0.045000 0.045000
0 0.626250 0.610000 0.045000 0.045000
0 0.051250 0.356250 0.050000 0.050000
0 0.241875 0.325625 0.043750 0.043750
0 0.527500 0.059375 0.072500 0.071250
0 0.834375 0.126250 0.028750 0.027500
0 0.191250 0.035000 0.037500 0.037500
0 0.431875 0.954375 0.033750 0.033750
0 0.066875 0.815000 0.083750 0.080000
0 0.328125 0.070625 0.068750 0.068750
0 0.328125 0.774375 0.058750 0.058750
0 0.933125 0.683125 0.063750 0.063750