0 0.039375 0.941875 0.036250 0.036250
0 0.587500 0.913750 0.067500 0.067500
0 0.148125 0.318125 0.081250 0.081250
0 0.638750 0.251250 0.110000 0.110000
0 0.927500 0.570625 0.062500 0.076250
0 0.499375 0.372500 0.068750 0.082500
0 0.946250 0.856875 0.067500 0.081250
0 0.416250 0.090000 0.105000 0.105000
0 0.455625 0.533125 0.033750 0.033750
0 0.835625 0.865625 0.058750 0.058750
0 0.645625 0.138750 0.043750 0.042500
0 0.379375 0.726250 0.098750 0.065000
0 0.118125 0.648750 0.106250 0.070000
0 0.759375 0.697500 0.066250 0.042500
0 0.845000 0.375625 0.082500 0.053750
0 0.126875 0.784375 0.093750 0.093750
0 0.226875 0.574375 0.028750 0.028750
0 0.917500 0.095000 0.070000 0.070000
0 0.498750 0.648750 0.092500 0.092500
0 0.138750 0.147500 0.090000 0.090000
0 0.040000 0.405000 0.027500 0.027500
0 0.794375 0.494375 0.106250 0.096250
0 0.764375 0.255625 0.106250 0.096250
0 0.593750 0.352500 0.085000 0.077500
0 0.317500 0.567500 0.095000 0.095000
0 0.570000 0.536250 0.057500 0.070000
0 0.379375 0.422500 0.088750 0.107500
0 0.825625 0.110000 0.078750 0.095000
0 0.801250 0.635625 0.055000 0.063750
0 0.721875 0.383125 0.046250 0.053750
0 0.265000 0.755625 0.082500 0.096250
0 0.308750 0.884375 0.110000 0.128750
0 0.608750 0.676250 0.105000 0.090000
0 0.078750 0.875000 0.065000 0.055000
0 0.151875 0.500625 0.086250 0.073750
0 0.393750 0.317500 0.030000 0.025000
0 0.441875 0.209375 0.098750 0.091250
0 0.661875 0.418125 0.036250 0.033750
0 0.515000 0.821875 0.077500 0.071250
0 0.679375 0.485000 0.088750 0.082500
0 0.732500 0.820000 0.105000 0.105000
0 0.059375 0.345625 0.058750 0.053750
0 0.288750 0.357500 0.072500 0.067500
0 0.741250 0.090625 0.055000 0.051250
0 0.505625 0.537500 0.033750 0.032500
0 0.538750 0.115625 0.032500 0.031250
0 0.318125 0.205625 0.093750 0.091250
0 0.930000 0.717500 0.060000 0.082500
0 0.891875 0.238750 0.046250 0.062500
0 0.713750 0.903125 0.030000 0.038750
0 0.409375 0.649375 0.061250 0.061250
0 0.466250 0.453750 0.030000 0.030000
0 0.941875 0.348125 0.088750 0.088750
0 0.530625 0.460625 0.051250 0.051250
0 0.286875 0.070625 0.101250 0.101250
0 0.659375 0.580625 0.078750 0.078750
0 0.123750 0.423750 0.075000 0.062500
0 0.219375 0.305625 0.038750 0.038750
0 0.643750 0.773125 0.050000 0.043750
0 0.175625 0.913125 0.068750 0.068750
0 0.049375 0.496875 0.061250 0.068750
0 0.670000 0.055000 0.062500 0.070000
0 0.886875 0.927500 0.031250 0.025000
0 0.570000 0.041250 0.040000 0.040000
0 0.507500 0.925000 0.030000 0.030000
0 0.047500 0.147500 0.045000 0.042500
0 0.343750 0.652500 0.032500 0.030000
0 0.258750 0.432500 0.065000 0.065000
0 0.919375 0.448125 0.066250 0.066250
0 0.230625 0.180000 0.048750 0.050000
0 0.126250 0.232500 0.030000 0.030000