0 0.911250 0.095000 0.100000 0.100000
0 0.467500 0.335000 0.097500 0.097500
0 0.865000 0.521250 0.080000 0.080000
0 0.403125 0.509375 0.071250 0.071250
0 0.701250 0.521250 0.025000 0.025000
0 0.376875 0.635625 0.098750 0.071250
0 0.602500 0.343750 0.050000 0.050000
0 0.678125 0.083125 0.033750 0.033750
0 0.618750 0.662500 0.075000 0.075000
0 0.559375 0.119375 0.063750 0.063750
0 0.088750 0.429375 0.110000 0.133750
0 0.313750 0.918750 0.047500 0.057500
0 0.185625 0.350625 0.068750 0.083750
0 0.516875 0.741875 0.048750 0.058750
0 0.092500 0.825625 0.070000 0.078750
0 0.696875 0.036250 0.046250 0.045000
0 0.296250 0.541250 0.090000 0.087500
0 0.788750 0.199375 0.040000 0.038750
0 0.223750 0.230000 0.085000 0.082500
0 0.196250 0.066250 0.042500 0.045000
0 0.452500 0.172500 0.105000 0.105000
0 0.933750 0.658750 0.090000 0.097500
0 0.280625 0.355000 0.066250 0.090000
0 0.808750 0.690000 0.090000 0.090000
0 0.360000 0.427500 0.045000 0.045000
0 0.121875 0.236875 0.103750 0.103750
0 0.771875 0.450625 0.071250 0.071250
0 0.255000 0.697500 0.090000 0.097500
0 0.879375 0.420625 0.081250 0.081250
0 0.960625 0.458125 0.043750 0.043750
0 0.770000 0.615000 0.042500 0.042500
0 0.228125 0.888125 0.106250 0.106250
0 0.526875 0.239375 0.028750 0.028750
0 0.725000 0.285000 0.032500 0.022500
0 0.673125 0.443125 0.111250 0.081250
0 0.450000 0.857500 0.070000 0.067500
0 0.586250 0.876250 0.095000 0.092500
0 0.677500 0.776250 0.077500 0.075000
0 0.155000 0.627500 0.080000 0.077500
0 0.866875 0.900625 0.048750 0.048750
0 0.051250 0.746250 0.035000 0.035000
0 0.573125 0.474375 0.048750 0.048750
0 0.426250 0.738750 0.112500 0.112500
0 0.331875 0.125625 0.096250 0.096250
0 0.948125 0.233125 0.076250 0.076250
0 0.708125 0.170000 0.061250 0.055000
0 0.104375 0.056875 0.041250 0.036250
0 0.512500 0.573750 0.095000 0.092500
0 0.038750 0.162500 0.035000 0.035000
0 0.801875 0.140000 0.071250 0.062500
0 0.950625 0.746250 0.038750 0.027500
0 0.116875 0.912500 0.081250 0.080000
0 0.837500 0.285625 0.047500 0.046250
0 0.425625 0.050000 0.043750 0.042500
0 0.419375 0.574375 0.041250 0.036250
0 0.766250 0.888125 0.107500 0.096250
0 0.924375 0.815625 0.093750 0.093750
0 0.312500 0.255000 0.055000 0.055000
0 0.185000 0.493750 0.032500 0.032500
0 0.663125 0.255625 0.043750 0.043750
0 0.165000 0.125625 0.040000 0.038750
0 0.794375 0.066875 0.026250 0.026250
0 0.570000 0.050000 0.052500 0.052500
0 0.419375 0.257500 0.031250 0.037500
0 0.082500 0.108750 0.050000 0.050000
0 0.419375 0.922500 0.028750 0.025000
0 0.178750 0.416875 0.030000 0.026250
0 0.105000 0.552500 0.035000 0.035000
0 0.676250 0.877500 0.050000 0.050000
0 0.680000 0.333750 0.030000 0.022500
0 0.604375 0.191875 0.063750 0.063750
0 0.715625 0.244375 0.031250 0.031250
0 0.288750 0.800000 0.035000 0.035000
0 0.492500 0.476250 0.085000 0.085000