0 0.619375 0.489375 0.061250 0.061250
0 0.291250 0.343750 0.065000 0.065000
0 0.708750 0.205000 0.087500 0.087500
0 0.908750 0.668750 0.110000 0.097500
0 0.891875 0.300625 0.051250 0.051250
0 0.948125 0.944375 0.031250 0.036250
0 0.496875 0.310000 0.043750 0.050000
0 0.886875 0.108750 0.111250 0.130000
0 0.243125 0.658125 0.108750 0.108750
0 0.245000 0.521250 0.037500 0.037500
0 0.695625 0.763125 0.053750 0.053750
0 0.571875 0.226875 0.093750 0.093750
0 0.306250 0.105625 0.082500 0.081250
0 0.105625 0.687500 0.058750 0.057500
0 0.440000 0.136875 0.035000 0.033750
0 0.208750 0.340625 0.040000 0.038750
0 0.385625 0.846875 0.076250 0.076250
0 0.684375 0.655625 0.026250 0.026250
0 0.196875 0.271875 0.056250 0.056250
0 0.389375 0.380625 0.093750 0.093750
0 0.553125 0.601875 0.078750 0.086250
0 0.571875 0.407500 0.066250 0.072500
0 0.789375 0.380625 0.051250 0.051250
0 0.247500 0.455000 0.080000 0.080000
0 0.759375 0.098125 0.033750 0.033750
0 0.618750 0.125000 0.077500 0.077500
0 0.086875 0.888125 0.026250 0.026250
0 0.386875 0.236875 0.081250 0.081250
0 0.517500 0.773750 0.067500 0.067500
0 0.824375 0.531875 0.101250 0.101250
0 0.041875 0.473125 0.043750 0.043750
0 0.919375 0.385625 0.098750 0.098750
0 0.342500 0.739375 0.070000 0.071250
0 0.450000 0.625625 0.105000 0.106250
0 0.086250 0.151875 0.060000 0.061250
0 0.491250 0.528750 0.025000 0.025000
0 0.053125 0.062500 0.078750 0.090000
0 0.692500 0.380000 0.112500 0.130000
0 0.888125 0.833750 0.108750 0.105000
0 0.075625 0.335000 0.096250 0.092500
0 0.478125 0.416250 0.026250 0.025000
0 0.209375 0.836875 0.088750 0.086250
0 0.502500 0.082500 0.060000 0.060000
0 0.360625 0.619375 0.036250 0.036250
0 0.591250 0.882500 0.110000 0.110000
0 0.800625 0.676875 0.088750 0.088750
0 0.165625 0.761875 0.026250 0.026250
0 0.558125 0.511875 0.046250 0.046250
0 0.075000 0.211250 0.042500 0.042500
0 0.180000 0.110625 0.087500 0.096250
0 0.505000 0.152500 0.025000 0.032500
0 0.371875 0.503125 0.086250 0.113750
0 0.886250 0.230000 0.032500 0.042500
0 0.482500 0.910000 0.060000 0.060000
0 0.416875 0.766875 0.046250 0.046250
0 0.156250 0.921250 0.040000 0.040000
0 0.051875 0.830000 0.078750 0.075000
0 0.926250 0.562500 0.030000 0.030000
0 0.425625 0.075625 0.048750 0.048750
0 0.617500 0.628750 0.025000 0.025000
0 0.796875 0.946875 0.071250 0.041250
0 0.343125 0.948125 0.066250 0.038750
0 0.270625 0.174375 0.071250 0.041250
0 0.723750 0.880625 0.105000 0.061250
0 0.134375 0.440625 0.086250 0.086250
0 0.064375 0.573125 0.076250 0.076250
0 0.578750 0.027500 0.025000 0.025000
0 0.716875 0.545625 0.091250 0.091250
0 0.606250 0.725000 0.075000 0.075000
0 0.781250 0.296875 0.045000 0.041250
0 0.850625 0.750625 0.061250 0.041250
0 0.745000 0.043750 0.075000 0.050000
0 0.485000 0.472500 0.055000 0.037500
0 0.608750 0.318750 0.027500 0.027500
0 0.943750 0.491875 0.037500 0.041250
0 0.679375 0.119375 0.028750 0.031250
0 0.769375 0.776875 0.056250 0.056250
0 0.258750 0.928750 0.040000 0.040000
0 0.148125 0.551875 0.031250 0.031250
0 0.186250 0.201875 0.062500 0.043750
0 0.646875 0.046875 0.076250 0.046250
0 0.261250 0.266250 0.050000 0.050000
0 0.898125 0.946250 0.048750 0.050000
0 0.140000 0.609375 0.040000 0.041250
0 0.731250 0.948125 0.040000 0.041250
0 0.321875 0.868125 0.036250 0.036250
0 0.230625 0.755625 0.053750 0.053750
0 0.446250 0.531875 0.042500 0.041250
0 0.532500 0.691250 0.025000 0.042500