0 0.197500 0.146250 0.065000 0.065000
0 0.588750 0.806250 0.102500 0.082500
0 0.463750 0.160000 0.097500 0.077500
0 0.716875 0.611875 0.063750 0.051250
0 0.448750 0.917500 0.092500 0.110000
0 0.938750 0.330625 0.047500 0.056250
0 0.578750 0.416250 0.040000 0.040000
0 0.178125 0.650625 0.098750 0.098750
0 0.606250 0.687500 0.027500 0.027500
0 0.877500 0.628750 0.070000 0.070000
0 0.803750 0.946250 0.030000 0.030000
0 0.580000 0.250000 0.025000 0.025000
0 0.353125 0.289375 0.091250 0.091250
0 0.254375 0.346875 0.091250 0.091250
0 0.741250 0.527500 0.052500 0.052500
0 0.306875 0.833125 0.108750 0.131250
0 0.780625 0.068125 0.081250 0.071250
0 0.568750 0.596250 0.025000 0.022500
0 0.700000 0.306250 0.100000 0.090000
0 0.585000 0.938125 0.030000 0.026250
0 0.078125 0.231250 0.056250 0.050000
0 0.706250 0.411250 0.027500 0.027500
0 0.841250 0.365000 0.025000 0.025000
0 0.352500 0.531250 0.050000 0.050000
0 0.847500 0.750000 0.090000 0.090000
0 0.158750 0.906875 0.035000 0.033750
0 0.892500 0.441250 0.060000 0.057500
0 0.385000 0.462500 0.040000 0.037500
0 0.898125 0.148750 0.103750 0.100000
0 0.252500 0.921250 0.025000 0.022500
0 0.918125 0.919375 0.098750 0.093750
0 0.138750 0.792500 0.112500 0.112500
0 0.057500 0.497500 0.077500 0.077500
0 0.285000 0.707500 0.045000 0.045000
0 0.571250 0.526250 0.077500 0.077500
0 0.356875 0.126875 0.063750 0.063750
0 0.107500 0.401250 0.095000 0.095000
0 0.964375 0.728125 0.046250 0.046250
0 0.314375 0.650625 0.036250 0.036250
0 0.510625 0.639375 0.053750 0.048750
0 0.241875 0.470625 0.031250 0.028750
0 0.851250 0.251250 0.067500 0.075000
0 0.806875 0.496875 0.048750 0.043750
0 0.563750 0.057500 0.062500 0.080000
0 0.296250 0.451875 0.025000 0.031250
0 0.771875 0.407500 0.063750 0.082500
0 0.498750 0.301250 0.062500 0.080000
0 0.275625 0.149375 0.073750 0.076250
0 0.450000 0.609375 0.035000 0.048750
0 0.580625 0.169375 0.081250 0.081250
0 0.709375 0.698750 0.051250 0.037500
0 0.055625 0.935000 0.076250 0.057500
0 0.462500 0.393750 0.080000 0.060000
0 0.684375 0.060000 0.093750 0.070000
0 0.666875 0.903125 0.073750 0.073750
0 0.736250 0.163125 0.027500 0.023750
0 0.362500 0.388750 0.070000 0.060000
0 0.343750 0.923750 0.032500 0.032500
0 0.413750 0.754375 0.072500 0.058750
0 0.064375 0.636875 0.081250 0.081250
0 0.469375 0.521250 0.038750 0.037500
0 0.300000 0.508750 0.025000 0.020000
0 0.241250 0.544375 0.077500 0.063750
0 0.255625 0.058750 0.106250 0.087500
0 0.857500 0.843750 0.025000 0.025000