0 0.357500 0.611250 0.112500 0.112500
0 0.813750 0.156250 0.032500 0.032500
0 0.917500 0.582500 0.032500 0.032500
0 0.890625 0.190625 0.101250 0.101250
0 0.250625 0.576875 0.086250 0.086250
0 0.182500 0.262500 0.087500 0.087500
0 0.956250 0.637500 0.025000 0.025000
0 0.511250 0.451250 0.030000 0.030000
0 0.471875 0.712500 0.046250 0.045000
0 0.097500 0.491875 0.090000 0.088750
0 0.507500 0.249375 0.070000 0.068750
0 0.879375 0.335000 0.083750 0.082500
0 0.073750 0.221250 0.112500 0.112500
0 0.345000 0.223750 0.055000 0.055000
0 0.775625 0.674375 0.053750 0.053750
0 0.590625 0.909375 0.073750 0.073750
0 0.200625 0.890625 0.096250 0.096250
0 0.336875 0.763125 0.081250 0.081250
0 0.141875 0.049375 0.026250 0.026250
0 0.626875 0.591875 0.071250 0.071250
0 0.811875 0.771875 0.108750 0.108750
0 0.088750 0.357500 0.085000 0.060000
0 0.676250 0.108750 0.110000 0.110000
0 0.318750 0.119375 0.072500 0.086250
0 0.162500 0.608750 0.040000 0.047500
0 0.726250 0.591875 0.067500 0.081250
0 0.416875 0.373125 0.091250 0.108750
0 0.633750 0.328750 0.112500 0.117500
0 0.291250 0.451250 0.057500 0.057500
0 0.696250 0.682500 0.087500 0.050000
0 0.508750 0.938125 0.025000 0.013750
0 0.525625 0.784375 0.073750 0.073750
0 0.523750 0.130000 0.112500 0.102500
0 0.788750 0.071250 0.085000 0.095000
0 0.896875 0.725625 0.041250 0.041250
0 0.725625 0.223125 0.081250 0.078750
0 0.948750 0.810625 0.077500 0.093750
0 0.428125 0.880000 0.081250 0.065000
0 0.916875 0.075625 0.101250 0.078750
0 0.233125 0.160000 0.026250 0.020000
0 0.468125 0.583750 0.093750 0.072500
0 0.073750 0.108125 0.072500 0.056250
0 0.783125 0.355625 0.071250 0.071250
0 0.372500 0.500625 0.037500 0.048750
0 0.236250 0.763750 0.072500 0.072500
0 0.098750 0.808750 0.060000 0.060000
0 0.214375 0.106875 0.068750 0.068750
0 0.224375 0.406875 0.061250 0.061250
0 0.846250 0.883750 0.050000 0.050000
0 0.080000 0.721250 0.035000 0.035000
0 0.903750 0.507500 0.102500 0.102500
0 0.873750 0.422500 0.032500 0.032500
0 0.567500 0.201875 0.030000 0.008750
0 0.418750 0.249375 0.027500 0.008750
0 0.706875 0.512500 0.028750 0.025000
0 0.746250 0.920000 0.107500 0.107500
0 0.068125 0.864375 0.031250 0.031250
0 0.796250 0.492500 0.095000 0.087500
0 0.694375 0.441875 0.061250 0.061250
0 0.944375 0.901875 0.053750 0.053750
0 0.288750 0.510000 0.030000 0.030000
0 0.428750 0.793125 0.055000 0.066250
0 0.102500 0.600625 0.057500 0.068750
0 0.578750 0.445000 0.087500 0.077500
0 0.283125 0.303750 0.028750 0.025000
0 0.221250 0.341875 0.047500 0.038750
0 0.081875 0.040625 0.061250 0.051250
0 0.106875 0.944375 0.066250 0.051250
0 0.536250 0.686250 0.032500 0.025000
0 0.180000 0.693125 0.045000 0.033750
0 0.664375 0.810000 0.106250 0.082500
0 0.903125 0.628750 0.043750 0.045000
0 0.278125 0.261875 0.061250 0.043750
0 0.395000 0.152500 0.052500 0.052500
0 0.435625 0.040625 0.056250 0.056250
0 0.313750 0.856250 0.047500 0.047500
0 0.288125 0.381875 0.051250 0.033750
0 0.958750 0.388750 0.027500 0.017500
0 0.842500 0.603125 0.032500 0.031250
0 0.517500 0.341250 0.090000 0.087500
0 0.877500 0.944375 0.057500 0.056250
0 0.442500 0.488750 0.045000 0.045000
0 0.547500 0.555000 0.040000 0.040000
0 0.621875 0.530625 0.033750 0.033750
0 0.179375 0.543125 0.033750 0.033750
0 0.524375 0.855625 0.031250 0.031250
0 0.289375 0.033125 0.038750 0.038750