0 0.525625 0.896875 0.078750 0.078750
0 0.523750 0.478750 0.077500 0.077500
0 0.468125 0.660625 0.026250 0.026250
0 0.357500 0.251250 0.102500 0.102500
0 0.833750 0.873750 0.030000 0.027500
0 0.630625 0.214375 0.038750 0.023750
0 0.520625 0.362500 0.036250 0.022500
0 0.426250 0.583750 0.030000 0.017500
0 0.173750 0.905000 0.057500 0.035000
0 0.120000 0.481250 0.085000 0.085000
0 0.671250 0.445000 0.070000 0.070000
0 0.200000 0.270000 0.030000 0.030000
0 0.071875 0.660625 0.101250 0.101250
0 0.080000 0.891250 0.107500 0.107500
0 0.680000 0.865625 0.025000 0.026250
0 0.145625 0.174375 0.041250 0.053750
0 0.882500 0.261250 0.095000 0.125000
0 0.849375 0.083125 0.076250 0.101250
0 0.372500 0.153750 0.067500 0.047500
0 0.276250 0.793125 0.075000 0.053750
0 0.466250 0.223750 0.045000 0.045000
0 0.390000 0.708750 0.037500 0.037500
0 0.861250 0.723750 0.040000 0.040000
0 0.861875 0.636875 0.083750 0.083750
0 0.216875 0.126875 0.043750 0.043750
0 0.500625 0.158125 0.048750 0.048750
0 0.353125 0.523125 0.101250 0.101250
0 0.720625 0.566875 0.091250 0.091250
0 0.861250 0.457500 0.062500 0.062500
0 0.558125 0.076875 0.098750 0.098750
0 0.813125 0.798125 0.041250 0.041250
0 0.393125 0.855625 0.038750 0.038750
0 0.206875 0.673125 0.108750 0.108750
0 0.943125 0.931875 0.078750 0.078750
0 0.719375 0.318750 0.093750 0.110000
0 0.682500 0.155625 0.030000 0.016250
0 0.566875 0.758125 0.063750 0.061250
0 0.951250 0.426250 0.067500 0.065000
0 0.837500 0.541250 0.072500 0.070000
0 0.764375 0.734375 0.086250 0.058750
0 0.896250 0.792500 0.077500 0.077500
0 0.035000 0.363750 0.032500 0.032500
0 0.230000 0.210625 0.052500 0.053750
0 0.220625 0.371250 0.083750 0.087500
0 0.248125 0.500625 0.063750 0.063750
0 0.036250 0.801250 0.030000 0.030000
0 0.155625 0.096875 0.026250 0.026250
0 0.765000 0.095000 0.070000 0.070000
0 0.302500 0.092500 0.060000 0.060000
0 0.366875 0.628125 0.043750 0.043750
0 0.801875 0.461875 0.031250 0.021250
0 0.500000 0.557500 0.067500 0.047500
0 0.595000 0.591250 0.105000 0.097500
0 0.928750 0.554375 0.042500 0.038750
0 0.548750 0.298750 0.057500 0.052500
0 0.939375 0.088125 0.028750 0.033750
0 0.069375 0.283750 0.068750 0.082500
0 0.218125 0.563125 0.041250 0.041250
0 0.550625 0.825625 0.046250 0.046250
0 0.473125 0.759375 0.076250 0.076250
0 0.754375 0.893125 0.041250 0.041250
0 0.579375 0.227500 0.043750 0.050000
0 0.363750 0.355000 0.095000 0.090000
0 0.268125 0.885625 0.093750 0.088750
0 0.737500 0.235000 0.035000 0.032500
0 0.048125 0.121250 0.031250 0.035000