0 0.615000 0.796250 0.035000 0.035000
0 0.671875 0.411875 0.048750 0.048750
0 0.492500 0.783750 0.082500 0.082500
0 0.084375 0.408125 0.061250 0.061250
0 0.778125 0.235625 0.031250 0.031250
0 0.110625 0.791875 0.038750 0.038750
0 0.960000 0.033750 0.032500 0.032500
0 0.316875 0.711875 0.098750 0.098750
0 0.423750 0.705000 0.032500 0.020000
0 0.843125 0.453750 0.083750 0.080000
0 0.269375 0.241875 0.066250 0.066250
0 0.240625 0.841875 0.061250 0.061250
0 0.286875 0.420625 0.061250 0.061250
0 0.774375 0.910000 0.038750 0.035000
0 0.636875 0.143125 0.088750 0.088750
0 0.963125 0.230625 0.036250 0.036250
0 0.254375 0.531875 0.036250 0.036250
0 0.333125 0.124375 0.111250 0.111250
0 0.467500 0.402500 0.085000 0.120000
0 0.100000 0.099375 0.042500 0.041250
0 0.952500 0.684375 0.027500 0.026250
0 0.298750 0.332500 0.085000 0.082500
0 0.453125 0.158750 0.026250 0.025000
0 0.176250 0.566875 0.075000 0.071250
0 0.917500 0.763125 0.082500 0.078750
0 0.690000 0.912500 0.047500 0.045000
0 0.861875 0.328750 0.073750 0.072500
0 0.170625 0.409375 0.033750 0.033750
0 0.751875 0.331875 0.088750 0.088750
0 0.532500 0.535000 0.092500 0.092500
0 0.916250 0.105000 0.085000 0.085000
0 0.111875 0.905625 0.051250 0.051250
0 0.085625 0.286875 0.041250 0.041250
0 0.777500 0.598750 0.102500 0.102500
0 0.638125 0.246875 0.101250 0.101250
0 0.541875 0.050625 0.053750 0.053750
0 0.346250 0.573750 0.100000 0.100000
0 0.758125 0.786875 0.053750 0.053750
0 0.368750 0.920000 0.052500 0.052500
0 0.593750 0.902500 0.057500 0.057500
0 0.540000 0.206250 0.075000 0.075000
0 0.437500 0.906250 0.037500 0.042500
0 0.936250 0.507500 0.060000 0.067500
0 0.751875 0.102500 0.051250 0.057500
0 0.521250 0.285000 0.065000 0.065000
0 0.854375 0.870625 0.043750 0.043750
0 0.220000 0.726875 0.027500 0.031250
0 0.535000 0.636250 0.080000 0.095000
0 0.188125 0.113750 0.051250 0.060000
0 0.149375 0.661250 0.086250 0.102500
0 0.476250 0.070000 0.050000 0.035000
0 0.668125 0.645625 0.073750 0.051250
0 0.628125 0.708750 0.078750 0.055000
0 0.760000 0.431250 0.065000 0.045000
0 0.650625 0.048125 0.048750 0.048750
0 0.103750 0.154375 0.042500 0.046250
0 0.443125 0.651250 0.038750 0.030000
0 0.627500 0.556250 0.052500 0.040000
0 0.180000 0.285625 0.027500 0.021250
0 0.426250 0.260625 0.102500 0.078750