0 0.181875 0.679375 0.028750 0.028750
0 0.427500 0.953750 0.030000 0.030000
0 0.080000 0.413125 0.100000 0.096250
0 0.786875 0.661875 0.091250 0.088750
0 0.110000 0.162500 0.070000 0.057500
0 0.914375 0.856250 0.061250 0.050000
0 0.072500 0.677500 0.025000 0.020000
0 0.945625 0.339375 0.081250 0.066250
0 0.700000 0.347500 0.055000 0.055000
0 0.083125 0.924375 0.043750 0.043750
0 0.288125 0.820625 0.063750 0.063750
0 0.489375 0.423125 0.071250 0.071250
0 0.478750 0.816250 0.072500 0.072500
0 0.792500 0.436250 0.112500 0.112500
0 0.423750 0.093750 0.030000 0.030000
0 0.217500 0.586250 0.085000 0.082500
0 0.399375 0.397500 0.046250 0.047500
0 0.280625 0.288125 0.078750 0.078750
0 0.650000 0.286250 0.052500 0.052500
0 0.717500 0.842500 0.085000 0.085000
0 0.269375 0.039375 0.033750 0.033750
0 0.186875 0.433750 0.051250 0.057500
0 0.876875 0.260625 0.033750 0.033750
0 0.051250 0.587500 0.057500 0.057500
0 0.472500 0.691250 0.100000 0.100000
0 0.348750 0.942500 0.047500 0.047500
0 0.585000 0.773750 0.047500 0.047500
0 0.069375 0.085625 0.078750 0.078750
0 0.786250 0.276250 0.082500 0.082500
0 0.583125 0.548125 0.103750 0.103750
0 0.381875 0.801875 0.096250 0.096250
0 0.927500 0.092500 0.102500 0.102500
0 0.321250 0.472500 0.045000 0.045000
0 0.171250 0.296250 0.035000 0.035000
0 0.663750 0.100000 0.105000 0.085000
0 0.490625 0.290000 0.083750 0.067500
0 0.949375 0.646250 0.046250 0.037500
0 0.652500 0.174375 0.045000 0.036250
0 0.850625 0.773125 0.038750 0.038750
0 0.681875 0.509375 0.053750 0.053750
0 0.571875 0.676875 0.083750 0.083750
0 0.338750 0.208750 0.047500 0.047500
0 0.061250 0.809375 0.095000 0.118750
0 0.471875 0.187500 0.056250 0.070000
0 0.746875 0.923125 0.031250 0.031250
0 0.609375 0.881875 0.038750 0.038750
0 0.195000 0.166250 0.067500 0.067500
0 0.158750 0.082500 0.077500 0.077500
0 0.363125 0.568125 0.096250 0.096250
0 0.820625 0.146875 0.071250 0.071250
0 0.286250 0.686250 0.095000 0.095000
0 0.083750 0.247500 0.047500 0.065000
0 0.507500 0.057500 0.105000 0.082500
0 0.881250 0.533125 0.075000 0.058750
0 0.404375 0.167500 0.041250 0.032500
0 0.468750 0.575625 0.082500 0.081250
0 0.749375 0.761250 0.056250 0.055000
0 0.225625 0.960000 0.026250 0.025000
0 0.346250 0.091875 0.072500 0.078750
0 0.794375 0.574375 0.038750 0.043750
0 0.252500 0.403750 0.052500 0.075000
0 0.566250 0.448750 0.030000 0.042500
0 0.554375 0.201875 0.081250 0.081250
0 0.892500 0.430000 0.052500 0.052500
0 0.192500 0.797500 0.092500 0.092500
0 0.373125 0.290625 0.081250 0.081250
0 0.903125 0.183125 0.051250 0.051250
0 0.131875 0.670625 0.043750 0.043750
0 0.382500 0.028125 0.045000 0.031250
0 0.818750 0.930000 0.090000 0.087500
0 0.776875 0.056875 0.101250 0.088750
0 0.330000 0.393125 0.065000 0.056250
0 0.660625 0.649375 0.028750 0.028750
0 0.160000 0.930000 0.090000 0.080000
0 0.625625 0.376250 0.073750 0.057500
0 0.904375 0.941875 0.061250 0.061250
0 0.273125 0.120000 0.046250 0.040000
0 0.635625 0.446250 0.053750 0.037500
0 0.545000 0.911875 0.062500 0.043750
0 0.129375 0.576250 0.036250 0.025000
0 0.231250 0.513750 0.067500 0.040000
0 0.928750 0.256250 0.042500 0.042500