0 0.313750 0.351250 0.100000 0.100000
0 0.921250 0.151250 0.032500 0.032500
0 0.246875 0.097500 0.031250 0.032500
0 0.549375 0.265625 0.066250 0.068750
0 0.671250 0.215625 0.100000 0.103750
0 0.846875 0.486875 0.051250 0.051250
0 0.050625 0.428125 0.036250 0.036250
0 0.729375 0.421875 0.093750 0.093750
0 0.622500 0.335000 0.032500 0.032500
0 0.863125 0.072500 0.081250 0.077500
0 0.526875 0.082500 0.111250 0.105000
0 0.252500 0.654375 0.085000 0.081250
0 0.124375 0.243750 0.058750 0.062500
0 0.153750 0.442500 0.082500 0.082500
0 0.099375 0.648125 0.053750 0.053750
0 0.361250 0.555000 0.065000 0.065000
0 0.708125 0.574375 0.108750 0.106250
0 0.970000 0.638125 0.025000 0.023750
0 0.628750 0.835625 0.032500 0.031250
0 0.096875 0.848750 0.086250 0.077500
0 0.894375 0.224375 0.046250 0.046250
0 0.891875 0.369375 0.083750 0.083750
0 0.499375 0.735625 0.088750 0.088750
0 0.120625 0.938125 0.051250 0.051250
0 0.434375 0.410625 0.066250 0.066250
0 0.533750 0.403750 0.082500 0.082500
0 0.428125 0.256875 0.091250 0.091250
0 0.640000 0.698750 0.052500 0.052500
0 0.206875 0.225625 0.038750 0.073750
0 0.157500 0.721875 0.050000 0.043750
0 0.603750 0.921250 0.102500 0.102500
0 0.460000 0.591250 0.087500 0.087500
0 0.193750 0.913750 0.077500 0.077500
0 0.123125 0.148125 0.103750 0.091250
0 0.761875 0.313125 0.073750 0.073750
0 0.704375 0.781875 0.096250 0.096250
0 0.883125 0.918125 0.048750 0.048750
0 0.727500 0.067500 0.080000 0.080000
0 0.886875 0.700625 0.108750 0.108750
0 0.595000 0.577500 0.102500 0.102500
0 0.363750 0.857500 0.095000 0.095000
0 0.935625 0.770625 0.026250 0.016250
0 0.415625 0.068125 0.048750 0.048750
0 0.231875 0.365625 0.036250 0.036250
0 0.746875 0.894375 0.098750 0.098750
0 0.364375 0.679375 0.048750 0.048750
0 0.263125 0.828125 0.051250 0.051250