0 0.296250 0.126250 0.095000 0.095000
0 0.421875 0.420625 0.078750 0.078750
0 0.921875 0.646875 0.111250 0.058750
0 0.214375 0.151250 0.048750 0.025000
0 0.811250 0.896875 0.082500 0.043750
0 0.731875 0.793125 0.058750 0.031250
0 0.911875 0.341875 0.071250 0.071250
0 0.722500 0.595000 0.040000 0.040000
0 0.171875 0.789375 0.086250 0.086250
0 0.919375 0.096875 0.056250 0.086250
0 0.181250 0.456250 0.067500 0.067500
0 0.076250 0.776250 0.082500 0.082500
0 0.208750 0.391250 0.040000 0.040000
0 0.076250 0.426875 0.070000 0.071250
0 0.640000 0.391875 0.057500 0.058750
0 0.594375 0.239375 0.033750 0.033750
0 0.598125 0.921875 0.081250 0.098750
0 0.438750 0.149375 0.087500 0.106250
0 0.078750 0.137500 0.107500 0.112500
0 0.510000 0.296250 0.090000 0.090000
0 0.704375 0.258750 0.108750 0.107500
0 0.812500 0.418125 0.072500 0.071250
0 0.917500 0.226250 0.102500 0.102500
0 0.746875 0.496875 0.071250 0.071250
0 0.218125 0.291875 0.073750 0.073750
0 0.246875 0.040625 0.028750 0.028750
0 0.237500 0.511250 0.025000 0.025000
0 0.730625 0.912500 0.046250 0.065000
0 0.121875 0.236875 0.036250 0.036250
0 0.250625 0.653750 0.096250 0.085000
0 0.450625 0.635625 0.081250 0.081250
0 0.449375 0.785625 0.096250 0.096250
0 0.105625 0.510625 0.041250 0.041250
0 0.067500 0.908125 0.055000 0.066250
0 0.578125 0.583750 0.056250 0.067500
0 0.623750 0.812500 0.085000 0.102500
0 0.300625 0.260625 0.036250 0.043750
0 0.276875 0.795000 0.038750 0.027500
0 0.253750 0.906250 0.095000 0.067500
0 0.331875 0.475625 0.038750 0.038750
0 0.610000 0.061250 0.082500 0.082500
0 0.343125 0.569375 0.043750 0.043750
0 0.878125 0.780625 0.088750 0.088750
0 0.918125 0.514375 0.093750 0.093750
0 0.365000 0.846250 0.030000 0.032500
0 0.503125 0.897500 0.093750 0.102500
0 0.734375 0.385000 0.066250 0.072500
0 0.821875 0.640625 0.036250 0.038750
0 0.310625 0.366250 0.091250 0.092500
0 0.815625 0.084375 0.068750 0.068750
0 0.925625 0.919375 0.106250 0.106250
0 0.733125 0.663125 0.048750 0.048750
0 0.048125 0.605625 0.056250 0.056250
0 0.112500 0.596250 0.045000 0.045000
0 0.838125 0.578125 0.043750 0.043750
0 0.428125 0.034375 0.026250 0.031250
0 0.659375 0.640625 0.051250 0.051250
0 0.141250 0.663125 0.062500 0.061250
0 0.478750 0.522500 0.095000 0.095000
0 0.878125 0.404375 0.038750 0.038750
0 0.056875 0.324375 0.063750 0.063750
0 0.574375 0.691875 0.063750 0.063750
0 0.531250 0.128750 0.057500 0.057500
0 0.636250 0.155000 0.070000 0.070000
0 0.427500 0.274375 0.042500 0.041250
0 0.817500 0.273750 0.080000 0.080000
0 0.531875 0.421875 0.073750 0.073750
0 0.952500 0.803750 0.040000 0.040000
0 0.719375 0.128125 0.078750 0.078750