0 0.889375 0.863125 0.093750 0.093750
0 0.060625 0.848125 0.063750 0.063750
0 0.540000 0.220625 0.050000 0.053750
0 0.764375 0.414375 0.041250 0.043750
0 0.085000 0.613750 0.062500 0.067500
0 0.402500 0.548125 0.112500 0.121250
0 0.516250 0.513750 0.072500 0.072500
0 0.180000 0.371250 0.042500 0.042500
0 0.494375 0.309375 0.061250 0.061250
0 0.360000 0.725000 0.062500 0.057500
0 0.466875 0.374375 0.046250 0.046250
0 0.870000 0.363750 0.025000 0.025000
0 0.619375 0.666250 0.041250 0.042500
0 0.939375 0.436250 0.086250 0.082500
0 0.705625 0.491250 0.091250 0.087500
0 0.930000 0.602500 0.107500 0.097500
0 0.213125 0.673125 0.071250 0.101250
0 0.538125 0.061250 0.036250 0.062500
0 0.085625 0.151875 0.078750 0.063750
0 0.190000 0.876250 0.095000 0.077500
0 0.327500 0.112500 0.107500 0.087500
0 0.315000 0.889375 0.065000 0.051250
0 0.467500 0.798750 0.072500 0.057500
0 0.596875 0.299375 0.048750 0.038750
0 0.750625 0.211875 0.083750 0.083750
0 0.258125 0.495625 0.096250 0.096250
0 0.773750 0.352500 0.035000 0.035000
0 0.170000 0.273750 0.100000 0.100000
0 0.071250 0.301250 0.030000 0.030000
0 0.881250 0.256250 0.112500 0.112500
0 0.671875 0.076875 0.076250 0.076250
0 0.710000 0.292500 0.035000 0.035000
0 0.105000 0.406250 0.085000 0.085000
0 0.640000 0.807500 0.110000 0.110000
0 0.967500 0.510625 0.025000 0.023750
0 0.488125 0.131250 0.033750 0.032500
0 0.405625 0.236875 0.028750 0.026250
0 0.504375 0.591875 0.033750 0.033750
0 0.736250 0.676250 0.110000 0.110000
0 0.747500 0.865000 0.070000 0.070000
0 0.538750 0.873750 0.045000 0.045000
0 0.245625 0.791250 0.048750 0.057500
0 0.653125 0.903750 0.056250 0.067500
0 0.631875 0.208125 0.111250 0.111250
0 0.316250 0.225000 0.072500 0.072500
0 0.213750 0.055000 0.057500 0.057500
0 0.813750 0.106250 0.085000 0.102500
0 0.573750 0.444375 0.067500 0.041250
0 0.299375 0.370625 0.108750 0.108750
0 0.525000 0.713750 0.087500 0.087500
0 0.122500 0.077500 0.050000 0.050000
0 0.846875 0.728125 0.086250 0.086250
0 0.592500 0.355000 0.045000 0.045000
0 0.403750 0.928750 0.082500 0.082500
0 0.465000 0.213750 0.075000 0.075000
0 0.291875 0.700625 0.028750 0.028750
0 0.610625 0.520625 0.053750 0.053750
0 0.194375 0.129375 0.068750 0.068750
0 0.641250 0.415000 0.047500 0.047500
0 0.306875 0.794375 0.041250 0.041250
0 0.863125 0.930625 0.026250 0.026250
0 0.686875 0.336875 0.031250 0.031250
0 0.896250 0.137500 0.065000 0.062500
0 0.053125 0.931875 0.076250 0.076250