0 0.707500 0.348750 0.100000 0.100000
0 0.876250 0.845625 0.060000 0.058750
0 0.493125 0.209375 0.103750 0.098750
0 0.247500 0.296250 0.062500 0.062500
0 0.258750 0.180000 0.090000 0.090000
0 0.333125 0.714375 0.101250 0.101250
0 0.590000 0.059375 0.082500 0.076250
0 0.496875 0.463750 0.091250 0.085000
0 0.725000 0.637500 0.062500 0.062500
0 0.372500 0.079375 0.067500 0.098750
0 0.572500 0.809375 0.045000 0.041250
0 0.343125 0.824375 0.041250 0.041250
0 0.469375 0.133125 0.028750 0.028750
0 0.951875 0.924375 0.056250 0.056250
0 0.743125 0.525625 0.063750 0.063750
0 0.368125 0.953750 0.028750 0.020000
0 0.651250 0.903750 0.092500 0.092500
0 0.654375 0.479375 0.086250 0.086250
0 0.235000 0.368750 0.055000 0.055000
0 0.058750 0.384375 0.090000 0.078750
0 0.203750 0.543125 0.030000 0.026250
0 0.881875 0.709375 0.078750 0.068750
0 0.066875 0.694375 0.058750 0.051250
0 0.072500 0.928750 0.082500 0.067500
0 0.873125 0.441875 0.106250 0.106250
0 0.794375 0.204375 0.108750 0.108750
0 0.323125 0.598125 0.048750 0.048750
0 0.223750 0.478750 0.062500 0.057500
0 0.191875 0.938750 0.036250 0.032500
0 0.930000 0.218750 0.107500 0.107500
0 0.533125 0.720625 0.093750 0.093750
0 0.132500 0.591250 0.050000 0.050000
0 0.665000 0.231250 0.105000 0.105000
0 0.289375 0.464375 0.048750 0.033750
0 0.142500 0.791875 0.085000 0.058750
0 0.155625 0.718750 0.031250 0.030000
0 0.449375 0.604375 0.083750 0.081250
0 0.075625 0.525000 0.043750 0.042500
0 0.355000 0.898750 0.075000 0.075000
0 0.380625 0.388125 0.106250 0.106250
0 0.871875 0.540625 0.076250 0.076250
0 0.946250 0.792500 0.045000 0.045000
0 0.676875 0.795625 0.051250 0.051250
0 0.575625 0.484375 0.051250 0.051250
0 0.513125 0.334375 0.111250 0.111250
0 0.777500 0.775000 0.105000 0.105000
0 0.145625 0.103125 0.111250 0.111250
0 0.873125 0.942500 0.046250 0.032500
0 0.106875 0.215000 0.101250 0.072500
0 0.382500 0.200000 0.067500 0.067500
0 0.907500 0.040625 0.047500 0.048750
0 0.488750 0.841875 0.092500 0.096250
0 0.728750 0.077500 0.072500 0.065000
0 0.796875 0.346875 0.033750 0.033750
0 0.252500 0.047500 0.027500 0.027500
0 0.653750 0.702500 0.065000 0.065000
0 0.623750 0.578750 0.082500 0.082500
0 0.790000 0.912500 0.065000 0.065000
0 0.384375 0.505625 0.086250 0.086250
0 0.061250 0.800000 0.055000 0.055000
0 0.256250 0.887500 0.075000 0.075000
0 0.936875 0.349375 0.063750 0.063750
0 0.105000 0.465000 0.037500 0.037500
0 0.882500 0.625000 0.082500 0.070000
0 0.525625 0.609375 0.051250 0.036250
0 0.761250 0.437500 0.065000 0.045000
0 0.455625 0.073125 0.061250 0.061250
0 0.122500 0.298750 0.052500 0.052500
0 0.893750 0.122500 0.065000 0.065000
0 0.856875 0.311875 0.043750 0.043750
0 0.534375 0.962500 0.026250 0.025000
0 0.226875 0.690625 0.083750 0.083750