0 0.596250 0.681250 0.027500 0.027500
0 0.815000 0.877500 0.097500 0.097500
0 0.756250 0.133750 0.107500 0.107500
0 0.937500 0.177500 0.050000 0.050000
0 0.363750 0.078125 0.080000 0.083750
0 0.745000 0.363125 0.027500 0.028750
0 0.685625 0.715000 0.068750 0.072500
0 0.505000 0.362500 0.025000 0.022500
0 0.763750 0.306250 0.025000 0.022500
0 0.400625 0.562500 0.041250 0.037500
0 0.583125 0.355000 0.111250 0.102500
0 0.335000 0.759375 0.097500 0.078750
0 0.560625 0.112500 0.096250 0.077500
0 0.453125 0.618125 0.066250 0.053750
0 0.201250 0.307500 0.072500 0.072500
0 0.348125 0.411875 0.026250 0.026250
0 0.102500 0.223125 0.107500 0.108750
0 0.161875 0.636875 0.061250 0.061250
0 0.810625 0.688125 0.098750 0.116250
0 0.694375 0.343125 0.048750 0.048750
0 0.372500 0.346250 0.087500 0.087500
0 0.049375 0.061875 0.028750 0.028750
0 0.682500 0.956250 0.035000 0.035000
0 0.933750 0.620000 0.087500 0.087500
0 0.515625 0.834375 0.088750 0.088750
0 0.237500 0.531250 0.082500 0.082500
0 0.841875 0.471875 0.076250 0.076250
0 0.125625 0.433125 0.083750 0.083750
0 0.452500 0.728750 0.055000 0.055000
0 0.881250 0.272500 0.027500 0.027500
0 0.524375 0.243125 0.081250 0.081250
0 0.134375 0.710625 0.053750 0.053750
0 0.537500 0.508750 0.110000 0.110000
0 0.843750 0.348750 0.105000 0.105000
0 0.717500 0.446250 0.072500 0.070000
0 0.820000 0.558750 0.072500 0.070000
0 0.310625 0.240000 0.101250 0.097500
0 0.663750 0.600000 0.062500 0.060000
0 0.107500 0.913125 0.090000 0.086250
0 0.280000 0.654375 0.110000 0.106250
0 0.679375 0.845625 0.111250 0.098750
0 0.618125 0.223125 0.081250 0.081250
0 0.693125 0.291250 0.028750 0.027500
0 0.576875 0.620625 0.033750 0.033750
0 0.101250 0.537500 0.095000 0.095000
0 0.810000 0.226250 0.057500 0.057500
0 0.922500 0.786250 0.040000 0.040000
0 0.395625 0.863125 0.066250 0.066250
0 0.553750 0.666250 0.030000 0.030000
0 0.251875 0.414375 0.071250 0.071250
0 0.259375 0.885625 0.098750 0.098750
0 0.951875 0.835000 0.068750 0.030000
0 0.066875 0.800625 0.088750 0.088750
0 0.881250 0.096250 0.092500 0.092500
0 0.198125 0.116875 0.056250 0.056250
0 0.811875 0.783750 0.046250 0.045000
0 0.262500 0.744375 0.032500 0.031250
0 0.450625 0.075000 0.046250 0.050000
0 0.418125 0.468125 0.061250 0.066250
0 0.123750 0.318750 0.065000 0.065000
0 0.958125 0.239375 0.053750 0.053750
0 0.043750 0.665000 0.042500 0.042500
0 0.920000 0.904375 0.072500 0.058750
0 0.450000 0.365000 0.037500 0.035000
0 0.444375 0.236875 0.056250 0.053750
0 0.665625 0.036875 0.048750 0.038750
0 0.416875 0.938750 0.068750 0.055000
0 0.126875 0.128750 0.071250 0.057500
0 0.176875 0.783125 0.071250 0.071250
0 0.940625 0.458750 0.083750 0.077500
0 0.328750 0.515000 0.080000 0.087500
0 0.426875 0.153750 0.043750 0.047500
0 0.586875 0.731875 0.058750 0.058750
0 0.890000 0.546250 0.042500 0.037500
0 0.122500 0.063750 0.065000 0.057500
0 0.741250 0.544375 0.055000 0.061250
0 0.765000 0.045625 0.030000 0.033750
0 0.638125 0.447500 0.053750 0.060000