0 0.967500 0.351875 0.035000 0.023750
0 0.510000 0.127500 0.045000 0.030000
0 0.656875 0.197500 0.108750 0.075000
0 0.091875 0.910625 0.078750 0.078750
0 0.372500 0.796250 0.040000 0.040000
0 0.340000 0.490000 0.047500 0.047500
0 0.777500 0.806250 0.095000 0.095000
0 0.469375 0.616250 0.038750 0.037500
0 0.865625 0.630000 0.028750 0.025000
0 0.328125 0.108125 0.036250 0.031250
0 0.199375 0.806875 0.056250 0.048750
0 0.555000 0.705000 0.030000 0.030000
0 0.778125 0.230625 0.101250 0.101250
0 0.913750 0.047500 0.040000 0.040000
0 0.747500 0.452500 0.042500 0.042500
0 0.141875 0.380000 0.098750 0.107500
0 0.121875 0.683125 0.063750 0.068750
0 0.091250 0.541250 0.057500 0.057500
0 0.786875 0.054375 0.043750 0.043750
0 0.545625 0.285625 0.088750 0.088750
0 0.563750 0.780000 0.045000 0.045000
0 0.151250 0.165625 0.067500 0.086250
0 0.253750 0.311250 0.105000 0.135000
0 0.785625 0.626250 0.056250 0.072500
0 0.586250 0.567500 0.110000 0.110000
0 0.528750 0.892500 0.035000 0.035000
0 0.201875 0.638125 0.071250 0.071250
0 0.774375 0.379375 0.041250 0.041250
0 0.901875 0.863125 0.026250 0.026250
0 0.896875 0.237500 0.108750 0.075000
0 0.396250 0.313125 0.035000 0.023750
0 0.581875 0.408125 0.091250 0.063750
0 0.756875 0.932500 0.101250 0.070000
0 0.810625 0.558125 0.041250 0.041250
0 0.893750 0.410000 0.072500 0.072500
0 0.066250 0.190000 0.065000 0.065000
0 0.318750 0.707500 0.107500 0.107500
0 0.280625 0.177500 0.098750 0.080000
0 0.090000 0.051250 0.095000 0.077500
0 0.206875 0.483750 0.046250 0.037500
0 0.230625 0.554375 0.096250 0.078750
0 0.695000 0.578125 0.087500 0.081250
0 0.953750 0.721250 0.065000 0.065000
0 0.466875 0.190625 0.028750 0.028750
0 0.358750 0.186250 0.030000 0.030000
0 0.905000 0.796250 0.060000 0.060000
0 0.375625 0.918125 0.106250 0.106250
0 0.697500 0.075625 0.052500 0.033750
0 0.455625 0.530625 0.106250 0.106250
0 0.696875 0.359375 0.076250 0.076250
0 0.463750 0.773750 0.102500 0.102500
0 0.914375 0.545625 0.093750 0.093750
0 0.519375 0.205625 0.046250 0.046250
0 0.087500 0.820000 0.072500 0.072500
0 0.446250 0.385000 0.052500 0.052500
0 0.699375 0.270625 0.026250 0.026250
0 0.343750 0.401875 0.035000 0.038750
0 0.245625 0.433125 0.043750 0.036250
0 0.310625 0.045625 0.053750 0.046250
0 0.716250 0.719375 0.070000 0.061250
0 0.033125 0.705625 0.038750 0.033750
0 0.764375 0.135625 0.073750 0.063750