0 0.620625 0.674375 0.038750 0.038750
0 0.560625 0.853125 0.073750 0.073750
0 0.298750 0.622500 0.090000 0.090000
0 0.905000 0.771250 0.062500 0.062500
0 0.541250 0.160000 0.067500 0.067500
0 0.487500 0.481250 0.085000 0.085000
0 0.893750 0.420000 0.062500 0.032500
0 0.563750 0.364375 0.070000 0.036250
0 0.385625 0.913750 0.061250 0.032500
0 0.123125 0.199375 0.058750 0.031250
0 0.176250 0.328125 0.032500 0.038750
0 0.883125 0.336875 0.061250 0.073750
0 0.096875 0.091875 0.086250 0.103750
0 0.292500 0.788125 0.047500 0.046250
0 0.923125 0.163125 0.076250 0.073750
0 0.573750 0.484375 0.052500 0.051250
0 0.777500 0.915000 0.067500 0.065000
0 0.285000 0.915000 0.112500 0.107500
0 0.606250 0.601250 0.042500 0.040000
0 0.762500 0.086250 0.105000 0.100000
0 0.392500 0.746250 0.105000 0.105000
0 0.396875 0.260625 0.091250 0.091250
0 0.153125 0.599375 0.073750 0.073750
0 0.801250 0.251250 0.057500 0.057500
0 0.925625 0.699375 0.031250 0.031250
0 0.146250 0.808750 0.112500 0.112500
0 0.419375 0.094375 0.111250 0.111250
0 0.747500 0.676250 0.025000 0.025000
0 0.056875 0.369375 0.051250 0.051250
0 0.376875 0.419375 0.111250 0.111250
0 0.784375 0.470000 0.096250 0.112500
0 0.048750 0.468125 0.067500 0.078750
0 0.237500 0.468125 0.110000 0.128750
0 0.652500 0.075625 0.065000 0.073750
0 0.517500 0.643125 0.082500 0.093750
0 0.613750 0.248750 0.075000 0.085000
0 0.661875 0.396250 0.101250 0.115000
0 0.136250 0.271250 0.060000 0.060000
0 0.494375 0.743125 0.046250 0.046250
0 0.192500 0.165000 0.055000 0.055000
0 0.833750 0.833750 0.065000 0.065000
0 0.940000 0.909375 0.085000 0.056250
0 0.440625 0.593125 0.036250 0.023750
0 0.430000 0.868750 0.060000 0.040000
0 0.733125 0.790625 0.103750 0.103750
0 0.066250 0.666250 0.045000 0.045000
0 0.816250 0.672500 0.072500 0.072500
0 0.108125 0.914375 0.056250 0.056250
0 0.316250 0.201250 0.050000 0.050000
0 0.276250 0.283750 0.087500 0.087500
0 0.773750 0.316250 0.057500 0.057500
0 0.120625 0.530625 0.036250 0.036250
0 0.278125 0.069375 0.043750 0.043750
0 0.676875 0.913125 0.096250 0.096250
0 0.634375 0.810625 0.038750 0.038750
0 0.950625 0.350625 0.053750 0.053750
0 0.966250 0.606250 0.042500 0.042500
0 0.906875 0.843125 0.061250 0.061250
0 0.686875 0.534375 0.081250 0.098750
0 0.884375 0.535625 0.086250 0.083750
0 0.893125 0.234375 0.053750 0.053750
0 0.071875 0.595625 0.061250 0.061250
0 0.490625 0.278125 0.078750 0.078750
0 0.911875 0.623750 0.046250 0.052500
0 0.552500 0.072500 0.087500 0.087500
0 0.127500 0.467500 0.072500 0.072500
0 0.818750 0.171875 0.077500 0.038750
0 0.946875 0.075625 0.063750 0.063750
0 0.206250 0.701875 0.065000 0.083750
0 0.223125 0.577500 0.041250 0.052500
0 0.716875 0.234375 0.081250 0.083750
0 0.308750 0.701875 0.042500 0.046250
0 0.118750 0.332500 0.035000 0.037500
0 0.044375 0.228750 0.036250 0.035000
0 0.193750 0.057500 0.032500 0.030000
0 0.731875 0.628125 0.031250 0.031250
0 0.235000 0.800000 0.042500 0.042500
0 0.674375 0.688125 0.051250 0.041250
0 0.516250 0.936875 0.067500 0.056250
0 0.260625 0.133125 0.043750 0.036250
0 0.801250 0.566250 0.055000 0.045000