0 0.515625 0.776875 0.066250 0.073750
0 0.751875 0.041875 0.043750 0.048750
0 0.068125 0.585625 0.068750 0.076250
0 0.481875 0.191250 0.071250 0.065000
0 0.156250 0.611875 0.080000 0.073750
0 0.035000 0.126250 0.025000 0.022500
0 0.382500 0.683125 0.110000 0.101250
0 0.921250 0.646250 0.095000 0.095000
0 0.178125 0.314375 0.078750 0.078750
0 0.369375 0.510625 0.096250 0.096250
0 0.251875 0.213125 0.101250 0.101250
0 0.311875 0.815625 0.036250 0.036250
0 0.395625 0.086875 0.098750 0.098750
0 0.211875 0.513125 0.086250 0.086250
0 0.074375 0.428750 0.108750 0.087500
0 0.903750 0.532500 0.100000 0.100000
0 0.516875 0.075625 0.093750 0.093750
0 0.591250 0.532500 0.040000 0.040000
0 0.292500 0.913750 0.107500 0.107500
0 0.596875 0.419375 0.056250 0.056250
0 0.141875 0.104375 0.093750 0.093750
0 0.343125 0.376875 0.061250 0.061250
0 0.061875 0.756875 0.036250 0.033750
0 0.538750 0.481875 0.050000 0.046250
0 0.673125 0.516875 0.106250 0.098750
0 0.481875 0.620625 0.038750 0.038750
0 0.153125 0.200625 0.056250 0.056250
0 0.756250 0.233750 0.085000 0.085000
0 0.920625 0.929375 0.073750 0.076250
0 0.521875 0.349375 0.053750 0.056250
0 0.065625 0.845625 0.078750 0.091250
0 0.733750 0.777500 0.085000 0.085000
0 0.652500 0.678750 0.032500 0.032500
0 0.585000 0.301875 0.032500 0.031250
0 0.917500 0.366875 0.085000 0.083750
0 0.181875 0.825625 0.061250 0.061250
0 0.700000 0.913750 0.080000 0.080000
0 0.228125 0.749375 0.048750 0.048750
0 0.789375 0.420000 0.101250 0.115000
0 0.582500 0.202500 0.087500 0.087500
0 0.806875 0.915625 0.108750 0.108750
0 0.250625 0.425625 0.051250 0.051250
0 0.920625 0.143750 0.046250 0.040000
0 0.744375 0.610000 0.033750 0.032500
0 0.729375 0.111875 0.071250 0.071250
0 0.896250 0.063750 0.100000 0.100000
0 0.901875 0.784375 0.101250 0.101250
0 0.433125 0.428125 0.053750 0.046250
0 0.504375 0.416250 0.031250 0.027500
0 0.876250 0.215625 0.040000 0.036250
0 0.546250 0.635625 0.067500 0.081250
0 0.416875 0.818125 0.061250 0.073750
0 0.550625 0.899375 0.031250 0.028750
0 0.762500 0.510625 0.052500 0.048750
0 0.468125 0.927500 0.093750 0.087500
0 0.958750 0.256250 0.040000 0.040000
0 0.458750 0.551250 0.062500 0.060000
0 0.192500 0.913750 0.030000 0.030000
0 0.915000 0.438750 0.045000 0.045000
0 0.268125 0.070000 0.106250 0.082500
0 0.811875 0.610000 0.058750 0.055000
0 0.160000 0.253750 0.025000 0.022500
0 0.761250 0.319375 0.057500 0.053750
0 0.075625 0.271250 0.056250 0.052500
0 0.075000 0.668125 0.045000 0.043750
0 0.458125 0.340000 0.046250 0.045000
0 0.380625 0.238125 0.093750 0.093750
0 0.760625 0.698125 0.058750 0.058750
0 0.646875 0.058125 0.061250 0.061250
0 0.613750 0.785000 0.082500 0.082500
0 0.647500 0.622500 0.030000 0.030000
0 0.051875 0.045625 0.056250 0.056250