0 0.857500 0.903125 0.080000 0.073750
0 0.600625 0.748125 0.108750 0.141250
0 0.378750 0.495000 0.112500 0.112500
0 0.671875 0.408750 0.086250 0.060000
0 0.811250 0.223750 0.097500 0.067500
0 0.400625 0.800000 0.101250 0.070000
0 0.641875 0.076875 0.096250 0.096250
0 0.520625 0.428125 0.026250 0.026250
0 0.278125 0.114375 0.108750 0.108750
0 0.737500 0.891250 0.060000 0.067500
0 0.866250 0.347500 0.035000 0.035000
0 0.146875 0.249375 0.031250 0.031250
0 0.054375 0.553125 0.081250 0.081250
0 0.233125 0.814375 0.046250 0.046250
0 0.223750 0.448750 0.090000 0.090000
0 0.906875 0.160625 0.033750 0.033750
0 0.751250 0.660000 0.042500 0.042500
0 0.881875 0.599375 0.096250 0.096250
0 0.281875 0.749375 0.063750 0.063750
0 0.331875 0.331875 0.073750 0.073750
0 0.462500 0.360000 0.092500 0.092500
0 0.761875 0.486875 0.058750 0.058750
0 0.161875 0.086250 0.106250 0.107500
0 0.076250 0.747500 0.055000 0.055000
0 0.513750 0.101250 0.077500 0.047500
0 0.575625 0.199375 0.096250 0.058750
0 0.245625 0.320625 0.063750 0.063750
0 0.715000 0.318125 0.072500 0.071250
0 0.573750 0.391875 0.032500 0.031250
0 0.771250 0.096875 0.040000 0.038750
0 0.162500 0.608125 0.080000 0.078750
0 0.098125 0.423750 0.061250 0.060000
0 0.470625 0.445625 0.048750 0.048750
0 0.383125 0.093125 0.066250 0.056250
0 0.851250 0.105625 0.060000 0.051250
0 0.105625 0.908125 0.066250 0.056250
0 0.621875 0.520625 0.103750 0.103750
0 0.614375 0.865625 0.026250 0.026250
0 0.356875 0.600625 0.066250 0.066250
0 0.303125 0.894375 0.071250 0.071250
0 0.368750 0.706250 0.077500 0.060000
0 0.466250 0.503125 0.027500 0.021250
0 0.742500 0.794375 0.055000 0.048750
0 0.716875 0.211250 0.046250 0.047500
0 0.761875 0.608750 0.031250 0.040000
0 0.533750 0.538750 0.052500 0.052500
0 0.602500 0.340000 0.035000 0.035000
0 0.948125 0.096875 0.031250 0.031250
0 0.266250 0.645000 0.090000 0.090000
0 0.830000 0.731250 0.087500 0.087500
0 0.218125 0.238125 0.081250 0.081250
0 0.056250 0.170000 0.080000 0.080000
0 0.167500 0.810000 0.055000 0.055000
0 0.413125 0.239375 0.093750 0.093750
0 0.951250 0.890625 0.072500 0.098750
0 0.065625 0.295625 0.041250 0.056250
0 0.390625 0.921875 0.068750 0.066250
0 0.061875 0.653125 0.091250 0.091250
0 0.926875 0.701875 0.068750 0.068750
0 0.055625 0.054375 0.063750 0.063750
0 0.312500 0.222500 0.087500 0.087500