0 0.110000 0.726250 0.092500 0.147500
0 0.552500 0.098750 0.100000 0.160000
0 0.243750 0.160000 0.050000 0.080000
0 0.846875 0.617500 0.036250 0.057500
0 0.374375 0.335000 0.073750 0.075000
0 0.676250 0.131875 0.062500 0.063750
0 0.501875 0.349375 0.041250 0.041250
0 0.090000 0.513125 0.085000 0.086250
0 0.336250 0.075000 0.102500 0.102500
0 0.276250 0.398125 0.097500 0.118750
0 0.246250 0.620000 0.065000 0.065000
0 0.891250 0.913750 0.055000 0.055000
0 0.561875 0.940625 0.053750 0.053750
0 0.693125 0.634375 0.076250 0.076250
0 0.156250 0.223750 0.027500 0.027500
0 0.824375 0.139375 0.053750 0.053750
0 0.746875 0.299375 0.103750 0.103750
0 0.921875 0.416875 0.091250 0.091250
0 0.143750 0.175000 0.030000 0.030000
0 0.431875 0.641875 0.051250 0.051250
0 0.901875 0.118125 0.086250 0.086250
0 0.449375 0.735000 0.058750 0.065000
0 0.788125 0.390625 0.103750 0.051250
0 0.890625 0.700625 0.098750 0.061250
0 0.581875 0.636875 0.071250 0.071250
0 0.786875 0.658125 0.036250 0.036250
0 0.233125 0.736875 0.073750 0.073750
0 0.176250 0.300000 0.062500 0.062500
0 0.139375 0.104375 0.088750 0.088750
0 0.692500 0.509375 0.090000 0.076250
0 0.571875 0.430625 0.051250 0.043750
0 0.204375 0.946250 0.043750 0.037500
0 0.898750 0.268750 0.112500 0.112500
0 0.616250 0.493750 0.047500 0.047500
0 0.603750 0.267500 0.072500 0.072500
0 0.271250 0.862500 0.085000 0.085000
0 0.926875 0.566875 0.076250 0.073750
0 0.048750 0.270000 0.060000 0.057500
0 0.344375 0.255625 0.068750 0.066250
0 0.726875 0.038125 0.043750 0.043750
0 0.803750 0.488750 0.092500 0.092500
0 0.590625 0.545625 0.038750 0.038750
0 0.382500 0.865000 0.065000 0.065000
0 0.670000 0.780625 0.030000 0.033750
0 0.538125 0.785625 0.103750 0.103750
0 0.526250 0.661250 0.025000 0.025000
0 0.047500 0.853750 0.065000 0.065000
0 0.450000 0.270000 0.042500 0.042500
0 0.060625 0.370625 0.026250 0.026250
0 0.754375 0.911875 0.081250 0.081250
0 0.679375 0.908125 0.053750 0.048750
0 0.495000 0.515000 0.077500 0.077500
0 0.374375 0.771875 0.076250 0.098750
0 0.303750 0.187500 0.027500 0.030000
0 0.193125 0.457500 0.041250 0.050000
0 0.335000 0.532500 0.092500 0.085000
0 0.818750 0.808125 0.042500 0.038750
0 0.487500 0.888750 0.042500 0.057500
0 0.275625 0.241875 0.033750 0.046250
0 0.458125 0.198125 0.056250 0.076250
0 0.661875 0.715625 0.063750 0.063750
0 0.343125 0.945625 0.058750 0.058750
0 0.125625 0.844375 0.071250 0.071250
0 0.435625 0.911875 0.026250 0.026250
0 0.678750 0.400000 0.057500 0.057500
0 0.922500 0.823125 0.092500 0.096250
0 0.345625 0.635625 0.101250 0.101250