0 0.268125 0.271875 0.101250 0.101250
0 0.150000 0.355000 0.050000 0.050000
0 0.251250 0.471875 0.077500 0.078750
0 0.478750 0.662500 0.052500 0.052500
0 0.883125 0.521875 0.048750 0.048750
0 0.759375 0.195000 0.103750 0.105000
0 0.101875 0.458750 0.093750 0.095000
0 0.742500 0.303125 0.055000 0.056250
0 0.913125 0.300625 0.083750 0.131250
0 0.275000 0.615625 0.080000 0.126250
0 0.398125 0.686875 0.061250 0.061250
0 0.504375 0.518125 0.098750 0.098750
0 0.038750 0.135000 0.052500 0.052500
0 0.848750 0.882500 0.055000 0.055000
0 0.178750 0.917500 0.100000 0.100000
0 0.797500 0.555000 0.067500 0.080000
0 0.061875 0.648125 0.071250 0.071250
0 0.630000 0.719375 0.090000 0.083750
0 0.722500 0.418750 0.070000 0.065000
0 0.327500 0.471250 0.042500 0.040000
0 0.228125 0.121875 0.033750 0.031250
0 0.924375 0.134375 0.033750 0.033750
0 0.911875 0.710625 0.066250 0.066250
0 0.269375 0.919375 0.066250 0.066250
0 0.400625 0.458125 0.053750 0.053750
0 0.523125 0.306250 0.071250 0.057500
0 0.568750 0.838125 0.057500 0.046250
0 0.678125 0.909375 0.036250 0.028750
0 0.060625 0.803750 0.028750 0.040000
0 0.306250 0.095000 0.065000 0.092500
0 0.161875 0.611875 0.101250 0.143750
0 0.562500 0.223750 0.045000 0.045000
0 0.630625 0.134375 0.111250 0.111250
0 0.400000 0.596250 0.070000 0.047500
0 0.487500 0.405000 0.065000 0.065000
0 0.517500 0.755000 0.102500 0.102500
0 0.334375 0.716875 0.038750 0.038750
0 0.762500 0.640625 0.042500 0.041250
0 0.472500 0.226250 0.047500 0.040000
0 0.507500 0.092500 0.112500 0.112500
0 0.447500 0.918750 0.052500 0.052500
0 0.266250 0.376250 0.057500 0.057500
0 0.400000 0.115000 0.035000 0.035000
0 0.343125 0.923125 0.046250 0.046250
0 0.960000 0.458750 0.037500 0.042500
0 0.322500 0.820625 0.085000 0.096250
0 0.628125 0.558125 0.096250 0.096250
0 0.233750 0.833750 0.032500 0.032500
0 0.785625 0.078750 0.071250 0.072500
0 0.835000 0.442500 0.110000 0.092500
0 0.950000 0.636250 0.047500 0.047500
0 0.633125 0.846875 0.026250 0.026250
0 0.039375 0.555625 0.036250 0.036250
0 0.650625 0.268750 0.083750 0.095000
0 0.203750 0.736875 0.075000 0.088750
0 0.043750 0.941875 0.047500 0.056250