0 0.696875 0.093125 0.093750 0.093750
0 0.191875 0.403125 0.111250 0.111250
0 0.322500 0.421250 0.095000 0.095000
0 0.860000 0.673750 0.027500 0.027500
0 0.326250 0.668750 0.052500 0.052500
0 0.776875 0.309375 0.093750 0.093750
0 0.233750 0.067500 0.050000 0.050000
0 0.123750 0.800000 0.070000 0.070000
0 0.203750 0.532500 0.037500 0.037500
0 0.730000 0.785000 0.032500 0.032500
0 0.493125 0.820625 0.111250 0.111250
0 0.907500 0.416250 0.047500 0.047500
0 0.375000 0.791250 0.067500 0.067500
0 0.096875 0.586250 0.103750 0.102500
0 0.499375 0.211875 0.081250 0.073750
0 0.376250 0.704375 0.032500 0.036250
0 0.385625 0.281875 0.078750 0.088750
0 0.831875 0.838125 0.111250 0.126250
0 0.216250 0.859375 0.087500 0.098750
0 0.047500 0.496250 0.062500 0.062500
0 0.066250 0.316250 0.090000 0.090000
0 0.298750 0.538750 0.097500 0.115000
0 0.698125 0.584375 0.048750 0.061250
0 0.298125 0.730625 0.028750 0.028750
0 0.121250 0.058750 0.082500 0.082500
0 0.075625 0.880000 0.056250 0.050000
0 0.847500 0.167500 0.030000 0.027500
0 0.525625 0.418125 0.061250 0.056250
0 0.631875 0.269375 0.056250 0.056250
0 0.100625 0.403125 0.051250 0.051250
0 0.478125 0.053125 0.051250 0.051250
0 0.098125 0.210625 0.103750 0.103750
0 0.876875 0.613125 0.058750 0.058750
0 0.158125 0.686250 0.036250 0.035000
0 0.203125 0.304375 0.043750 0.028750
0 0.731875 0.868125 0.051250 0.048750
0 0.610000 0.551875 0.032500 0.028750
0 0.908750 0.943750 0.055000 0.050000
0 0.769375 0.617500 0.066250 0.060000
0 0.063750 0.692500 0.045000 0.040000
0 0.916875 0.240625 0.053750 0.058750
0 0.765625 0.120625 0.028750 0.031250
0 0.754375 0.493125 0.086250 0.086250
0 0.855625 0.090625 0.096250 0.096250
0 0.971250 0.531250 0.025000 0.025000
0 0.670625 0.344375 0.053750 0.053750
0 0.466250 0.520000 0.112500 0.112500
0 0.640625 0.836875 0.073750 0.073750
0 0.334375 0.109375 0.093750 0.113750
0 0.629375 0.422500 0.026250 0.037500
0 0.524375 0.632500 0.106250 0.085000
0 0.778125 0.722500 0.093750 0.075000