0 0.390000 0.690000 0.107500 0.107500
0 0.737500 0.815000 0.040000 0.040000
0 0.861875 0.918125 0.046250 0.046250
0 0.943125 0.198750 0.058750 0.042500
0 0.063125 0.072500 0.058750 0.042500
0 0.497500 0.501875 0.050000 0.036250
0 0.220000 0.611875 0.095000 0.068750
0 0.106875 0.518125 0.033750 0.043750
0 0.159375 0.828750 0.071250 0.077500
0 0.257500 0.506875 0.095000 0.103750
0 0.296250 0.063125 0.072500 0.078750
0 0.799375 0.645625 0.051250 0.043750
0 0.774375 0.460625 0.048750 0.041250
0 0.503750 0.718750 0.102500 0.087500
0 0.556250 0.878750 0.067500 0.057500
0 0.626875 0.676875 0.086250 0.081250
0 0.516875 0.265000 0.093750 0.087500
0 0.571875 0.066250 0.106250 0.100000
0 0.620625 0.537500 0.061250 0.057500
0 0.130625 0.195625 0.058750 0.058750
0 0.837500 0.831250 0.040000 0.040000
0 0.691250 0.265000 0.042500 0.042500
0 0.638125 0.813750 0.048750 0.047500
0 0.736875 0.551250 0.111250 0.110000
0 0.720625 0.121875 0.086250 0.086250
0 0.310000 0.272500 0.055000 0.040000
0 0.400625 0.489375 0.048750 0.048750
0 0.158750 0.086875 0.065000 0.066250
0 0.576875 0.154375 0.033750 0.033750
0 0.384375 0.163125 0.086250 0.088750
0 0.906875 0.484375 0.088750 0.091250
0 0.777500 0.377500 0.037500 0.037500
0 0.403125 0.368125 0.101250 0.101250
0 0.125000 0.947500 0.052500 0.052500
0 0.562500 0.376250 0.092500 0.092500
0 0.473750 0.072500 0.032500 0.032500
0 0.228750 0.323750 0.027500 0.027500
0 0.388750 0.833125 0.092500 0.096250
0 0.871250 0.763750 0.060000 0.060000
0 0.750000 0.222500 0.047500 0.047500
0 0.941250 0.117500 0.067500 0.080000
0 0.827500 0.566250 0.045000 0.052500
0 0.299375 0.940625 0.058750 0.058750
0 0.101250 0.605000 0.105000 0.105000
0 0.151875 0.366875 0.078750 0.078750
0 0.746250 0.900000 0.097500 0.097500
0 0.280000 0.795000 0.092500 0.092500
0 0.801875 0.091875 0.033750 0.033750
0 0.894375 0.294375 0.066250 0.066250
0 0.846875 0.391250 0.048750 0.037500
0 0.390625 0.569375 0.103750 0.073750
0 0.767500 0.298125 0.027500 0.018750
0 0.043750 0.446250 0.030000 0.030000
0 0.662500 0.408750 0.090000 0.090000
0 0.292500 0.693125 0.035000 0.036250
0 0.838125 0.155000 0.043750 0.045000
0 0.050625 0.336250 0.073750 0.077500
0 0.053750 0.735000 0.050000 0.050000
0 0.503125 0.604375 0.101250 0.121250
0 0.225000 0.928750 0.072500 0.072500
0 0.062500 0.860000 0.070000 0.070000
0 0.245625 0.156875 0.093750 0.088750
0 0.913125 0.685625 0.073750 0.073750