0 0.344375 0.065000 0.086250 0.085000
0 0.082500 0.693750 0.092500 0.067500
0 0.689375 0.888125 0.093750 0.088750
0 0.607500 0.526875 0.057500 0.081250
0 0.905000 0.438125 0.040000 0.056250
0 0.760625 0.075625 0.036250 0.051250
0 0.560000 0.822500 0.030000 0.042500
0 0.511250 0.483750 0.082500 0.072500
0 0.898750 0.240625 0.037500 0.051250
0 0.245000 0.585625 0.070000 0.066250
0 0.067500 0.795000 0.095000 0.095000
0 0.908125 0.913125 0.038750 0.038750
0 0.663750 0.238750 0.065000 0.065000
0 0.080000 0.502500 0.037500 0.037500
0 0.418125 0.954375 0.028750 0.028750
0 0.251250 0.743750 0.060000 0.060000
0 0.299375 0.361875 0.106250 0.106250
0 0.099375 0.389375 0.076250 0.076250
0 0.776250 0.291250 0.095000 0.107500
0 0.141250 0.323125 0.030000 0.033750
0 0.779375 0.686875 0.091250 0.103750
0 0.532500 0.687500 0.090000 0.090000
0 0.291250 0.238125 0.097500 0.096250
0 0.121875 0.042500 0.043750 0.042500
0 0.832500 0.432500 0.027500 0.027500
0 0.493750 0.152500 0.095000 0.095000
0 0.973750 0.515000 0.025000 0.025000
0 0.386875 0.645625 0.098750 0.098750
0 0.801875 0.575625 0.101250 0.101250
0 0.816250 0.161250 0.067500 0.067500
0 0.208750 0.405000 0.037500 0.037500
0 0.383125 0.225625 0.066250 0.066250
0 0.666250 0.089375 0.102500 0.088750
0 0.614375 0.401250 0.061250 0.052500
0 0.768750 0.400000 0.055000 0.047500
0 0.148750 0.246875 0.050000 0.051250
0 0.574375 0.278750 0.081250 0.085000
0 0.508125 0.790000 0.031250 0.032500
0 0.544375 0.601250 0.031250 0.032500
0 0.966250 0.458750 0.042500 0.042500
0 0.691875 0.605625 0.031250 0.031250
0 0.736875 0.460625 0.043750 0.043750
0 0.162500 0.532500 0.065000 0.050000
0 0.173750 0.105625 0.067500 0.068750
0 0.940625 0.201875 0.031250 0.031250
0 0.288125 0.854375 0.101250 0.101250
0 0.833750 0.385000 0.030000 0.030000
0 0.453750 0.419375 0.035000 0.021250
0 0.302500 0.662500 0.052500 0.062500
0 0.603125 0.951250 0.046250 0.037500
0 0.073750 0.602500 0.092500 0.072500
0 0.934375 0.782500 0.098750 0.077500
0 0.465000 0.283750 0.055000 0.055000
0 0.673750 0.765000 0.087500 0.087500
0 0.936875 0.118125 0.081250 0.081250
0 0.251250 0.077500 0.065000 0.065000
0 0.234375 0.668125 0.053750 0.053750
0 0.101875 0.945625 0.031250 0.031250
0 0.315000 0.488750 0.080000 0.080000
0 0.078750 0.255000 0.037500 0.037500
0 0.175000 0.901875 0.100000 0.093750
0 0.501875 0.927500 0.096250 0.090000
0 0.810625 0.883125 0.078750 0.073750
0 0.920625 0.329375 0.111250 0.111250
0 0.421875 0.811250 0.056250 0.050000
0 0.798750 0.780625 0.072500 0.063750
0 0.040625 0.905625 0.033750 0.033750
0 0.833750 0.078750 0.060000 0.060000
0 0.416875 0.494375 0.081250 0.081250
0 0.275000 0.144375 0.050000 0.053750
0 0.910000 0.665625 0.097500 0.103750
0 0.065625 0.140625 0.091250 0.091250
0 0.503750 0.595625 0.027500 0.023750
0 0.624375 0.672500 0.071250 0.062500
0 0.410000 0.360000 0.052500 0.075000
0 0.151250 0.733750 0.030000 0.042500
0 0.660000 0.326250 0.055000 0.077500
0 0.580625 0.888750 0.041250 0.035000
0 0.582500 0.036250 0.042500 0.042500
0 0.914375 0.539375 0.071250 0.071250
0 0.698125 0.656875 0.048750 0.048750
0 0.385625 0.294375 0.031250 0.031250
0 0.406250 0.740000 0.062500 0.062500
0 0.475000 0.357500 0.062500 0.062500
0 0.355625 0.945625 0.056250 0.056250
0 0.931250 0.957500 0.025000 0.025000
0 0.175000 0.818125 0.052500 0.058750
0 0.438750 0.068125 0.052500 0.058750
0 0.036250 0.440625 0.035000 0.038750
0 0.331250 0.760000 0.072500 0.067500
0 0.065000 0.055625 0.042500 0.038750