0 0.408750 0.151250 0.047500 0.047500
0 0.670000 0.551250 0.092500 0.092500
0 0.945625 0.245625 0.026250 0.026250
0 0.344375 0.725000 0.111250 0.135000
0 0.550000 0.152500 0.045000 0.055000
0 0.788750 0.230625 0.107500 0.131250
0 0.350625 0.392500 0.098750 0.120000
0 0.134375 0.538750 0.111250 0.135000
0 0.952500 0.057500 0.052500 0.052500
0 0.118125 0.869375 0.076250 0.076250
0 0.176250 0.667500 0.060000 0.060000
0 0.511250 0.890625 0.052500 0.016250
0 0.277500 0.110625 0.037500 0.071250
0 0.518750 0.325000 0.112500 0.215000
0 0.067500 0.239375 0.100000 0.191250
0 0.814375 0.846875 0.098750 0.116250
0 0.224375 0.295000 0.051250 0.045000
0 0.927500 0.431250 0.105000 0.092500
0 0.704375 0.360625 0.063750 0.056250
0 0.426875 0.354375 0.026250 0.026250
0 0.591250 0.918750 0.085000 0.085000
0 0.347500 0.236250 0.085000 0.085000
0 0.614375 0.679375 0.108750 0.108750
0 0.668125 0.245000 0.068750 0.060000
0 0.606875 0.790000 0.026250 0.022500
0 0.885625 0.571875 0.086250 0.076250
0 0.500000 0.595000 0.062500 0.055000
0 0.633125 0.100625 0.106250 0.106250
0 0.694375 0.799375 0.051250 0.051250
0 0.904375 0.673125 0.096250 0.096250
0 0.200000 0.430000 0.067500 0.067500
0 0.510625 0.744375 0.078750 0.078750
0 0.800000 0.451250 0.042500 0.042500
0 0.332500 0.928750 0.045000 0.045000
0 0.926250 0.135000 0.047500 0.047500
0 0.190625 0.095625 0.101250 0.101250
0 0.431250 0.871250 0.077500 0.077500
0 0.837500 0.068750 0.100000 0.100000
0 0.480625 0.159375 0.063750 0.063750
0 0.422500 0.948750 0.037500 0.037500
0 0.914375 0.324375 0.056250 0.056250
0 0.926875 0.890625 0.081250 0.081250
0 0.784375 0.563125 0.046250 0.046250
0 0.403125 0.078125 0.058750 0.058750
0 0.292500 0.600625 0.082500 0.096250
0 0.491250 0.495000 0.047500 0.047500
0 0.692500 0.901250 0.090000 0.090000
0 0.176250 0.730000 0.032500 0.032500
0 0.077500 0.708750 0.105000 0.105000
0 0.398125 0.594375 0.106250 0.106250
0 0.079375 0.081875 0.046250 0.046250
0 0.783125 0.363125 0.068750 0.068750
0 0.093750 0.391250 0.072500 0.072500
0 0.236875 0.209375 0.096250 0.096250
0 0.889375 0.786875 0.031250 0.031250
0 0.283125 0.504375 0.073750 0.073750
0 0.717500 0.646250 0.080000 0.080000
0 0.212500 0.890000 0.090000 0.090000
0 0.336250 0.104375 0.042500 0.031250
0 0.318750 0.855000 0.107500 0.080000
0 0.718750 0.444375 0.082500 0.078750
0 0.800625 0.738125 0.073750 0.083750
0 0.589375 0.830625 0.026250 0.026250
0 0.265000 0.392500 0.045000 0.045000
0 0.681875 0.304375 0.033750 0.033750
0 0.198750 0.805625 0.025000 0.023750
0 0.028125 0.794375 0.028750 0.026250
0 0.526875 0.060625 0.088750 0.088750
0 0.171250 0.356250 0.060000 0.060000
0 0.426875 0.740625 0.033750 0.033750
0 0.563125 0.573125 0.028750 0.028750
0 0.429375 0.489375 0.061250 0.056250
0 0.906875 0.196875 0.058750 0.053750
0 0.220625 0.525625 0.036250 0.036250
0 0.466250 0.943750 0.030000 0.030000
0 0.576875 0.483125 0.043750 0.043750
0 0.544375 0.853125 0.031250 0.031250
0 0.434375 0.795625 0.033750 0.033750
0 0.935625 0.776875 0.043750 0.043750