0 0.740625 0.705625 0.078750 0.078750
0 0.905625 0.238125 0.028750 0.028750
0 0.383125 0.913125 0.046250 0.046250
0 0.404375 0.180625 0.086250 0.086250
0 0.840000 0.826250 0.062500 0.062500
0 0.635000 0.435000 0.055000 0.055000
0 0.400625 0.655625 0.096250 0.096250
0 0.937500 0.062500 0.025000 0.020000
0 0.402500 0.075625 0.087500 0.071250
0 0.115000 0.032500 0.040000 0.032500
0 0.273125 0.222500 0.111250 0.097500
0 0.049375 0.524375 0.073750 0.073750
0 0.662500 0.597500 0.035000 0.035000
0 0.289375 0.035625 0.063750 0.046250
0 0.618125 0.356875 0.081250 0.058750
0 0.900000 0.546250 0.027500 0.020000
0 0.885625 0.356875 0.073750 0.076250
0 0.663125 0.723750 0.061250 0.062500
0 0.054375 0.858125 0.081250 0.083750
0 0.330625 0.428125 0.028750 0.028750
0 0.924375 0.917500 0.043750 0.042500
0 0.062500 0.289375 0.062500 0.061250
0 0.667500 0.918125 0.035000 0.033750
0 0.793750 0.462500 0.080000 0.065000
0 0.187500 0.701250 0.080000 0.072500
0 0.501875 0.122500 0.058750 0.052500
0 0.281250 0.590000 0.107500 0.107500
0 0.430625 0.331875 0.106250 0.106250
0 0.080625 0.686875 0.083750 0.083750
0 0.793125 0.144375 0.091250 0.091250
0 0.185000 0.211250 0.030000 0.030000
0 0.296250 0.712500 0.060000 0.060000
0 0.788125 0.596875 0.048750 0.048750
0 0.595625 0.906875 0.093750 0.093750
0 0.193125 0.115000 0.041250 0.047500
0 0.263125 0.334375 0.046250 0.046250
0 0.680625 0.525625 0.036250 0.038750
0 0.606250 0.109375 0.105000 0.098750
0 0.116250 0.186250 0.077500 0.072500
0 0.245625 0.919375 0.086250 0.081250
0 0.401250 0.808750 0.075000 0.075000
0 0.066250 0.366250 0.062500 0.062500
0 0.153125 0.260625 0.028750 0.028750
0 0.561875 0.756875 0.106250 0.106250
0 0.333125 0.353125 0.046250 0.043750
0 0.922500 0.750000 0.077500 0.077500
0 0.790000 0.222500 0.050000 0.050000
0 0.473750 0.557500 0.060000 0.060000
0 0.166875 0.446875 0.073750 0.073750
0 0.593125 0.588125 0.081250 0.081250
0 0.486875 0.908125 0.063750 0.056250
0 0.906875 0.469375 0.086250 0.076250
0 0.836875 0.602500 0.031250 0.040000
0 0.970625 0.365000 0.031250 0.040000
0 0.923125 0.659375 0.063750 0.063750
0 0.686250 0.270000 0.085000 0.085000
0 0.845000 0.671250 0.032500 0.035000
0 0.528750 0.438750 0.112500 0.082500
0 0.816250 0.067500 0.065000 0.047500
0 0.246875 0.782500 0.086250 0.062500
0 0.298750 0.843125 0.057500 0.041250
0 0.100000 0.101875 0.027500 0.028750
0 0.517500 0.218125 0.097500 0.103750
0 0.894375 0.178125 0.068750 0.073750
0 0.736250 0.823125 0.087500 0.093750
0 0.658750 0.641250 0.035000 0.035000
0 0.729375 0.548750 0.043750 0.067500
0 0.162500 0.926875 0.055000 0.053750
0 0.709375 0.058125 0.056250 0.056250
0 0.825625 0.756250 0.048750 0.050000
0 0.160625 0.551875 0.103750 0.108750
0 0.795000 0.373750 0.072500 0.072500
0 0.810625 0.941875 0.048750 0.048750
0 0.741875 0.918125 0.066250 0.066250
0 0.264375 0.122500 0.083750 0.082500
0 0.170625 0.351250 0.093750 0.092500