0 0.883125 0.451875 0.093750 0.093750
0 0.248750 0.362500 0.050000 0.050000
0 0.739375 0.934375 0.081250 0.081250
0 0.670000 0.450000 0.090000 0.090000
0 0.097500 0.793750 0.052500 0.052500
0 0.743125 0.181875 0.048750 0.046250
0 0.521875 0.063750 0.061250 0.057500
0 0.470000 0.809375 0.082500 0.078750
0 0.383750 0.428750 0.110000 0.105000
0 0.781875 0.239375 0.051250 0.051250
0 0.226250 0.869375 0.062500 0.053750
0 0.751875 0.847500 0.056250 0.047500
0 0.641875 0.710625 0.053750 0.046250
0 0.775625 0.533125 0.096250 0.096250
0 0.565625 0.365625 0.073750 0.051250
0 0.874375 0.336875 0.076250 0.053750
0 0.268125 0.103750 0.101250 0.110000
0 0.888125 0.571250 0.106250 0.097500
0 0.930625 0.263125 0.056250 0.056250
0 0.633750 0.841250 0.045000 0.045000
0 0.446250 0.178125 0.095000 0.058750
0 0.293750 0.470000 0.030000 0.030000
0 0.145625 0.885625 0.046250 0.046250
0 0.521875 0.596875 0.068750 0.068750
0 0.649375 0.081875 0.108750 0.108750
0 0.180000 0.089375 0.047500 0.041250
0 0.506250 0.456250 0.087500 0.077500
0 0.089375 0.282500 0.046250 0.040000
0 0.195000 0.688125 0.067500 0.058750
0 0.211875 0.542500 0.071250 0.057500
0 0.223750 0.802500 0.037500 0.037500
0 0.421875 0.268125 0.103750 0.103750
0 0.711250 0.713750 0.067500 0.067500
0 0.078125 0.346875 0.056250 0.056250
0 0.926875 0.869375 0.106250 0.106250
0 0.528750 0.673750 0.055000 0.055000
0 0.049375 0.161875 0.066250 0.066250
0 0.293125 0.678125 0.098750 0.098750
0 0.078750 0.663750 0.107500 0.107500
0 0.495000 0.910000 0.027500 0.027500
0 0.882500 0.111875 0.075000 0.086250
0 0.350000 0.801250 0.112500 0.130000
0 0.169375 0.169375 0.068750 0.078750
0 0.753750 0.061250 0.082500 0.095000
0 0.425000 0.675000 0.075000 0.065000
0 0.730625 0.311875 0.076250 0.076250
0 0.939375 0.739375 0.093750 0.093750
0 0.622500 0.890000 0.032500 0.032500
0 0.791875 0.665625 0.058750 0.058750
0 0.358125 0.569375 0.063750 0.036250
0 0.748125 0.396875 0.043750 0.028750
0 0.371250 0.113750 0.035000 0.022500
0 0.577500 0.772500 0.035000 0.035000
0 0.081875 0.480625 0.068750 0.068750
0 0.221250 0.757500 0.030000 0.030000
0 0.195625 0.443125 0.053750 0.053750
0 0.280625 0.219375 0.046250 0.046250
0 0.651250 0.551250 0.055000 0.055000
0 0.223125 0.950000 0.063750 0.050000
0 0.146250 0.038750 0.032500 0.025000
0 0.541875 0.225000 0.073750 0.057500
0 0.048125 0.921250 0.066250 0.052500
0 0.725625 0.652500 0.028750 0.022500
0 0.352500 0.919375 0.080000 0.078750
0 0.168750 0.953125 0.025000 0.023750
0 0.636250 0.291875 0.080000 0.078750
0 0.165625 0.260625 0.061250 0.061250
0 0.322500 0.326875 0.070000 0.066250
0 0.162500 0.364375 0.080000 0.076250
0 0.576875 0.938750 0.058750 0.050000
0 0.373750 0.053750 0.065000 0.055000
0 0.829375 0.736875 0.066250 0.066250
0 0.538750 0.135000 0.055000 0.055000
0 0.824375 0.875625 0.061250 0.061250
0 0.188750 0.618750 0.037500 0.037500
0 0.047500 0.093125 0.060000 0.038750
0 0.551250 0.297500 0.050000 0.050000
0 0.861875 0.258125 0.031250 0.031250
0 0.289375 0.583125 0.056250 0.056250
0 0.831875 0.944375 0.058750 0.058750
0 0.443750 0.921250 0.060000 0.050000
0 0.600000 0.159375 0.035000 0.028750
0 0.687500 0.207500 0.047500 0.047500
0 0.798750 0.175000 0.040000 0.040000
0 0.135000 0.565625 0.057500 0.053750
0 0.048125 0.226875 0.048750 0.046250
0 0.806875 0.408125 0.038750 0.036250
0 0.036875 0.864375 0.046250 0.046250