0 0.287500 0.636250 0.060000 0.052500
0 0.523125 0.695625 0.036250 0.031250
0 0.554375 0.491875 0.068750 0.088750
0 0.405000 0.877500 0.062500 0.080000
0 0.229375 0.106250 0.108750 0.140000
0 0.871250 0.465625 0.075000 0.096250
0 0.120625 0.291875 0.076250 0.076250
0 0.635625 0.919375 0.103750 0.101250
0 0.392500 0.069375 0.070000 0.061250
0 0.228125 0.870625 0.108750 0.096250
0 0.946875 0.890625 0.036250 0.031250
0 0.205000 0.701250 0.077500 0.077500
0 0.646875 0.059375 0.086250 0.086250
0 0.700000 0.663750 0.110000 0.110000
0 0.929375 0.610625 0.053750 0.053750
0 0.783750 0.888750 0.095000 0.092500
0 0.411875 0.640625 0.056250 0.053750
0 0.765625 0.439375 0.103750 0.101250
0 0.731875 0.751875 0.048750 0.048750
0 0.421250 0.395625 0.112500 0.106250
0 0.865000 0.111250 0.102500 0.102500
0 0.107500 0.452500 0.045000 0.045000
0 0.205625 0.433125 0.078750 0.078750
0 0.442500 0.161250 0.032500 0.032500
0 0.059375 0.104375 0.031250 0.031250
0 0.824375 0.267500 0.073750 0.075000
0 0.613125 0.245000 0.076250 0.077500
0 0.361875 0.281250 0.071250 0.077500
0 0.110625 0.783125 0.073750 0.073750
0 0.844375 0.603125 0.058750 0.058750
0 0.654375 0.488125 0.088750 0.088750
0 0.561875 0.120625 0.028750 0.028750
0 0.083125 0.191875 0.056250 0.063750
0 0.657500 0.376875 0.042500 0.048750
0 0.710625 0.219375 0.071250 0.081250
0 0.466250 0.083750 0.047500 0.047500
0 0.349375 0.545625 0.103750 0.103750
0 0.636250 0.798125 0.042500 0.031250
0 0.510625 0.854375 0.038750 0.028750
0 0.196250 0.617500 0.097500 0.072500
0 0.590625 0.670000 0.078750 0.057500
0 0.580000 0.763750 0.045000 0.032500
0 0.331875 0.169375 0.076250 0.076250
0 0.836250 0.711250 0.107500 0.107500
0 0.641875 0.748125 0.033750 0.033750
0 0.917500 0.316250 0.090000 0.090000
0 0.955000 0.106250 0.045000 0.045000
0 0.738125 0.088125 0.026250 0.026250
0 0.078750 0.890000 0.090000 0.090000
0 0.220625 0.299375 0.031250 0.031250
0 0.941875 0.780000 0.046250 0.055000
0 0.321875 0.412500 0.038750 0.045000
0 0.481875 0.248125 0.041250 0.048750
0 0.078125 0.665625 0.076250 0.076250
0 0.050625 0.521875 0.056250 0.056250
0 0.224375 0.244375 0.063750 0.063750
0 0.280000 0.756250 0.040000 0.040000
0 0.451250 0.750000 0.085000 0.095000
0 0.891250 0.886875 0.055000 0.061250
0 0.348125 0.726875 0.043750 0.048750
0 0.111875 0.530625 0.048750 0.058750
0 0.206875 0.354375 0.063750 0.063750
0 0.956250 0.700000 0.062500 0.062500
0 0.829375 0.793125 0.026250 0.026250
0 0.736250 0.571250 0.035000 0.035000
0 0.565000 0.581250 0.087500 0.067500
0 0.565000 0.385625 0.112500 0.086250
0 0.722500 0.316250 0.052500 0.040000
0 0.483125 0.515625 0.058750 0.068750
0 0.320625 0.085625 0.046250 0.053750
0 0.212500 0.783750 0.047500 0.055000
0 0.052500 0.388750 0.057500 0.050000
0 0.223125 0.535625 0.068750 0.068750
0 0.775625 0.176875 0.043750 0.043750
0 0.860625 0.937500 0.038750 0.025000
0 0.126875 0.076875 0.043750 0.028750
0 0.283125 0.258125 0.038750 0.058750
0 0.931875 0.218125 0.073750 0.073750
0 0.140000 0.393750 0.037500 0.037500