0 0.802500 0.647500 0.035000 0.042500
0 0.611250 0.689375 0.087500 0.106250
0 0.298125 0.245000 0.051250 0.062500
0 0.804375 0.819375 0.046250 0.056250
0 0.540000 0.131250 0.050000 0.045000
0 0.645000 0.242500 0.037500 0.037500
0 0.156250 0.140000 0.080000 0.075000
0 0.603750 0.852500 0.055000 0.055000
0 0.396875 0.166875 0.091250 0.091250
0 0.300000 0.312500 0.062500 0.032500
0 0.425000 0.067500 0.042500 0.042500
0 0.740625 0.123125 0.086250 0.086250
0 0.258125 0.844375 0.026250 0.026250
0 0.508125 0.361875 0.071250 0.071250
0 0.895000 0.446250 0.045000 0.045000
0 0.619375 0.310000 0.076250 0.067500
0 0.083125 0.756875 0.081250 0.071250
0 0.403125 0.468125 0.076250 0.061250
0 0.489375 0.933750 0.028750 0.022500
0 0.230625 0.614375 0.046250 0.046250
0 0.216250 0.322500 0.050000 0.050000
0 0.147500 0.600000 0.100000 0.130000
0 0.697500 0.826875 0.080000 0.103750
0 0.924375 0.750625 0.083750 0.108750
0 0.190000 0.761875 0.077500 0.071250
0 0.531875 0.842500 0.048750 0.045000
0 0.281875 0.075625 0.068750 0.063750
0 0.633750 0.501250 0.110000 0.110000
0 0.409375 0.860625 0.111250 0.111250
0 0.912500 0.068750 0.075000 0.075000
0 0.910625 0.889375 0.086250 0.086250
0 0.883750 0.641875 0.050000 0.068750
0 0.800000 0.346250 0.110000 0.110000
0 0.474375 0.670625 0.028750 0.026250
0 0.295625 0.674375 0.048750 0.048750
0 0.746875 0.544375 0.096250 0.096250
0 0.511875 0.464375 0.108750 0.108750
0 0.788125 0.240625 0.071250 0.071250
0 0.083125 0.235625 0.081250 0.081250
0 0.288750 0.521250 0.105000 0.105000
0 0.246875 0.903750 0.056250 0.067500
0 0.953125 0.541875 0.051250 0.061250
0 0.895000 0.185625 0.107500 0.128750
0 0.790625 0.711250 0.036250 0.042500
0 0.797500 0.920000 0.035000 0.035000
0 0.383125 0.300000 0.068750 0.075000
0 0.431875 0.728125 0.051250 0.051250
0 0.045000 0.570000 0.050000 0.040000
0 0.070625 0.395625 0.063750 0.051250
0 0.393125 0.548750 0.056250 0.045000
0 0.140000 0.846250 0.102500 0.082500
0 0.295000 0.741875 0.037500 0.063750
0 0.761875 0.431875 0.033750 0.033750
0 0.475000 0.600000 0.045000 0.045000
0 0.497500 0.251250 0.090000 0.090000
0 0.662500 0.403125 0.045000 0.043750
0 0.846250 0.546875 0.047500 0.088750
0 0.361875 0.673125 0.026250 0.048750
0 0.197500 0.046250 0.067500 0.067500
0 0.701250 0.308750 0.070000 0.070000
0 0.923125 0.340625 0.103750 0.103750
0 0.208125 0.235625 0.093750 0.093750
0 0.411875 0.394375 0.066250 0.066250
0 0.644375 0.065000 0.033750 0.032500
0 0.386250 0.623750 0.027500 0.027500
0 0.721250 0.928125 0.047500 0.053750
0 0.314375 0.392500 0.041250 0.042500
0 0.571250 0.181875 0.037500 0.038750
0 0.610000 0.941250 0.075000 0.060000
0 0.638125 0.141250 0.056250 0.045000
0 0.525000 0.545625 0.030000 0.023750
0 0.063750 0.151250 0.067500 0.067500
0 0.136875 0.349375 0.051250 0.051250
0 0.538125 0.601875 0.033750 0.033750
0 0.311250 0.893750 0.040000 0.055000
0 0.148125 0.470000 0.076250 0.092500
0 0.533125 0.673750 0.031250 0.037500
0 0.725000 0.636250 0.042500 0.042500
0 0.510000 0.777500 0.062500 0.062500
0 0.053750 0.063750 0.075000 0.075000
0 0.728750 0.726250 0.052500 0.050000
0 0.360625 0.061875 0.056250 0.051250
0 0.063125 0.953125 0.031250 0.031250
0 0.958750 0.478125 0.050000 0.038750
0 0.205625 0.692500 0.038750 0.030000