0 0.285000 0.837500 0.070000 0.057500
0 0.301250 0.613750 0.112500 0.125000
0 0.758125 0.750625 0.103750 0.083750
0 0.514375 0.618125 0.051250 0.041250
0 0.062500 0.263750 0.077500 0.062500
0 0.908750 0.590000 0.107500 0.107500
0 0.232500 0.935000 0.027500 0.027500
0 0.759375 0.095625 0.051250 0.051250
0 0.373125 0.356875 0.096250 0.096250
0 0.448750 0.153750 0.042500 0.042500
0 0.393125 0.214375 0.028750 0.028750
0 0.121250 0.770000 0.075000 0.075000
0 0.671250 0.323750 0.062500 0.060000
0 0.923125 0.701875 0.068750 0.066250
0 0.782500 0.323750 0.097500 0.095000
0 0.196250 0.414375 0.102500 0.073750
0 0.945000 0.334375 0.055000 0.038750
0 0.495000 0.676250 0.025000 0.017500
0 0.843750 0.851875 0.110000 0.078750
0 0.548750 0.087500 0.037500 0.035000
0 0.605000 0.181875 0.025000 0.023750
0 0.545625 0.251875 0.103750 0.098750
0 0.674375 0.750625 0.026250 0.023750
0 0.195625 0.131250 0.078750 0.072500
0 0.453750 0.768125 0.112500 0.128750
0 0.636250 0.101250 0.027500 0.020000
0 0.644375 0.615625 0.081250 0.081250
0 0.684375 0.459375 0.111250 0.111250
0 0.875000 0.106250 0.077500 0.077500
0 0.150000 0.893750 0.062500 0.062500
0 0.640625 0.899375 0.096250 0.096250
0 0.573750 0.137500 0.025000 0.025000
0 0.891250 0.430000 0.095000 0.095000
0 0.111250 0.686250 0.057500 0.057500
0 0.343125 0.430625 0.028750 0.028750
0 0.150000 0.344375 0.050000 0.051250
0 0.423125 0.525000 0.103750 0.107500
0 0.071250 0.158750 0.080000 0.082500
0 0.686875 0.195625 0.101250 0.101250
0 0.165000 0.056250 0.095000 0.062500
0 0.066875 0.576875 0.028750 0.018750
0 0.448750 0.210000 0.050000 0.032500
0 0.498750 0.380625 0.097500 0.091250
0 0.315000 0.246875 0.112500 0.106250
0 0.784375 0.641250 0.108750 0.102500
0 0.601875 0.696250 0.033750 0.035000
0 0.053750 0.379375 0.027500 0.018750
0 0.225625 0.288125 0.051250 0.051250
0 0.261250 0.500000 0.080000 0.080000
0 0.291250 0.110000 0.090000 0.090000
0 0.393125 0.050625 0.071250 0.071250
0 0.081250 0.447500 0.060000 0.060000
0 0.866875 0.208125 0.063750 0.063750
0 0.791250 0.515000 0.075000 0.075000
0 0.399375 0.635625 0.046250 0.046250
0 0.521875 0.513125 0.066250 0.066250
0 0.793125 0.410625 0.053750 0.053750
0 0.061875 0.065625 0.063750 0.063750
0 0.330000 0.917500 0.070000 0.070000
0 0.143750 0.576250 0.037500 0.035000
0 0.260000 0.036250 0.027500 0.027500
0 0.251250 0.746250 0.107500 0.107500
0 0.561250 0.793750 0.057500 0.057500
0 0.680000 0.538750 0.025000 0.025000
0 0.516250 0.950000 0.032500 0.032500
0 0.865625 0.700625 0.028750 0.028750
0 0.328750 0.488750 0.037500 0.037500
0 0.415000 0.902500 0.067500 0.067500
0 0.279375 0.335625 0.041250 0.041250
0 0.696250 0.057500 0.042500 0.045000
0 0.958125 0.058125 0.046250 0.048750
0 0.131250 0.838750 0.027500 0.027500
0 0.043125 0.880625 0.026250 0.026250
0 0.935625 0.943125 0.058750 0.058750
0 0.830625 0.936875 0.056250 0.038750
0 0.903750 0.278750 0.037500 0.045000
0 0.767500 0.235000 0.040000 0.040000