0 0.903750 0.793750 0.102500 0.102500
0 0.623125 0.633125 0.061250 0.066250
0 0.569375 0.303125 0.078750 0.086250
0 0.273125 0.473125 0.028750 0.028750
0 0.700000 0.530625 0.100000 0.103750
0 0.320625 0.286875 0.083750 0.083750
0 0.171875 0.059375 0.038750 0.036250
0 0.645625 0.428125 0.036250 0.033750
0 0.140000 0.838750 0.095000 0.092500
0 0.671250 0.265000 0.097500 0.097500
0 0.845000 0.586250 0.107500 0.107500
0 0.593125 0.755625 0.038750 0.038750
0 0.138125 0.334375 0.036250 0.036250
0 0.438125 0.259375 0.063750 0.063750
0 0.601250 0.913750 0.065000 0.060000
0 0.950000 0.206250 0.060000 0.055000
0 0.535000 0.848125 0.040000 0.036250
0 0.401875 0.893125 0.106250 0.106250
0 0.600000 0.510000 0.030000 0.030000
0 0.417500 0.763750 0.110000 0.110000
0 0.118750 0.150000 0.102500 0.102500
0 0.794375 0.824375 0.083750 0.083750
0 0.840000 0.372500 0.052500 0.052500
0 0.263750 0.711250 0.107500 0.107500
0 0.778750 0.236250 0.027500 0.027500
0 0.471875 0.435625 0.111250 0.111250
0 0.356875 0.404375 0.073750 0.073750
0 0.272500 0.836875 0.090000 0.088750
0 0.908750 0.425000 0.027500 0.040000
0 0.128750 0.932500 0.070000 0.070000
0 0.057500 0.411250 0.055000 0.055000
0 0.711250 0.135000 0.037500 0.037500
0 0.829375 0.073125 0.083750 0.058750
0 0.255625 0.923125 0.036250 0.031250
0 0.083125 0.599375 0.086250 0.086250
0 0.499375 0.121875 0.108750 0.108750
0 0.133125 0.514375 0.028750 0.028750
0 0.496875 0.591875 0.111250 0.111250
0 0.939375 0.884375 0.056250 0.056250
0 0.246875 0.124375 0.056250 0.056250
0 0.386250 0.123750 0.077500 0.077500
0 0.908125 0.056875 0.046250 0.046250
0 0.879375 0.300000 0.078750 0.072500
0 0.750625 0.405625 0.101250 0.101250
0 0.086250 0.262500 0.070000 0.070000
0 0.346875 0.511875 0.098750 0.098750
0 0.716250 0.696250 0.092500 0.092500
0 0.678750 0.806250 0.102500 0.102500
0 0.735000 0.060000 0.060000 0.060000
0 0.951250 0.663750 0.065000 0.065000
0 0.206875 0.611875 0.046250 0.046250
0 0.393750 0.631250 0.070000 0.070000
0 0.920000 0.492500 0.062500 0.062500
0 0.128750 0.686250 0.072500 0.067500
0 0.311250 0.102500 0.030000 0.027500
0 0.692500 0.915000 0.082500 0.082500
0 0.208750 0.231250 0.037500 0.037500
0 0.613125 0.083125 0.058750 0.051250
0 0.522500 0.693750 0.057500 0.050000
0 0.200000 0.427500 0.102500 0.117500
0 0.785625 0.156250 0.078750 0.090000
0 0.568750 0.412500 0.067500 0.067500
0 0.149375 0.756875 0.041250 0.041250
0 0.960625 0.580625 0.053750 0.053750
0 0.498750 0.937500 0.025000 0.025000
0 0.092500 0.036250 0.025000 0.025000
0 0.061250 0.531250 0.035000 0.032500
0 0.519375 0.757500 0.043750 0.040000
0 0.353750 0.037500 0.025000 0.022500