0 0.436250 0.813750 0.085000 0.085000
0 0.725625 0.649375 0.088750 0.088750
0 0.314375 0.226875 0.086250 0.086250
0 0.231250 0.347500 0.062500 0.062500
0 0.883125 0.271875 0.046250 0.046250
0 0.258750 0.073125 0.097500 0.078750
0 0.093125 0.790000 0.051250 0.050000
0 0.440625 0.546875 0.108750 0.108750
0 0.543750 0.741250 0.085000 0.085000
0 0.231250 0.602500 0.030000 0.030000
0 0.877500 0.912500 0.105000 0.105000
0 0.656875 0.184375 0.106250 0.106250
0 0.135625 0.408125 0.108750 0.108750
0 0.930000 0.718750 0.085000 0.085000
0 0.565625 0.476875 0.086250 0.086250
0 0.212500 0.896250 0.035000 0.035000
0 0.903750 0.196250 0.025000 0.025000
0 0.238750 0.460000 0.027500 0.027500
0 0.417500 0.394375 0.070000 0.056250
0 0.103750 0.329375 0.030000 0.023750
0 0.587500 0.362500 0.077500 0.092500
0 0.216250 0.706250 0.067500 0.080000
0 0.562500 0.860000 0.100000 0.100000
0 0.860000 0.100000 0.070000 0.072500
0 0.959375 0.109375 0.036250 0.036250
0 0.140000 0.670625 0.032500 0.033750
0 0.410000 0.263125 0.085000 0.091250
0 0.128125 0.228750 0.086250 0.092500
0 0.870625 0.361250 0.096250 0.095000
0 0.960625 0.350625 0.031250 0.031250
0 0.110000 0.570625 0.105000 0.123750
0 0.450000 0.664375 0.050000 0.058750
0 0.836250 0.603125 0.062500 0.073750
0 0.675000 0.865000 0.065000 0.065000
0 0.289375 0.926875 0.093750 0.093750
0 0.621875 0.090625 0.056250 0.056250
0 0.626250 0.691250 0.042500 0.042500
0 0.896875 0.523125 0.053750 0.053750
0 0.676875 0.484375 0.103750 0.103750
0 0.293125 0.810625 0.096250 0.108750
0 0.961875 0.414375 0.051250 0.051250
0 0.463750 0.166250 0.060000 0.060000
0 0.915625 0.828125 0.041250 0.041250
0 0.471875 0.938125 0.051250 0.051250
0 0.131250 0.890000 0.097500 0.097500
0 0.698750 0.771250 0.067500 0.067500
0 0.226875 0.174375 0.063750 0.063750
0 0.800000 0.233750 0.060000 0.060000
0 0.929375 0.604375 0.086250 0.086250
0 0.074375 0.083125 0.061250 0.061250
0 0.311875 0.596250 0.058750 0.047500
0 0.308750 0.458125 0.097500 0.078750
0 0.744375 0.058125 0.083750 0.058750
0 0.756875 0.889375 0.028750 0.028750
0 0.558125 0.223125 0.068750 0.068750
0 0.676875 0.351875 0.081250 0.081250
0 0.813750 0.756250 0.065000 0.065000
0 0.348125 0.340625 0.041250 0.041250
0 0.446875 0.076875 0.098750 0.098750
0 0.795000 0.476875 0.102500 0.101250
0 0.546875 0.135625 0.041250 0.041250
0 0.494375 0.296875 0.041250 0.041250
0 0.540625 0.651875 0.078750 0.078750
0 0.038750 0.683750 0.050000 0.050000
0 0.169375 0.070625 0.051250 0.048750