0 0.152500 0.281250 0.082500 0.082500
0 0.900625 0.769375 0.058750 0.058750
0 0.586250 0.382500 0.057500 0.057500
0 0.822500 0.657500 0.095000 0.095000
0 0.362500 0.157500 0.050000 0.050000
0 0.739375 0.103750 0.088750 0.095000
0 0.673750 0.726875 0.057500 0.061250
0 0.953125 0.571875 0.051250 0.053750
0 0.265625 0.304375 0.101250 0.106250
0 0.291875 0.061250 0.081250 0.085000
0 0.239375 0.453125 0.036250 0.048750
0 0.136250 0.724375 0.075000 0.068750
0 0.896250 0.520000 0.030000 0.030000
0 0.676250 0.507500 0.095000 0.095000
0 0.236875 0.933125 0.056250 0.056250
0 0.739375 0.871250 0.058750 0.062500
0 0.780625 0.511875 0.063750 0.063750
0 0.520625 0.595625 0.073750 0.046250
0 0.266250 0.711875 0.050000 0.031250
0 0.435625 0.131875 0.068750 0.043750
0 0.690625 0.649375 0.046250 0.028750
0 0.595625 0.816875 0.083750 0.081250
0 0.792500 0.264375 0.092500 0.086250
0 0.340000 0.845000 0.025000 0.022500
0 0.891875 0.441250 0.083750 0.077500
0 0.890625 0.845000 0.088750 0.077500
0 0.447500 0.496250 0.052500 0.050000
0 0.556875 0.188125 0.101250 0.096250
0 0.792500 0.410000 0.095000 0.090000
0 0.096250 0.925625 0.052500 0.051250
0 0.222500 0.641875 0.040000 0.038750
0 0.359375 0.435000 0.041250 0.040000
0 0.251250 0.786875 0.025000 0.023750
0 0.106250 0.532500 0.082500 0.082500
0 0.563750 0.490000 0.102500 0.102500
0 0.595625 0.718125 0.068750 0.068750
0 0.097500 0.833750 0.102500 0.102500
0 0.153125 0.060625 0.083750 0.083750
0 0.916875 0.923125 0.048750 0.048750
0 0.871250 0.116250 0.032500 0.045000
0 0.483125 0.346875 0.108750 0.153750
0 0.472500 0.891250 0.090000 0.127500
0 0.385000 0.041250 0.025000 0.035000
0 0.344375 0.743125 0.081250 0.081250
0 0.090000 0.438750 0.035000 0.035000
0 0.397500 0.578750 0.045000 0.045000
0 0.587500 0.072500 0.040000 0.040000
0 0.656250 0.173750 0.027500 0.027500
0 0.686250 0.329375 0.092500 0.086250
0 0.366250 0.296250 0.080000 0.075000
0 0.066875 0.705625 0.033750 0.031250
0 0.047500 0.048750 0.067500 0.062500
0 0.948125 0.103750 0.076250 0.070000
0 0.666875 0.246875 0.048750 0.043750
0 0.643125 0.034375 0.028750 0.026250
0 0.469375 0.771250 0.103750 0.095000
0 0.101875 0.376875 0.031250 0.026250
0 0.276250 0.181250 0.045000 0.045000
0 0.292500 0.658750 0.052500 0.052500
0 0.904375 0.221875 0.093750 0.093750
0 0.461250 0.682500 0.047500 0.047500
0 0.155625 0.621875 0.071250 0.071250
0 0.956250 0.655000 0.042500 0.047500
0 0.654375 0.095000 0.056250 0.062500
0 0.198125 0.518125 0.053750 0.053750
0 0.813750 0.770000 0.030000 0.030000
0 0.080000 0.147500 0.052500 0.052500
0 0.383125 0.656875 0.061250 0.061250
0 0.300625 0.546875 0.096250 0.096250
0 0.211875 0.703125 0.033750 0.033750
0 0.605000 0.630000 0.055000 0.062500
0 0.929375 0.030625 0.026250 0.021250
0 0.072500 0.286250 0.050000 0.040000
0 0.901875 0.370625 0.051250 0.046250