0 0.405625 0.767500 0.038750 0.025000
0 0.680625 0.406875 0.066250 0.043750
0 0.888125 0.544375 0.098750 0.098750
0 0.246250 0.855000 0.047500 0.047500
0 0.037500 0.320000 0.027500 0.027500
0 0.966875 0.480625 0.038750 0.038750
0 0.822500 0.191250 0.042500 0.042500
0 0.441250 0.872500 0.092500 0.105000
0 0.460000 0.086250 0.087500 0.087500
0 0.326875 0.394375 0.101250 0.101250
0 0.086875 0.158125 0.093750 0.093750
0 0.591875 0.568125 0.058750 0.058750
0 0.390625 0.265625 0.076250 0.076250
0 0.193125 0.725625 0.043750 0.043750
0 0.941875 0.712500 0.078750 0.080000
0 0.966875 0.939375 0.041250 0.041250
0 0.204375 0.067500 0.063750 0.065000
0 0.628750 0.816250 0.060000 0.060000
0 0.901875 0.915625 0.031250 0.031250
0 0.266875 0.554375 0.091250 0.091250
0 0.898750 0.164375 0.057500 0.053750
0 0.528750 0.543750 0.032500 0.030000
0 0.559375 0.656250 0.098750 0.092500
0 0.136875 0.373125 0.061250 0.056250
0 0.234375 0.191875 0.061250 0.066250
0 0.770625 0.495625 0.106250 0.116250
0 0.208750 0.936875 0.070000 0.076250
0 0.671875 0.671875 0.081250 0.088750
0 0.916250 0.829375 0.080000 0.083750
0 0.388750 0.148750 0.035000 0.035000
0 0.700625 0.871250 0.026250 0.027500
0 0.751250 0.080000 0.080000 0.085000
0 0.595625 0.036250 0.028750 0.030000
0 0.348750 0.072500 0.085000 0.085000
0 0.071875 0.639375 0.108750 0.108750
0 0.591875 0.113125 0.076250 0.076250
0 0.845000 0.678125 0.050000 0.041250
0 0.085000 0.915000 0.100000 0.100000
0 0.599375 0.321875 0.103750 0.103750
0 0.778750 0.634375 0.025000 0.023750
0 0.443750 0.417500 0.082500 0.082500
0 0.788750 0.880000 0.052500 0.052500
0 0.928750 0.302500 0.100000 0.100000
0 0.628750 0.915000 0.097500 0.097500
0 0.316250 0.163750 0.050000 0.050000
0 0.777500 0.351250 0.107500 0.107500
0 0.600625 0.751875 0.051250 0.051250
0 0.900000 0.413125 0.062500 0.033750
0 0.927500 0.083750 0.025000 0.012500
0 0.600000 0.487500 0.060000 0.032500
0 0.901250 0.118750 0.042500 0.022500
0 0.151250 0.237500 0.057500 0.050000
0 0.076250 0.336250 0.025000 0.025000
0 0.361250 0.611875 0.080000 0.091250
0 0.508750 0.161875 0.025000 0.028750
0 0.503750 0.755000 0.085000 0.082500
0 0.076875 0.464375 0.061250 0.061250
0 0.211875 0.679375 0.026250 0.026250
0 0.836875 0.764375 0.046250 0.046250
0 0.740000 0.203125 0.095000 0.118750
0 0.455625 0.689375 0.031250 0.031250
0 0.291250 0.771250 0.085000 0.085000
0 0.643750 0.201875 0.065000 0.071250
0 0.453750 0.551250 0.065000 0.065000
0 0.671875 0.585625 0.061250 0.061250
0 0.661875 0.043125 0.026250 0.026250
0 0.363750 0.818125 0.042500 0.051250
0 0.380000 0.500000 0.060000 0.057500
0 0.367500 0.945000 0.035000 0.042500
0 0.220625 0.461875 0.068750 0.068750
0 0.490000 0.198750 0.025000 0.025000
0 0.756875 0.788125 0.078750 0.088750
0 0.180000 0.579375 0.057500 0.063750
0 0.891875 0.045625 0.046250 0.046250
0 0.465625 0.268125 0.051250 0.056250
0 0.821875 0.128750 0.036250 0.032500
0 0.316250 0.923750 0.045000 0.030000
0 0.964375 0.606875 0.038750 0.038750
0 0.089375 0.784375 0.111250 0.111250
0 0.676250 0.742500 0.062500 0.027500
0 0.533125 0.891250 0.068750 0.030000
0 0.901875 0.631250 0.061250 0.027500
0 0.448750 0.190000 0.027500 0.012500
0 0.605000 0.420000 0.067500 0.067500
0 0.846250 0.946250 0.055000 0.055000
0 0.098125 0.074375 0.058750 0.058750
0 0.197500 0.787500 0.057500 0.057500
0 0.225000 0.287500 0.050000 0.050000