0 0.635000 0.216875 0.060000 0.056250
0 0.838125 0.786875 0.066250 0.066250
0 0.663750 0.336250 0.055000 0.052500
0 0.227500 0.591250 0.030000 0.030000
0 0.171875 0.913125 0.098750 0.098750
0 0.724375 0.275625 0.051250 0.051250
0 0.129375 0.808125 0.056250 0.056250
0 0.079375 0.046875 0.066250 0.066250
0 0.142500 0.282500 0.052500 0.052500
0 0.154375 0.209375 0.028750 0.028750
0 0.070000 0.745000 0.032500 0.032500
0 0.047500 0.333125 0.055000 0.048750
0 0.759375 0.653750 0.073750 0.065000
0 0.660000 0.536250 0.112500 0.112500
0 0.692500 0.780000 0.100000 0.100000
0 0.378125 0.246875 0.093750 0.093750
0 0.189375 0.488125 0.106250 0.106250
0 0.765625 0.125625 0.078750 0.078750
0 0.735625 0.344375 0.071250 0.071250
0 0.305625 0.679375 0.088750 0.088750
0 0.944375 0.274375 0.066250 0.066250
0 0.358750 0.115000 0.097500 0.097500
0 0.135000 0.617500 0.105000 0.105000
0 0.538750 0.882500 0.067500 0.060000
0 0.170625 0.047500 0.043750 0.052500
0 0.821875 0.363125 0.076250 0.091250
0 0.280625 0.406875 0.026250 0.031250
0 0.326875 0.350625 0.053750 0.056250
0 0.468750 0.111250 0.075000 0.075000
0 0.326875 0.574375 0.066250 0.066250
0 0.495000 0.491250 0.037500 0.037500
0 0.253750 0.788750 0.095000 0.095000
0 0.617500 0.065000 0.097500 0.097500
0 0.930000 0.420000 0.072500 0.072500
0 0.510000 0.625000 0.072500 0.072500
0 0.908750 0.872500 0.042500 0.042500
0 0.682500 0.682500 0.025000 0.025000
0 0.457500 0.404375 0.077500 0.078750
0 0.083750 0.253750 0.030000 0.030000
0 0.880625 0.100000 0.071250 0.072500
0 0.896250 0.551875 0.105000 0.106250
0 0.132500 0.747500 0.025000 0.025000
0 0.378125 0.791250 0.098750 0.100000
0 0.275625 0.259375 0.071250 0.071250
0 0.523750 0.298750 0.067500 0.067500
0 0.091875 0.136875 0.066250 0.066250
0 0.056875 0.825000 0.033750 0.035000
0 0.876250 0.640625 0.032500 0.033750
0 0.656250 0.268750 0.025000 0.025000
0 0.583125 0.936875 0.026250 0.031250
0 0.715625 0.918125 0.036250 0.036250
0 0.276875 0.910000 0.076250 0.092500
0 0.548125 0.395625 0.086250 0.103750
0 0.485000 0.208125 0.065000 0.078750