0 0.790625 0.891875 0.048750 0.048750
0 0.612500 0.872500 0.060000 0.060000
0 0.448125 0.806875 0.096250 0.096250
0 0.737500 0.062500 0.062500 0.062500
0 0.196250 0.470000 0.062500 0.062500
0 0.519375 0.900000 0.053750 0.035000
0 0.554375 0.259375 0.043750 0.028750
0 0.731875 0.473750 0.083750 0.055000
0 0.385625 0.188750 0.076250 0.050000
0 0.812500 0.175625 0.047500 0.041250
0 0.926250 0.172500 0.105000 0.105000
0 0.645000 0.313125 0.057500 0.041250
0 0.603750 0.798750 0.080000 0.057500
0 0.698750 0.816875 0.047500 0.033750
0 0.351875 0.483750 0.046250 0.045000
0 0.685625 0.628750 0.053750 0.052500
0 0.205625 0.132500 0.051250 0.050000
0 0.349375 0.907500 0.028750 0.027500
0 0.681250 0.227500 0.052500 0.052500
0 0.423750 0.270000 0.080000 0.080000
0 0.818125 0.348125 0.088750 0.088750
0 0.090625 0.076875 0.111250 0.111250
0 0.164375 0.339375 0.073750 0.073750
0 0.280625 0.705625 0.068750 0.068750
0 0.548125 0.671875 0.068750 0.068750
0 0.436875 0.640625 0.106250 0.106250
0 0.479375 0.109375 0.093750 0.093750
0 0.104375 0.230625 0.066250 0.066250
0 0.101875 0.820625 0.098750 0.096250
0 0.461250 0.425625 0.112500 0.108750
0 0.936875 0.715625 0.101250 0.098750
0 0.630625 0.516250 0.088750 0.107500
0 0.508750 0.520000 0.037500 0.035000
0 0.885625 0.909375 0.096250 0.078750
0 0.928125 0.301250 0.046250 0.060000
0 0.114375 0.690625 0.101250 0.131250
0 0.193125 0.808750 0.061250 0.080000
0 0.786875 0.782500 0.088750 0.105000
0 0.858125 0.541875 0.108750 0.108750
0 0.689375 0.736875 0.058750 0.058750
0 0.328125 0.340625 0.096250 0.093750
0 0.261250 0.927500 0.065000 0.062500
0 0.717500 0.918750 0.072500 0.072500
0 0.845625 0.058125 0.053750 0.053750
0 0.634375 0.394375 0.091250 0.091250
0 0.269375 0.509375 0.063750 0.063750
0 0.578750 0.073750 0.035000 0.035000
0 0.655625 0.090625 0.056250 0.056250
0 0.181875 0.933125 0.053750 0.053750
0 0.088125 0.520625 0.101250 0.111250
0 0.568125 0.121875 0.033750 0.031250
0 0.123125 0.418125 0.026250 0.043750
0 0.957500 0.608750 0.057500 0.095000
0 0.308125 0.600625 0.098750 0.098750
0 0.363750 0.090000 0.097500 0.097500
0 0.195000 0.050625 0.052500 0.048750
0 0.271875 0.214375 0.093750 0.093750
0 0.921875 0.447500 0.063750 0.052500
0 0.084375 0.906250 0.063750 0.052500
0 0.310625 0.768125 0.051250 0.041250
0 0.785625 0.653125 0.073750 0.073750
0 0.926875 0.048125 0.071250 0.071250