0 0.784375 0.486875 0.063750 0.063750
0 0.658750 0.450000 0.100000 0.100000
0 0.326875 0.850000 0.066250 0.060000
0 0.742500 0.385625 0.042500 0.038750
0 0.309375 0.309375 0.058750 0.058750
0 0.154375 0.813125 0.066250 0.066250
0 0.760000 0.222500 0.097500 0.097500
0 0.649375 0.581875 0.048750 0.048750
0 0.589375 0.745625 0.066250 0.066250
0 0.393125 0.101875 0.096250 0.096250
0 0.915625 0.596250 0.078750 0.085000
0 0.375625 0.664375 0.033750 0.036250
0 0.055000 0.279375 0.030000 0.021250
0 0.427500 0.559375 0.097500 0.086250
0 0.427500 0.640000 0.035000 0.030000
0 0.153125 0.648125 0.071250 0.071250
0 0.647500 0.326250 0.070000 0.070000
0 0.628750 0.853750 0.052500 0.052500
0 0.528750 0.790000 0.025000 0.025000
0 0.178125 0.209375 0.098750 0.098750
0 0.296250 0.200000 0.057500 0.057500
0 0.837500 0.708125 0.100000 0.098750
0 0.209375 0.447500 0.058750 0.057500
0 0.858750 0.814375 0.082500 0.081250
0 0.429375 0.250000 0.038750 0.037500
0 0.548125 0.246875 0.076250 0.076250
0 0.880625 0.300625 0.096250 0.096250
0 0.258125 0.846875 0.026250 0.026250
0 0.546250 0.381250 0.102500 0.102500
0 0.483125 0.718125 0.036250 0.033750
0 0.088125 0.831875 0.028750 0.026250
0 0.595000 0.119375 0.112500 0.106250
0 0.358125 0.452500 0.103750 0.097500
0 0.153125 0.085625 0.053750 0.053750
0 0.818750 0.101250 0.025000 0.025000
0 0.352500 0.556250 0.030000 0.030000
0 0.252500 0.690000 0.110000 0.110000
0 0.735000 0.852500 0.035000 0.027500
0 0.140000 0.577500 0.047500 0.047500
0 0.083750 0.723750 0.042500 0.042500
0 0.408750 0.378125 0.060000 0.036250
0 0.044375 0.326875 0.026250 0.026250
0 0.431875 0.180625 0.031250 0.028750
0 0.936250 0.436250 0.040000 0.037500
0 0.563125 0.925000 0.066250 0.062500
0 0.624375 0.033125 0.038750 0.038750
0 0.736875 0.079375 0.101250 0.101250
0 0.222500 0.777500 0.050000 0.050000
0 0.235000 0.105000 0.037500 0.037500
0 0.905625 0.114375 0.108750 0.081250
0 0.533125 0.648750 0.081250 0.060000
0 0.772500 0.923125 0.102500 0.076250
0 0.092500 0.661250 0.030000 0.030000
0 0.211875 0.320625 0.046250 0.046250
0 0.620000 0.673750 0.040000 0.040000
0 0.309375 0.053125 0.038750 0.038750
0 0.388125 0.775625 0.031250 0.031250
0 0.430000 0.866250 0.080000 0.080000
0 0.709375 0.685000 0.096250 0.072500
0 0.104375 0.901875 0.063750 0.063750
0 0.098125 0.458125 0.091250 0.091250
0 0.638750 0.912500 0.040000 0.040000
0 0.896250 0.918750 0.107500 0.107500
0 0.270625 0.605625 0.033750 0.033750
0 0.214375 0.905625 0.073750 0.073750
0 0.930000 0.186250 0.035000 0.035000
0 0.135000 0.343125 0.075000 0.076250
0 0.654375 0.238125 0.043750 0.043750
0 0.058125 0.203125 0.081250 0.068750
0 0.680625 0.786875 0.083750 0.063750
0 0.556250 0.570625 0.092500 0.071250
0 0.935625 0.716875 0.066250 0.066250
0 0.430625 0.306875 0.061250 0.061250
0 0.077500 0.092500 0.082500 0.082500
0 0.747500 0.564375 0.037500 0.038750
0 0.727500 0.308750 0.055000 0.057500