0 0.531250 0.866250 0.105000 0.105000
0 0.923750 0.202500 0.100000 0.092500
0 0.418125 0.414375 0.051250 0.051250
0 0.794375 0.060625 0.083750 0.083750
0 0.863125 0.393750 0.051250 0.037500
0 0.211875 0.772500 0.058750 0.042500
0 0.330000 0.658750 0.065000 0.047500
0 0.090000 0.398750 0.037500 0.027500
0 0.585625 0.521875 0.046250 0.046250
0 0.195625 0.678125 0.046250 0.046250
0 0.083750 0.120000 0.085000 0.085000
0 0.146875 0.508125 0.083750 0.096250
0 0.348125 0.871875 0.088750 0.101250
0 0.428125 0.199375 0.048750 0.056250
0 0.562500 0.198750 0.065000 0.060000
0 0.493125 0.508125 0.088750 0.088750
0 0.268125 0.437500 0.083750 0.077500
0 0.193125 0.123750 0.038750 0.040000
0 0.682500 0.216875 0.050000 0.046250
0 0.766875 0.696250 0.043750 0.040000
0 0.455625 0.665625 0.093750 0.086250
0 0.215000 0.236250 0.090000 0.082500
0 0.841250 0.613750 0.047500 0.045000
0 0.737500 0.842500 0.027500 0.025000
0 0.766875 0.406250 0.043750 0.035000
0 0.487500 0.345000 0.057500 0.050000
0 0.321250 0.277500 0.102500 0.090000
0 0.110625 0.733750 0.088750 0.090000
0 0.286875 0.117500 0.076250 0.077500
0 0.678125 0.433750 0.093750 0.095000
0 0.601250 0.755000 0.040000 0.040000
0 0.430000 0.795625 0.055000 0.056250
0 0.117500 0.646250 0.065000 0.065000
0 0.812500 0.501250 0.107500 0.107500
0 0.634375 0.640625 0.108750 0.108750
0 0.864375 0.918125 0.078750 0.078750
0 0.787500 0.891875 0.032500 0.031250
0 0.883125 0.752500 0.111250 0.107500
0 0.798750 0.243125 0.110000 0.106250
0 0.621875 0.316875 0.083750 0.081250
0 0.916250 0.521875 0.070000 0.066250
0 0.177500 0.062500 0.045000 0.045000
0 0.165000 0.319375 0.062500 0.063750
0 0.263750 0.891250 0.030000 0.030000
0 0.490625 0.106250 0.066250 0.067500
0 0.376875 0.068125 0.043750 0.043750
0 0.673750 0.160625 0.067500 0.041250
0 0.580625 0.455000 0.028750 0.017500
0 0.665000 0.881875 0.055000 0.053750
0 0.608125 0.060625 0.071250 0.071250
0 0.180625 0.404375 0.028750 0.028750
0 0.158750 0.866250 0.095000 0.095000
0 0.693125 0.750625 0.078750 0.078750
0 0.933750 0.450000 0.060000 0.047500
0 0.791875 0.755625 0.031250 0.023750
0 0.278125 0.548125 0.106250 0.118750
0 0.100000 0.345000 0.042500 0.047500
0 0.723125 0.643125 0.041250 0.046250
0 0.323125 0.750625 0.096250 0.096250
0 0.066875 0.811875 0.071250 0.043750
0 0.911875 0.331875 0.083750 0.051250
0 0.771875 0.131250 0.053750 0.032500
0 0.443125 0.944375 0.051250 0.036250
0 0.910000 0.100000 0.077500 0.077500
0 0.210000 0.953750 0.042500 0.040000
0 0.398125 0.540625 0.066250 0.066250
0 0.941875 0.593125 0.061250 0.061250
0 0.241250 0.670000 0.025000 0.025000
0 0.832500 0.322500 0.025000 0.022500
0 0.074375 0.219375 0.066250 0.061250
0 0.943750 0.923750 0.052500 0.052500
0 0.495000 0.227500 0.052500 0.052500
0 0.422500 0.061250 0.025000 0.025000
0 0.289375 0.356875 0.048750 0.048750
0 0.040625 0.605625 0.043750 0.043750
0 0.686875 0.529375 0.073750 0.063750
0 0.402500 0.276250 0.042500 0.042500
0 0.598125 0.409375 0.051250 0.051250
0 0.524375 0.759375 0.058750 0.058750
0 0.419375 0.338750 0.056250 0.052500
0 0.125000 0.585000 0.087500 0.035000
0 0.670625 0.253125 0.028750 0.011250
0 0.865625 0.665625 0.103750 0.041250