0 0.213750 0.612500 0.042500 0.042500
0 0.843125 0.056250 0.076250 0.062500
0 0.357500 0.358125 0.047500 0.038750
0 0.568125 0.528750 0.026250 0.025000
0 0.671250 0.538750 0.070000 0.070000
0 0.791875 0.741875 0.088750 0.088750
0 0.087500 0.188125 0.067500 0.081250
0 0.611250 0.261250 0.100000 0.120000
0 0.259375 0.423125 0.096250 0.096250
0 0.470625 0.508125 0.058750 0.058750
0 0.813125 0.293125 0.061250 0.061250
0 0.201875 0.181875 0.058750 0.058750
0 0.406250 0.187500 0.090000 0.087500
0 0.402500 0.467500 0.062500 0.062500
0 0.288750 0.245000 0.082500 0.082500
0 0.548750 0.861875 0.067500 0.081250
0 0.925000 0.616250 0.102500 0.100000
0 0.846875 0.860625 0.058750 0.046250
0 0.780000 0.543125 0.070000 0.056250
0 0.522500 0.731250 0.037500 0.035000
0 0.664375 0.766875 0.111250 0.103750
0 0.090000 0.072500 0.060000 0.055000
0 0.667500 0.430000 0.077500 0.072500
0 0.695625 0.638125 0.061250 0.061250
0 0.901875 0.156875 0.091250 0.091250
0 0.371875 0.546875 0.041250 0.041250
0 0.148750 0.324375 0.080000 0.138750
0 0.155625 0.775000 0.066250 0.115000
0 0.226250 0.528125 0.085000 0.081250
0 0.523750 0.591250 0.060000 0.057500
0 0.441250 0.265000 0.025000 0.025000
0 0.101250 0.572500 0.077500 0.077500
0 0.077500 0.920000 0.092500 0.092500
0 0.491875 0.120625 0.051250 0.051250
0 0.358125 0.690625 0.033750 0.023750
0 0.358750 0.898750 0.080000 0.080000
0 0.383125 0.293125 0.058750 0.058750
0 0.296875 0.100625 0.038750 0.038750
0 0.450625 0.856875 0.071250 0.071250
0 0.383125 0.108125 0.053750 0.053750
0 0.255000 0.902500 0.065000 0.065000
0 0.888750 0.423750 0.097500 0.095000
0 0.424375 0.738125 0.083750 0.078750
0 0.643125 0.046875 0.063750 0.063750
0 0.920625 0.241875 0.048750 0.048750
0 0.517500 0.375000 0.032500 0.032500
0 0.588750 0.128750 0.067500 0.067500
0 0.773125 0.393125 0.031250 0.031250
0 0.895000 0.922500 0.060000 0.060000
0 0.101250 0.456250 0.105000 0.105000
0 0.061250 0.796250 0.087500 0.087500
0 0.318125 0.811875 0.071250 0.071250
0 0.820000 0.603750 0.032500 0.032500
0 0.923750 0.820000 0.080000 0.080000
0 0.173125 0.674375 0.051250 0.051250
0 0.793125 0.163125 0.093750 0.093750
0 0.588125 0.408125 0.038750 0.038750
0 0.705625 0.885625 0.076250 0.076250
0 0.851250 0.516250 0.045000 0.045000
0 0.598750 0.616250 0.037500 0.037500
0 0.501250 0.261875 0.077500 0.078750
0 0.728750 0.308125 0.087500 0.088750
0 0.428750 0.380000 0.062500 0.062500
0 0.289375 0.723125 0.083750 0.083750
0 0.923125 0.323125 0.063750 0.063750
0 0.160000 0.097500 0.060000 0.060000
0 0.936875 0.727500 0.096250 0.085000
0 0.512500 0.946250 0.077500 0.055000
0 0.300000 0.605000 0.067500 0.047500
0 0.930625 0.523750 0.096250 0.067500