0 0.113750 0.172500 0.092500 0.092500
0 0.266250 0.305000 0.057500 0.057500
0 0.403125 0.049375 0.073750 0.073750
0 0.823125 0.339375 0.083750 0.083750
0 0.570000 0.732500 0.097500 0.097500
0 0.935000 0.585000 0.075000 0.082500
0 0.199375 0.676250 0.071250 0.077500
0 0.670625 0.385625 0.058750 0.063750
0 0.056250 0.316250 0.025000 0.027500
0 0.053750 0.461250 0.047500 0.047500
0 0.453750 0.224375 0.052500 0.051250
0 0.928125 0.879375 0.033750 0.041250
0 0.209375 0.828750 0.026250 0.032500
0 0.633125 0.530625 0.091250 0.113750
0 0.355625 0.220625 0.051250 0.051250
0 0.118750 0.773750 0.055000 0.057500
0 0.646875 0.089375 0.101250 0.101250
0 0.745000 0.685000 0.057500 0.057500
0 0.400000 0.386875 0.095000 0.073750
0 0.133125 0.861250 0.101250 0.077500
0 0.771250 0.881250 0.052500 0.067500
0 0.777500 0.063750 0.085000 0.092500
0 0.482500 0.856250 0.060000 0.060000
0 0.438125 0.554375 0.071250 0.071250
0 0.296875 0.815625 0.096250 0.096250
0 0.631250 0.892500 0.045000 0.045000
0 0.523750 0.090000 0.055000 0.055000
0 0.342500 0.580000 0.095000 0.095000
0 0.075625 0.548125 0.103750 0.103750
0 0.473125 0.116250 0.028750 0.027500
0 0.853125 0.495625 0.056250 0.056250
0 0.911875 0.375625 0.073750 0.073750
0 0.265625 0.210625 0.046250 0.046250
0 0.752500 0.152500 0.035000 0.035000
0 0.830625 0.716875 0.071250 0.071250
0 0.470625 0.645625 0.063750 0.063750
0 0.245625 0.090000 0.103750 0.097500
0 0.890000 0.205625 0.112500 0.136250
0 0.815000 0.590000 0.060000 0.072500
0 0.723750 0.248125 0.087500 0.106250
0 0.298750 0.470625 0.030000 0.036250
0 0.076250 0.366250 0.095000 0.052500
0 0.168125 0.466875 0.036250 0.036250
0 0.445625 0.793750 0.038750 0.040000
0 0.218125 0.387500 0.046250 0.047500
0 0.531875 0.347500 0.093750 0.097500
0 0.718125 0.768750 0.083750 0.087500
0 0.823750 0.906250 0.025000 0.025000
0 0.908750 0.693750 0.067500 0.067500
0 0.134375 0.284375 0.063750 0.063750
0 0.186875 0.775625 0.043750 0.043750
0 0.771250 0.441250 0.040000 0.030000
0 0.523750 0.196250 0.042500 0.032500
0 0.401250 0.477500 0.050000 0.050000
0 0.317500 0.686250 0.052500 0.052500
0 0.937500 0.088750 0.080000 0.080000
0 0.110000 0.045000 0.047500 0.047500
0 0.880625 0.915625 0.046250 0.046250
0 0.293750 0.947500 0.032500 0.032500
0 0.228125 0.558125 0.081250 0.081250
0 0.380625 0.143125 0.078750 0.078750
0 0.610000 0.808125 0.052500 0.036250
0 0.381250 0.271875 0.047500 0.033750
0 0.237500 0.492500 0.040000 0.027500
0 0.397500 0.878750 0.077500 0.077500
0 0.590625 0.258125 0.061250 0.061250