0 0.068750 0.528125 0.090000 0.091250
0 0.332500 0.675000 0.037500 0.037500
0 0.171875 0.116875 0.108750 0.108750
0 0.421250 0.268750 0.032500 0.032500
0 0.961250 0.395000 0.050000 0.050000
0 0.621875 0.741875 0.031250 0.028750
0 0.821250 0.800625 0.077500 0.073750
0 0.671875 0.595000 0.076250 0.072500
0 0.279375 0.728750 0.053750 0.032500
0 0.420000 0.779375 0.075000 0.046250
0 0.341250 0.525625 0.040000 0.023750
0 0.628750 0.230625 0.112500 0.153750
0 0.796875 0.520625 0.096250 0.131250
0 0.195000 0.258125 0.105000 0.143750
0 0.826875 0.123125 0.108750 0.108750
0 0.350000 0.354375 0.025000 0.023750
0 0.255000 0.862500 0.097500 0.082500
0 0.573750 0.541250 0.065000 0.065000
0 0.460000 0.058750 0.072500 0.072500
0 0.695625 0.440625 0.026250 0.023750
0 0.573125 0.379375 0.073750 0.068750
0 0.091250 0.923750 0.067500 0.062500
0 0.285625 0.466875 0.066250 0.061250
0 0.367500 0.610000 0.070000 0.070000
0 0.046250 0.845000 0.030000 0.030000
0 0.671250 0.518750 0.027500 0.027500
0 0.540625 0.898125 0.058750 0.058750
0 0.601250 0.058750 0.092500 0.092500
0 0.888125 0.669375 0.086250 0.086250
0 0.126875 0.799375 0.108750 0.108750
0 0.863125 0.233125 0.088750 0.088750
0 0.761250 0.355000 0.070000 0.070000
0 0.318750 0.215625 0.100000 0.088750
0 0.422500 0.451875 0.042500 0.041250
0 0.165000 0.389375 0.097500 0.096250
0 0.954375 0.891250 0.056250 0.055000
0 0.495000 0.151875 0.042500 0.041250
0 0.490000 0.281250 0.087500 0.087500
0 0.156875 0.529375 0.061250 0.061250
0 0.791875 0.636250 0.086250 0.080000
0 0.726250 0.810000 0.095000 0.087500
0 0.297500 0.347500 0.027500 0.025000
0 0.526875 0.653125 0.068750 0.063750
0 0.169375 0.661875 0.083750 0.063750
0 0.491250 0.521250 0.080000 0.080000
0 0.450625 0.889375 0.068750 0.068750
0 0.819375 0.704375 0.033750 0.033750
0 0.881250 0.480000 0.052500 0.052500
0 0.923750 0.806250 0.095000 0.095000
0 0.646250 0.432500 0.045000 0.045000
0 0.957500 0.082500 0.047500 0.047500
0 0.648125 0.843125 0.043750 0.043750
0 0.287500 0.090000 0.045000 0.045000
0 0.750625 0.246875 0.078750 0.046250
0 0.548750 0.772500 0.095000 0.095000
0 0.038750 0.640000 0.050000 0.050000
0 0.695625 0.683125 0.051250 0.046250
0 0.046250 0.139375 0.067500 0.061250
0 0.871875 0.926875 0.051250 0.046250
0 0.846250 0.347500 0.070000 0.070000
0 0.452500 0.655000 0.040000 0.040000
0 0.471875 0.375000 0.093750 0.082500
0 0.281875 0.548750 0.058750 0.032500
0 0.398750 0.724375 0.040000 0.038750
0 0.715625 0.089375 0.096250 0.093750
0 0.346875 0.105625 0.056250 0.061250
0 0.616250 0.924375 0.037500 0.041250
0 0.764375 0.940625 0.058750 0.063750
0 0.351875 0.866875 0.058750 0.061250
0 0.071250 0.355000 0.055000 0.057500