0 0.310000 0.800000 0.057500 0.057500
0 0.853125 0.753750 0.076250 0.090000
0 0.148125 0.747500 0.101250 0.120000
0 0.101250 0.273125 0.065000 0.076250
0 0.113750 0.484375 0.047500 0.056250
0 0.883750 0.087500 0.085000 0.085000
0 0.760000 0.917500 0.112500 0.112500
0 0.606250 0.745625 0.070000 0.078750
0 0.567500 0.847500 0.072500 0.072500
0 0.728125 0.519375 0.031250 0.031250
0 0.768750 0.116250 0.030000 0.030000
0 0.260000 0.603750 0.060000 0.060000
0 0.770625 0.609375 0.088750 0.088750
0 0.460625 0.475000 0.038750 0.032500
0 0.200625 0.459375 0.078750 0.066250
0 0.398750 0.875625 0.102500 0.103750
0 0.505000 0.938750 0.050000 0.050000
0 0.103125 0.566875 0.051250 0.051250
0 0.244375 0.056250 0.073750 0.075000
0 0.626875 0.106875 0.096250 0.088750
0 0.070000 0.366250 0.027500 0.025000
0 0.694375 0.350625 0.053750 0.048750
0 0.253750 0.190625 0.047500 0.043750
0 0.540625 0.130625 0.048750 0.048750
0 0.893750 0.441250 0.092500 0.092500
0 0.955625 0.331250 0.046250 0.072500
0 0.341250 0.106875 0.047500 0.046250
0 0.901875 0.559375 0.103750 0.103750
0 0.676875 0.643125 0.063750 0.063750
0 0.485000 0.421250 0.060000 0.060000
0 0.744375 0.778125 0.071250 0.071250
0 0.738750 0.248750 0.112500 0.112500
0 0.058125 0.804375 0.028750 0.028750
0 0.343750 0.586250 0.042500 0.037500
0 0.326250 0.711250 0.100000 0.100000
0 0.511250 0.326250 0.107500 0.107500
0 0.575000 0.470000 0.075000 0.075000
0 0.882500 0.201250 0.055000 0.055000
0 0.874375 0.329375 0.096250 0.096250
0 0.460000 0.733750 0.112500 0.165000
0 0.948125 0.206250 0.026250 0.037500
0 0.540625 0.217500 0.051250 0.075000
0 0.306875 0.269375 0.066250 0.096250
0 0.553125 0.588750 0.098750 0.065000
0 0.358125 0.500625 0.103750 0.113750
0 0.076875 0.097500 0.063750 0.070000
0 0.325000 0.178750 0.040000 0.057500
0 0.962500 0.396875 0.025000 0.021250
0 0.327500 0.394375 0.060000 0.043750
0 0.652500 0.881250 0.055000 0.040000
0 0.080625 0.923125 0.098750 0.071250
0 0.270000 0.919375 0.077500 0.056250
0 0.137500 0.165625 0.045000 0.051250
0 0.180000 0.245000 0.070000 0.040000
0 0.631875 0.180000 0.056250 0.032500
0 0.057500 0.620000 0.025000 0.025000
0 0.745625 0.052500 0.081250 0.075000
0 0.938750 0.868750 0.095000 0.087500
0 0.655000 0.453750 0.062500 0.057500
0 0.781250 0.400000 0.050000 0.050000
0 0.131250 0.084375 0.030000 0.033750
0 0.424375 0.193750 0.073750 0.082500
0 0.644375 0.235000 0.038750 0.042500
0 0.651250 0.946250 0.027500 0.030000
0 0.815625 0.083125 0.036250 0.036250
0 0.641875 0.356250 0.026250 0.020000
0 0.772500 0.457500 0.037500 0.037500
0 0.216250 0.368750 0.087500 0.087500
0 0.080625 0.041250 0.028750 0.022500
0 0.460000 0.533750 0.070000 0.055000
0 0.456875 0.087500 0.088750 0.070000
0 0.190625 0.596875 0.036250 0.028750
0 0.655000 0.586875 0.027500 0.018750
0 0.583125 0.669375 0.031250 0.031250
0 0.944375 0.721875 0.078750 0.078750