0 0.192500 0.662500 0.052500 0.052500
0 0.610000 0.184375 0.052500 0.033750
0 0.200625 0.450625 0.046250 0.046250
0 0.801250 0.347500 0.075000 0.110000
0 0.468125 0.575625 0.033750 0.048750
0 0.355000 0.251250 0.065000 0.095000
0 0.251250 0.858125 0.025000 0.036250
0 0.761875 0.843125 0.111250 0.111250
0 0.386875 0.383125 0.078750 0.078750
0 0.890625 0.141250 0.026250 0.022500
0 0.510000 0.705625 0.085000 0.073750
0 0.783125 0.078125 0.076250 0.066250
0 0.410000 0.825625 0.045000 0.038750
0 0.870000 0.940000 0.030000 0.030000
0 0.096250 0.732500 0.110000 0.110000
0 0.329375 0.564375 0.036250 0.036250
0 0.134375 0.266875 0.106250 0.106250
0 0.161250 0.082500 0.065000 0.065000
0 0.728750 0.213750 0.050000 0.050000
0 0.831250 0.713750 0.105000 0.105000
0 0.498750 0.048750 0.050000 0.050000
0 0.928125 0.160625 0.031250 0.031250
0 0.463125 0.105625 0.036250 0.036250
0 0.601250 0.816250 0.097500 0.097500
0 0.790000 0.442500 0.057500 0.040000
0 0.574375 0.361250 0.096250 0.087500
0 0.172500 0.610000 0.035000 0.035000
0 0.366250 0.063750 0.067500 0.067500
0 0.790625 0.598125 0.093750 0.093750
0 0.676250 0.071250 0.112500 0.112500
0 0.615625 0.636875 0.098750 0.096250
0 0.410625 0.476875 0.066250 0.063750
0 0.380625 0.668125 0.111250 0.111250
0 0.644375 0.504375 0.111250 0.111250
0 0.933125 0.559375 0.108750 0.108750
0 0.282500 0.531250 0.037500 0.040000
0 0.897500 0.431250 0.070000 0.070000
0 0.321875 0.789375 0.096250 0.096250
0 0.106875 0.386875 0.053750 0.053750
0 0.290000 0.348750 0.055000 0.055000
0 0.081250 0.568125 0.075000 0.106250
0 0.510625 0.460625 0.063750 0.063750
0 0.188125 0.517500 0.066250 0.067500
0 0.887500 0.868750 0.095000 0.095000
0 0.826875 0.515625 0.028750 0.028750
0 0.081250 0.157500 0.067500 0.067500
0 0.515625 0.209375 0.111250 0.111250
0 0.470000 0.908125 0.095000 0.071250
0 0.274375 0.673125 0.068750 0.051250
0 0.077500 0.840625 0.085000 0.063750
0 0.898125 0.245625 0.093750 0.093750
0 0.363125 0.959375 0.061250 0.023750
0 0.273750 0.061875 0.080000 0.086250
0 0.720625 0.719375 0.091250 0.098750
0 0.875000 0.080000 0.062500 0.067500
0 0.693125 0.388750 0.088750 0.075000
0 0.256875 0.171250 0.088750 0.075000
0 0.660625 0.935625 0.026250 0.021250
0 0.268125 0.266875 0.046250 0.046250
0 0.518125 0.546875 0.026250 0.026250
0 0.930000 0.687500 0.077500 0.077500
0 0.076875 0.945000 0.066250 0.052500
0 0.396875 0.151250 0.078750 0.062500
0 0.272500 0.423750 0.067500 0.067500
0 0.512500 0.632500 0.047500 0.047500
0 0.655625 0.270625 0.061250 0.061250
0 0.212500 0.771250 0.095000 0.115000
0 0.064375 0.070000 0.066250 0.080000
0 0.491250 0.830625 0.032500 0.038750
0 0.591875 0.940000 0.056250 0.067500
0 0.211875 0.957500 0.028750 0.025000
0 0.913750 0.331875 0.062500 0.056250
0 0.328750 0.878750 0.062500 0.062500
0 0.492500 0.366250 0.050000 0.050000
0 0.248750 0.910000 0.040000 0.040000
0 0.960625 0.428125 0.041250 0.041250
0 0.300000 0.941250 0.035000 0.035000
0 0.087500 0.472500 0.047500 0.047500
0 0.201875 0.880625 0.036250 0.036250
0 0.923125 0.760625 0.033750 0.033750
0 0.907500 0.938750 0.027500 0.027500
0 0.815625 0.150625 0.048750 0.048750
0 0.775625 0.950625 0.046250 0.046250
0 0.963125 0.845625 0.033750 0.038750
0 0.355000 0.456250 0.030000 0.030000
0 0.700000 0.610000 0.045000 0.045000