0 0.308125 0.449375 0.038750 0.033750
0 0.743750 0.396875 0.087500 0.081250
0 0.173125 0.109375 0.093750 0.086250
0 0.144375 0.679375 0.061250 0.056250
0 0.314375 0.673125 0.033750 0.031250
0 0.563125 0.378750 0.071250 0.080000
0 0.496875 0.678750 0.096250 0.085000
0 0.526875 0.054375 0.081250 0.071250
0 0.078125 0.430000 0.103750 0.117500
0 0.219375 0.840625 0.043750 0.043750
0 0.441250 0.287500 0.052500 0.052500
0 0.238125 0.251875 0.051250 0.051250
0 0.630625 0.196875 0.061250 0.061250
0 0.177500 0.572500 0.060000 0.060000
0 0.688750 0.672500 0.090000 0.090000
0 0.828125 0.746875 0.111250 0.111250
0 0.629375 0.790625 0.108750 0.108750
0 0.828750 0.178750 0.097500 0.097500
0 0.028750 0.683750 0.025000 0.025000
0 0.471250 0.538750 0.095000 0.095000
0 0.307500 0.812500 0.067500 0.067500
0 0.786875 0.865000 0.091250 0.085000
0 0.036875 0.804375 0.046250 0.046250
0 0.645000 0.481250 0.080000 0.080000
0 0.358750 0.889375 0.055000 0.038750
0 0.911875 0.496875 0.078750 0.078750
0 0.718750 0.173750 0.080000 0.085000
0 0.958125 0.281250 0.053750 0.057500
0 0.963750 0.350000 0.037500 0.040000
0 0.191250 0.450625 0.100000 0.106250
0 0.554375 0.468125 0.036250 0.033750
0 0.465625 0.872500 0.046250 0.042500
0 0.838125 0.259375 0.026250 0.023750
0 0.506875 0.783125 0.066250 0.066250
0 0.073125 0.541875 0.076250 0.076250
0 0.919375 0.038125 0.033750 0.033750
0 0.580000 0.930625 0.045000 0.046250
0 0.955000 0.205000 0.062500 0.065000
0 0.093750 0.906875 0.067500 0.078750
0 0.639375 0.065625 0.086250 0.101250
0 0.356875 0.565000 0.048750 0.057500
0 0.604375 0.659375 0.051250 0.048750
0 0.331250 0.294375 0.070000 0.063750
0 0.386250 0.061250 0.050000 0.045000
0 0.393125 0.418125 0.068750 0.061250
0 0.248125 0.633750 0.046250 0.052500
0 0.381250 0.773750 0.040000 0.045000
0 0.104375 0.295000 0.081250 0.092500
0 0.430625 0.160625 0.053750 0.061250
0 0.159375 0.768125 0.053750 0.053750
0 0.301250 0.062500 0.092500 0.092500
0 0.525000 0.233750 0.092500 0.090000
0 0.820625 0.580625 0.061250 0.058750
0 0.851875 0.398125 0.081250 0.078750
0 0.951250 0.848125 0.032500 0.031250
0 0.950000 0.583750 0.052500 0.052500
0 0.480000 0.392500 0.072500 0.072500
0 0.869375 0.324375 0.041250 0.041250
0 0.830625 0.496875 0.058750 0.058750
0 0.743125 0.473125 0.056250 0.056250
0 0.250000 0.332500 0.047500 0.047500
0 0.661875 0.921875 0.068750 0.068750
0 0.860000 0.941250 0.042500 0.042500
0 0.738125 0.061875 0.033750 0.033750
0 0.936250 0.685000 0.075000 0.075000
0 0.358750 0.683750 0.037500 0.037500
0 0.686250 0.293750 0.105000 0.105000
0 0.778125 0.299375 0.056250 0.056250
0 0.865625 0.087500 0.051250 0.050000
0 0.328125 0.156250 0.073750 0.072500
0 0.256875 0.540625 0.031250 0.031250
0 0.048125 0.638125 0.051250 0.051250
0 0.294375 0.930625 0.048750 0.048750
0 0.525000 0.943750 0.047500 0.047500
0 0.202500 0.912500 0.062500 0.062500
0 0.077500 0.148750 0.062500 0.062500
0 0.662500 0.391250 0.055000 0.055000
0 0.880625 0.859375 0.078750 0.076250
0 0.075000 0.055000 0.067500 0.065000
0 0.929375 0.097500 0.043750 0.042500
0 0.738750 0.564375 0.077500 0.071250
0 0.601250 0.584375 0.052500 0.051250
0 0.507500 0.142500 0.065000 0.042500
0 0.097500 0.749375 0.045000 0.028750