0 0.820000 0.793750 0.100000 0.100000
0 0.188750 0.680000 0.037500 0.037500
0 0.769375 0.920625 0.061250 0.061250
0 0.610625 0.910625 0.073750 0.073750
0 0.798125 0.350625 0.076250 0.091250
0 0.255000 0.352500 0.045000 0.045000
0 0.396875 0.551875 0.081250 0.081250
0 0.915625 0.665625 0.091250 0.091250
0 0.461250 0.740000 0.055000 0.055000
0 0.408750 0.165000 0.052500 0.052500
0 0.753750 0.099375 0.110000 0.088750
0 0.475000 0.827500 0.087500 0.087500
0 0.582500 0.153750 0.032500 0.032500
0 0.645625 0.555625 0.093750 0.093750
0 0.294375 0.254375 0.038750 0.038750
0 0.885625 0.514375 0.091250 0.091250
0 0.572500 0.375000 0.110000 0.110000
0 0.481250 0.378125 0.055000 0.053750
0 0.654375 0.788125 0.048750 0.048750
0 0.263750 0.646250 0.052500 0.052500
0 0.743750 0.523750 0.032500 0.027500
0 0.928750 0.073750 0.080000 0.067500
0 0.355000 0.934375 0.025000 0.021250
0 0.124375 0.332500 0.076250 0.072500
0 0.285625 0.761875 0.096250 0.096250
0 0.635625 0.080625 0.041250 0.041250
0 0.735000 0.365000 0.030000 0.030000
0 0.257500 0.117500 0.107500 0.107500
0 0.512500 0.268750 0.037500 0.035000
0 0.546250 0.077500 0.077500 0.072500
0 0.643125 0.674375 0.056250 0.056250
0 0.175625 0.504375 0.068750 0.056250
0 0.119375 0.959375 0.038750 0.031250
0 0.490000 0.942500 0.062500 0.062500
0 0.559375 0.795625 0.048750 0.048750
0 0.388750 0.433750 0.100000 0.092500
0 0.660000 0.191250 0.050000 0.050000
0 0.552500 0.683750 0.102500 0.125000
0 0.895625 0.262500 0.106250 0.070000
0 0.725625 0.431250 0.076250 0.050000
0 0.069375 0.197500 0.091250 0.060000
0 0.197500 0.571875 0.030000 0.031250
0 0.055000 0.772500 0.080000 0.080000
0 0.164375 0.754375 0.078750 0.056250
0 0.903750 0.914375 0.102500 0.073750
0 0.188125 0.446875 0.061250 0.043750
0 0.672500 0.624375 0.027500 0.018750
0 0.278750 0.444375 0.075000 0.093750
0 0.181250 0.916875 0.025000 0.023750
0 0.429375 0.676250 0.031250 0.030000
0 0.790000 0.626875 0.100000 0.096250
0 0.361875 0.295625 0.071250 0.068750
0 0.508125 0.535625 0.096250 0.096250
0 0.850000 0.158750 0.062500 0.062500
0 0.062500 0.891250 0.052500 0.052500
0 0.085000 0.578750 0.087500 0.087500
0 0.148750 0.892500 0.025000 0.025000
0 0.065000 0.476250 0.090000 0.090000
0 0.895625 0.343125 0.033750 0.033750
0 0.328125 0.863125 0.083750 0.083750
0 0.121875 0.073125 0.098750 0.098750
0 0.466250 0.094375 0.025000 0.028750
0 0.781250 0.253125 0.065000 0.076250
0 0.710625 0.291875 0.058750 0.058750
0 0.081875 0.685625 0.043750 0.048750
0 0.171250 0.253750 0.065000 0.065000
0 0.381250 0.762500 0.045000 0.045000
0 0.306250 0.575000 0.032500 0.032500
0 0.308750 0.938750 0.045000 0.045000
0 0.597500 0.256250 0.060000 0.060000
0 0.444375 0.639375 0.026250 0.026250
0 0.940625 0.183125 0.073750 0.073750
0 0.691250 0.936250 0.045000 0.045000
0 0.659375 0.026875 0.028750 0.028750
0 0.458125 0.256875 0.048750 0.048750
0 0.655625 0.351875 0.033750 0.033750
0 0.761875 0.174375 0.038750 0.038750
0 0.948125 0.431875 0.051250 0.051250
0 0.365000 0.633750 0.062500 0.062500