0 0.561250 0.510000 0.077500 0.070000
0 0.203125 0.396250 0.091250 0.082500
0 0.548125 0.778750 0.088750 0.080000
0 0.530000 0.244375 0.097500 0.088750
0 0.076250 0.576250 0.092500 0.092500
0 0.640625 0.153125 0.106250 0.106250
0 0.514375 0.908125 0.058750 0.058750
0 0.886875 0.148125 0.081250 0.081250
0 0.153125 0.791875 0.053750 0.056250
0 0.848125 0.491250 0.101250 0.105000
0 0.798125 0.298125 0.076250 0.078750
0 0.246250 0.086250 0.095000 0.095000
0 0.414375 0.676875 0.111250 0.111250
0 0.248750 0.178750 0.057500 0.057500
0 0.256875 0.653125 0.096250 0.096250
0 0.103750 0.291875 0.040000 0.028750
0 0.382500 0.220000 0.047500 0.047500
0 0.386250 0.876250 0.070000 0.090000
0 0.565625 0.416250 0.048750 0.062500
0 0.802500 0.837500 0.097500 0.125000
0 0.109375 0.905000 0.106250 0.137500
0 0.034375 0.049375 0.028750 0.038750
0 0.418750 0.436250 0.030000 0.030000
0 0.152500 0.114375 0.067500 0.061250
0 0.798750 0.661250 0.060000 0.055000
0 0.480625 0.166875 0.028750 0.026250
0 0.150000 0.216875 0.102500 0.093750
0 0.477500 0.525000 0.045000 0.047500
0 0.658125 0.798125 0.098750 0.098750
0 0.259375 0.945000 0.061250 0.060000
0 0.693750 0.330625 0.112500 0.111250
0 0.756875 0.193750 0.036250 0.035000
0 0.136250 0.709375 0.077500 0.076250
0 0.685625 0.555625 0.038750 0.038750
0 0.521875 0.676875 0.083750 0.083750
0 0.300000 0.511250 0.067500 0.067500
0 0.339375 0.110625 0.068750 0.068750
0 0.051250 0.401250 0.072500 0.072500
0 0.900625 0.340625 0.106250 0.106250
0 0.301250 0.770000 0.100000 0.100000
0 0.651250 0.703750 0.040000 0.040000
0 0.181875 0.518125 0.091250 0.091250
0 0.365625 0.291875 0.063750 0.063750
0 0.917500 0.059375 0.097500 0.068750
0 0.242500 0.321250 0.030000 0.030000
0 0.913750 0.871250 0.060000 0.065000
0 0.503125 0.075625 0.053750 0.053750
0 0.906250 0.762500 0.085000 0.085000
0 0.671250 0.905000 0.082500 0.082500
0 0.381875 0.556875 0.063750 0.066250
0 0.450625 0.235000 0.043750 0.045000
0 0.296250 0.866250 0.060000 0.060000
0 0.353125 0.440000 0.066250 0.052500
0 0.963125 0.669375 0.048750 0.038750
0 0.665000 0.437500 0.107500 0.085000
0 0.753750 0.518125 0.070000 0.061250
0 0.678750 0.665625 0.025000 0.021250
0 0.781250 0.052500 0.090000 0.080000
0 0.636875 0.049375 0.051250 0.051250
0 0.741250 0.140000 0.035000 0.035000
0 0.894375 0.613125 0.058750 0.058750
0 0.868750 0.928750 0.032500 0.032500
0 0.166250 0.300000 0.052500 0.045000
0 0.795000 0.725000 0.052500 0.052500
0 0.431250 0.036250 0.037500 0.037500
0 0.946875 0.535625 0.068750 0.068750
0 0.038750 0.196250 0.040000 0.040000
0 0.590625 0.601875 0.048750 0.038750
0 0.476250 0.381250 0.062500 0.057500
0 0.097500 0.776250 0.030000 0.030000
0 0.218125 0.846875 0.051250 0.051250
0 0.958125 0.229375 0.048750 0.048750
0 0.075000 0.491250 0.057500 0.057500
0 0.359375 0.374375 0.043750 0.043750
0 0.420625 0.771875 0.061250 0.061250
0 0.582500 0.910625 0.060000 0.068750
0 0.265625 0.255625 0.078750 0.078750
0 0.062500 0.682500 0.032500 0.032500
0 0.043750 0.136250 0.057500 0.057500
0 0.741250 0.930000 0.035000 0.035000