0 0.513125 0.624375 0.046250 0.058750
0 0.737500 0.908125 0.082500 0.106250
0 0.925625 0.686875 0.061250 0.078750
0 0.140625 0.186875 0.033750 0.033750
0 0.611250 0.228750 0.040000 0.055000
0 0.336875 0.290000 0.028750 0.025000
0 0.085000 0.491250 0.060000 0.062500
0 0.933125 0.513750 0.053750 0.055000
0 0.640625 0.665625 0.083750 0.083750
0 0.806250 0.216250 0.060000 0.055000
0 0.472500 0.121250 0.085000 0.050000
0 0.683125 0.555000 0.058750 0.072500
0 0.295000 0.755000 0.057500 0.057500
0 0.865000 0.466250 0.067500 0.067500
0 0.221250 0.951250 0.040000 0.040000
0 0.560000 0.417500 0.035000 0.035000
0 0.907500 0.915000 0.035000 0.032500
0 0.470000 0.271250 0.107500 0.135000
0 0.446250 0.441875 0.092500 0.081250
0 0.809375 0.088750 0.038750 0.037500
0 0.787500 0.738750 0.080000 0.072500
0 0.305625 0.406250 0.066250 0.032500
0 0.369375 0.096875 0.083750 0.041250
0 0.395625 0.942500 0.076250 0.037500
0 0.878750 0.085000 0.025000 0.012500
0 0.065000 0.078750 0.040000 0.035000
0 0.636250 0.090000 0.112500 0.100000
0 0.090625 0.300000 0.061250 0.055000
0 0.041875 0.866875 0.048750 0.043750
0 0.246250 0.881875 0.087500 0.078750
0 0.764375 0.630625 0.046250 0.046250
0 0.179375 0.418125 0.076250 0.076250
0 0.465625 0.740625 0.111250 0.111250
0 0.341250 0.212500 0.107500 0.102500
0 0.930000 0.187500 0.092500 0.087500
0 0.281875 0.326875 0.053750 0.053750
0 0.563125 0.531875 0.071250 0.076250
0 0.821250 0.663125 0.052500 0.056250
0 0.907500 0.844375 0.030000 0.031250
0 0.934375 0.333125 0.068750 0.068750
0 0.218750 0.568750 0.067500 0.067500
0 0.093125 0.629375 0.096250 0.096250
0 0.835000 0.350000 0.027500 0.027500
0 0.716875 0.310000 0.093750 0.132500
0 0.738750 0.087500 0.077500 0.075000
0 0.500000 0.865000 0.110000 0.110000
0 0.283750 0.664375 0.097500 0.086250
0 0.331875 0.499375 0.103750 0.091250
0 0.775625 0.548125 0.091250 0.086250
0 0.373750 0.660625 0.057500 0.068750
0 0.154375 0.872500 0.066250 0.080000
0 0.058125 0.190000 0.091250 0.110000
0 0.088750 0.782500 0.107500 0.085000
0 0.629375 0.857500 0.088750 0.072500
0 0.761875 0.438125 0.106250 0.106250
0 0.620000 0.393750 0.060000 0.055000
0 0.895625 0.773125 0.063750 0.058750
0 0.168125 0.254375 0.066250 0.066250
0 0.221250 0.145625 0.092500 0.106250
0 0.470625 0.524375 0.046250 0.046250
0 0.626875 0.295625 0.038750 0.038750
0 0.349375 0.811250 0.033750 0.022500