0 0.888125 0.934375 0.058750 0.058750
0 0.823750 0.245000 0.042500 0.042500
0 0.166250 0.296250 0.075000 0.075000
0 0.456875 0.479375 0.061250 0.061250
0 0.425000 0.311250 0.050000 0.050000
0 0.742500 0.738750 0.100000 0.100000
0 0.629375 0.500625 0.058750 0.058750
0 0.805625 0.403125 0.111250 0.091250
0 0.091875 0.386250 0.073750 0.060000
0 0.394375 0.368125 0.051250 0.041250
0 0.831875 0.750000 0.048750 0.040000
0 0.490625 0.579375 0.051250 0.051250
0 0.958750 0.380000 0.040000 0.040000
0 0.050625 0.474375 0.036250 0.036250
0 0.699375 0.594375 0.073750 0.073750
0 0.195000 0.927500 0.075000 0.075000
0 0.871875 0.281875 0.031250 0.031250
0 0.293125 0.710625 0.108750 0.108750
0 0.165000 0.482500 0.072500 0.072500
0 0.770625 0.923125 0.076250 0.076250
0 0.881875 0.659375 0.041250 0.041250
0 0.653750 0.865000 0.067500 0.067500
0 0.693125 0.370625 0.051250 0.051250
0 0.945000 0.038125 0.042500 0.033750
0 0.272500 0.486250 0.100000 0.080000
0 0.330000 0.898750 0.100000 0.100000
0 0.068125 0.879375 0.071250 0.071250
0 0.436250 0.775000 0.025000 0.025000
0 0.602500 0.168750 0.090000 0.090000
0 0.174375 0.653125 0.063750 0.063750
0 0.114375 0.785000 0.043750 0.045000
0 0.606250 0.057500 0.060000 0.062500
0 0.687500 0.458125 0.042500 0.043750
0 0.565625 0.328750 0.111250 0.095000
0 0.356250 0.123125 0.040000 0.033750
0 0.823125 0.067500 0.056250 0.047500
0 0.799375 0.581875 0.028750 0.023750
0 0.489375 0.140625 0.101250 0.096250
0 0.535625 0.713125 0.111250 0.111250
0 0.400625 0.149375 0.026250 0.026250
0 0.899375 0.144375 0.041250 0.041250
0 0.954375 0.574375 0.043750 0.043750
0 0.067500 0.133750 0.100000 0.100000
0 0.101250 0.573750 0.027500 0.027500
0 0.915625 0.498125 0.026250 0.026250
0 0.947500 0.223750 0.027500 0.027500
0 0.743750 0.286250 0.065000 0.065000
0 0.881250 0.237500 0.030000 0.030000
0 0.755625 0.181875 0.078750 0.078750
0 0.600625 0.951250 0.033750 0.030000
0 0.476875 0.830625 0.036250 0.036250
0 0.491250 0.917500 0.097500 0.097500
0 0.953750 0.721250 0.055000 0.060000
0 0.240000 0.130625 0.070000 0.076250
0 0.752500 0.084375 0.067500 0.073750
0 0.273125 0.578750 0.046250 0.050000
0 0.526875 0.818125 0.028750 0.028750
0 0.305625 0.326250 0.096250 0.110000
0 0.423125 0.630000 0.058750 0.067500
0 0.346875 0.214375 0.078750 0.078750
0 0.887500 0.545000 0.047500 0.045000
0 0.893750 0.820625 0.075000 0.071250
0 0.965625 0.136250 0.041250 0.040000
0 0.903125 0.426875 0.026250 0.026250