0 0.499375 0.716875 0.088750 0.088750
0 0.213125 0.299375 0.056250 0.056250
0 0.736250 0.266250 0.042500 0.070000
0 0.608125 0.800000 0.078750 0.055000
0 0.176250 0.938750 0.037500 0.047500
0 0.881250 0.091250 0.042500 0.055000
0 0.317500 0.807500 0.027500 0.035000
0 0.047500 0.181250 0.030000 0.050000
0 0.168750 0.830000 0.090000 0.090000
0 0.291875 0.700625 0.051250 0.051250
0 0.471875 0.626875 0.041250 0.041250
0 0.785000 0.825000 0.087500 0.087500
0 0.725000 0.511875 0.112500 0.106250
0 0.320625 0.403125 0.091250 0.086250
0 0.125625 0.454375 0.071250 0.041250
0 0.824375 0.634375 0.033750 0.018750
0 0.169375 0.716875 0.083750 0.048750
0 0.173125 0.081250 0.103750 0.092500
0 0.250000 0.908125 0.037500 0.033750
0 0.343750 0.126875 0.062500 0.056250
0 0.864375 0.495625 0.073750 0.073750
0 0.967500 0.622500 0.032500 0.032500
0 0.111875 0.583125 0.093750 0.093750
0 0.881875 0.293125 0.083750 0.083750
0 0.483125 0.526875 0.043750 0.036250
0 0.272500 0.061875 0.032500 0.026250
0 0.789375 0.148750 0.111250 0.092500
0 0.491875 0.248125 0.063750 0.063750
0 0.400625 0.720625 0.058750 0.058750
0 0.066250 0.798750 0.070000 0.070000
0 0.277500 0.202500 0.052500 0.040000
0 0.598125 0.156250 0.093750 0.072500
0 0.573125 0.406875 0.028750 0.021250
0 0.346250 0.512500 0.112500 0.087500
0 0.098750 0.331250 0.077500 0.077500
0 0.368125 0.291875 0.046250 0.046250
0 0.689375 0.074375 0.071250 0.071250
0 0.826250 0.946250 0.027500 0.027500
0 0.498750 0.845000 0.032500 0.032500
0 0.420625 0.036875 0.046250 0.046250
0 0.656250 0.388750 0.107500 0.107500
0 0.858750 0.713750 0.087500 0.087500
0 0.216250 0.620000 0.080000 0.080000
0 0.586250 0.622500 0.082500 0.082500
0 0.394375 0.620625 0.073750 0.068750
0 0.903125 0.373125 0.026250 0.026250
0 0.170000 0.210000 0.095000 0.095000
0 0.205625 0.533125 0.058750 0.058750
0 0.649375 0.258125 0.101250 0.101250
0 0.638750 0.905000 0.067500 0.065000
0 0.101875 0.933125 0.083750 0.081250
0 0.265000 0.124375 0.055000 0.053750
0 0.388750 0.208125 0.077500 0.076250
0 0.904375 0.614375 0.061250 0.061250
0 0.035000 0.425000 0.037500 0.037500
0 0.410000 0.095625 0.030000 0.023750
0 0.388125 0.885000 0.101250 0.082500
0 0.553750 0.241875 0.035000 0.028750
0 0.452500 0.371250 0.077500 0.077500
0 0.730000 0.681250 0.095000 0.095000
0 0.626250 0.528750 0.062500 0.052500
0 0.081875 0.039375 0.043750 0.036250
0 0.843125 0.421875 0.063750 0.053750
0 0.266875 0.763125 0.058750 0.058750
0 0.939375 0.833125 0.066250 0.066250
0 0.951250 0.153750 0.047500 0.055000
0 0.803750 0.218125 0.025000 0.028750
0 0.910625 0.916875 0.063750 0.073750
0 0.480625 0.172500 0.041250 0.042500
0 0.066875 0.696250 0.088750 0.092500
0 0.800000 0.316875 0.050000 0.051250