0 0.678750 0.077500 0.027500 0.027500
0 0.604375 0.740625 0.103750 0.103750
0 0.470625 0.800625 0.046250 0.046250
0 0.380625 0.686875 0.083750 0.083750
0 0.409375 0.245625 0.058750 0.053750
0 0.121250 0.193750 0.095000 0.087500
0 0.571250 0.903750 0.102500 0.092500
0 0.056250 0.348125 0.087500 0.088750
0 0.728750 0.630625 0.092500 0.093750
0 0.301875 0.443750 0.073750 0.075000
0 0.056250 0.886250 0.075000 0.075000
0 0.308750 0.946250 0.055000 0.055000
0 0.943125 0.373125 0.041250 0.041250
0 0.328750 0.130000 0.072500 0.072500
0 0.523750 0.086250 0.055000 0.065000
0 0.426875 0.074375 0.108750 0.108750
0 0.088750 0.541250 0.105000 0.105000
0 0.818750 0.521250 0.102500 0.102500
0 0.287500 0.351250 0.025000 0.025000
0 0.695625 0.436875 0.111250 0.091250
0 0.171250 0.885625 0.032500 0.026250
0 0.291250 0.752500 0.080000 0.065000
0 0.920000 0.260000 0.050000 0.052500
0 0.949375 0.071875 0.046250 0.048750
0 0.930000 0.625625 0.027500 0.028750
0 0.825000 0.757500 0.087500 0.082500
0 0.241250 0.279375 0.070000 0.066250
0 0.448125 0.369375 0.041250 0.038750
0 0.817500 0.203750 0.055000 0.055000
0 0.905625 0.907500 0.061250 0.042500
0 0.086875 0.746875 0.103750 0.103750
0 0.383750 0.883750 0.050000 0.050000
0 0.559375 0.407500 0.091250 0.092500
0 0.203125 0.076250 0.096250 0.097500
0 0.736250 0.864375 0.105000 0.106250
0 0.402500 0.519375 0.087500 0.088750
0 0.382500 0.780000 0.042500 0.042500
0 0.630000 0.276250 0.075000 0.067500
0 0.528750 0.166250 0.027500 0.042500
0 0.296875 0.578750 0.068750 0.060000
0 0.182500 0.410000 0.082500 0.077500
0 0.174375 0.659375 0.028750 0.028750
0 0.670625 0.558125 0.028750 0.031250
0 0.831875 0.294375 0.108750 0.108750
0 0.564375 0.526875 0.068750 0.068750
0 0.065625 0.421875 0.033750 0.033750
0 0.769375 0.091875 0.056250 0.056250
0 0.628125 0.190625 0.088750 0.088750
0 0.952500 0.478750 0.067500 0.067500
0 0.713125 0.775000 0.081250 0.057500
0 0.511875 0.273750 0.093750 0.095000
0 0.068125 0.066875 0.103750 0.096250
0 0.190625 0.823125 0.083750 0.083750
0 0.936875 0.746875 0.088750 0.088750
0 0.358125 0.618125 0.038750 0.038750
0 0.403125 0.168750 0.046250 0.037500
0 0.485625 0.433125 0.028750 0.023750
0 0.726875 0.319375 0.071250 0.058750
0 0.284375 0.856250 0.076250 0.062500
0 0.232500 0.203750 0.050000 0.050000
0 0.883125 0.849375 0.046250 0.046250