0 0.246250 0.426250 0.110000 0.110000
0 0.337500 0.317500 0.102500 0.075000
0 0.048750 0.306875 0.030000 0.021250
0 0.423750 0.102500 0.100000 0.072500
0 0.069375 0.214375 0.036250 0.036250
0 0.798125 0.242500 0.073750 0.070000
0 0.904375 0.748750 0.066250 0.072500
0 0.105625 0.676875 0.036250 0.038750
0 0.180625 0.737500 0.071250 0.077500
0 0.178125 0.549375 0.108750 0.108750
0 0.148125 0.328125 0.058750 0.058750
0 0.788125 0.383125 0.108750 0.108750
0 0.718750 0.823750 0.045000 0.045000
0 0.781250 0.895000 0.037500 0.037500
0 0.813750 0.763750 0.035000 0.035000
0 0.415000 0.876250 0.100000 0.100000
0 0.539375 0.293125 0.046250 0.046250
0 0.235000 0.182500 0.110000 0.110000
0 0.452500 0.300000 0.090000 0.090000
0 0.666875 0.575625 0.091250 0.091250
0 0.123125 0.871875 0.076250 0.076250
0 0.811875 0.660625 0.091250 0.091250
0 0.668125 0.273125 0.106250 0.106250
0 0.541250 0.632500 0.100000 0.072500
0 0.877500 0.827500 0.045000 0.032500
0 0.913750 0.577500 0.090000 0.065000
0 0.323125 0.066250 0.041250 0.040000
0 0.924375 0.088125 0.058750 0.058750
0 0.661875 0.418125 0.066250 0.066250
0 0.838125 0.484375 0.048750 0.048750
0 0.668750 0.046250 0.047500 0.017500
0 0.238125 0.680000 0.058750 0.022500
0 0.496875 0.403125 0.056250 0.021250
0 0.686250 0.675625 0.090000 0.033750
0 0.129375 0.199375 0.068750 0.068750
0 0.627500 0.173750 0.072500 0.072500
0 0.403750 0.486250 0.095000 0.095000
0 0.558750 0.731250 0.047500 0.047500
0 0.555625 0.838125 0.103750 0.103750
0 0.233750 0.850000 0.112500 0.112500
0 0.911875 0.670625 0.068750 0.068750
0 0.345625 0.713125 0.081250 0.081250
0 0.488125 0.470625 0.043750 0.043750
0 0.932500 0.356250 0.102500 0.195000
0 0.748750 0.111875 0.070000 0.133750
0 0.079375 0.463125 0.061250 0.116250
0 0.558750 0.092500 0.047500 0.090000
0 0.430000 0.196250 0.095000 0.095000
0 0.880625 0.916875 0.071250 0.071250
0 0.033750 0.747500 0.042500 0.042500
0 0.903125 0.180625 0.106250 0.106250
0 0.718125 0.933125 0.031250 0.031250
0 0.236875 0.306875 0.081250 0.081250
0 0.581250 0.552500 0.037500 0.037500
0 0.658750 0.886250 0.027500 0.027500
0 0.067500 0.067500 0.087500 0.087500
0 0.308750 0.533750 0.072500 0.070000
0 0.570625 0.486875 0.081250 0.078750
0 0.453125 0.726875 0.088750 0.088750
0 0.401875 0.620625 0.058750 0.058750
0 0.343125 0.396875 0.063750 0.063750
0 0.566250 0.357500 0.037500 0.037500
0 0.187500 0.067500 0.067500 0.067500