0 0.483125 0.736875 0.096250 0.096250
0 0.791875 0.350625 0.106250 0.106250
0 0.365625 0.712500 0.078750 0.062500
0 0.558750 0.062500 0.032500 0.025000
0 0.145625 0.071875 0.058750 0.046250
0 0.779375 0.216250 0.096250 0.120000
0 0.185000 0.541250 0.050000 0.050000
0 0.535000 0.128750 0.090000 0.090000
0 0.110625 0.843125 0.028750 0.028750
0 0.098125 0.455625 0.083750 0.083750
0 0.822500 0.578750 0.082500 0.082500
0 0.694375 0.719375 0.028750 0.028750
0 0.946250 0.850000 0.040000 0.040000
0 0.445000 0.357500 0.047500 0.047500
0 0.894375 0.773125 0.031250 0.028750
0 0.888750 0.315625 0.055000 0.051250
0 0.655000 0.480000 0.082500 0.077500
0 0.292500 0.214375 0.055000 0.051250
0 0.469375 0.526875 0.108750 0.108750
0 0.472500 0.625000 0.067500 0.067500
0 0.273750 0.365000 0.107500 0.107500
0 0.559375 0.375625 0.088750 0.088750
0 0.247500 0.910000 0.105000 0.105000
0 0.120625 0.669375 0.111250 0.111250
0 0.488750 0.295000 0.027500 0.015000
0 0.047500 0.853750 0.032500 0.017500
0 0.079375 0.396875 0.028750 0.016250
0 0.862500 0.085000 0.102500 0.102500
0 0.249375 0.088125 0.028750 0.038750
0 0.694375 0.860000 0.078750 0.107500
0 0.084375 0.152500 0.063750 0.087500
0 0.391250 0.075000 0.047500 0.065000
0 0.426250 0.213750 0.050000 0.050000
0 0.896875 0.218125 0.091250 0.091250
0 0.095625 0.301875 0.081250 0.086250
0 0.218125 0.032500 0.028750 0.030000
0 0.559375 0.848125 0.038750 0.038750
0 0.596250 0.745625 0.065000 0.061250
0 0.658750 0.142500 0.090000 0.090000
0 0.845625 0.678125 0.081250 0.081250
0 0.679375 0.063125 0.036250 0.036250
0 0.742500 0.489375 0.027500 0.031250
0 0.273125 0.633750 0.081250 0.092500
0 0.813750 0.442500 0.025000 0.025000
0 0.667500 0.241250 0.055000 0.055000
0 0.436875 0.906875 0.101250 0.101250
0 0.333750 0.497500 0.107500 0.107500
0 0.853750 0.911250 0.105000 0.102500
0 0.666250 0.630000 0.112500 0.112500
0 0.255625 0.815000 0.073750 0.065000
0 0.188750 0.238125 0.090000 0.088750
0 0.385625 0.588125 0.026250 0.026250