0 0.726875 0.571875 0.036250 0.036250
0 0.548750 0.939375 0.065000 0.066250
0 0.481875 0.698750 0.066250 0.067500
0 0.410625 0.403750 0.101250 0.102500
0 0.186875 0.728125 0.046250 0.046250
0 0.724375 0.386875 0.093750 0.093750
0 0.585000 0.600625 0.030000 0.028750
0 0.601250 0.048750 0.052500 0.062500
0 0.089375 0.674375 0.041250 0.048750
0 0.090000 0.351250 0.097500 0.097500
0 0.359375 0.188750 0.066250 0.065000
0 0.650625 0.621875 0.043750 0.043750
0 0.723750 0.088750 0.065000 0.065000
0 0.133750 0.548750 0.092500 0.092500
0 0.168750 0.080000 0.110000 0.110000
0 0.341250 0.662500 0.112500 0.112500
0 0.173125 0.448125 0.081250 0.081250
0 0.941875 0.118125 0.043750 0.043750
0 0.937500 0.548750 0.082500 0.082500
0 0.733750 0.880000 0.112500 0.107500
0 0.831250 0.686250 0.035000 0.035000
0 0.821875 0.398125 0.076250 0.076250
0 0.443750 0.188750 0.065000 0.065000
0 0.216875 0.293125 0.106250 0.106250
0 0.781250 0.200000 0.082500 0.082500
0 0.590000 0.785000 0.065000 0.065000
0 0.502500 0.807500 0.050000 0.050000
0 0.766875 0.728125 0.053750 0.053750
0 0.408125 0.070625 0.083750 0.083750
0 0.858750 0.598750 0.025000 0.022500
0 0.141875 0.898125 0.091250 0.083750
0 0.855625 0.918750 0.111250 0.102500
0 0.348750 0.905625 0.042500 0.038750
0 0.551250 0.185625 0.112500 0.108750
0 0.830000 0.518750 0.052500 0.052500
0 0.928125 0.441875 0.083750 0.088750
0 0.430625 0.550625 0.103750 0.086250
0 0.929375 0.763750 0.098750 0.187500
0 0.333125 0.563125 0.056250 0.056250
0 0.558125 0.390625 0.053750 0.053750
0 0.105000 0.756250 0.027500 0.027500
0 0.302500 0.397500 0.080000 0.080000
0 0.594375 0.531875 0.083750 0.083750
0 0.103125 0.796875 0.031250 0.031250
0 0.425000 0.840000 0.070000 0.080000
0 0.641875 0.706250 0.071250 0.060000
0 0.892500 0.258750 0.067500 0.057500
0 0.869375 0.064375 0.051250 0.051250
0 0.726875 0.498750 0.058750 0.060000
0 0.251875 0.897500 0.101250 0.102500
0 0.088750 0.197500 0.080000 0.077500
0 0.679375 0.206250 0.096250 0.100000
0 0.656250 0.051875 0.042500 0.043750
0 0.490625 0.293125 0.061250 0.063750
0 0.353125 0.765625 0.056250 0.056250
0 0.310000 0.265000 0.032500 0.032500
0 0.251250 0.780625 0.052500 0.076250
0 0.528750 0.062500 0.050000 0.072500
0 0.798125 0.289375 0.028750 0.041250
0 0.235625 0.586250 0.068750 0.100000