0 0.444375 0.643750 0.031250 0.037500
0 0.663125 0.673125 0.111250 0.133750
0 0.808750 0.745625 0.035000 0.033750
0 0.391875 0.195000 0.048750 0.047500
0 0.782500 0.667500 0.077500 0.075000
0 0.204375 0.171875 0.111250 0.091250
0 0.905000 0.303750 0.077500 0.077500
0 0.103750 0.727500 0.082500 0.082500
0 0.305625 0.546875 0.056250 0.056250
0 0.698750 0.296250 0.047500 0.055000
0 0.929375 0.483750 0.028750 0.032500
0 0.358125 0.440625 0.106250 0.106250
0 0.547500 0.521250 0.055000 0.052500
0 0.613750 0.357500 0.062500 0.062500
0 0.881250 0.078750 0.052500 0.052500
0 0.553750 0.351250 0.027500 0.027500
0 0.429375 0.074375 0.041250 0.041250
0 0.335000 0.310000 0.112500 0.112500
0 0.951875 0.078125 0.046250 0.056250
0 0.350000 0.711875 0.032500 0.038750
0 0.106250 0.544375 0.105000 0.131250
0 0.444375 0.915625 0.091250 0.113750
0 0.897500 0.692500 0.057500 0.062500
0 0.681250 0.810000 0.045000 0.040000
0 0.201875 0.743750 0.093750 0.100000
0 0.201875 0.319375 0.108750 0.116250
0 0.420625 0.753125 0.093750 0.096250
0 0.476250 0.169375 0.065000 0.066250
0 0.358125 0.615000 0.058750 0.060000
0 0.082500 0.193750 0.077500 0.080000
0 0.631875 0.081875 0.076250 0.073750
0 0.171875 0.080625 0.071250 0.068750
0 0.806875 0.916875 0.088750 0.086250
0 0.707500 0.471250 0.097500 0.097500
0 0.100625 0.319375 0.051250 0.051250
0 0.661875 0.181875 0.093750 0.093750
0 0.055625 0.403125 0.028750 0.028750
0 0.589375 0.912500 0.108750 0.102500
0 0.930625 0.861875 0.108750 0.108750
0 0.471250 0.482500 0.080000 0.080000
0 0.129375 0.833750 0.078750 0.060000
0 0.965625 0.685000 0.026250 0.020000
0 0.786250 0.600000 0.052500 0.040000
0 0.830625 0.407500 0.081250 0.095000
0 0.543750 0.803125 0.070000 0.081250
0 0.568750 0.251875 0.070000 0.081250
0 0.905625 0.568125 0.108750 0.108750
0 0.705000 0.881250 0.072500 0.072500
0 0.060000 0.941250 0.067500 0.067500
0 0.342500 0.880000 0.095000 0.072500
0 0.519375 0.045000 0.058750 0.045000
0 0.783125 0.815625 0.061250 0.046250
0 0.783125 0.166250 0.103750 0.105000
0 0.484375 0.328750 0.083750 0.085000
0 0.079375 0.066250 0.076250 0.077500
0 0.259375 0.843125 0.053750 0.053750
0 0.193750 0.935625 0.082500 0.076250
0 0.608750 0.817500 0.032500 0.030000
0 0.305000 0.073125 0.077500 0.071250
0 0.934375 0.158125 0.056250 0.056250
0 0.312500 0.781875 0.055000 0.053750
0 0.550625 0.153125 0.068750 0.068750
0 0.232500 0.096250 0.032500 0.032500
0 0.790000 0.271250 0.065000 0.065000
0 0.213125 0.509375 0.073750 0.073750
0 0.511875 0.658750 0.028750 0.025000
0 0.225625 0.640625 0.091250 0.091250
0 0.920625 0.770625 0.026250 0.023750
0 0.291250 0.186250 0.042500 0.040000
0 0.625000 0.545000 0.047500 0.045000
0 0.038750 0.353750 0.040000 0.040000
0 0.732500 0.952500 0.032500 0.032500
0 0.922500 0.218750 0.085000 0.050000
0 0.931875 0.418750 0.101250 0.060000
0 0.718125 0.048125 0.048750 0.028750
0 0.803750 0.510000 0.055000 0.032500